poscM Chromosome Start End GenDens
0 chr1H 4314113 4370017 55904
0.01 chr1H 35024424 35380296 355872
0.02 chr1H 69220907 69733246 512339
0.03 chr1H 63146025 63319842 173817
0.04 chr1H 154606136 154805023 198887
0.05 chr1H 144515480 144817253 301773
0.06 chr1H 92468456 92540699 72243
0.07 chr1H 115865149 115957661 92512
0.08 chr1H 93649714 93802000 152286
0.09 chr1H 78167709 78208555 40846
0.1 chr1H 167691911 167759895 67984
0.11 chr1H 161292920 161398572 105652
0.12 chr1H 104635590 104663280 27690
0.13 chr1H 141343632 141394877 51245
0.14 chr1H 32252697 32265135 12438
0.15 chr1H 66573902 66583861 9959
0.16 chr1H 136667087 136774865 107778
0.17 chr1H 82300454 82318782 18328
0.18 chr1H 84278684 84384832 106148
0.19 chr1H 150298606 150340700 42094
0.2 chr1H 91316725 91510645 193920
0.21 chr1H 175867168 175923872 56704
0.22 chr1H 97509850 97527772 17922
0.23 chr1H 72045226 72066644 21418
0.24 chr1H 15064462 15066976 2514
0.25 chr1H 155168476 155197270 28794
0.26 chr1H 81450850 81465324 14474
0.27 chr1H 134650640 134668532 17892
0.28 chr1H 174802376 174836656 34280
0.29 chr1H 293112220 293176617 64397
0.3 chr1H 206416803 206443667 26864
0.31 chr1H 339573068 339631818 58750
0.32 chr1H 393637049 393684421 47372
0.33 chr1H 417299263 417464409 165146
0.34 chr1H 492278424 492353571 75147
0.35 chr1H 296129032 296151447 22415
0.36 chr1H 543831575 543906662 75087
0.37 chr1H 820542141 820632501 90360
0.38 chr1H 517697362 517762983 65621
0.39 chr1H 980813845 980891066 77221
0.4 chr1H 938726355 938767360 41005
0.41 chr1H 522871138 522934316 63178
0.42 chr1H 1043497633 1043742283 244650
0.43 chr1H 1036166387 1036308576 142189
0.44 chr1H 863987523 864080985 93462
0.45 chr1H 5388623692 5388961068 337376
0.46 chr1H 4477619352 4477829098 209746
0.47 chr1H 39892938665 39895160039 2221374
0.48 chr1H 107498910061 107502884710 3974649
0.49 chr1H 130135581153 130137317736 1736583
0.5 chr1H 15871571531 15871771524 199993
0.51 chr1H 32017964248 32018347247 382999
0.52 chr1H 40970762743 40971433976 671233
0.53 chr1H 18735307563 18735675854 368291
0.54 chr1H 16123882216 16124020913 138697
0.55 chr1H 21805201349 21805444928 243579
0.56 chr1H 22164336066 22164549144 213078
0.57 chr1H 22939837073 22940076318 239245
0.58 chr1H 33863307536 33863731722 424186
0.59 chr1H 23274202399 23274510666 308267
0.6 chr1H 16742528908 16742699898 170990
0.61 chr1H 12764282371 12764399226 116855
0.62 chr1H 10095741890 10095816326 74436
0.63 chr1H 13400836748 13400976453 139705
0.64 chr1H 8370322103 8370365141 43038
0.65 chr1H 12151368577 12151428867 60290
0.66 chr1H 11266338996 11266411342 72346
0.67 chr1H 9915123431 9915192344 68913
0.68 chr1H 9948931313 9949047955 116642
0.69 chr1H 4280391261 4280419811 28550
0.7 chr1H 9553497293 9553565216 67923
0.71 chr1H 13898149685 13898243787 94102
0.72 chr1H 13948132823 13948205789 72966
0.73 chr1H 14954495109 14954623979 128870
0.74 chr1H 5807321901 5807356974 35073
0.75 chr1H 10199264826 10199322461 57635
0.76 chr1H 6328833060 6329051325 218265
0.77 chr1H 8791134600 8791180970 46370
0.78 chr1H 7344617887 7344674290 56403
0.79 chr1H 10316904171 10316964351 60180
0.8 chr1H 14786105797 14786202995 97198
0.81 chr1H 10392086215 10392347850 261635
0.82 chr1H 12913804267 12913890566 86299
0.83 chr1H 14961380088 14961584909 204821
0.84 chr1H 9529454549 9529566651 112102
0.85 chr1H 13105113481 13105229871 116390
0.86 chr1H 7088992922 7089015625 22703
0.87 chr1H 13200787346 13200883864 96518
0.88 chr1H 8143096829 8143150300 53471
0.89 chr1H 9687385085 9687455436 70351
0.9 chr1H 4087930457 4087967744 37287
0.91 chr1H 6653429017 6653478481 49464
0.92 chr1H 8203077961 8203167728 89767
0.93 chr1H 9754980936 9755060146 79210
0.94 chr1H 9263208114 9263289513 81399
0.95 chr1H 12381004397 12381082696 78299
0.96 chr1H 9305023793 9305102247 78454
0.97 chr1H 10882632671 10882713153 80482
0.98 chr1H 16101429831 16101709409 279578
0.99 chr1H 18236330117 18236448127 118010
1 chr1H 18306275507 18306422109 146602
1.01 chr1H 15215122978 15215238299 115321
1.02 chr1H 14725852824 14725976328 123504
1.03 chr1H 14229840633 14229934646 94013
1.04 chr1H 13728148243 13728304789 156546
1.05 chr1H 10574905109 10574972037 66928
1.06 chr1H 12184238975 12184289921 50946
1.07 chr1H 4772358263 4772542330 184067
1.08 chr1H 5839254988 5839314504 59516
1.09 chr1H 10098401520 10098618067 216547
1.1 chr1H 9578297222 9578353099 55877
1.11 chr1H 8525411506 8525543607 132101
1.12 chr1H 4799129157 4799164305 35148
1.13 chr1H 10681214880 10681257597 42717
1.14 chr1H 9087859266 9087898877 39611
1.15 chr1H 11241709410 11241881573 172163
1.16 chr1H 12869395555 12869612685 217130
1.17 chr1H 13427772501 13427884140 111639
1.18 chr1H 15073694214 15073766269 72055
1.19 chr1H 14561939875 14562021301 81426
1.2 chr1H 15139157087 15139475759 318672
1.21 chr1H 9752940564 9753007237 66673
1.22 chr1H 8688656498 8688787841 131343
1.23 chr1H 13603165722 13603247421 81699
1.24 chr1H 20170974834 20171372645 397811
1.25 chr1H 7646580408 7646784029 203621
1.26 chr1H 19149820895 19149978594 157699
1.27 chr1H 11510872955 11510935846 62891
1.28 chr1H 17019933443 17020041006 107563
1.29 chr1H 18159855201 18159917519 62318
1.3 chr1H 12685229570 12685301465 71895
1.31 chr1H 21007589478 21008087089 497611
1.32 chr1H 23281047826 23281260191 212365
1.33 chr1H 18355714600 18355861172 146572
1.34 chr1H 12276395990 12276538810 142820
0 chr2H 6229545 6620003 390458
0.01 chr2H 66569415 66966284 396869
0.02 chr2H 120979508 121494402 514894
0.03 chr2H 130057244 130579967 522723
0.04 chr2H 242322036 242671219 349183
0.05 chr2H 185120716 185219488 98772
0.06 chr2H 463716945 464344051 627106
0.07 chr2H 404980978 405421549 440571
0.08 chr2H 609239223 609643195 403972
0.09 chr2H 542331193 542958359 627166
0.1 chr2H 424805053 424978323 173270
0.11 chr2H 620206753 620466275 259522
0.12 chr2H 783749997 784105715 355718
0.13 chr2H 400133908 400835262 701354
0.14 chr2H 472209421 472307362 97941
0.15 chr2H 680972664 681235323 262659
0.16 chr2H 212109480 212161143 51663
0.17 chr2H 328052116 328094011 41895
0.18 chr2H 936502394 936953096 450702
0.19 chr2H 378774613 378842933 68320
0.2 chr2H 628739193 628878804 139611
0.21 chr2H 1001721823 1002050276 328453
0.22 chr2H 550576814 550978342 401528
0.23 chr2H 726675356 726730646 55290
0.24 chr2H 556323963 556915541 591578
0.25 chr2H 574599986 574700460 100474
0.26 chr2H 659498535 659540017 41482
0.27 chr2H 502595624 502663623 67999
0.28 chr2H 407052601 407075181 22580
0.29 chr2H 571254848 571395219 140371
0.3 chr2H 702751143 702810985 59842
0.31 chr2H 281346943 281366577 19634
0.32 chr2H 164575045 164580929 5884
0.33 chr2H 337673981 337714096 40115
0.34 chr2H 129691949 129699038 7089
0.35 chr2H 579873880 580029670 155790
0.36 chr2H 1055038036 1055094356 56320
0.37 chr2H 991945602 992029930 84328
0.38 chr2H 1118359397 1118426496 67099
0.39 chr2H 1466432785 1466591084 158299
0.4 chr2H 1315018924 1315158697 139773
0.41 chr2H 544856257 544915968 59711
0.42 chr2H 1361525699 1361605830 80131
0.43 chr2H 1483174818 1483262737 87919
0.44 chr2H 2170844332 2171243616 399284
0.45 chr2H 2342871454 2343055708 184254
0.46 chr2H 1698718800 1698807864 89064
0.47 chr2H 2922132501 2922279354 146853
0.48 chr2H 2828582988 2828855375 272387
0.49 chr2H 3057318994 3057583381 264387
0.5 chr2H 3722089718 3722279955 190237
0.51 chr2H 4266049907 4266527717 477810
0.52 chr2H 5692293103 5692828581 535478
0.53 chr2H 8233095498 8233364041 268543
0.54 chr2H 12998802911 12999296386 493475
0.55 chr2H 74241912182 74244903668 2991486
0.56 chr2H 228627893805 228634106354 6212549
0.57 chr2H 195697067078 195701054763 3987685
0.58 chr2H 36479632939 36480080013 447074
0.59 chr2H 52224509276 52225080721 571445
0.6 chr2H 68775057099 68775599306 542207
0.61 chr2H 43396556630 43397393593 836963
0.62 chr2H 41309531445 41310012641 481196
0.63 chr2H 34766650279 34767035671 385392
0.64 chr2H 40090710413 40091480454 770041
0.65 chr2H 23900456930 23900704573 247643
0.66 chr2H 15444105998 15444204675 98677
0.67 chr2H 26090593795 26090789529 195734
0.68 chr2H 23745897637 23746105293 207656
0.69 chr2H 14445389219 14445528970 139751
0.7 chr2H 22109937036 22110160104 223068
0.71 chr2H 22874055756 22874421866 366110
0.72 chr2H 10847346121 10847626490 280369
0.73 chr2H 12810652280 12810807410 155130
0.74 chr2H 12208432832 12208512320 79488
0.75 chr2H 6442028615 6442070009 41394
0.76 chr2H 10333077322 10333140104 62782
0.77 chr2H 15541599800 15541888333 288533
0.78 chr2H 7792331330 7792400711 69381
0.79 chr2H 9756210290 9756416145 205855
0.8 chr2H 11084376021 11084427831 51810
0.81 chr2H 15054873032 15055072708 199676
0.82 chr2H 36849650439 36850292587 642148
0.83 chr2H 17245673038 17245760033 86995
0.84 chr2H 23304558773 23304774960 216187
0.85 chr2H 11362462664 11362627597 164933
0.86 chr2H 10052373557 10052413595 40038
0.87 chr2H 8066643066 8066751182 108116
0.88 chr2H 16171930809 16172027109 96300
0.89 chr2H 6753581263 6753608703 27440
0.9 chr2H 13540116819 13540205861 89042
0.91 chr2H 12208946854 12209149784 202930
0.92 chr2H 13591520312 13591973116 452804
0.93 chr2H 7489848475 7489882821 34346
0.94 chr2H 18420639739 18420816901 177162
0.95 chr2H 6152783507 6152804884 21377
0.96 chr2H 4106977744 4106999051 21307
0.97 chr2H 13033514206 13033572506 58300
0.98 chr2H 17869351345 17869674629 323284
0.99 chr2H 19957986481 19958082562 96081
1 chr2H 4135855338 4135923225 67887
1.01 chr2H 6901167964 6901203591 35627
1.02 chr2H 11061281513 11061373667 92154
1.03 chr2H 17999914685 18000061177 146492
1.04 chr2H 18732986256 18733317032 330776
1.05 chr2H 32006744106 32007152360 408254
1.06 chr2H 20949387995 20949487919 99924
1.07 chr2H 60366565912 60366893688 327776
1.08 chr2H 17638887089 17639041922 154833
1.09 chr2H 14135894310 14136074439 180129
1.1 chr2H 13446975387 13447032931 57544
1.11 chr2H 10632784987 10632866887 81900
1.12 chr2H 15616237311 15616562625 325314
1.13 chr2H 22043259025 22043593170 334145
1.14 chr2H 19226521291 19226594566 73275
1.15 chr2H 15695314936 15695801668 486732
1.16 chr2H 25728017581 25728130282 112701
1.17 chr2H 20046225750 20046306954 81204
1.18 chr2H 16496566415 16497077616 511201
1.19 chr2H 17252192756 17252399568 206812
1.2 chr2H 13687639555 13687763995 124440
1.21 chr2H 18770079352 18770462549 383197
1.22 chr2H 12290341415 12290416584 75169
1.23 chr2H 18112780932 18112844708 63776
1.24 chr2H 17418064434 17418140409 75975
1.25 chr2H 15267753042 15267913174 160132
1.26 chr2H 12376266442 12376376355 109913
1.27 chr2H 12396758618 12396798598 39980
1.28 chr2H 13155991828 13156131751 139923
1.29 chr2H 15371453288 15371527072 73784
1.3 chr2H 19797239952 19797337120 97168
1.31 chr2H 19841622166 19841915934 293768
1.32 chr2H 14732793256 14733035242 241986
1.33 chr2H 22880359523 22880680580 321057
1.34 chr2H 25891422491 25891815714 393223
1.35 chr2H 25943582082 25943694086 112004
1.36 chr2H 28225431540 28225667073 235533
1.37 chr2H 16371319358 16371477900 158542
1.38 chr2H 16403243073 16403378999 135926
1.39 chr2H 14194198998 14194270295 71297
1.4 chr2H 10479455761 10479609130 153369
1.41 chr2H 21005506724 21005868661 361937
1.42 chr2H 42845311380 42845468999 157619
1.43 chr2H 24103462831 24103702409 239578
1.44 chr2H 21133080271 21133245613 165342
1.45 chr2H 17400194364 17400355585 161221
1.46 chr2H 29564932331 29565544193 611862
1.47 chr2H 26587687596 26587967244 279648
1.48 chr2H 28170338836 28170437977 99141
1.49 chr2H 27487728078 27487881778 153700
1.5 chr2H 40639257753 40639720834 463081
0 chr3H 8247003 8418720 171717
0.01 chr3H 58905104 59059296 154192
0.02 chr3H 93154595 93531416 376821
0.03 chr3H 128301365 128456086 154721
0.04 chr3H 65616442 65650480 34038
0.05 chr3H 133914983 134334852 419869
0.06 chr3H 147119600 147282062 162462
0.07 chr3H 98845808 98966038 120230
0.08 chr3H 133286501 133334771 48270
0.09 chr3H 392200363 392304044 103681
0.1 chr3H 471528527 471651532 123005
0.11 chr3H 372864484 372976846 112362
0.12 chr3H 170700452 170768456 68004
0.13 chr3H 442882084 442976542 94458
0.14 chr3H 293806845 294091567 284722
0.15 chr3H 328334427 328389065 54638
0.16 chr3H 413252867 413525174 272307
0.17 chr3H 282362791 282402334 39543
0.18 chr3H 259080491 259738001 657510
0.19 chr3H 187009680 187371971 362291
0.2 chr3H 85248054 85274954 26900
0.21 chr3H 202371306 202455018 83712
0.22 chr3H 232232312 232276079 43767
0.23 chr3H 261756241 261812435 56194
0.24 chr3H 541859789 541928220 68431
0.25 chr3H 428688698 428728753 40055
0.26 chr3H 180605425 180895782 290357
0.27 chr3H 501286813 501372312 85499
0.28 chr3H 459615743 459720999 105256
0.29 chr3H 389075787 389117856 42069
0.3 chr3H 314005751 314058807 53056
0.31 chr3H 347484359 347519505 35146
0.32 chr3H 179447064 179460776 13712
0.33 chr3H 610071838 610161429 89591
0.34 chr3H 251374081 251397187 23106
0.35 chr3H 355387887 355429317 41430
0.36 chr3H 662368621 662451193 82572
0.37 chr3H 894206045 894287775 81730
0.38 chr3H 672126062 672200179 74117
0.39 chr3H 924494006 924579510 85504
0.4 chr3H 688379755 688442468 62713
0.41 chr3H 839607186 839702852 95666
0.42 chr3H 1799357627 1799665726 308099
0.43 chr3H 1572561321 1572693306 131985
0.44 chr3H 2046851299 2046962073 110774
0.45 chr3H 1091134923 1091212953 78030
0.46 chr3H 2113739430 2113880503 141073
0.47 chr3H 16308394847 16310122444 1727597
0.48 chr3H 14620168119 14620663477 495358
0.49 chr3H 15353538278 15354422170 883892
0.5 chr3H 20259525482 20260231172 705690
0.51 chr3H 39054742816 39055501991 759175
0.52 chr3H 238756271485 238761010843 4739358
0.53 chr3H 103545975704 103547491641 1515937
0.54 chr3H 26820476818 26820699085 222267
0.55 chr3H 21454977134 21455292985 315851
0.56 chr3H 22755992350 22756188154 195804
0.57 chr3H 18530847504 18531052113 204609
0.58 chr3H 20770526246 20770866840 340594
0.59 chr3H 13290191597 13290450160 258563
0.6 chr3H 20629154576 20629300702 146126
0.61 chr3H 27635510959 27636169481 658522
0.62 chr3H 25874809107 25875115476 306369
0.63 chr3H 27215384989 27215571235 186246
0.64 chr3H 19973363838 19973506585 142747
0.65 chr3H 22324979080 22325129263 150183
0.66 chr3H 10437112047 10437176892 64845
0.67 chr3H 14923860820 14923998265 137445
0.68 chr3H 14435651987 14435777224 125237
0.69 chr3H 38566686824 38566963501 276677
0.7 chr3H 18577383469 18577538222 154753
0.71 chr3H 24385578520 24385803629 225109
0.72 chr3H 18818971427 18819187262 215835
0.73 chr3H 15462419498 15462662664 243166
0.74 chr3H 13795733708 13795832665 98957
0.75 chr3H 7504542026 7504788360 246334
0.76 chr3H 25521411785 25521673128 261343
0.77 chr3H 19856719336 19856971663 252327
0.78 chr3H 12323246381 12323319206 72825
0.79 chr3H 10006258156 10006303953 45797
0.8 chr3H 11801619714 11801720040 100326
0.81 chr3H 3550573357 3550648009 74652
0.82 chr3H 5928143142 5928188504 45362
0.83 chr3H 7723794740 7723815984 21244
0.84 chr3H 12499407342 12499629867 222525
0.85 chr3H 5964445692 5964490345 44653
0.86 chr3H 6572869099 6573099024 229925
0.87 chr3H 15569572573 15569683880 111307
0.88 chr3H 13210585627 13210726746 141119
0.89 chr3H 11446729684 11446993030 263346
0.9 chr3H 28429802420 28429981056 178636
0.91 chr3H 14583116700 14583224797 108097
0.92 chr3H 6706183580 6706215213 31633
0.93 chr3H 11612760908 11613000364 239456
0.94 chr3H 11639868219 11639934775 66556
0.95 chr3H 9825431066 9825600011 168945
0.96 chr3H 9845214313 9845270831 56518
0.97 chr3H 11714161881 11714219850 57969
0.98 chr3H 9267848471 9268050822 202351
0.99 chr3H 11765008981 11765070190 61209
1 chr3H 11783592758 11783781886 189128
1.01 chr3H 14915866145 14915958767 92622
1.02 chr3H 14325762986 14325818518 55532
1.03 chr3H 10604066149 10604153742 87593
1.04 chr3H 12496027771 12496101677 73906
1.05 chr3H 13768628190 13768752991 124801
1.06 chr3H 9405091707 9405223458 131751
1.07 chr3H 11306109037 11306178827 69790
1.08 chr3H 14473902423 14473966519 64096
1.09 chr3H 21441959711 21442082136 122425
1.1 chr3H 10112483427 10112537073 53646
1.11 chr3H 9498483260 9498653140 169880
1.12 chr3H 16501752881 16501850885 98004
1.13 chr3H 17177569342 17177646120 76778
1.14 chr3H 19762922255 19762994069 71814
1.15 chr3H 10857829142 10857933016 103874
1.16 chr3H 12807013492 12807097959 84467
1.17 chr3H 16675886327 16676072340 186013
1.18 chr3H 7715248141 7715372682 124541
1.19 chr3H 27068489079 27068617674 128595
1.2 chr3H 13563950310 13564021819 71509
1.21 chr3H 9067270432 9067320910 50478
1.22 chr3H 10390456535 10390630708 174173
1.23 chr3H 20169983116 20170140076 156960
1.24 chr3H 14347367453 14347487651 120198
1.25 chr3H 13722896055 13723026482 130427
1.26 chr3H 11783546039 11783615631 69592
1.27 chr3H 18355314912 18355597468 282556
1.28 chr3H 12477131427 12477169863 38436
1.29 chr3H 11179500163 11179600979 100816
1.3 chr3H 9221033072 9221061065 27993
1.31 chr3H 9898362281 9898485108 122827
1.32 chr3H 18511931420 18512047188 115768
1.33 chr3H 19877086144 19877236094 149950
1.34 chr3H 23230550109 23230675631 125522
1.35 chr3H 17289397473 17289458434 60961
1.36 chr3H 16657619746 16657771881 152135
1.37 chr3H 14020271494 14020451342 179848
1.38 chr3H 9364049757 9364088386 38629
1.39 chr3H 17426748112 17426967605 219493
1.4 chr3H 15441215645 15441266315 50670
1.41 chr3H 31630221919 31630588540 366621
1.42 chr3H 28324576455 28324766186 189731
1.43 chr3H 22994337806 22994488031 150225
1.44 chr3H 18977793528 18977863974 70446
1.45 chr3H 21067517974 21067729220 211246
1.46 chr3H 34768810409 34769057162 246753
1.47 chr3H 15712393780 15712448170 54390
1.48 chr3H 21233309145 21233381145 72000
1.49 chr3H 17844415786 17844619035 203249
1.5 chr3H 20624534264 20624687850 153586
1.51 chr3H 25482206867 25482404409 197542
1.52 chr3H 8276722868 8276947981 225113
1.53 chr3H 13123840400 13123925985 85585
1.54 chr3H 11070574399 11070620409 46010
1.55 chr3H 13163703217 13163746447 43230
1.56 chr3H 11792310190 11792463774 153584
1.57 chr3H 8335866725 8335954131 87406
1.58 chr3H 15999498744 15999566098 67354
1.59 chr3H 15320101241 15320298013 196772
1.6 chr3H 2790506356 2790527447 21091
1.61 chr3H 6981305667 6981331801 26134
1.62 chr3H 12580488090 12580628720 140630
1.63 chr3H 6995112156 6995144718 32562
0 chr4H 1580163 1640965 60802
0.01 chr4H 10514055 10696514 182459
0.02 chr4H 37841609 37949762 108153
0.03 chr4H 42821760 42914842 93082
0.04 chr4H 42817241 42942682 125441
0.05 chr4H 43589057 43726068 137011
0.06 chr4H 63622478 63673616 51138
0.07 chr4H 45036467 45073421 36954
0.08 chr4H 124643440 124707642 64202
0.09 chr4H 41580796 41600364 19568
0.1 chr4H 107997094 108112789 115695
0.11 chr4H 28284662 28307484 22822
0.12 chr4H 92236501 92282472 45971
0.13 chr4H 64745138 64771938 26800
0.14 chr4H 105850022 105922339 72317
0.15 chr4H 202485571 202569627 84056
0.16 chr4H 163940765 164125497 184732
0.17 chr4H 75987053 76085434 98381
0.18 chr4H 150551813 150595250 43437
0.19 chr4H 198568598 198619883 51285
0.2 chr4H 53636393 53653135 16742
0.21 chr4H 223274615 223466724 192109
0.22 chr4H 509998323 510233064 234741
0.23 chr4H 159021263 159068461 47198
0.24 chr4H 83145595 83159359 13764
0.25 chr4H 105648281 105668929 20648
0.26 chr4H 223767097 223806683 39586
0.27 chr4H 310591453 310693933 102480
0.28 chr4H 160147321 160176096 28775
0.29 chr4H 82763491 82773652 10161
0.3 chr4H 281064905 281113114 48209
0.31 chr4H 133780125 133801504 21379
0.32 chr4H 205161261 205186030 24769
0.33 chr4H 139968544 139993534 24990
0.34 chr4H 166090253 166119412 29159
0.35 chr4H 72864678 72897815 33137
0.36 chr4H 124978889 124992292 13403
0.37 chr4H 256239232 256263571 24339
0.38 chr4H 340414914 340457328 42414
0.39 chr4H 293499692 293537203 37511
0.4 chr4H 329358117 329411861 53744
0.41 chr4H 114964067 114974481 10414
0.42 chr4H 529962971 530028174 65203
0.43 chr4H 615680896 615800045 119149
0.44 chr4H 658445523 658525255 79732
0.45 chr4H 761305416 761470468 165052
0.46 chr4H 770957879 771072391 114512
0.47 chr4H 933349193 933498333 149140
0.48 chr4H 1288786180 1288950488 164308
0.49 chr4H 1219779436 1219842638 63202
0.5 chr4H 3368267487 3368547013 279526
0.51 chr4H 5177108444 5177508280 399836
0.52 chr4H 22842582336 22843773726 1191390
0.53 chr4H 27299367502 27300358801 991299
0.54 chr4H 77775998251 77778556239 2557988
0.55 chr4H 152232899139 152235441203 2542064
0.56 chr4H 1270797320 1270807855 10535
0.58 chr4H 423904609 423907000 2391
0.59 chr4H 11974821113 11974959090 137977
0.6 chr4H 6488531491 6488581352 49861
0.61 chr4H 5673714874 5673766851 51977
0.62 chr4H 6593784024 6594235734 451710
0.63 chr4H 11112025694 11112098061 72367
0.64 chr4H 13909971979 13910088759 116780
0.65 chr4H 8608205848 8608286161 80313
0.66 chr4H 12852906409 12853135709 229300
0.67 chr4H 17210788299 17210969971 181672
0.68 chr4H 31281190252 31281424331 234079
0.69 chr4H 80198133311 80199035064 901753
0.7 chr4H 35840167505 35840489760 322255
0.71 chr4H 26072946953 26073302097 355144
0.72 chr4H 24320322277 24320511367 189090
0.73 chr4H 17671200639 17671510642 310003
0.74 chr4H 35241613009 35241937919 324910
0.75 chr4H 38620836567 38621247731 411164
0.76 chr4H 17335523657 17336025697 502040
0.77 chr4H 18627337006 18627481896 144890
0.78 chr4H 17015210612 17015319785 109173
0.79 chr4H 10246118861 10246183621 64760
0.8 chr4H 8564625078 8564667610 42532
0.81 chr4H 10313460106 10313544901 84795
0.82 chr4H 13223272673 13223379919 107246
0.83 chr4H 9807125499 9807411794 286295
0.84 chr4H 9833875440 9833921920 46480
0.85 chr4H 17415473257 17415582851 109594
0.86 chr4H 9895157582 9895363933 206351
0.87 chr4H 12845821839 12845890486 68647
0.88 chr4H 10537943568 10538224190 280622
0.89 chr4H 14082964685 14083033102 68417
0.9 chr4H 12960504230 12960561289 57059
0.91 chr4H 16560864861 16560931367 66506
0.92 chr4H 13648185970 13648286367 100397
0.93 chr4H 19633567146 19633925778 358632
0.94 chr4H 13121806912 13121875028 68116
0.95 chr4H 6577998254 6578026359 28105
0.96 chr4H 17977862899 17977958814 95915
0.97 chr4H 12009530652 12009581560 50908
0.98 chr4H 15039220118 15039298500 78382
0.99 chr4H 6628926041 6628956521 30480
1 chr4H 5432781646 5432823120 41474
1.01 chr4H 4231220156 4231258341 38185
1.02 chr4H 6659640214 6659708175 67961
1.03 chr4H 10305676836 10305727160 50324
1.04 chr4H 11538967567 11539008969 41402
1.05 chr4H 7299301209 7299353923 52714
1.06 chr4H 7313179915 7313241594 61679
1.07 chr4H 6713386048 6713454149 68101
1.08 chr4H 13453863867 13453956735 92868
1.09 chr4H 9194299573 9194359922 60349
1.1 chr4H 15352253242 15352340410 87168
1.11 chr4H 7999992514 8000033856 41342
1.12 chr4H 13577419007 13577516434 97427
1.13 chr4H 25386695667 25386980739 285072
1.14 chr4H 18006125554 18006277885 152331
1.15 chr4H 11824280773 11824333396 52623
1.16 chr4H 17447896954 17448071297 174343
1.17 chr4H 6239143937 6239169051 25114
1.18 chr4H 13127815150 13127973873 158723
1.19 chr4H 19432412596 19432682219 269623
1.2 chr4H 10048792203 10048862107 69904
1.21 chr4H 4400729435 4400752071 22636
1.22 chr4H 9443401791 9443528797 127006
1.23 chr4H 4411968753 4411995877 27124
1.24 chr4H 10726072118 10726120157 48039
1.25 chr4H 14534836643 14534943806 107163
1.26 chr4H 17726926097 17727011367 85270
1.27 chr4H 15221582229 15221655134 72905
1.28 chr4H 17152723073 17152786962 63889
1.29 chr4H 14009592630 14009867313 274683
1.3 chr4H 18515504382 18515630465 126083
1.31 chr4H 42949656446 42950244225 587779
1.32 chr4H 63169016961 63169546888 529927
0 chr5H 2257879 2275854 17975
0.01 chr5H 4371868 4398879 27011
0.02 chr5H 4508287 4520119 11832
0.03 chr5H 11116748 11137439 20691
0.04 chr5H 10861354 10865902 4548
0.05 chr5H 23297096 23437921 140825
0.06 chr5H 26989549 27017172 27623
0.07 chr5H 18914134 18939395 25261
0.08 chr5H 39335730 39406835 71105
0.09 chr5H 81308988 81363916 54928
0.1 chr5H 31667279 31674610 7331
0.11 chr5H 34158575 34179952 21377
0.12 chr5H 64792533 64830126 37593
0.13 chr5H 41907095 42006500 99405
0.14 chr5H 56997257 57021351 24094
0.15 chr5H 89069143 89103447 34304
0.16 chr5H 29826867 29845213 18346
0.17 chr5H 64549492 64802629 253137
0.18 chr5H 226296816 226471033 174217
0.19 chr5H 223843095 223900246 57151
0.2 chr5H 115478880 115521642 42762
0.21 chr5H 80574818 80596125 21307
0.22 chr5H 43031030 43046920 15890
0.23 chr5H 101313439 101353535 40096
0.24 chr5H 192383907 192431149 47242
0.25 chr5H 163861615 164093852 232237
0.26 chr5H 106555096 106585488 30392
0.27 chr5H 154318912 154536045 217133
0.28 chr5H 14464124 14468137 4013
0.29 chr5H 202264567 202305296 40729
0.3 chr5H 163733442 163779060 45618
0.31 chr5H 119094228 119127939 33711
0.32 chr5H 54102586 54106392 3806
0.33 chr5H 171446502 171493588 47086
0.34 chr5H 540595212 540884401 289189
0.35 chr5H 341199832 341305912 106080
0.36 chr5H 203137352 203164516 27164
0.37 chr5H 260174408 260208692 34284
0.38 chr5H 550456864 550532912 76048
0.39 chr5H 470879290 471175065 295775
0.4 chr5H 558418961 558506754 87793
0.41 chr5H 640816222 640955039 138817
0.42 chr5H 527862759 527934473 71714
0.43 chr5H 659108031 659228023 119992
0.44 chr5H 967110238 967571779 461541
0.45 chr5H 1065534174 1065616200 82026
0.46 chr5H 1074814092 1074928022 113930
0.47 chr5H 9228996331 9230520610 1524279
0.48 chr5H 205605161553 205612259579 7098026
0.49 chr5H 42387749986 42388391492 641506
0.5 chr5H 21866574348 21867296592 722244
0.51 chr5H 28193195477 28193658924 463447
0.52 chr5H 106719274041 106720963199 1689158
0.53 chr5H 75693415023 75694148859 733836
0.54 chr5H 31366643911 31366837047 193136
0.55 chr5H 12205899051 12206146065 247014
0.56 chr5H 13778838739 13778944555 105816
0.57 chr5H 22543008843 22543311941 303098
0.58 chr5H 17886233371 17886474272 240901
0.59 chr5H 12667263294 12667392939 129645
0.6 chr5H 9318890313 9318975009 84696
0.61 chr5H 21232557662 21232734870 177208
0.62 chr5H 9926418555 9926526727 108172
0.63 chr5H 30927054342 30927142068 87726
0.64 chr5H 8526718349 8526779278 60929
0.65 chr5H 7065603187 7065652177 48990
0.66 chr5H 11646667677 11646740837 73160
0.67 chr5H 10179233393 10179297852 64459
0.68 chr5H 12250926578 12251062353 135775
0.69 chr5H 7700095253 7700130487 35234
0.7 chr5H 15971277598 15971365558 87960
0.71 chr5H 10869803162 10869859563 56401
0.72 chr5H 17672726646 17673166370 439724
0.73 chr5H 12012581690 12012663940 82250
0.74 chr5H 5772552378 5772617854 65476
0.75 chr5H 15276395646 15276500433 104787
0.76 chr5H 12170782812 12170931722 148910
0.77 chr5H 6898807732 6898857455 49723
0.78 chr5H 13847916017 13848136770 220753
0.79 chr5H 15487722536 15487783407 60871
0.8 chr5H 20892179295 20892280235 100940
0.81 chr5H 11290410171 11290500978 90807
0.82 chr5H 7005087230 7005134063 46833
0.83 chr5H 18382879994 18382978190 98196
0.84 chr5H 10842590771 10842687100 96329
0.85 chr5H 7064945355 7064988473 43118
0.86 chr5H 12534272780 12534396752 123972
0.87 chr5H 10925006718 10925095592 88874
0.88 chr5H 16422744835 16422854333 109498
0.89 chr5H 4940334387 4940435875 101488
0.9 chr5H 9345708465 9345781177 72712
0.91 chr5H 10478263949 10478333184 69235
0.92 chr5H 13815456415 13815557778 101363
0.93 chr5H 16055210138 16055339773 129635
0.94 chr5H 21629269358 21629538681 269323
0.95 chr5H 16679056222 16679132708 76486
0.96 chr5H 12249166932 12249254586 87654
0.97 chr5H 14506450928 14506663201 212273
0.98 chr5H 13977750307 13977988957 238650
0.99 chr5H 6164266798 6164279039 12241
1 chr5H 7862255311 7862291936 36625
1.01 chr5H 11809923160 11810002134 78974
1.02 chr5H 12964845991 12964925565 79574
1.03 chr5H 7342442864 7342470781 27917
1.04 chr5H 11883740422 11883921748 181326
1.05 chr5H 10209838913 10210221590 382677
1.06 chr5H 14775734705 14775808608 73903
1.07 chr5H 12530020303 12530090123 69820
1.08 chr5H 13130583499 13130662835 79336
1.09 chr5H 9722537336 9722568112 30776
1.1 chr5H 12604941280 12605047183 105903
1.11 chr5H 14926293208 14926500891 207683
1.12 chr5H 13809943171 13810065189 122018
1.13 chr5H 22483112877 22483531842 418965
1.14 chr5H 13867351528 13867455588 104060
1.15 chr5H 13897632095 13897726632 94537
1.16 chr5H 12188965335 12189064452 99117
1.17 chr5H 15125610159 15125700578 90419
1.18 chr5H 13405501395 13405611431 110036
1.19 chr5H 8179488485 8179609012 120527
1.2 chr5H 16975383675 16975618896 235221
1.21 chr5H 12319360795 12319420355 59560
1.22 chr5H 21740336771 21740458378 121607
1.23 chr5H 14132067913 14132225080 157167
1.24 chr5H 12979302188 12979403826 101638
1.25 chr5H 17750370767 17750614718 243951
1.26 chr5H 16016532358 16016766038 233680
1.27 chr5H 13084714124 13084797103 82979
1.28 chr5H 11925418587 11925488378 69791
1.29 chr5H 29277456382 29278068500 612118
1.3 chr5H 14965625217 14965870741 245524
1.31 chr5H 18019019374 18019192188 172814
1.32 chr5H 30726750972 30727154987 404015
1.33 chr5H 18743470368 18743559703 89335
1.34 chr5H 19407820657 19407908714 88057
1.35 chr5H 12163351441 12163409693 58252
1.36 chr5H 12794742192 12795028873 286681
1.37 chr5H 10990005358 10990074406 69048
1.38 chr5H 14683714415 14683776227 61812
1.39 chr5H 14714608525 14714767566 159041
1.4 chr5H 22743579666 22743878095 298429
1.41 chr5H 20355856824 20356236995 380171
1.42 chr5H 28469147370 28469327115 179745
1.43 chr5H 30431594608 30431952194 357586
1.44 chr5H 28059057604 28059216537 158933
1.45 chr5H 16252598765 16252681234 82469
1.46 chr5H 15662227377 15662345064 117687
1.47 chr5H 10048403166 10048436612 33446
1.48 chr5H 30841466312 30841670522 204210
1.49 chr5H 27789219328 27789339342 120014
1.5 chr5H 13930432860 13930471881 39021
1.51 chr5H 17136222537 17136360458 137921
1.52 chr5H 20358857878 20358986774 128896
1.53 chr5H 17211240395 17211321913 81518
1.54 chr5H 12134907769 12135024502 116733
1.55 chr5H 33305237476 33305520567 283091
1.56 chr5H 31482951939 31483198711 246772
1.57 chr5H 26411741773 26412208160 466387
1.58 chr5H 17441287113 17441366953 79840
1.59 chr5H 20064648860 20064761376 112516
1.6 chr5H 13617170727 13617384429 213702
1.61 chr5H 13641503895 13641574633 70738
1.62 chr5H 24735445003 24735611391 166388
1.63 chr5H 11084444840 11084562321 117481
1.64 chr5H 15682884545 15683072291 187746
1.65 chr5H 11784542940 11784852127 309187
1.66 chr5H 13775243431 13775460798 217367
1.67 chr5H 21687278612 21687394629 116017
1.68 chr5H 13822412740 13822489797 77057
1.69 chr5H 17144494332 17144876792 382460
1.7 chr5H 16521508276 16521637271 128995
1.71 chr5H 22508946888 22509115585 168697
1.72 chr5H 33177953033 33178594273 641240
1.73 chr5H 29275961607 29276226989 265382
1.74 chr5H 48111909514 48112372785 463271
0 chr6H 36908549 37225372 316823
0.01 chr6H 32814642 33897955 1083313
0.02 chr6H 87768069 87850464 82395
0.03 chr6H 156370838 156527146 156308
0.04 chr6H 208820112 209068374 248262
0.05 chr6H 107503967 108229939 725972
0.06 chr6H 223910184 224008497 98313
0.07 chr6H 120994998 121417279 422281
0.08 chr6H 73682337 73811963 129626
0.09 chr6H 148192681 148743827 551146
0.1 chr6H 125122136 125182493 60357
0.11 chr6H 96894518 96928993 34475
0.12 chr6H 102709226 102755312 46086
0.13 chr6H 119751537 119928906 177369
0.14 chr6H 174216879 174416203 199324
0.15 chr6H 260158322 260221776 63454
0.16 chr6H 162414541 162471059 56518
0.17 chr6H 197723369 197757155 33786
0.18 chr6H 383801004 383862349 61345
0.19 chr6H 218388478 218450611 62133
0.2 chr6H 420307781 420568082 260301
0.21 chr6H 336697771 336960948 263177
0.22 chr6H 312371043 312542191 171148
0.23 chr6H 485090928 485362388 271460
0.24 chr6H 392130788 392195230 64442
0.25 chr6H 308012732 308050796 38064
0.26 chr6H 215340611 215372257 31646
0.27 chr6H 312054527 312333124 278597
0.28 chr6H 453973926 454025920 51994
0.29 chr6H 382355446 382412089 56643
0.3 chr6H 163069760 163097799 28039
0.31 chr6H 364802700 364890399 87699
0.32 chr6H 426449997 426600745 150748
0.33 chr6H 284097259 284162828 65569
0.34 chr6H 239155636 239203520 47884
0.35 chr6H 164908785 164946559 37774
0.36 chr6H 280789464 280805738 16274
0.37 chr6H 259240322 259340266 99944
0.38 chr6H 265539978 265557677 17699
0.39 chr6H 577010428 577169841 159413
0.4 chr6H 498115417 498246536 131119
0.41 chr6H 517893332 517983844 90512
0.42 chr6H 497816342 497847436 31094
0.43 chr6H 551837714 551889287 51573
0.44 chr6H 1124109495 1124230296 120801
0.45 chr6H 1101548327 1101656452 108125
0.46 chr6H 561998748 562047152 48404
0.47 chr6H 3887619325 3888257200 637875
0.48 chr6H 5598576780 5599195411 618631
0.49 chr6H 17933421984 17934368951 946967
0.5 chr6H 7725536820 7725959872 423052
0.51 chr6H 22099506810 22100305511 798701
0.52 chr6H 23982813866 23983475269 661403
0.53 chr6H 123077942872 123081252745 3309873
0.54 chr6H 101737758437 101739005845 1247408
0.55 chr6H 17260970238 17261120401 150163
0.56 chr6H 10971108510 10971296289 187779
0.57 chr6H 14688373740 14688659743 286003
0.58 chr6H 14991601305 14991763040 161735
0.59 chr6H 76106579832 76107365401 785569
0.6 chr6H 24319096537 24319251750 155213
0.61 chr6H 25777091587 25777274528 182941
0.62 chr6H 24817626361 24818042042 415681
0.63 chr6H 25646970432 25647178336 207904
0.64 chr6H 22148655758 22148968868 313110
0.65 chr6H 35368394150 35368799805 405655
0.66 chr6H 24468030473 24468216726 186253
0.67 chr6H 23238145589 23238311007 165418
0.68 chr6H 20368277316 20368376413 99097
0.69 chr6H 12821957309 12822075765 118456
0.7 chr6H 15477078876 15477141997 63121
0.71 chr6H 16090695019 16090830131 135112
0.72 chr6H 15153300953 15153611507 310554
0.73 chr6H 21036167583 21036501571 333988
0.74 chr6H 12673921465 12674018593 97128
0.75 chr6H 9544590393 9544717965 127572
0.76 chr6H 12239753342 12239809325 55983
0.77 chr6H 8002621262 8002879719 258457
0.78 chr6H 11770456467 11770551860 95393
0.79 chr6H 12335669452 12335794817 125365
0.8 chr6H 4840497064 4840526203 29139
0.81 chr6H 6464018336 6464059643 41307
0.82 chr6H 6477954801 6477973472 18671
0.83 chr6H 3243675619 3243786838 111219
0.84 chr6H 11917551935 11917761403 209468
0.85 chr6H 9225700510 9225763080 62570
0.86 chr6H 4892886280 4892949473 63193
0.87 chr6H 5989468167 5989502657 34490
0.88 chr6H 13098682686 13098811648 128962
0.89 chr6H 14763581981 14763733689 151708
0.9 chr6H 8219767494 8219809570 42076
0.91 chr6H 8783025489 8783074795 49306
0.92 chr6H 11556897752 11557020153 122401
0.93 chr6H 9373053771 9373109581 55810
0.94 chr6H 16030533942 16030818363 284421
0.95 chr6H 7759703781 7759786565 82784
0.96 chr6H 7776504437 7776582330 77893
0.97 chr6H 8352981563 8353040284 58721
0.98 chr6H 11717757500 11717800822 43322
0.99 chr6H 11189579690 11189659220 79530
1 chr6H 8970947519 8971014491 66972
1.01 chr6H 14046984053 14047039842 55789
1.02 chr6H 12387736701 12387919241 182540
1.03 chr6H 13538134846 13538186061 51215
1.04 chr6H 10174242486 10174312551 70065
1.05 chr6H 11886218190 11886329657 111467
1.06 chr6H 10771307710 10771394739 87029
1.07 chr6H 9083243314 9083297575 54261
1.08 chr6H 5114799016 5114877648 78632
1.09 chr6H 3414637254 3414651174 13920
1.1 chr6H 7979803925 7979830362 26437
1.11 chr6H 7992375042 7992535459 160417
1.12 chr6H 11432855182 11433032803 177621
1.13 chr6H 8590038296 8590139930 101634
1.14 chr6H 14340039059 14340259445 220386
1.15 chr6H 9773682959 9773757761 74802
1.16 chr6H 14392688987 14392851965 162978
1.17 chr6H 19034099003 19034410866 311863
1.18 chr6H 10974958354 10975191970 233616
1.19 chr6H 13884660774 13884873517 212743
1.2 chr6H 16222849942 16222962660 112718
1.21 chr6H 11601405034 11601524566 119532
1.22 chr6H 12200035436 12200138331 102895
1.23 chr6H 8143014890 8143074219 59329
1.24 chr6H 7573191622 7573251039 59417
1.25 chr6H 13413485121 13413576432 91311
0 chr7H 38570145 40218466 1648321
0.01 chr7H 202542251 203019223 476972
0.02 chr7H 247042868 247355538 312670
0.03 chr7H 186770217 186911336 141119
0.04 chr7H 194377026 194579232 202206
0.05 chr7H 250400683 250499658 98975
0.06 chr7H 240096730 240191061 94331
0.07 chr7H 323326888 323581138 254250
0.08 chr7H 411726759 412009639 282880
0.09 chr7H 106832891 106845933 13042
0.1 chr7H 294867090 295172233 305143
0.11 chr7H 242815779 242892214 76435
0.12 chr7H 379853637 380283099 429462
0.13 chr7H 542953675 543240298 286623
0.14 chr7H 382317689 382383554 65865
0.15 chr7H 331874582 331954078 79496
0.16 chr7H 331887606 332024336 136730
0.17 chr7H 486079096 486285703 206607
0.18 chr7H 81439780 81653460 213680
0.19 chr7H 320674350 320725749 51399
0.2 chr7H 313079976 313118265 38289
0.21 chr7H 612651637 612821020 169383
0.22 chr7H 470479045 470599041 119996
0.23 chr7H 672617292 672758565 141273
0.24 chr7H 945862223 946016229 154006
0.25 chr7H 756822344 757084760 262416
0.26 chr7H 649902450 649954297 51847
0.27 chr7H 1057601338 1057833460 232122
0.28 chr7H 911838571 911918396 79825
0.29 chr7H 572968276 572995850 27574
0.3 chr7H 904041983 904283829 241846
0.31 chr7H 179694920 179709806 14886
0.32 chr7H 819381272 819659020 277748
0.33 chr7H 763233833 763298702 64869
0.34 chr7H 628607617 628661422 53805
0.35 chr7H 774217973 774590903 372930
0.36 chr7H 1000093924 1000146442 52518
0.37 chr7H 725663600 725764921 101321
0.38 chr7H 748205431 748254291 48860
0.39 chr7H 627235241 627257765 22524
0.4 chr7H 967337295 967704320 367025
0.41 chr7H 568695325 568928942 233617
0.42 chr7H 1215206803 1215301249 94446
0.43 chr7H 1393685355 1393832122 146767
0.44 chr7H 508149598 508190492 40894
0.45 chr7H 731947699 731994201 46502
0.46 chr7H 799453961 799749122 295161
0.47 chr7H 2091241501 2091344778 103277
0.48 chr7H 1324029734 1324127044 97310
0.49 chr7H 1137860369 1138045184 184815
0.5 chr7H 1855227490 1855464820 237330
0.51 chr7H 1585321277 1585433798 112521
0.52 chr7H 2018687488 2018793587 106099
0.53 chr7H 1264070741 1264108906 38165
0.54 chr7H 1024851204 1024987268 136064
0.55 chr7H 1328638246 1328909329 271083
0.56 chr7H 1491267627 1491502657 235030
0.57 chr7H 871458770 871490970 32200
0.58 chr7H 1191856245 1191902383 46138
0.59 chr7H 989970596 990019828 49232
0.6 chr7H 1805583669 1805672472 88803
0.61 chr7H 2269333612 2269656224 322612
0.62 chr7H 2439455553 2440001925 546372
0.63 chr7H 3347936412 3348201323 264911
0.64 chr7H 3583675200 3583846751 171551
0.65 chr7H 4933173642 4933517484 343842
0.66 chr7H 9991096761 9991799129 702368
0.67 chr7H 7087986776 7088397737 410961
0.68 chr7H 17907880581 17908937084 1056503
0.69 chr7H 41302180096 41303385851 1205755
0.7 chr7H 46087301070 46088707082 1406012
0.71 chr7H 220922714049 220926534733 3820684
0.72 chr7H 43471082822 43471492456 409634
0.73 chr7H 42296669409 42297090857 421448
0.74 chr7H 50021956188 50022475154 518966
0.75 chr7H 47038255209 47039266685 1011476
0.76 chr7H 48900192124 48900819304 627180
0.77 chr7H 53849666269 53850101946 435677
0.78 chr7H 26754120405 26754330472 210067
0.79 chr7H 42422494843 42422784173 289330
0.8 chr7H 32129276424 32129588573 312149
0.81 chr7H 17355146825 17355330697 183872
0.82 chr7H 12395467326 12395556136 88810
0.83 chr7H 21000332436 21000496801 164365
0.84 chr7H 24558556688 24558866477 309789
0.85 chr7H 16085942934 16086042681 99747
0.86 chr7H 10976414938 10976487627 72689
0.87 chr7H 10451664124 10451720412 56288
0.88 chr7H 15756157822 15756259399 101577
0.89 chr7H 12306229323 12306296971 67648
0.9 chr7H 17645325251 17645463549 138298
0.91 chr7H 14162267337 14162367533 100196
0.92 chr7H 14803075610 14803174075 98465
0.93 chr7H 14254399278 14254473533 74255
0.94 chr7H 4766442127 4766453403 11276
0.95 chr7H 9557633413 9557674886 41473
0.96 chr7H 13777577086 13777759763 182677
0.97 chr7H 11405856300 11405931233 74933
0.98 chr7H 11446482978 11446628616 145638
0.99 chr7H 11474150930 11474272591 121661
1 chr7H 18780192143 18780305834 113691
1.01 chr7H 12151060165 12151147504 87339
1.02 chr7H 8530950833 8530997097 46264
1.03 chr7H 18324796759 18324970155 173396
1.04 chr7H 7344230440 7344260705 30265
1.05 chr7H 12271043015 12271203273 160258
1.06 chr7H 7374414446 7374461157 46711
1.07 chr7H 7393169264 7393198858 29594
1.08 chr7H 13577113061 13577234957 121896
1.09 chr7H 8654085302 8654108227 22925
1.1 chr7H 6811192538 6811240861 48323
1.11 chr7H 11785788462 11785914441 125979
1.12 chr7H 8700504553 8700534539 29986
1.13 chr7H 5601950993 5601976048 25055
1.14 chr7H 16830112306 16830213104 100798
1.15 chr7H 17474916159 17474995219 79060
1.16 chr7H 13747391196 13747561160 169964
1.17 chr7H 13770273932 13770388556 114624
1.18 chr7H 10659908329 10660159059 250730
1.19 chr7H 13188408798 13188471929 63131
1.2 chr7H 15098983819 15099049621 65802
1.21 chr7H 13860953504 13860990893 37389
1.22 chr7H 18946110387 18946287312 176925
1.23 chr7H 10763020982 10763080381 59399
1.24 chr7H 25388696798 25389263189 566391
1.25 chr7H 21632612524 21632708296 95772
1.26 chr7H 12111601534 12111703346 101812
1.27 chr7H 14697541288 14697913505 372217
1.28 chr7H 17923484382 17923633998 149616
1.29 chr7H 19236055097 19236325797 270700
1.3 chr7H 26335435385 26335581414 146029
1.31 chr7H 16087344890 16087429615 84725
1.32 chr7H 20626884907 20627197814 312907
1.33 chr7H 17436489078 17436551496 62418
1.34 chr7H 15525708610 15525792968 84358
1.35 chr7H 16850167113 16850430430 263317
1.36 chr7H 15576919959 15576995703 75744
1.37 chr7H 12997730273 12997796271 65998
1.38 chr7H 20826392805 20826903638 510833
1.39 chr7H 9124723427 9124800188 76761
1.4 chr7H 16976250176 16976311093 60917
1.41 chr7H 18309841691 18310815129 973438
1.42 chr7H 13749878234 13749918267 40033
1.43 chr7H 15747765815 15747884055 118240
1.44 chr7H 7883653229 7883777016 123787
