poscM Chromosome Start End Recombination nb_complete_site piSyn f0 div Ne
0 1 183602.6 187708.4 NA 2105 0.0213463726555819 0.0512511310994026 0.21854 1172126.2554543
0.01 1 1337400.25 1343198.25 1.95333333333333 2112 0.00319272895833333 0.0421102375319669 0.133825 286289.912198767
0.02 1 2193995 2197810.5 1.935 455 0.0362007153846154 0.0174103049569387 0.1865 2329268.55021654
0.04 1 4146872.5 4150200.5 1.9075 677 0.0129886101624815 0.26922477339958 0.26745 582775.554121437
0.05 1 4816345.33333333 4825442 1.89333333333333 1133 0.0105814046601942 0.179746107717478 0.144666666666667 877720.202228088
0.06 1 5502121 5508568 1.87 853 0.010992 0 0.2002 658861.138861139
0.08 1 7217840 7229089 1.81 1211 0.0274241 0.0174752498714634 0.0972 3385691.35802469
0.09 1 8048778 8051397 1.78 208 0 NA 0.2797 0
0.1 1 8349328 8356000 1.77 458 0.0283379 0.0220242854975139 0.1921 1770196.77251432
0.11 1 9026890.33333333 9033266 1.74 1329 0.0154653407825433 0.0277447891089792 0.1683 1102698.095012
0.14 1 10739577 10746629 1.7 349 0.00291971 0 0.2204 158967.876588022
0.16 1 11343211 11348225 1.675 272 0.0145437988970588 0.217366025185638 0.17565 993598.558296077
0.19 1 12440825 12445476 1.62 330 0.00315457 0 0.1687 224391.464137522
0.2 1 12970911 12980091 1.59 1006 0.0261277650099404 0.043278144473383 0.207 1514653.04405451
0.21 1 13553518.6666667 13564019 1.55333333333333 1305 0.0260186224521073 0.10302415461501 0.1397 2234956.8319634
0.22 1 13725749 13735135 1.56 216 0.0232558 0 0.1307 2135192.04284621
0.23 1 14369286 14375231 1.61 823 0 Inf 0.1883 0
0.25 1 15605095.5 15611662.5 1.63 1069 0.00087680561272217 0 0.1007 104485.276590527
0.29 1 18219841 18226505 1.36333333333333 1468 0.00336321395095368 0.115928867289845 0.1242 324948.207821611
0.31 1 20234720 20239868 1.19 777 0.00249844 0 0.113 265321.061946903
0.33 1 22166621 22176854 1.06 985 0.00101626 0.285341349654616 0.0654 186469.724770642
0.34 1 23812071 23816472 0.95 884 0.0035982 0.441943193819132 0.1839 234792.822185971
0.35 1 24655081 24658793 0.89 246 0.00813835 0.142670197275861 0.144 678195.833333333
0.36 1 25352879.6666667 25359590.3333333 0.85 2838 0.000352874099718111 0.85958918173691 0.107466666666667 39402.815105
0.37 1 27847248 27851142 0.7 528 0 NA 0.21935 0
0.39 1 31279594 31283449.5 0.52 772 0 Inf 0.2099 0
0.4 1 32807614.5 32815807 0.45 694 0 NA 0.1074 0
0.41 1 34083562 34088731 0.39 483 0 NA 0.1248 0
0.42 1 37458857.1428571 37486409.7142857 0.422857142857143 4511 0.00155356703613389 0.205226736522949 0.135814285714286 137266.888645469
0.43 1 40513042 40543033 0.33 212 0 NA 0.0825 0
0.44 1 43167829.25 43172136 0.2525 1086 0 NA 0.169925 0
0.45 1 52501880.8421053 52508484.1052632 0.0857894736842105 8572 0.000780522692953803 0.558637734547641 0.129673684210526 72229.553532538
0.46 1 66859225.6923077 66864987.9230769 0.0569230769230769 4674 0.000646651163885323 0.379045991316031 0.107176923076923 72401.9102606118
0.47 1 99097934.5263158 99105664.0131579 0.0243421052631579 30684 0.000591432081214965 0.295726696595186 0.132030263157895 53754.2288020139
0.48 1 220930570.07 220945555.19 -0.0048 41319 0.000421203419782667 0.260760881384928 0.117095 43165.301997455
0.49 1 334757342.047059 334766222.317647 0.0161176470588235 34040 0.00103413810505288 0.266693607070263 0.133252941176471 93128.5805106552
0.5 1 378193325.384615 378198029.230769 0.0746153846153846 5522 0.000159951122781601 0 0.129076923076923 14870.3070047257
0.51 1 384693127.882353 384698246.941176 0.0841176470588235 5767 0 NA 0.125994117647059 0
0.52 1 397034401.909091 397040955.363636 0.106363636363636 9191 0 Inf 0.102718181818182 0
0.53 1 406960466.722222 406975676.5 0.130555555555556 4720 0 NA 0.155927777777778 0
0.54 1 412828254.666667 412833697.333333 0.145555555555556 4484 0 NA 0.158 0
0.55 1 418944537.769231 418953660.923077 0.156923076923077 6314 0.000141463842255306 0.654048928647439 0.113769230769231 14921.1354914318
0.56 1 425175528.769231 425180765.923077 0.156923076923077 4178 0 Inf 0.0956769230769231 0
0.57 1 433357277 433369537.125 0.12375 5522 0.000188422797899312 0 0.1078875 20957.6973680152
0.58 1 439102163.277778 439114564.222222 0.161111111111111 6678 0.000440411129080563 0.196360475845502 0.1222 43248.2287149489
0.59 1 447394683.578947 447402055.315789 0.176315789473684 5246 0.00144158425657644 0.187334171779689 0.127126315789474 136077.341433894
0.6 1 452623104.285714 452630423.785714 0.23 6548 0.000376573204031765 0.408260006055476 0.142414285714286 31730.5137312351
0.61 1 456121518.8 456127171.8 0.286 2403 0.00126792297960882 0.349537228159263 0.1157 131504.544125375
0.62 1 458793063.111111 458798545.777778 0.336666666666667 2514 0 NA 0.149722222222222 0
0.63 1 462276192.5 462282050.25 0.38 2728 0.00259947183284457 0.0402528744574263 0.09995 312092.666274486
0.64 1 464860405.25 464865102.25 0.41 1790 0.00156256625698324 0.31294111649022 0.221925 84491.5853725307
0.65 1 466760561 466767367 0.43 414 0 NA 0.3586 0
0.66 1 469374782.333333 469381318.333333 0.45 905 0 Inf 0.170566666666667 0
0.67 1 472948820 472951168 0.47 107 0 NA 0.5844 0
0.68 1 473774897 473786224.5 0.48 1864 0.0011135030472103 0 0.221975 60196.1327470373
0.69 1 475301373 475306271 0.49 636 0 NA 0.14425 0
0.7 1 477490125 477498590 0.5125 2082 0 Inf 0.228 0
0.71 1 479381515.25 479384965.5 0.5275 552 0 NA 0.1809 0
0.72 1 481229253.666667 481234050.333333 0.54 694 0.0247944293948127 0.0165674857011551 0.167366666666667 1777732.44017777
0.73 1 482655343.4 482662442.8 0.55 1791 0 Inf 0.1355 0
0.74 1 483521236 483525244 0.56 428 0.00240385 0 0.1485 194250.505050505
0.75 1 486075925.5 486081095 0.57 799 0.00114707489361702 0.320071181981477 0.1556 88463.3594049117
0.77 1 488544818.571429 488548822.571429 0.58 2361 0.00202505436679373 0.303699775068499 0.175442857142857 138510.354865787
0.78 1 489467904.5 489471265 0.59 1050 0.0105424114285714 0 0.193125 655062.457697642
0.79 1 491161710 491168311.666667 0.593333333333333 1214 0 NA 0.133866666666667 0
0.8 1 492810294 492816103.5 0.6 2888 0 Inf 0.189633333333333 0
0.81 1 494517796.833333 494521760.666667 0.606666666666667 2735 0.000731887506398538 0 0.17585 49943.9867886406
0.82 1 496388026.5 496391036.75 0.61 880 0 NA 0.151425 0
0.83 1 498588730.454545 498602573.454545 0.617272727272727 2832 0.00033412406779661 0.605085112925338 0.188390909090909 21282.8147223629
0.84 1 501442816.333333 501447197 0.63 993 0 Inf 0.2083 0
0.85 1 504166832.6 504174004.4 0.646 3189 0.000313681443085607 0.285593319362225 0.15094 24938.235835612
0.86 1 506709508.666667 506713607.333333 0.67 1185 0.0115299782278481 0.147911515812144 0.2195 630340.495372106
0.87 1 507864637.333333 507867720.666667 0.683333333333333 588 0 NA 0.2293 0
0.88 1 509021712.5 509027850.5 0.715 676 0 NA 0.28335 0
0.89 1 509828697 509832395.428571 0.734285714285714 1921 0 Inf 0.335885714285714 0
0.9 1 510995922.5 511003511.25 0.74 2725 0.00102533117431193 0.205215172098613 0.121725 101080.091121324
0.92 1 512691981 512698457 0.8 647 0.00650407 0 0.1542 506153.307392996
0.93 1 513494919.6 513502336.4 0.84 3564 0.00790624339225589 0.0303353737426279 0.14272 664762.617061874
0.94 1 514436142 514439562.5 0.865 227 0.0183470814977974 0.0678354609929078 0.13795 1595976.64351989
0.95 1 515924061.333333 515928976.833333 0.856666666666667 1402 0.00138844267475036 0.295489446110877 0.2076 80256.8020086911
0.96 1 516814281 516819591.8 0.816 1627 0.00495456757836509 0.0705288581347854 0.13192 450688.378868868
0.97 1 518068338 518074379 0.756 1799 0 Inf 0.1681 0
0.98 1 519433622.5 519439989.875 0.7175 3504 0.00445357230222603 0.146195067442098 0.1833125 291539.680200272
0.99 1 520876084.5 520888252 0.715 779 0.00379784893453145 0 0.17405 261845.373251235
1 1 522724074.3 522729806.2 0.764 2246 0.0148035725289403 0.0600042174724863 0.19056 932214.894769543
1.01 1 524681676.8 524686479.6 0.889 3129 0.00703567737296261 0.167002650305187 0.21262 397084.603873348
1.02 1 525745572.2 525751093.6 0.988 1677 0.00584081228384019 0.0579932570377287 0.18872 371395.439837231
1.03 1 526971962 526979475 1.064 1975 0.00612374095696203 0.0237619448568081 0.19268 381383.078075277
1.04 1 528092885.25 528098008.25 1.0675 1781 0.00168560144862437 0 0.1244 162598.210478235
1.05 1 528530989 528536363 1.12 398 0 NA 0.2735 0
1.06 1 529763125.5 529769948.5 1.27 788 0.00618412385786802 0.0589054237787871 0.1169 634811.687719557
1.07 1 530072478.5 530077640.5 1.3 669 0.0304794623318386 0 0.1313 2785632.5055755
1.08 1 530797118.5 530803971.5 1.355 500 0.01846152 0.0614658814658815 0.1292 1714692.26006192
1.09 1 531724334.333333 531727420.333333 1.4 479 0.0295432488517745 0.26065508277656 0.163466666666667 2168753.99401281
1.1 1 532235820.666667 532240102.333333 1.41666666666667 1231 0.00340754787977254 0.268887944711376 0.203466666666667 200969.403132063
1.11 1 532838920.75 532842209 1.42 1096 0.00640840465328467 0.203964024775573 0.149375 514817.444950066
1.12 1 533218316.333333 533222546.333333 1.41666666666667 526 0.0146610342205323 0 0.122133333333333 1440494.62865492
1.13 1 533971401.666667 533975493 1.39666666666667 964 0.0124473225103734 0.0416160013548882 0.1846 809143.391790256
1.14 1 534546686.5 534553326 1.37 886 0 NA 0.1003 0
1.15 1 535399993.5 535405448 1.31 756 0.0386828912698413 0.110263056082605 0.1668 2782941.81797419
1.16 1 535970098.666667 535975353.333333 1.25666666666667 1420 0.00141809257042254 0.142113709625176 0.169433333333333 100435.436819223
1.17 1 537237335 537242847.2 1.156 2244 0.00398104028520499 0.0638348059402419 0.1219 391898.961628055
1.18 1 538525406.4 538530310.4 1.144 1075 0.0155397053953488 0.0509758393372433 0.24696 755087.725721518
1.19 1 539312814.285714 539318331 1.08428571428571 3392 0.00354472726709906 0.14411066453689 0.344071428571429 123627.60657518
1.2 1 540897343.5 540903838 0.965 712 0.0182425550561798 0.176265170572277 0.2379 920179.321875399
1.21 1 541874594.8 541880061.4 0.918 2361 0.00388977036848793 0.0618592594110249 0.14034 332601.143094308
1.22 1 542908491.333333 542913869.666667 0.893333333333333 1601 0.00431363900687071 0.0415629460412961 0.109333333333333 473448.183680931
1.23 1 543856883.5 543860928 0.89 864 0 Inf 0.20315 0
1.24 1 545165155 545169690 0.896 2085 0.0079675011031175 0.224900787309849 0.16378 583770.99302363
1.25 1 546157822 546161942 0.883333333333333 913 0.00105030716319825 0.301642219220823 0.218733333333333 57621.2402851827
1.26 1 547105219 547119309.833333 0.866666666666667 2228 0.0236798272800718 0.0544820119124196 0.15285 1859063.96703213
1.27 1 547982175 547987491.333333 0.853333333333333 731 0.0138782162927497 0.0214575724614496 0.115633333333333 1440229.99867105
1.28 1 548968854.5 548974829.333333 0.833333333333333 3249 0.00839961196983687 0.0650133520930659 0.143683333333333 701510.337348631
1.29 1 550405545 550412153.5 0.795 1098 0.0244727918032787 0.0371658824903552 0.1345 2183446.10884271
1.3 1 551605270 551610914.5 0.763333333333333 2408 0.0170372998172757 0.0973197165719594 0.154 1327581.80394356
1.31 1 552872633.166667 552878029.5 0.725 2762 0.00939054452932657 0.0277548373677047 0.1175 959034.334909948
1.32 1 554354215.666667 554360181.5 0.676666666666667 2603 0.0112676965885517 0.114714758598972 0.13105 1031761.61055032
1.33 1 556412535.454545 556419197.090909 0.617272727272727 6870 0.00345018852110626 0.0452297937719087 0.1339 309202.854766804
1.34 1 558180860 558188561 0.565 1208 0.00317287773178808 0.0547052207786698 0.23615 161230.289144429
0 2 766021 832979 0.81 318 0.00292398 0.314049343702761 0.4245 82656.6784452297
0.01 2 2084530 2097842 0.8 1705 0.00771399 0.297712338232225 0.1051 880760.038058992
0.02 2 3474274.25 3494300.75 0.8 1949 0.0309710403796819 0.023602591312992 0.140825 2639108.71334055
0.03 2 4332309 4342474 0.8 564 0.00338123 0 0.1588 255508.564231738
0.04 2 6297875.5 6345729.5 0.8 751 0.0380369367509987 0.0297997746566302 0.2371 1925108.56605645
0.05 2 7650482.5 7655367.5 0.81 851 0.00343104491186839 0 0.1159 355241.923575675
0.06 2 9500362 9517673 0.81 1659 0.0116919116455696 0 0.1055 1329885.68480413
0.07 2 11462867.4 11466210.4 0.81 1215 0.014216102872428 0.0664520585486013 0.19452 876995.858878963
0.08 2 12708355.5 12730047.3333333 0.81 1546 0.0358292462483829 0.112888445633663 0.19135 2246934.70070862
0.09 2 14206972.6666667 14215620 0.81 1334 0.0051791192203898 0.124051355892679 0.192733333333333 322463.320536204
0.1 2 16406629 16411125 0.8 522 0.048738 0 0.157 3725197.4522293
0.11 2 17518510 17542736 0.8 232 0.0244066034482759 0.102666897666898 0.19415 1508520.4294582
0.12 2 18646698.3333333 18691016.5 0.81 2292 0.0172279242146597 0.0547907841682502 0.153216666666667 1349298.97036386
0.13 2 19716180.5 19725854 0.81 3406 0.0149385153611274 0.0679308367646285 0.1153 1554745.74443651
0.14 2 21600994.6666667 21606716.3333333 0.806666666666667 2964 0.00654199038461538 0.0886870718561363 0.148066666666667 530192.827208811
0.15 2 22697739 22704552.5 0.8 988 0.00476708777327935 0.121312184181096 0.2961 193195.046536144
0.16 2 23520780.5 23533841 0.8 834 0.00449815431654676 0.156922344941532 0.1818 296907.875679654
0.18 2 25986621.5 25993958.5 0.785 597 0.0029180565159129 0.332644681350809 0.14345 244103.716911501
0.19 2 27503508 27512959 0.77 469 0.0200216 0.0454468174371679 0.2235 1074985.23489933
0.2 2 28467582.75 28488392.75 0.775 1374 0.0161929934716157 0.0680928411567124 0.2613 743650.676078793
0.21 2 29626559.5 29653498.25 0.7875 2703 0.0173992892193859 0.0411729279531066 0.180475 1156899.68490168
0.22 2 30892369 30898664 0.79 631 0.0263653 0.0253745642947359 0.1991 1589068.8096434
0.23 2 31692605.2 31696839.2 0.79 1982 0.0210358380827447 0.173635709912986 0.1451 1739697.15363843
0.24 2 32441323.5 32467401.5 0.78 384 0.034527265625 0.0249632725344629 0.30755 1347186.43310031
0.25 2 34192810 34201755 0.75 805 0.00958658 0.0374148027763811 0.1561 736956.822549648
0.27 2 36171341.5 36185640.5 0.76 1261 0.0130039888977002 0 0.10455 1492566.87491538
0.29 2 38278107.75 38285576.5 0.78 1608 0.0254255222139304 0.0551861559723777 0.1327 2299218.28611277
0.3 2 38896113.25 38902033.75 0.7825 1262 0 NA 0.14375 0
0.31 2 40132887 40136339 0.79 573 0 Inf 0.17305 0
0.34 2 42963468 42967282 0.78 147 0 NA 0.2511 0
0.35 2 44691498.2 44714009.2 0.766 1798 0.011884054916574 0 0.1594 894659.090331792
0.36 2 45911846.3333333 45917008 0.746666666666667 756 0.00672989793650794 0.056194422030709 0.1902 424599.2388964
0.37 2 47050650.5 47053052 0.73 270 0.00676162666666667 0.160891248391248 0.24315 333701.501130989
0.38 2 48384468.3333333 48387607.6666667 0.703333333333333 420 0.0189050642857143 0.0911915552484236 0.1224 1853437.67507003
0.39 2 50707209 50712912.6666667 0.643333333333333 2474 0.00743251958367017 0 0.136188888888889 654900.966824164
0.4 2 52209433.6666667 52213912.3333333 0.593333333333333 652 0.00468782518404908 0.19223889456346 0.150866666666667 372871.645218221
0.41 2 54250186 54255491.3333333 0.556666666666667 1431 0.00693940454227813 0.172395040530497 0.1439 578685.576840427
0.42 2 57402268.3333333 57413991.3333333 0.51 1168 0.00246886974315068 0.0743743360517981 0.169833333333333 174444.182047938
0.43 2 59394807.6 59398574.6 0.48 1674 0.0121751140979689 0.0315710096897912 0.1627 897980.142443929
0.44 2 62450358.8 62514358 0.442 2370 0.00682776709704641 0.202001882358261 0.13776 594753.231450036
0.45 2 65410583.1111111 65415342.6666667 0.404444444444444 2702 0.00401947609178386 0.210379097356502 0.1137 424219.112589326
0.46 2 67909612.1428571 67917255.8571429 0.377142857142857 3231 0.00444654049829774 0.0737316492663712 0.118128571428571 451698.39382877
0.47 2 70837717.6 70847252.6 0.344 2161 0.00586499877788061 0.0897173563077257 0.14472 486318.3066236
0.48 2 75184314.5 75189093 0.295 615 0.00626663346341463 0 0.1121 670826.062096125
0.49 2 78144456.4545455 78149564.0909091 0.272727272727273 3327 0.00496025593327322 0.116213881841734 0.185390909090909 321067.907219176
0.5 2 82396735 82401332.7777778 0.233333333333333 2319 0.0235192701595515 0.0696812742846862 0.141777777777778 1990659.2298053
0.51 2 87725854.6666667 87758966.3333333 0.168333333333333 3050 0.00344113668852459 0.495890692771372 0.0970166666666667 425634.49849471
0.52 2 93432392.25 93440834.75 0.125 3024 0.00183151691468254 0.373850511143603 0.163241666666667 134635.987398175
0.53 2 102889790.142857 102894848.428571 0.112142857142857 5894 0.0041576136543943 0.0442832528234888 0.133728571428571 373079.315211111
0.54 2 117645746.896552 117651635.137931 0.0903448275862069 11806 0.00480854951236659 0.125363442773295 0.120748275862069 477875.097896329
0.55 2 167448658.287356 167459318.735632 0.000114942528735632 34231 0.000848010129999124 0.190265094920984 0.129533333333333 78559.8679361
0.56 2 312437952.358974 312462280.452991 0.000256410256410256 49902 0.000290011067692678 0.245443606330216 0.112908547008547 30822.5807922999
0.57 2 470242227.397849 470253733.580645 0.0123655913978495 39006 0.000267628549248833 0.266942278150779 0.12204623655914 26314.1468473695
0.58 2 528183960.076923 528193396.076923 0.0407692307692308 3880 0 Inf 0.132684615384615 0
0.59 2 543577091.230769 543582769.538462 0.0561538461538462 9581 0.00197166193267926 0.102072399717025 0.113957692307692 207620.413444912
0.6 2 562551759.230769 562558892.423077 0.0738461538461539 8812 0.000556427309350885 0.265759498961242 0.140803846153846 47421.4866610604
0.61 2 578883866.6 578897290.266667 0.072 3549 0.000312471112989574 0 0.12606 29744.9893374178
0.62 2 589484475 589490421.526316 0.0842105263157895 6675 0.00163781669752809 0.548590562043841 0.150531578947368 130562.640130207
0.63 2 600046532.692308 600053862.538462 0.119230769230769 4874 0.000190515346737792 0.467052208563732 0.132930769230769 17198.3068636628
0.64 2 607634762.636364 607646547.363636 0.162727272727273 3123 0.00278060710854947 0.0487098609416392 0.1273 262115.359800422
0.65 2 612341067.4 612356476.2 0.196 1064 0.000908067669172932 0.81850118093448 0.1324 82302.2056652204
0.66 2 617346095.4 617352734.8 0.238 2199 0.00919438535243292 0.0818284896518487 0.11852 930919.880435328
0.67 2 621331055.4 621336610.3 0.282 2770 0.00853932806498195 0.0607933645980179 0.13564 755469.896636563
0.68 2 625306277.545455 625318689.181818 0.337272727272727 3961 0.003681171009846 0.0497084475695125 0.129390909090909 341399.967188697
0.69 2 627870880.6 627886410.8 0.352 2419 0.000413394940057875 0.866816911312089 0.17742 27960.4288169006
0.7 2 632151388.666667 632158408.666667 0.37 3214 0.0101480648288737 0.168201006364005 0.173533333333333 701748.62435546
0.71 2 635466882.428571 635476435.285714 0.405714285714286 2036 0 Inf 0.198042857142857 0
0.72 2 637248158 637249412 0.42 159 0 NA 0.3895 0
0.73 2 640521724.5 640545188.5 0.43 947 0 NA 0.2573 0
0.74 2 642440685 642448322.666667 0.436666666666667 1416 0 NA 0.1588 0
0.75 2 643622253.333333 643629526.666667 0.43 935 0 NA 0.185633333333333 0
0.76 2 645883697 645894852 0.425 1092 0.000894610137362637 0.88352671212388 0.0977 109880.467229802
0.77 2 647416641.166667 647422677 0.43 1858 0.0159919650376749 0.0800219266059413 0.170483333333333 1125644.22984905
0.78 2 649507246.5 649517184.75 0.4375 851 0 Inf 0.172325 0
0.8 2 651673112.25 651677415 0.44 2155 0.000971065614849188 0 0.132025 88261.9759756884
0.81 2 654718182.5 654733039 0.443333333333333 2396 0 Inf 0.134566666666667 0
0.82 2 657355527.125 657375182.25 0.43125 3201 0 Inf 0.1360375 0
0.83 2 663725330.6 663730695.4 0.402 2016 0.000431044583333333 0 0.14882 34756.9883080231
0.84 2 665983492 665987945.25 0.41 906 0 NA 0.1621 0
0.85 2 668265548.666667 668270261 0.44 792 0 NA 0.2107 0
0.86 2 669976835 669987694 0.475 1102 0.00266172577132486 0.196088017619397 0.16075 198698.035806522
0.87 2 672408814.4 672423432.4 0.548 1792 0.00348600544642857 0.0909402351791261 0.10432 400997.559021692
0.88 2 673669239.2 673674381 0.57 2218 0.000429207430117223 0 0.14948 34456.0420217198
0.9 2 676738290.666667 676746001.666667 0.613333333333333 1215 0.00158864925102881 0.295422821708764 0.118433333333333 160966.431289156
0.91 2 678270076.75 678273442 0.6275 997 0 Inf 0.15565 0
0.92 2 679249943 679253472 0.63 533 0.00184904833020638 0.873375275974834 0.16875 131487.88125912
0.93 2 680394702 680399444 0.63 351 0.0224527893447293 0.0699898813706617 0.1117 2412117.02897719
0.94 2 682043270 682050434 0.63 209 0 NA 0.2412 0
0.95 2 684033000 684037149 0.63 746 0.00142959 0 0.058 295777.24137931
0.96 2 684359143 684364019 0.63 1434 0.00419685055090656 0.176392903306291 0.173533333333333 290216.326993154
0.97 2 685589054 685597798.666667 0.63 3087 0.00272469732426304 0.301562538490618 0.130933333333333 249717.677376449
0.98 2 687352118.2 687356197.8 0.64 1025 0.00451940229268293 0.123452513097809 0.18852 287676.785021192
0.99 2 688322921.4 688328700 0.64 2197 0.000473212762858443 0 0.13264 42811.7698605347
1 2 689305308 689316868.666667 0.64 1300 0.0115657596923077 0.0190908713861731 0.139433333333333 995379.748800088
1.02 2 691018477.333333 691024286.333333 0.643333333333333 928 0.00610274767241379 0.20329372235991 0.1687 434101.790568853
1.03 2 692244451 692265069 0.65 3292 0.00213686148238153 0.230701688580418 0.11646 220181.502563785
1.04 2 694110187.833333 694114938.666667 0.65 2307 0.0126493928695275 0.0491734190922438 0.151033333333333 1005027.9040013
1.05 2 695645682.875 695663255 0.6525 2086 0.00554050025886865 0.0488306289208005 0.1223625 543352.768261712
1.06 2 698313249.545455 698317011.636364 0.66 2843 0.00299756612733028 0.151300454624901 0.223981818181818 160596.935143923
1.07 2 701338975.571429 701344366.785714 0.663571428571429 7651 0.00246901271141027 0.222564732679576 0.140807142857143 210416.545181822
1.08 2 704919124.666667 704923938.666667 0.67 1539 0.0120378424691358 0.0618849179449993 0.114433333333333 1262342.93297084
1.09 2 706965478 706967453 0.67 85 0 NA 0.0756 0
1.1 2 707793567.4 707800022.6 0.674 1916 0.00158424082985386 0.282033856676602 0.12006 158344.910530121
1.11 2 709003434.666667 709007598 0.68 805 0 NA 0.115966666666667 0
1.12 2 709558335.5 709564212 0.69 1501 0.00050189690206529 1.12699150093134 0.1134 53110.7832873322
1.13 2 710818823.6 710824785.6 0.696 1503 0.0209271710578842 0.0503875614870812 0.16056 1564063.60671781
1.14 2 712080326.5 712086373.5 0.7075 2331 0.00166184633547834 0.0744114897776442 0.149075 133772.638106591
1.15 2 713159346 713164457 0.73 726 0.00141343 0 0.1586 106943.001261034
1.16 2 714764577.75 714769367 0.7925 1585 0.00229614232176656 0.295757630055785 0.12315 223741.030135597
1.17 2 716092843.5 716096770.5 0.815 606 0.013359976369637 0.0785891293398762 0.13215 1213164.71006919
1.18 2 716746405 716823436 0.83 547 0.00125944877513711 0 0.18225 82926.6683217851
1.19 2 718367147 718395208.666667 0.816666666666667 1713 0.00317845106830123 0.0399770992882918 0.1492 255639.496110018
1.2 2 720381018 720405685.5 0.76 1130 0.00728045869026549 0.0268908506678841 0.117225 745280.480129544
1.21 2 721779921.2 721788816.4 0.76 2914 0.00522140486101579 0.154987422189325 0.12062 519456.626862788
1.22 2 723107600.333333 723113184.333333 0.75 1655 0.005098013836858 0.0762545093534383 0.124666666666667 490717.909430182
1.23 2 724588700.5 724592401 0.75 412 0.00455339805825243 0.11418079424307 0.14805 369069.751428768
1.24 2 725750423.6 725754297 0.74 799 0.00363090863579474 0.272905870057385 0.1721 253172.014117007
1.26 2 727904782 727910434.333333 0.733333333333333 1071 0.0111319454715219 0.0596595987879399 0.1889 707164.349699647
1.27 2 729270382.333333 729275023.666667 0.73 1471 0.00462394573555404 0.126066374061759 0.181833333333333 305154.988964153
1.28 2 730539874 730544480 0.725 511 0.0401898191780822 0.0966631227536395 0.07235 6665899.51813388
1.29 2 731843302.4 731847258 0.72 1819 0.00281033361737218 0.0424251904615317 0.15306 220331.918257325
1.3 2 733221850 733226930.888889 0.714444444444444 3506 0.0122784766799772 0.0198779724632183 0.148233333333333 993985.069663095
1.31 2 735019917.4 735054066.2 0.702 1943 0.00519777035512095 0.127649431179555 0.18644 334548.617579121
1.32 2 736954455 736960210.666667 0.693333333333333 1718 0.000416902945285215 1.10091123460616 0.221233333333333 22613.3886247819
1.33 2 738051356.4 738106516.4 0.688 1606 0.0287701527895392 0.100418381956987 0.23294 1482106.26545235
1.35 2 740674106 740677453 0.67 105 0.0205656 0.2591599564321 0.1645 1500226.13981763
1.36 2 742701959.888889 742705949.666667 0.664444444444445 2075 0.00436352391807229 0.0626624103359688 0.193466666666667 270652.758529639
1.37 2 744394280.8 744401497.4 0.66 1866 0.0122871166130761 0 0.15384 958433.433157262
1.38 2 745576361.25 745580996.75 0.66 1071 0 NA 0.13935 0
1.39 2 746953611.666667 746958594 0.656666666666667 1371 0.0187865900802334 0.0450886348119488 0.0908666666666667 2480987.68484374
1.4 2 748489801 748500976.5 0.65 1145 0.000881680689956332 0.28287602838402 0.186325 56783.4068400697
1.41 2 750374303 750378521.25 0.635 2746 0.01418798701748 0.146056244326399 0.1717 991589.075187884
1.42 2 751805937 751809866.5 0.6225 1008 0 NA 0.204425 0
1.43 2 753566528 753594585.666667 0.616666666666667 1342 0.0128253692026826 0.151284122400646 0.161266666666667 954347.439637396
1.44 2 754835510.6 754840245.2 0.61 2040 0.0191994290441177 0.0363489318172573 0.14606 1577387.02265789
1.45 2 756514760.5 756519825.5 0.6 1410 0.00846732638297872 0.0478627490426236 0.1299 782201.051545379
1.46 2 758047236.666667 758091431.333333 0.593333333333333 1498 0.0399622882309746 0.0530732472645413 0.144333333333333 3322499.71435355
1.47 2 759279572 759283062 0.59 338 0 NA 0.2075 0
1.48 2 761498354 761503240.75 0.575 1716 0.0251162013811189 0.0676128645375064 0.259675 1160660.11966276
1.49 2 764119940 764131457 0.56 2021 0.0028486064670955 0.123559462524387 0.1195 286052.532260636
1.5 2 767126061.333333 767129851.333333 0.543333333333333 1160 0.0157587960603448 0.0985224484452031 0.204 926988.003549696
0 3 538526.5 544433.25 1.26 1626 0.0188837036900369 0.0188589078130983 0.19325 1172597.3830812
0.01 3 1741945.66666667 1748159.66666667 1.26 2224 0.0135077606115108 0.0772704026032251 0.2006 808041.512154185
0.03 3 3809560.66666667 3814405.66666667 1.26 819 0.0282523236996337 0.0989291619143859 0.165033333333333 2054299.44089439
0.04 3 4992532 5000834 1.26 1018 0.0137154 0.12287428729749 0.0854 1927222.4824356
0.05 3 7187668 7268427.5 1.24 433 0.0258855755196305 0.0260158927178379 0.1264 2457491.34680036
0.06 3 7634858.33333333 7642084.33333333 1.23333333333333 2231 0.00738404603316898 0.0344043559768126 0.148566666666667 596422.834180129
0.07 3 8867275 8871458.5 1.225 311 0.0130842762057878 0 0.31355 500753.673957753
0.08 3 10190962.5 10197977 1.21 1039 0.0113819776900866 0.106785571403503 0.28225 483910.477523612
0.09 3 11561670.3333333 11567480 1.19333333333333 1861 0.0125614854862977 0.0369241093869829 0.1048 1438338.03278218
0.1 3 12496736 12499940 1.18 108 0 Inf 0.2351 0
0.11 3 13790763 13796275 1.16 409 0.00496894 0 0.2763 215806.297502714
0.12 3 14422343.5 14426230 1.145 467 0.00430731376873662 0 0.16025 322544.556785269
0.13 3 15330533.8571429 15335099.8571429 1.13285714285714 1123 0.0233599250222618 0.0548307591254284 0.170242857142857 1646583.62160778
0.15 3 17376885.6666667 17381395 1.13 1013 0.00359783058242843 0 0.1161 371868.79404945
0.16 3 17712449.5 17717382 1.125 457 0.0183219912472648 0 0.1343 1637110.16356796
0.17 3 18820168.5 18823837 1.115 519 0.00380926809248555 0.145000106575073 0.1309 349207.158974993
0.18 3 19885742 19888789 1.1 79 0 NA 0.3817 0
0.2 3 21178252 21186063 1.09 411 0 NA 0.1362 0
0.23 3 23653661 23657574 1.04 203 0 NA 0.1747 0
0.24 3 24616004.5 24620553.5 1.02 759 0.0140972229249012 0.0538371664825416 0.1271 1330973.05349185
0.25 3 24997895.6666667 25002723.6666667 1.01 655 0.0112041889160305 0.0776185107670758 0.128766666666667 1044138.75479446
0.27 3 26447311.75 26451026.25 0.97 1040 0.000694328461538462 0.396902485744388 0.1507 55288.2650196519
0.28 3 26934253 26955710 0.96 650 0.0272109 0.0319530408770015 0.0897 3640254.18060201
0.29 3 27908508.5 27916358 0.985 1348 0.0240878471810089 0.0782001771581752 0.1126 2567088.50952138
0.3 3 28662219 28675056.5 1 2111 0.00139058108953103 0 0.1245 134031.912243955
0.31 3 28804800 28808275 1 279 0 NA 0.1507 0
0.33 3 30433047.6 30439285 1.018 1913 0.0186228068583377 0.0479920096693897 0.09692 2305754.04766872
0.35 3 32419874 32424406.6666667 0.983333333333333 841 0.00123826284185493 0 0.1761 84379.069291648
0.36 3 32951283.6 32956006.4 0.968 1088 0.0137418256801471 0.0959655927375338 0.1658 994583.282037182
0.37 3 34124097.3333333 34127382.3333333 0.92 819 0.0207771890598291 0.101314566012291 0.161066666666667 1547969.38359654
0.38 3 35136521.75 35142567.75 0.8675 992 0.000964655241935484 0 0.214125 54061.2394779956
0.39 3 36897867.4 36903510 0.754 1246 0.00160225633226324 0.281230588451011 0.22326 86119.6631154659
0.4 3 38062010.5 38070086 0.725 892 0.00110448874439462 0.874511076873869 0.1008 131486.755285074
0.41 3 39571266.3333333 39575876 0.69 1507 0.00990372355673524 0.097728694054425 0.1216 977341.140467293
0.42 3 43376658.6 43381472.8 0.586 1495 0.0076816434916388 0.0889403629937741 0.1389 663640.90640508
0.43 3 46028365.6363636 46034312.2727273 0.509090909090909 4225 0.00158490737751479 0.171945487230884 0.113590909090909 167433.192342499
0.44 3 49391071 49395952.8 0.402 1654 0 NA 0.10192 0
0.45 3 52119283.7142857 52125807.8571429 0.317142857142857 2879 0.000267001458839875 0.389698614747133 0.145657142857143 21996.9817012059
0.46 3 56951066.9166667 56955999.75 0.185833333333333 4473 0.000197352935390119 0 0.164091666666667 14432.3918014205
0.47 3 76983301.2 76998763.0285714 0.00828571428571429 12802 7.33392938603343e-05 1.14836295349899 0.11876 7410.50460023587
0.48 3 104741880.208333 104746747.666667 0.0366666666666667 8355 0.00107884735368043 0.158692855833844 0.143854166666667 89995.0869978173
0.49 3 128611407.36 128626154.52 0.0592 8576 0.000220608626399254 1.03226590935848 0.129912 20377.6673193473
0.5 3 155592719.04 155602126.04 0.0424 7576 0.000789623466209081 0.320399541881284 0.12728 74445.9584735149
0.51 3 193002994.682927 193010234.390244 0.00195121951219512 15802 0.00033796185862549 0.217075092421256 0.131482926829268 30844.6305638757
0.52 3 321969158.005747 321980857.54023 0.00413793103448276 69160 0.000425303829757085 0.384816999760131 0.117598850574713 43398.7741558969
0.53 3 451552141.721311 451564543.721311 0.0149180327868852 24607 6.75929251838908e-05 0.520183203445674 0.12735737704918 6368.81130092267
0.54 3 480395808.923077 480400828.846154 0.0830769230769231 5838 0.000165802973621103 2.38108500519692 0.125315384615385 15877.0265084354
0.55 3 487558534.454545 487565063.545455 0.115454545454545 4349 0.000938306647045298 0 0.140554545454545 80108.9692839915
0.56 3 494167315.111111 494176510.666667 0.148888888888889 3504 0.000274283490296804 0.300613309262037 0.110911111111111 29676.033812918
0.57 3 502458808.666667 502464837 0.18 1348 0 Inf 0.0891333333333333 0
0.58 3 506895347.666667 506899942 0.18 4558 0.00106898106625713 0.11660193936244 0.143475 89407.7211715321
0.59 3 511259126.428571 511276588.285714 0.18 4752 0.000424528525462963 0 0.126028571428571 40422.1221252425
0.6 3 514868043.25 514876285.25 0.18 2724 0.000766665594713656 0.13581148562035 0.1535 59934.7696193086
0.61 3 521576366.625 521581727.625 0.17875 3117 0.000310934359961501 0.594209407847274 0.1361125 27412.7087485574
0.62 3 528253400 528259862.777778 0.177777777777778 2757 0.000276019782372144 0.775915190300212 0.1605 20636.9930745528
0.63 3 534004687.9375 534010838.3125 0.164375 6993 0.00154058533104533 0.260421803460756 0.135225 136713.063209791
0.64 3 540035193.5 540040654.833333 0.2 4913 0.000202639684510482 1.71117757741637 0.134741666666667 18046.9506892878
0.65 3 544123130 544129024.25 0.219375 6329 0.0011004970943277 0.329844697754628 0.119475 110533.292587842
0.66 3 549518186 549522395.428571 0.24 1780 0.00208747155617978 0.233364164765569 0.218642857142857 114568.840718132
0.67 3 552472191.666667 552483270 0.256666666666667 3748 0.000268311045891142 0 0.133988888888889 24029.8473805816
0.68 3 555289269.666667 555295450.666667 0.268333333333333 2000 0.00052365862 0.54467407602304 0.178133333333333 35276.4040419162
0.69 3 558708995.823529 558718266.294118 0.283529411764706 7992 0.00269476204704705 0.12637320235107 0.154088235294118 209861.216872532
0.7 3 562898464.75 562918805.75 0.2825 1253 0.00226835893056664 0.203602534093244 0.11255 241850.796684138
0.71 3 567279923.071429 567288888.928571 0.275714285714286 5717 0.00155442193108274 0.256010908175319 0.125171428571429 149020.134913204
0.72 3 570582209 570589062.4 0.306 1686 0.00120736652431791 0.141968569123286 0.1019 142182.515130667
0.73 3 572871581.2 572909988.2 0.346 1505 0.0012694413820598 0 0.15478 98419.0243230237
0.74 3 574900909.2 574905349.4 0.386 1298 0 NA 0.12598 0
0.75 3 577713922 577724744 0.42 32 0.030303 0 0.1705 2132762.46334311
0.76 3 580046636.7 580065443.5 0.448 3409 0.00272950574361983 0.123537368717293 0.129 253907.511034403
0.77 3 584704183 584708676.25 0.495 1624 0.0012229624137931 0.574653675479193 0.116425 126051.526437769
0.78 3 587236964 587248080.5 0.515 2073 0.00139667195176073 0.199503062990043 0.0948 176793.917944397
0.79 3 588556425 588560462 0.53 75 0 NA 0.0831 0
0.8 3 590088193.571429 590093577.428571 0.544285714285714 3155 0.000321759270998415 1.3439173383651 0.172285714285714 22411.0935023772
0.81 3 591990994 592047518 0.58 155 0 NA 0.2894 0
0.82 3 592711565.25 592717445.75 0.59 1749 0 NA 0.127475 0
0.83 3 594137175 594139890 0.6 173 0 NA 0.1626 0
0.84 3 594831096 594833921 0.61 507 0 NA 0.1159 0
0.85 3 596434314 596438747.25 0.62 1415 0.000725273215547703 0.276117134266741 0.111275 78214.1414205566
0.86 3 597724772.75 597757170.25 0.62 1403 0.00148430046329294 0.41192885739173 0.124825 142692.614135913
0.87 3 598572380.8 598577918.4 0.62 1911 0.000527468345892203 0.565617051434383 0.11552 54792.4182020987
0.88 3 600276802.25 600282481.25 0.62 1641 0 NA 0.13385 0
0.89 3 602207129.5 602245091 0.616666666666667 1641 0 NA 0.1033 0
0.9 3 604722038.5 604725664 0.6225 1512 0 NA 0.148 0
0.91 3 607372601.833333 607377286.166667 0.64 1437 0.0033546928670842 0.0598393984235028 0.1291 311822.729705735
0.92 3 608934293.5 608941534.5 0.65 874 0.00204459659038902 0 0.1983 123727.478994797
0.93 3 611363513.2 611405171.2 0.668 1538 0.00193752514954486 0.192065358081111 0.16796 138427.612494275
0.94 3 612618633 612624876.4 0.676 1748 0.000523087568649886 0 0.1478 42469.8973193412
0.95 3 614240170.4 614264639.4 0.688 1873 0.000387406513614522 0 0.1593 29183.164867384
0.96 3 615238982.5 615246542 0.6975 1600 0 NA 0.1679 0
0.97 3 616245303.5 616249141 0.71 1642 0 Inf 0.13865 0
0.98 3 617715834.666667 617720249 0.726666666666667 741 0 Inf 0.162466666666667 0
0.99 3 619189677.75 619198816.75 0.7725 790 0.00247332984810127 0 0.128025 231829.394080962
1 3 620083806.75 620101138.5 0.7975 1835 0.00214349982016349 0 0.139025 185017.067735744
1.01 3 621487271.090909 621492470 0.819090909090909 3521 0.0130037992274922 0.0437962887191598 0.119645454545455 1304233.33943391
1.02 3 622848565.2 622852318.2 0.826 1445 0 NA 0.16966 0
1.03 3 623632237.75 623643240.25 0.8175 1059 0 NA 0.148975 0
1.04 3 624965297.75 624969668 0.8 1601 0 Inf 0.188225 0
1.05 3 625919791.5 625926533 0.79 1049 0 NA 0.10515 0
1.06 3 626958872.5 626964272.625 0.82 2241 0.00220222460954931 0.461579170273716 0.1422875 185727.455430672
1.07 3 628211958.2 628219173.6 0.838 3607 0.0027230911117272 0.146015217335999 0.10132 322513.751882416
1.08 3 629135293.666667 629140453 0.84 773 0.00266720635187581 0.135913612069387 0.112833333333333 283661.532252671
1.09 3 630488290 630492867 0.824444444444444 2609 0.0108043815408202 0.131578601319994 0.134266666666667 965634.894412931
1.1 3 632060872.666667 632067093.833333 0.778333333333333 1858 0.00109633078579117 0.417315003083482 0.13215 99553.306314749
1.11 3 633126425.166667 633130828.666667 0.76 1902 0.00397786498422713 0 0.143216666666667 333301.849021708
1.12 3 634794501 634799575.8 0.742 1885 0.00368775254111406 0.164843319046733 0.14024 315552.128446725
1.13 3 636216173.8 636221630.4 0.732 1904 0.00106703991596639 0.140036334121529 0.14596 87725.9454069378
1.14 3 637665719 637670335.333333 0.72 1089 0 NA 0.166 0
1.15 3 638729232.333333 638747448.666667 0.713333333333333 2010 0.00044250447761194 0.321160409878642 0.102266666666667 51923.6023273463
1.16 3 640320467.6 640327455.6 0.71 1605 0.0012227474517134 0.287763517046841 0.1616 90798.0780975294
1.17 3 641684267 641689360.25 0.71 3413 0 NA 0.1436375 0
1.18 3 642702230 642707568.5 0.71 1515 0.0046007197359736 0.282836687455302 0.15575 354469.578373568
1.19 3 644863448.2 644868885.6 0.714 2133 0 NA 0.14262 0
1.2 3 646173793.333333 646179565.333333 0.72 1263 0.00239896040380048 0.0942355543102286 0.159 181053.615381168
1.21 3 648069022 648073715.666667 0.736666666666667 1590 0.00305789932075472 0.120424193167903 0.118533333333333 309573.609525224
1.22 3 649667147 649683754 0.756666666666667 1760 0.00225120332954545 0.0542207040756733 0.0953666666666667 283269.2060945
1.23 3 650459382 650464101 0.765 805 0 NA 0.1245 0
1.24 3 652156128.777778 652160465.333333 0.79 2600 0.0313235390615385 0.0158766255314566 0.288355555555556 1303538.15453381
1.25 3 653413038 653418251.6 0.8 1627 0.00240887856177013 0.074051671915968 0.13786 209680.420290451
1.26 3 654561895 654566947.166667 0.8 2695 0.00259882951391466 0.336882384330823 0.153716666666667 202879.458963304
1.27 3 655276795.5 655281181.5 0.8 939 0.00973906485623003 0.124520771331434 0.16215 720744.855225164
1.28 3 656335494 656341387 0.79 753 0.00260586 0 0.1079 289808.341056534
1.29 3 657618332.8 657624310.4 0.794 2203 0.00775737727644122 0.118189129996504 0.19036 489013.066386292
1.3 3 659169793 659174471 0.83 256 0 Inf 0.1056 0
1.31 3 659762700 659768498.5 0.84 1981 0.00294508108026249 0.248237302956079 0.1014 348530.305356508
1.32 3 661637875 661648916 0.84 359 0.00537634 0.149577965679254 0.1025 629425.170731707
1.33 3 662776892.5 662797976 0.835 703 0.00807393641536273 0.102499661159674 0.1854 522584.881253251
1.35 3 664700547 664705465 0.785 594 0 Inf 0.12185 0
1.36 3 666311394.333333 666314668 0.76 829 0.0033939725814234 0.20648424786626 0.2114 192656.910960647
1.37 3 667678838.5 667713023.5 0.755 741 0.00644921933873144 0.242220939134558 0.1618 478310.457755113
1.39 3 670304546.5 670362096.5 0.725 620 0 Inf 0.1137 0
1.4 3 671534398 671538054.666667 0.703333333333333 359 0.0468043389972145 0.0338383990385102 0.103033333333333 5451168.56648244
1.41 3 672958591.2 672961829.8 0.672 1699 0.0149229879635079 0.045278592199905 0.17954 997414.813200932
1.42 3 674481335.75 674486404.5 0.66 2052 0.00576839817738791 0.241478587963379 0.171625 403325.728353416
1.43 3 676118507.75 676123834.75 0.66 1412 0.0066896164305949 0.198046511641694 0.142625 562842.399068458
1.44 3 677159774 677165242 0.66 280 0.0214095 0.238368014199304 0.2948 871485.753052917
1.45 3 679683086.333333 679687659.833333 0.696666666666667 1935 0.0287729185633075 0.0418342760191616 0.1655 2086253.91395583
1.46 3 681961756.333333 681967159.222222 0.69 2703 0.0228081028486866 0.0371026571775755 0.3024 905083.446376454
1.47 3 683314554.5 683316980 0.69 229 0.0201544978165939 0.0596332046332046 0.306 790372.463395839
1.48 3 684549137.75 684553845.5 0.69 795 0.0192807238993711 0.071421395194751 0.169825 1362394.74042369
1.49 3 686588650 686594131.75 0.69 887 0.00105364148816234 0 0.15765 80201.0647507018
1.5 3 687422316.333333 687428343.5 0.696666666666667 2729 0.0111562399945035 0.0914946627214661 0.12 1115623.99945035
1.51 3 688375271.5 688379225 0.7 714 0.00281030571428571 0.427505599289147 0.13555 248791.357959635
1.52 3 689694021.333333 689726890 0.7 2736 0.00207536560672515 0.101687034534516 0.1463 170228.211077934
1.53 3 690644844.428571 690649061.285714 0.7 1654 0.00944761631197098 0.01808557363226 0.169385714285714 669309.074981498
1.54 3 692263935 692266932 0.71 121 0 Inf 0.3429 0
1.55 3 692797735 692801414 0.71 42 0 NA 0.0953 0
1.56 3 693410958.333333 693414886 0.71 970 0.0238659327835052 0.0873805265485874 0.166266666666667 1722481.11508858
1.57 3 694406518 694410988.333333 0.71 1361 0.0143719177736958 0.145059789988876 0.168366666666667 1024329.91457741
1.58 3 695690157.4 695695815.2 NA 2166 0.0103938597645429 0.125741511633876 0.12842 971237.479944831
1.59 3 696630615 696638810 NA 436 0.00925926 0.0705882543529397 0.1113 998302.964959569
1.62 3 699042949.5 699059082 NA 581 0.0215323351118761 0.0463810425703513 0.26555 973029.64165887
1.63 3 699431624 699441105 NA 919 0.00318979 0.0981221334319814 0.1596 239833.834586466
0 4 369520 374029 1.63 493 0.0209424 0.219414202765681 0.1996 1259062.1242485
0.01 4 419978 422167 1.63 156 0 NA 0.1993 0
0.02 4 1100187 1104779 1.62 363 0 NA 0.2731 0
0.03 4 2028541.2 2035066.6 1.606 1570 0.00176374018471338 0 0.25438 83201.8327563508
0.05 4 3363625 3369448 1.585 2307 0.00517176800173385 0.270243492913752 0.11675 531573.584760653
0.06 4 3953653.66666667 3958297 1.57333333333333 664 0.0192585743072289 0.179982223439837 0.172666666666667 1338433.73563753
0.07 4 4479807.33333333 4484785.66666667 1.56666666666667 736 0.0227865566576087 0.0682863472304898 0.151333333333333 1806863.52351082
0.08 4 5397633.25 5402801 1.55 1844 0.0192086221800434 0.0163736984718424 0.1551 1486160.32340761
0.09 4 6010333.5 6014623 1.54 563 0.00522921037300178 0.293572843087639 0.20205 310569.287186445
0.1 4 6265338.6 6271145.4 1.538 1501 0.000646207175216522 0.281315056687515 0.1022 75875.5978727815
0.11 4 7065106 7081674 1.52 207 0.00935673 0.148902447756855 0.1416 792943.220338983
0.12 4 7622850.8 7629220.8 1.51 2009 0.0154754690044798 0.0462305717379512 0.14222 1305763.09980142
0.13 4 7978547.5 7985705.5 1.5 891 0.0287883148148148 0.201293264232626 0.1242 2781479.69225264
0.14 4 8781684.8 8790993 1.488 3712 0.00507515755118535 0.147402837364034 0.15972 381304.098511296
0.15 4 9591255.66666667 9596853 1.475 1602 0.00938511191011236 0 0.122733333333333 917610.072688878
0.16 4 10314792 10329131.75 1.4575 2780 0.0116392803453237 0.0855491844396758 0.14235 981182.747761748
0.17 4 11218969 11302463 1.44 697 0.00405611 0.231434058741011 0.1268 383858.990536278
0.18 4 11611676 11616913.25 1.4325 1868 0.00595126662740899 0.129114700022751 0.151 472948.341251046
0.19 4 12282924 12286833 1.42 213 0.0487265 0 0.1248 4685240.38461538
0.21 4 13831453 13835539 1.38857142857143 2419 0.0136584177718065 0.0606299341903567 0.1807 907033.83099988
0.22 4 15133569.25 15138247.625 1.3725 2928 0.00872117535860656 0.0554663876930144 0.15915 657581.553900589
0.23 4 15640228.5 15646097 1.3675 610 0.00808131965573771 0.116785587520269 0.094375 1027558.52576268
0.24 4 16464203 16474102 1.35 514 0.00370885 0.152008574086307 0.1265 351827.66798419
0.25 4 17570576.6666667 17575592.6666667 1.32666666666667 930 0.0114984628387097 0.0812913208808488 0.141333333333333 976284.580645161
0.26 4 18585057.2 18590567.8 1.302 1750 0.0218162383428571 0.10078339628177 0.1276 2051683.85669503
0.27 4 19454532.375 19463621 1.275 5282 0.00314121096365013 0 0.148525 253792.5033752
0.28 4 20024075.1666667 20028075.5 1.27 1481 0.00635843222147198 0 0.15615 488640.324416674
0.3 4 21594594 21601051.1666667 1.25 3169 0.0297323117071631 0.0122007434512763 0.11545 3090409.18567309
0.31 4 22320174.6666667 22324947.3333333 1.23 1906 0.0271666273871983 0.033490458879979 0.163733333333333 1991039.46648848
0.32 4 22825501 22829937 1.21333333333333 662 0 NA 0.177166666666667 0
0.33 4 23322223.6666667 23328863 1.19666666666667 1717 0.000607551688992429 0 0.112833333333333 64614.0644127841
0.34 4 23579997 23584231 1.19 585 0.0257857 0.0192749469667296 0.1168 2649215.75342466
0.35 4 24289724 24315017 1.19 2525 0.000738825 0.156373972185565 0.0804 110272.388059701
0.36 4 24979535 24985488 1.2 777 0.00127065 0 0.1147 132936.355710549
0.37 4 25535830 25543683 1.2 417 0 Inf 0.0944 0
0.39 4 26718512.25 26725273.5 1.1775 2008 0.00455183384462151 0.249074771138058 0.1394 391836.48590716
0.4 4 27422978.75 27429913 1.155 1367 0 NA 0.12785 0
0.41 4 28425448 28427524 1.11 125 0 NA 0.1225 0
0.42 4 29128117 29134383.3333333 1.07333333333333 969 0.0325718082559339 0.0605919627824808 0.0777666666666667 5026082.7141604
0.43 4 30736585.7777778 30744510.7777778 0.956666666666667 3328 0.0144340626171875 0.0944330734168121 0.124077777777778 1395969.16150824
0.44 4 32936990.3333333 32941898.6666667 0.903333333333333 1409 0.000664725337118524 0 0.116133333333333 68685.7409192504
0.45 4 34925273.4444444 34931240.6666667 0.813333333333333 3408 0.0036710503286385 0.114219455038977 0.134977777777778 326369.308110765
0.46 4 36823923.8333333 36829250.5 0.635 1842 0.00212764669381107 0 0.120866666666667 211239.053991171
0.47 4 38810270 38818835.5 0.505 1672 0.000602006907894737 0.205975904658218 0.093425 77324.94401645
0.48 4 41884801.5 41897850.1666667 0.335 1403 0 NA 0.13345 0
0.49 4 45346695.5 45350348.25 0.1925 846 0 NA 0.143625 0
0.5 4 50440953.3636364 50452811.5454545 0.0709090909090909 3036 0.0012636693115942 0.204988783748296 0.118081818181818 128419.70061624
0.51 4 57310187.3125 57318176.625 0.05375 7284 0.000263301400329489 0.297893190184158 0.11175 28273.9758743076
0.52 4 89596888.6792453 89603467.4528302 -0.0216981132075472 21699 0.000178588187934928 0.279314472176605 0.15741320754717 13614.2213770528
0.53 4 131345644.627907 131351696.27907 -0.0288372093023256 15108 0.000129446323140058 0.291898086034283 0.124937209302326 12433.0924818551
0.54 4 210295658.892857 210311619.982143 0.0114285714285714 24905 8.17053344709898e-05 0.702126268812703 0.119069642857143 8234.37435542002
0.55 4 363725248.592593 363740611.555556 -0.000864197530864198 36702 8.21459408206637e-05 1.21374309520724 0.105506172839506 9343.06745584895
0.59 4 427814899.818182 427820417.454545 0.0290909090909091 3537 0.000292862765055132 0 0.105809090909091 33214.0948425787
0.6 4 432811331.8 432816143.2 0.03 2147 0 NA 0.14534 0
0.61 4 436436459.4 436441547 0.036 1808 0.00167598224004425 0.141033314076035 0.10176 197639.415099558
0.62 4 438634259 438638896.666667 0.04 1273 0 Inf 0.0679 0
0.63 4 444248259.666667 444253841.833333 0.045 2451 0.000821250962872297 0 0.10165 96950.43339368
0.64 4 447475062.4 447481639.8 0.05 2673 0 NA 0.11196 0
0.65 4 453102318.5 453110177 0.055 791 0.00134491782553729 0.528090014381997 0.20165 80034.7825759858
0.66 4 458948911.583333 458954739.166667 0.0616666666666667 3909 0.000526836224098235 0.517455296749135 0.123975 50994.4318546386
0.67 4 463817088.571429 463827146.571429 0.07 1575 0 NA 0.132242857142857 0
0.68 4 472384854.85 472389342.65 0.058 6744 0.000442361912811388 0.458129115588054 0.151305 35083.7246207109
0.69 4 492277312.527778 492287438.888889 0.0505555555555556 13671 0.000346788084265964 0.284785550012984 0.114269444444444 36417.9333453817
0.7 4 512180309.275862 512186824.137931 0.0962068965517241 10874 0 NA 0.150465517241379 0
0.71 4 521038779.222222 521068992.444444 0.121111111111111 3300 0.000449593063636364 0 0.140688888888889 38347.8525294008
0.72 4 528200501.666667 528208614 0.143333333333333 4637 0.000215385470778521 0 0.112955555555556 22881.7930789693
0.73 4 536221066.1 536225954.2 0.15 3431 0.000290149519090644 0.288611373345937 0.14933 23316.1068043108
0.74 4 542941506.75 542948956.416667 0.118333333333333 4328 0.000229044385397412 0 0.132641666666667 20721.4874016632
0.75 4 551849118.5 551854952.214286 0.110714285714286 6533 0.000141110877085566 0.628532152042437 0.140235714285714 12074.8878675572
0.76 4 559130777.666667 559149973.222222 0.2 4614 0 NA 0.133733333333333 0
0.77 4 564195158.555556 564204272.111111 0.311111111111111 5964 0.000333491620389001 0.145760717497196 0.119833333333333 33395.5447399277
0.78 4 567385619.333333 567390890.666667 0.376666666666667 3676 0.000545201327529924 0.284984162542545 0.156511111111111 41801.6068246711
0.79 4 569391453.428571 569397350 0.44 3211 0.000527278359078169 0.127467982578284 0.127157142857143 49760.0069234538
0.8 4 570866324.333333 570870265.166667 0.48 1006 0.000917571650099404 0 0.154983333333333 71045.4444640898
0.81 4 572873207 572881075.5 0.5 1811 0.000522612109331861 0 0.12325 50883.1262635483
0.82 4 575063332.714286 575067807.571429 0.49 2645 0.000754459848771266 0.143506707912515 0.145014285714286 62431.9055233833
0.83 4 576892182.75 576955838.5 0.495 869 0 Inf 0.166375 0
0.84 4 578804658.666667 578809847.666667 0.506666666666667 875 0 Inf 0.1204 0
0.85 4 580492364 580498849.75 0.52 2035 0.00143687448648649 0.097846873194514 0.103375 166795.587306775
0.86 4 581871901 581914310.25 0.5325 2377 0.000843165161968868 0.142146820523358 0.12595 80333.3222995349
0.87 4 583635496.2 583640658.8 0.55 1323 0.000763197278911564 0 0.13054 70157.5558981061
0.88 4 585971664.25 586008348.25 0.58 1341 0 Inf 0.089475 0
0.89 4 587156962 587163935 0.586 2051 0.000973979058995612 0.28339436303816 0.12852 90941.0886083671
0.9 4 588973926.5 588980922 0.58 1780 0.000570054134831461 0 0.1167 58617.3917564484
0.91 4 591085364.75 591088624.75 0.6025 1219 0.00149353158326497 0.281092719767771 0.154975 115646.904334116
0.92 4 593379833.6 593387274.2 0.642 3478 0.000594832748706153 0.485076148658639 0.12624 56543.0369492541
0.93 4 595767928 595772404 0.71 253 0 NA 0.1251 0
0.94 4 596395997.857143 596400175.571429 0.74 1894 0 NA 0.1652 0
0.95 4 597959841.333333 597963913.333333 0.806666666666667 1624 0.0010812867179803 0 0.126833333333333 102303.079756349
0.96 4 599264460.2 599269109 0.848 2569 0 Inf 0.13607 0
0.97 4 600335187 600339063.5 0.875 393 0.0519071435114504 0 0.10425 5974922.99412378
0.98 4 601491131 601496714 0.8875 1583 0.00361839903979785 0.188693555116099 0.1824 238052.568407753
0.99 4 602480492.5 602485882.5 0.895 858 0 NA 0.11135 0
1 4 603598534.5 603601415 0.89 561 0 NA 0.19365 0
1.01 4 604592552 604598253 0.89 1074 0.000855270856610801 0.233737665080236 0.25995 39481.6321574518
1.02 4 605644071 605649078 0.9 1000 0 Inf 0.094 0
1.03 4 606196642.666667 606203751 0.91 1737 0.00749967679907887 0.264268749988581 0.139633333333333 644517.461844926
1.04 4 607622982 607629967 0.91 80 0 Inf 0.3196 0
1.05 4 608212737.857143 608218077.142857 0.91 3179 0.00856899646681347 0.0410953960132702 0.153714285714286 668955.114509601
1.06 4 609253363 609263215.5 0.9 1818 0.000554919339933993 1.91041147557337 0.128025 52013.5292263848
1.07 4 610930296 610934429 0.89 252 0.0114504 0.0751145811500035 0.1501 915421.718854097
1.08 4 611537615 611542311 0.874 1245 0.00267878457831325 0.391009187526993 0.11382 282423.255489009
1.09 4 613388699.75 613396110 0.8325 1440 0.000617283333333333 0.83129538029538 0.168825 43876.2031689619
1.1 4 613848947.2 613853271.6 0.816 1836 0.00829227838235294 0.11881589225101 0.17244 577054.863072578
1.11 4 615383587 615388493 0.77 697 0.00751494 0.152180855735375 0.1289 699606.516679597
1.12 4 617398008 617406016.666667 0.67 1168 0.00251616764383562 0.220849171455233 0.202633333333333 149008.118404478
1.13 4 618869264.375 618873363.625 0.69625 1937 0.00900825304078472 0 0.149325 723917.873694402
1.14 4 621287706.833333 621297899.666667 0.681666666666667 2357 0.0123606559991515 0.0836158335438998 0.168316666666667 881242.926961982
1.15 4 622003604.5 622008718.5 0.72 1137 0.00251694612137203 0 0.18775 160870.058356668
1.16 4 623262810.714286 623273658.142857 0.81 5070 0.00547525260788955 0.1475717231687 0.124528571428571 527614.109283838
1.17 4 623744831 623750459 0.85 377 0 NA 0.0944 0
1.18 4 624990685.428571 624996131.571429 0.925714285714286 2624 0.00614634869283537 0.10581954133205 0.115642857142857 637792.822974887
1.19 4 626966679.75 626973066 0.9375 1524 0.00865683377296588 0.03236302874512 0.173075 600213.810634641
1.2 4 628189120.333333 628194334 0.97 1867 0.00503396786288163 0.0461862656034239 0.163166666666667 370220.312694052
1.21 4 628801846 628803652 0.98 137 0.0251346 0 0.5544 544038.961038961
1.22 4 629595171.5 629598942.5 0.99 482 0.00836850622406639 0.0706650601692772 0.1624 618362.528871901
1.23 4 630166309 630173377 1 427 0.00463499 0 0.1113 499729.380053908
1.24 4 630517243 630521946 1 232 0.0524194 0.143795808422073 0.1219 5160236.25922888
1.25 4 632029491.25 632043825.75 1 2683 0.00899471981736862 0.0946812986455444 0.156625 689140.54466671
1.26 4 632941184.833333 632945262.166667 1 1824 0.00330139379385965 0.0473037215402051 0.16595 238726.878736462
1.27 4 633940006.333333 633945373 1 1293 0.0104378997679814 0 0.249566666666667 501889.130021814
1.28 4 634929343.75 634933659.5 1 1258 0.0196866537599364 0.127339346915933 0.17085 1382732.48533355
1.29 4 636369292 636373142.666667 1 731 0.0121341880984952 0.161944532364745 0.224466666666667 648694.344439898
1.3 4 638966601.5 638972637.25 1 1308 0.0321028600917431 0.0674376595910017 0.40765 945012.439840347
1.31 4 640915971.666667 640933699.083333 NA 8009 0.00420656650318392 0.0812342728502899 0.14565 346576.024979108
1.32 4 644715710.888889 644725311.555556 NA 3724 0.00602841100161117 0.0512330825366363 0.207811111111111 348109.067087636
0 5 320459 326008.5 NA 820 0.001136212 0 0.15415 88449.8475510866
0.01 5 545628.5 550170 1.45 1124 0.000830138941281139 0.31261285131738 0.1732 57515.4000887625
0.02 5 1070502 1071965 1.44 116 0 NA 0.5257 0
0.03 5 1313687 1319573 1.44 472 0.0217984 0.055096704345273 0.2025 1291757.03703704
0.06 5 2670548 2674877.33333333 1.40666666666667 1206 0.0156025411442786 0.0153429370098429 0.281666666666667 664723.646383467
0.07 5 3141079 3152916 1.39 466 0.00657895 0.0926264829494068 0.1373 574999.27166788
0.08 5 3599882.5 3604590 1.38 751 0.00813059233022636 0 0.23945 407463.386772672
0.09 5 4127905.33333333 4132091.33333333 1.37 562 0.030333424911032 0.0503009927950943 0.1492 2439685.64968086
0.11 5 4729240 4734718 1.35 99 0.0292683 0 0.2099 1673271.08146737
0.12 5 5186742 5190560 1.34 460 0.003996 0 0.2029 236333.169048793
0.13 5 5685205 5702441 1.32 1412 0.00789521 0 0.0819 1156807.32600733
0.14 5 6156428 6159634 1.31 478 0.00802291276150628 0 0.58555 164417.988452011
0.15 5 6794861.5 6802373 1.285 867 0.00220978886966551 0.302738523272472 0.1618 163890.398244661
0.16 5 7512955 7521181 1.26 1798 0.00818422219688543 0.0389921418912151 0.12845 764582.84439568
0.19 5 9267598 9272847 1.22 572 0.00513622937062937 0 0.14855 414909.137984197
0.21 5 10156146 10160096 1.2 495 0 NA 0.1705 0
0.24 5 12058959 12064320 1.15 294 0 NA 0.1126 0
0.26 5 13032905 13036977 1.13 666 0 Inf 0.1002 0
0.27 5 14012962 14017702 1.11 926 0 Inf 0.1005 0
0.29 5 15466011.5 15475324.5 1.075 1041 0 NA 0.099 0
0.3 5 16494534 16500867 1.05 103 0.039916 0.0545412867020744 0.0976 4907704.91803279
0.31 5 17006662.5 17012663.5 1.04 1767 0.00390743706847765 0.0839573733503969 0.120375 389526.436732974
0.33 5 19065506.6666667 19075219 0.993333333333333 329 0.019131376899696 0.0434284899025662 0.121733333333333 1885896.95615843
0.34 5 19926808.4 19940552.6 0.976 889 0.00502695658042745 0 0.1702 354427.020946706
0.35 5 21488062 21493613.5 0.925 711 0 NA 0.1359 0
0.36 5 22940699 22945576 0.89 174 0.0152542 0 0.0971 1885174.04737384
0.37 5 23608568.3333333 23612972.3333333 0.87 1645 0 NA 0.109866666666667 0
0.38 5 24343612 24346589 0.85 397 0 NA 0.1359 0
0.39 5 26354880.5 26478186 0.8 393 0 NA 0.11035 0
0.4 5 27939925 27949761.5 0.765 469 0.00444240358208955 0.267719935396006 0.0786 678229.554517489
0.41 5 28849673.75 28853828.75 0.745 1531 0.0134709136903984 0.0843888986554647 0.08475 1907386.00925995
0.42 5 30452571.5 30458213 0.715 1005 0 NA 0.1557 0
0.43 5 33083955 33091011.6 0.668 1951 0.00395620342901076 0.0375132688894485 0.13276 357595.971287505
0.44 5 35775075.5 35778677 0.6 636 0.0283706171069182 0.0321778437028165 0.16625 2047803.94155199
0.45 5 39101024.5 39109592.5 0.455 1629 0.00484529752608963 0.315634681300679 0.0998 582600.904940636
0.46 5 42671635 42676886.6 0.32 2216 0.00137829742779783 0.0928958437087089 0.12214 135414.844715687
0.47 5 56968652.6 56983249.85 0.0235 7090 0.000257781932299013 0.630416491694716 0.11755 26315.4673550672
0.48 5 197270522.934783 197283423.75 0.00527173913043478 76828 0.000180823575870776 0.39118032857877 0.11595652173913 18712.9009900016
0.49 5 355562417.64 355568188.48 0.03 8609 0.00056593309327448 0.386107962902376 0.118964 57086.1531160163
0.5 5 371183300.3 371189900.9 0.039 4038 0.00071465084200099 0 0.13646 62844.863725721
0.51 5 382210069.714286 382223417.928571 0.04 6274 0.00809314554670067 0.095497129477594 0.114671428571429 846921.920920464
0.52 5 409834399.766234 409847963.831169 0.0451948051948052 30503 0.000779776738353605 0.396554334273113 0.10448961038961 89552.6438021217
0.53 5 444583721.315789 444591916.394737 0.0389473684210526 12109 0.00022376422330498 0.078547851689243 0.121821052631579 22041.9264294199
0.54 5 461510069.454545 461514917 0.100909090909091 4296 0.000902818470670391 0.521358695095175 0.119627272727273 90563.141673753
0.55 5 469662256.3 469668593.1 0.161 3946 0 Inf 0.09239 0
0.56 5 475317360.5 475321960.833333 0.216666666666667 2321 0.000447419663937958 0 0.215083333333333 24962.5848923153
0.57 5 479643677 479650181.25 0.26125 2602 0.0042914048424289 0.203854907447142 0.124925 412222.19819209
0.58 5 483536951.777778 483541424.777778 0.277777777777778 3029 0.000616065222845824 0.308611191262093 0.126644444444444 58374.3148511572
0.59 5 487482284.833333 487488410.166667 0.293333333333333 1198 0.00402690951585977 0.0598476223476224 0.12555 384889.798409536
0.6 5 489630483.333333 489634616.333333 0.303333333333333 977 0.00196955418628454 0 0.2185 108167.735631188
0.61 5 494595185 494601859.75 0.3225 1823 0 NA 0.2284 0
0.62 5 495546144.666667 495552868.166667 0.33 2817 0 NA 0.156466666666667 0
0.63 5 499130524.75 499133803.5 0.35 476 0 NA 0.17975 0
0.64 5 501910677.666667 501915827.333333 0.36 1346 0 NA 0.111166666666667 0
0.65 5 504508301.666667 504517153.333333 0.376666666666667 1336 0.00150475288173653 0.140271289596684 0.1342 134553.163791642
0.66 5 506058249 506059995 0.39 516 0.00548429011627907 0 0.1922 342411.453669869
0.67 5 509319948 509323653 0.41 130 0 NA 0.1103 0
0.68 5 510054574 510061225.333333 0.41 1592 0.0124368756281407 0 0.120733333333333 1236133.41417191
0.69 5 513102937 513106584.4 0.436 1111 0.00089260903690369 0.218249621171419 0.1516 70655.0688841971
0.7 5 515192898.75 515197631 0.45 2175 0.0036852115862069 0.0363380997465957 0.1581625 279601.922291838
0.72 5 519856440.5 519869585.25 0.4875 1962 0.00174490869011213 0.168331144620149 0.10415 201045.648404662
0.73 5 523029559 523034646 0.515 370 0 NA 0.22315 0
0.74 5 525350898 525355659 0.535 537 0 NA 0.09855 0
0.75 5 526962683.5 526968775.833333 0.545 1871 0.000546763436664885 0.277509841476257 0.123566666666667 53098.1486914914
0.76 5 529202099.333333 529209881 0.566666666666667 1560 0 Inf 0.0988333333333333 0
0.77 5 530518772 530523631 0.574 1679 0.000605618820726623 0.27966141966142 0.1282 56688.1891475778
0.78 5 532211141.666667 532226261.666667 0.59 1641 0.000449430383912249 0.383500539365111 0.128366666666667 42013.7466134535
0.79 5 533938933.75 533942363 0.61 1430 0.00567279440559441 0.245575570111596 0.1002 679376.575520288
0.8 5 535693931 535700541.25 0.63 1548 0.00267590010335917 0 0.1188 270292.93973325
0.81 5 537941533.666667 537946186.333333 0.66 547 0.0110704943327239 0.0941176047059162 0.0929 1429988.50368878
0.82 5 538721623 538724968.25 0.6725 1632 0.000640950514705882 0.545640694249246 0.103625 74223.4612928404
0.83 5 540231521.166667 540234856.5 0.688333333333333 1045 0.0129664168421053 0.0416887155287635 0.1669 932276.825076472
0.84 5 542255984.6 542261291.4 0.708 2542 0.00118438262785209 0.286830500026067 0.13644 104167.33754196
0.86 5 544973497 544978217.5 0.735 951 0 NA 0.170775 0
0.87 5 546308846.666667 546317385 0.743333333333333 1236 0.00784750671521036 0.0892230740984323 0.127433333333333 738975.259606521
0.88 5 547405309.8 547408233.8 0.754 1170 0.000619495982905983 0.598350818138208 0.15662 47464.8946167271
0.89 5 548983267 548987326 0.765 1222 0.00080794821603928 0.58090210769289 0.1294 74925.6460005515
0.9 5 549567553.5 549572168.833333 0.77 2144 0.00230449957089552 0.175333407606697 0.13935 198449.90922674
0.91 5 551425067.4 551432990.4 0.776 976 0.00203063486680328 0 0.137 177865.827749192
0.92 5 552541007.833333 552546478.5 0.78 2688 0.00276780624255952 0.117348794040591 0.08915 372559.449363032
0.93 5 553599745.5 553605722.166667 0.79 2598 0.00540922978060046 0.244523364239202 0.1446 448898.736979291
0.94 5 554614151.666667 554629075.5 0.8125 3485 0.00432044227833572 0.074774745383253 0.126983333333333 408284.347079895
0.95 5 556017384.2 556021686.4 0.834 2229 0 NA 0.14714 0
0.96 5 556674011.666667 556679148.666667 0.843333333333333 1256 0 NA 0.1219 0
0.97 5 557941080.333333 557992519.333333 0.853333333333333 928 0.00104910224137931 0 0.135666666666667 92795.284249767
0.98 5 559177707.166667 559182461.166667 0.86 1465 0.0167513520477816 0.0291121551056502 0.164916666666667 1218895.75284515
1 5 561644311 561648315.666667 0.86 839 0 NA 0.1755 0
1.01 5 562407662.4 562411353.6 0.852 1351 0 Inf 0.191 0
1.02 5 563511395.5 563517265.5 0.84 2441 0 NA 0.149925 0
1.03 5 565060812.666667 565064829.333333 0.85 1283 0.000807061371784879 0 0.176266666666667 54943.6637372459
1.04 5 565795021 565801853.4 0.858 3422 0.00806503313559322 0.0735972203060532 0.0966 1001867.47026003
1.05 5 567643598.5 567647174.5 0.86 648 0.019581272345679 0.0226578638321753 0.20245 1160658.27684934
1.06 5 568210931.6 568214951.2 0.87 1843 0.00157169394465545 0.291091701488315 0.15134 124622.223707318
1.07 5 569874787.666667 569878735 0.87 1286 0.00148096460342146 0.304286936310603 0.185466666666667 95820.8585966438
1.08 5 570988396.5 570996029 0.87 868 0.00107210804147465 0 0.2331 55192.1771672924
1.1 5 572518347 572521870.5 0.87 697 0.00137210203730273 0 0.20805 79140.708712486
1.11 5 574091233.5 574095974 0.87 762 0.0251609419947507 0.05945569367612 0.22935 1316465.24498368
1.12 5 575074648 575080916.5 0.87 415 0.0363121325301205 0.0386615373334346 0.2116 2059289.17940192
1.13 5 576535164.5 576539533.75 0.86 1152 0.00993503180555556 0.123264877657454 0.1733 687942.190805924
1.14 5 577772092 577777319 0.85 424 0 NA 0.1288 0
1.15 5 579100412.5 579106775.5 0.845 467 0 Inf 0.0706 0
1.16 5 580618524.75 580628388.5 0.8325 560 0.01362192 0.0379835536085536 0.26215 623547.739843601
1.17 5 581663801.857143 581669569.857143 0.822857142857143 3719 0.0130918671890293 0.0760801715163025 0.157842857142857 995308.936445345
1.18 5 582853700.2 582858637.8 0.812 3531 0.0130148058085528 0.0311074770617034 0.12784 1221665.12595928
1.19 5 584640677 584644182 0.79 428 0 NA 0.0775 0
1.2 5 585451558.333333 585480691.333333 0.781666666666667 2682 0.00612683614466816 0.193557437286082 0.129266666666667 568762.509561768
1.22 5 587522384.5 587528139.625 0.77 3423 0.0038157632018697 0.10958808206385 0.1491875 306923.558759524
1.23 5 588825552.571429 588830732.142857 0.754285714285714 2374 0.00284778311288964 0.38454130442153 0.153442857142857 222710.903531077
1.24 5 589900816.571429 589907707.142857 0.741428571428571 4259 0.00717306792674337 0.0563165965535762 0.1351 637134.086757368
1.25 5 591444651.777778 591450629.333333 0.738888888888889 4160 0.00240841283173077 0.171243732773588 0.124066666666667 232946.969216302
1.26 5 593379961.4 593385802.8 0.72 1761 0.00500452665530948 0.0980812709861681 0.14764 406761.852233228
1.27 5 595062369.666667 595068192.833333 0.68 2041 0.00833316711415973 0.0667478677767743 0.11745 851409.155980559
1.28 5 596157675.4 596165496.6 0.622 3990 0.000488833448621554 0.258405003131951 0.16914 34681.3372558747
1.29 5 597515070 597550011.5 0.583 5084 0.00159223065499607 0.633875019207308 0.143 133613.761258411
1.3 5 598753430.8 598791763.4 0.58 2011 0.00502354910492292 0.0849362919728462 0.13208 456409.6703443
1.31 5 600381033.428571 600385765.428571 0.612857142857143 2464 0.001264359375 0.0907504647504647 0.136171428571429 111420.675094419
1.32 5 602637074.875 602644141.625 0.59625 2994 0.00182234653974616 0.23603592059548 0.1029 212518.546909173
1.33 5 604901047.875 604905941.5 0.60125 2233 0.000857616874160322 0.746623345935629 0.1099625 93590.1101732306
1.34 5 606513650 606517794.75 0.6275 1030 0.00745500029126214 0.0745930200780207 0.16565 540054.352521254
1.35 5 607749402 607754331.5 0.655 311 0.00303555096463023 0 0.07945 458484.727193993
1.36 5 609104385.666667 609129858.555556 0.656666666666667 3591 0.00287366665274297 0.0848666089927415 0.164744444444444 209318.134819074
1.37 5 610419517.4 610424401.8 0.618 1327 0.00921418505651846 0.0933497186393558 0.09834 1124366.69390097
1.38 5 611928870.75 611932357.75 0.61 872 0.0243172366972477 0.0276475250424549 0.289975 1006317.23550986
1.39 5 612925016.5 612931761 0.61 434 0 NA 0.12055 0
1.4 5 614993507.583333 615005896.5 0.603333333333333 3461 0.00441754284599827 0.111504053825993 0.145791666666667 363604.555486568
1.41 5 616869587.6 616877080.8 0.59 2393 0.000835010651901379 0.145652042674083 0.18874 53089.5826153256
1.42 5 618948640.666667 618952978.666667 0.54 2068 0.000917700261121857 0.599606501016485 0.113616666666667 96925.9480721339
1.43 5 621156878 621163549 0.51 1109 0.000907895852119026 0.283218249075216 0.14525 75006.8862335856
1.44 5 623777875.222222 623784529.888889 0.555555555555556 3130 0.011519986172524 0.0640521150929497 0.132155555555556 1046038.76461459
1.45 5 625302298.375 625306613.5 0.5625 1555 0.00320110716398714 0 0.211175 181902.620896629
1.46 5 626584301 626592529.111111 0.573333333333333 3424 0.00265071459988318 0.123561608148122 0.143044444444444 222368.476609743
1.48 5 629854576.428571 629859711.571429 0.648571428571429 2172 0.00173392935543278 0.0775322964806279 0.167557142857143 124179.440580061
1.49 5 631523930.714286 631528651.714286 0.647142857142857 2013 0.00438532148037755 0.0326401114849548 0.357771428571429 147087.926989185
1.5 5 633195158 633197663 0.62 312 0.0317003 0 0.1122 3390406.4171123
1.51 5 634724408 634730991 0.62 292 0 NA 0.128 0
1.52 5 636498412.428571 636506354.714286 0.62 2592 0.0120014225308642 0.0558946117987196 0.145414285714286 990391.485010898
1.53 5 637109173.4 637113088.6 0.624 1082 0.00451974519408503 0 0.24658 219956.778039664
1.54 5 639067028.6 639071243.2 0.64 1157 0.00609737359550562 0 0.16384 446584.980139572
1.55 5 640361862 640366108.8 0.646 932 0.00588771358369099 0.160139810934499 0.36582 193134.773944267
1.56 5 642527774.583333 642534044.083333 0.650833333333333 3350 0.0201012913910448 0.0504034708030111 0.151258333333333 1594725.33761801
1.57 5 644398019 644405358.9 0.688 3952 0.0119133160374494 0.0846487790395676 0.1323 1080572.88321536
1.58 5 645841789.75 645845506.5 0.7125 902 0.00209100818181818 0.30834572378537 0.148425 169055.739813496
1.59 5 646998597 647003408.5 0.725 728 0.00266184739010989 0.149675517122316 0.1013 315322.494386167
1.6 5 648174797 648178599.833333 0.733333333333333 1739 0.00300764641173088 0.162655435075274 0.159316666666667 226540.999732842
1.61 5 649605300.666667 649611265.666667 0.74 1550 0.0182988974774194 0.0199994589203365 0.0959333333333333 2288951.73449304
1.62 5 651118100.777778 651123842.111111 0.74 4022 0.00343661229985082 0.221906181622707 0.151533333333333 272147.036503805
1.63 5 652164009.5 652169965.5 0.75 1007 0.0295913423038729 0.0190307343075134 0.1474 2409064.50235057
1.64 5 653505877.666667 653529820.333333 0.766666666666667 1910 0.0055804202408377 0.053791332531013 0.136766666666667 489629.852961631
1.65 5 654900542.5 654908456 0.78 711 0.0204936843881857 0.0988767827041992 0.16975 1448743.5208143
1.66 5 656094542.333333 656097149 0.78 531 0.0144676448210923 0.0369294538834196 0.114066666666667 1522019.91104419
1.67 5 657522825.75 657530968 0.7675 1116 0.0292709577060932 0.0323456837077749 0.129975 2702454.26022788
1.68 5 658070011.75 658077124.25 0.7575 1319 0.00349709593631539 0.406096812866417 0.10125 414470.629489231
1.69 5 659538537.2 659544874.6 0.732 1592 0.00494087753140703 0.135558293872794 0.26972 219822.521047325
1.71 5 661880835 661884890.8 0.728 1118 0.028840486940966 0.0199610048044043 0.24592 1407310.68352144
1.72 5 663522766.166667 663527885 0.718333333333333 1522 0.00635968943495401 0.0884195566860113 0.1837 415439.701793403
1.73 5 665249527.4 665257401.6 0.704 2813 0.026514373114113 0.108545771506163 0.188 1692406.79451785
1.74 5 668154615.142857 668160790.428571 0.682 5193 0.0153240456383593 0.0639983188269578 0.182728571428571 1006348.08351355
0 6 941667 947436.166666667 1.40166666666667 2217 0.019420060383401 0.0468102893590852 0.26665 873957.339586769
0.02 6 4781177 4786863 1.42 104 0 NA 0.2422 0
0.03 6 5155585.66666667 5162316.83333333 1.42 3166 0.0363368069425142 0.0453082687968816 0.207016666666667 2106311.97154901
0.04 6 6453241.85714286 6471549.14285714 1.43 2448 0.0151499431903595 0.134131447606193 0.267028571428571 680823.46885844
0.05 6 7538700 7543555 1.44 180 0.0284091 0 0.1931 1765454.16882444
0.06 6 8009379 8015945.33333333 1.44 2109 0.0113197303243243 0.036224584633399 0.0935 1452799.61381703
0.07 6 8580377.66666667 8586867.66666667 1.44 1793 0.0153963568321249 0.0523761634196004 0.2659 694833.704345615
0.09 6 9730002 9736746.5 1.44 2192 0.00496537495437956 0.0262467126479218 0.10365 574862.512808054
0.1 6 10437004 10439223 1.44 73 0 NA 0.3724 0
0.11 6 10691525 10695891 1.44 388 0.0141093 0 0.2082 813216.13832853
0.12 6 11538240 11544639.5 1.43 732 0.0430074513661202 0.0808793700458769 0.204 2529850.08036001
0.13 6 12012122 12015583 1.42 93 0.0212766 0 0.0166 15380674.6987952
0.17 6 14199008.5 14203730 1.515 704 0.0335585077130682 0 0.1816 2217522.53610583
0.18 6 14498767 14502658 1.52 367 0.0160858 0.1458740006714 0.1939 995511.088189789
0.19 6 15743975.5 15749309 1.54 875 0.0454712278857143 0.100137329918068 0.7393 738069.436803153
0.2 6 16416655 16422215 1.54 195 0.0240964 0.247761076343354 0.0898 3220008.90868597
0.21 6 16811695.6666667 16839082.5 1.54 1233 0.020208621216545 0.0113244465959088 0.21235 1141998.84435385
0.22 6 17358061 17362582 1.53666666666667 651 0.00294296301075269 0.152887313919159 0.2649 133316.557678491
0.24 6 18617841.6666667 18621743 1.50666666666667 1425 0.00631481099649123 0.127588617181844 0.138833333333333 545817.99729576
0.26 6 19614372.3333333 19619354 1.47 881 0.0121758838819523 0.0263270609623308 0.151933333333333 961675.778302509
0.28 6 21815982 21821526 1.33 266 0.00282885 0.569015677748909 0.1223 277565.004088307
0.29 6 22577030.5 22580930 1.34 838 0 NA 0.1373 0
0.3 6 23621073 23626364 1.35 267 0 NA 0.1544 0
0.31 6 24424246.25 24431791 1.34 895 0 NA 0.263025 0
0.32 6 25175166.5 25179013.5 1.325 984 0 NA 0.209825 0
0.33 6 25869026 25874898 1.31 389 0.00243457 0.306587200203732 0.1692 172664.539007092
0.34 6 26679857 26684463 1.275 308 0.0392727272727273 0.0230127662037037 0.12315 3826818.73546673
0.36 6 28247156 28249633.6666667 1.18666666666667 516 0.011008906124031 0.102500419867948 0.2143 616457.645769352
0.37 6 28762532 28767404.5 1.15 431 0.00917760510440835 0 0.1481 743627.692457125
0.38 6 29453673 29459393 1.1 419 0.0486393 0.0141423910294762 0.076 7679889.47368421
0.39 6 30606156 30646860 0.995 489 0.00186216785276074 0.322819694898336 0.1772 126106.175130524
0.4 6 31086539.75 31110981.5 0.945 908 0.00761083920704846 0.0414974527692217 0.1227 744336.352767575
0.41 6 32120972.3333333 32124853.3333333 0.876666666666667 568 0 NA 0.0877333333333333 0
0.42 6 33093409.3333333 33097819.6666667 0.816666666666667 705 0 Inf 0.1589 0
0.43 6 34088103 34092220 0.765 311 0 NA 0.09455 0
0.44 6 36252237.5 36259082.75 0.6575 796 0 NA 0.1639 0
0.45 6 37752154 37764926.25 0.59 974 0.00245741345995893 0.447772083827092 0.22455 131324.700599008
0.46 6 40348108.3333333 40356806.3333333 0.396666666666667 1120 0.002612358375 0 0.114933333333333 272752.034512761
0.47 6 45652984.952381 45659696.9047619 0.252857142857143 8477 0.000577978643387991 0.347448682249391 0.13147619047619 52752.8497405917
0.48 6 55170799.6666667 55185151.2666667 0.0813333333333333 9531 0.00257027850466898 0.10411607992115 0.127113333333333 242644.427985743
0.49 6 73150845.9310345 73157488.3103448 0.0437931034482759 15104 0.00224211147709216 0.230503038744293 0.13808275862069 194849.364206391
0.5 6 104619559.083333 104626916.25 0.0116666666666667 3785 0.00474000370673712 0.123775100102857 0.165766666666667 343133.186089958
0.51 6 126916112.28125 126924206.125 0.031875 11765 0.000261732578835529 0.233894204015538 0.131509375 23882.639135243
0.52 6 155141962.166667 155148752.916667 0.03 11131 0.00256233169526547 0.13197735825924 0.125066666666667 245852.721294129
0.53 6 230369894.525641 230386922.410256 0.00987179487179487 28727 0.000238551002541163 0.244084449098888 0.104187179487179 27475.6649002693
0.54 6 342813904.711864 342821178.79661 0.023728813559322 22552 0.000477199431092586 0.319959659598147 0.105777966101695 54135.9735316302
0.55 6 382826442 382834249 0.08 3834 0 Inf 0.111490909090909 0
0.56 6 392305585.125 392315756.625 0.08375 3996 0.000194168038038038 0 0.1376875 16922.4980950083
0.57 6 396346007.875 396350510.75 0.0875 2658 0 NA 0.128075 0
0.58 6 406227717.75 406232524.125 0.08 2439 0 Inf 0.1313875 0
0.59 6 427285383.310345 427291878.034483 0.0717241379310345 7867 0.000508742204143892 0.268496958474807 0.139420689655172 43787.6649787481
0.6 6 449711304.636364 449717391.545455 0.0518181818181818 4765 0.000828355979013641 0.650502711822847 0.0990545454545455 100351.495254957
0.61 6 461275462.222222 461279620.888889 0.0666666666666667 2088 0.000959029597701149 0.570528578487054 0.130188888888889 88397.3683978187
0.62 6 468200821.9 468208760.9 0.089 3578 0.00078547145332588 0.584203944748609 0.13553 69546.6497447839
0.63 6 476010911 476014697 0.1225 1051 0 NA 0.139675 0
0.64 6 480686508.818182 480705528.545455 0.129090909090909 7512 0.000507552878061768 0.448792827374555 0.101109090909091 60238.2484302764
0.65 6 491800695 491807036.8125 0.13875 7166 0.000374717118336589 0.321416435724011 0.134925 33326.7031316589
0.66 6 499708155.357143 499713222.071429 0.190714285714286 6545 0.000638368449197861 0.136236090549305 0.128778571428571 59485.2179628602
0.67 6 505163361.3 505167111.5 0.189 2997 0.00124252315315315 0.314538234060201 0.14169 105231.687753814
0.68 6 508933293.2 508941513.4 0.25 2914 0.00100288166781057 0.198874158508461 0.11206 107394.074725387
0.69 6 513039549.375 513044995.5 0.2525 2748 0.000351290938864629 0.298215695384305 0.1081125 38991.7101757479
0.7 6 516519409 516522218 0.28 157 0 NA 0.1422 0
0.71 6 519418663.416667 519423995.666667 0.3525 3931 0.0010361051335538 0.211025515768346 0.155183333333333 80119.8255996927
0.72 6 522536883 522541541.5 0.45 2502 0.000429670575539568 0.535359269623565 0.2225 23173.2445234823
0.73 6 525262151.111111 525271485.555556 0.508888888888889 6542 0.00186960902629165 0.233178884140724 0.103144444444444 217513.492232574
0.74 6 527713037.8 527718937.6 0.56 2585 0.0011678484139265 0.095846275059909 0.16066 87228.8121941864
0.75 6 530030912.666667 530036447.555556 0.603333333333333 2940 0.000991389289115646 0.296120037705213 0.109433333333333 108711.588206407
0.76 6 532850809 532859273 0.66 148 0 NA 0.1009 0
0.77 6 533567864.666667 533574448 0.673333333333333 1056 0 Inf 0.123366666666667 0
0.78 6 534645227 534665057 0.69 917 0.00114613 0 0.0958 143565.344467641
0.79 6 536133631.5 536140382.833333 0.715 1752 0.00377606269977169 0.0870404230228303 0.135333333333333 334823.293575815
0.8 6 537684456 537693785 0.74 400 0.00246154 0 0.0626 471860.702875399
0.81 6 538801564 538806092.5 0.79 745 0 NA 0.15365 0
0.82 6 540207325 540211438 0.85 205 0.0145985 0 0.1538 1139024.70741222
0.83 6 540993962 541095997 0.87 39 0.0178571 0 0.2456 872496.74267101
0.84 6 541616658.666667 541622729 0.88 729 0.0026897885048011 0.145359933194884 0.135233333333333 238679.778587231
0.85 6 542443117 542448763.5 0.89 534 0.0105131685393258 0.0519124935518715 0.20315 621009.217188827
0.86 6 543759296 543782059 0.885 1019 0 Inf 0.23835 0
0.87 6 544790124.5 544797733.5 0.865 1132 0 Inf 0.0774 0
0.88 6 545728738.6 545738720.4 0.838 2998 0 Inf 0.1443 0
0.89 6 546847964.8 546865610.4 0.85 1363 0.00247342620689655 0.262195952568661 0.2125 139675.832860041
0.91 6 548931587 548941023 0.89 755 0 NA 0.0903 0
0.92 6 550327451 550333058 0.878333333333333 2837 0.00798915928798026 0.0665576408574346 0.161116666666667 595034.104411481
0.93 6 551178718.75 551185217.5 0.8625 2036 0.00657020856581533 0.0375757779917074 0.098375 801448.567113432
0.94 6 552522973 552527096.333333 0.798333333333333 1522 0.00411469250328515 0 0.19735 250196.65588762
0.95 6 554341303 554348869 0.74 712 0.0425619320224719 0.0905819852284257 0.11265 4533894.22343243
0.96 6 555592345.2 555601729 0.73 4769 0.0186657652338016 0.162067896973211 0.08806 2543597.3518694
0.97 6 556367797 556374394 0.73 364 0.018773 0.0315787034570926 0.3269 689128.173753441
0.98 6 557891026 557893476 0.76 132 0.0245902 0 0.186 1586464.51612903
0.99 6 559363813.8 559370617.6 0.828 2320 0.00834556185344828 0.0779604393797271 0.14232 703673.006192941
1 6 560486117.5 560491613 0.895 899 0.0221052607341491 0.0144036458507096 0.1217 2179647.73056523
1.01 6 561828909 561832746 0.94 133 0 NA 0.0972 0
1.02 6 562999283.285714 563004601.571429 0.974285714285714 2322 0.00826463506890611 0 0.136557142857143 726257.292382167
1.03 6 564076363.5 564081043 0.99 599 0.0365259113522538 0.013020732111463 0.1181 3711354.24409014
1.04 6 565149548.75 565156020 1 1735 0.016542554870317 0.142048519614561 0.113025 1756342.91921083
1.05 6 565980902.75 565986642.5 1.005 1433 0.0163258364759246 0.0246093309865456 0.145875 1342999.40161848
1.06 6 566994219 566999443.75 1.03 1980 0.00454335026767677 0.383816826588164 0.14705 370759.627420069
1.07 6 567756874.5 567761787 1.045 1352 0.00493192334319527 0.0435623210573495 0.15875 372806.803895075
1.08 6 568471093 568476958 1.06 713 0.0166493 0 0.2494 801089.013632718
1.1 6 569873535 569874275 1.09 20 0 NA 0.3421 0
1.11 6 570777951 570782807.5 1.105 1288 0.00769780186335404 0.223910703797753 0.247725 372887.768130986
1.12 6 571856022.5 571860277.5 1.12 1180 0.0047807693559322 0.0518256206348066 0.18295 313578.749774181
1.13 6 572613449.5 572618071.5 1.13 954 0.00916037672955975 0.255288635218352 0.1186 926850.933850902
1.14 6 573741756.5 573772320 1.145 3202 0.00760996351030606 0.023974404350164 0.113825 802280.361288581
1.15 6 574985155.5 574988892.5 1.1725 950 0.00656556650526316 0 0.13775 571954.97686503
1.16 6 575607091.4 575612531.4 1.182 2357 0.00434336050487908 0.137609729352182 0.1626 320543.210692183
1.17 6 576663925.2 576668964.4 1.2 2019 0.0105012273897969 0.0408910445955041 0.18838 668938.999243886
1.18 6 577449528.5 577453512.5 1.21 667 0.0210859896551724 0.0605681464911249 0.18145 1394499.17807699
1.19 6 578673611.857143 578677951.857143 1.22714285714286 2283 0.0127837111432326 0.0876222331598617 0.151757142857143 1010855.44199523
1.2 6 579441955.833333 579448323.666667 1.24 1856 0.0145052273060345 0.0650013211571898 0.1511 1151970.40153815
1.21 6 580167929.5 580172951 1.25 844 0.0167848672985782 0.0909900957390247 0.16115 1249881.52394005
1.22 6 581077554.333333 581081735.333333 1.26666666666667 1089 0.0167003158861341 0.0319389806057676 0.242533333333333 826293.804151768
1.23 6 581512156.333333 581519386.666667 1.27 2615 0.0125539118546845 0.0793124469867695 0.139833333333333 1077332.12578937
1.25 6 582969661.75 582975432 1.295 2446 0.0118902106704824 0.00985746215649968 0.237 602035.983315566
0 7 667141.636363636 672004.727272727 0.95 4554 0.0195574562582345 0.0745779387607536 0.297890909090909 787836.983058763
0.01 7 3404651.625 3409542.875 0.96375 2693 0.0270171963460824 0.122128443441777 0.2912875 1113011.5647015
0.02 7 5387450 5392662 0.97 468 0.00420168 0.146012309361969 0.1087 463846.918123275
0.03 7 6695323.5 6704136.25 0.97 2300 0.00337010152173913 0.0368546528755714 0.149875 269832.982557929
0.04 7 7730590 7735504.5 0.97 1236 0.0101420597168285 0.017023239299257 0.29055 418877.014634114
0.05 7 8553570 8557767 0.97 627 0.00882353 0 0.0963 1099505.29595016
0.06 7 9884522 9889780 0.97 362 0.00557249668508287 0.423872771352674 0.51085 130899.403388459
0.07 7 10483618 10492975.8 0.97 2054 0.0161698853943525 0.113707663216347 0.14924 1300178.40211893
0.08 7 11212247.375 11228220.875 0.97 2635 0.0161709427324478 0.047008266808528 0.1698625 1142402.31239605
0.12 7 14293803 14296558 0.96 216 0.0689655 0.019594579898645 0.2118 3907393.76770538
0.13 7 15841200 15844907 0.975 1192 0.0102091863758389 0.0469775457591073 0.233375 524950.129662848
0.14 7 16709430.3333333 16714304.3333333 0.98 975 0.019920753948718 0.162810680046808 0.152366666666667 1568906.45844202
0.15 7 17452590 17456456.75 0.98 614 0.0114302442996743 0.040627741989721 0.20195 679192.530805106
0.16 7 18577434.2 18582820.6 0.968 1752 0.00942419223744292 0.0349022572868302 0.17966 629468.47851116
0.17 7 19620901.5 19624474 0.95 1067 0.0138456876850984 0 0.17035 975334.618263463
0.18 7 20819709 20823800 0.96 383 0.00246002 0 0.1811 163005.190502485
0.19 7 21858139 21861399 0.97 252 0.0196464 0 0.1609 1465238.03604723
0.2 7 22625092.5 22629288 0.97 386 0.00477569160621762 0.158846439169139 0.0982 583587.568987896
0.21 7 23800941.2 23806239.8 0.956 2095 0.00375271637231504 0.0732462751436643 0.1073 419688.690286863
0.22 7 24726917.6666667 24743552 0.93 991 0.0134294165792129 0.0649893603036748 0.125733333333333 1281704.65761311
0.23 7 25819228 25863844 0.89 798 0.00245135413533835 0.1456675319242 0.1231 238962.222778718
0.24 7 27038803.4 27044328.6 0.864 2311 0.00521280667243617 0.117741790522294 0.12092 517314.588730021
0.25 7 27759605.5 27762246 0.85 277 0.0201756548736462 0.0504511692649418 0.323 749559.933386237
0.26 7 29958365.25 29962082.5 0.82 910 0.0124591798241758 0.0509046565007519 0.168975 884806.378991625
0.27 7 31004469.25 31010122 0.82 1800 0.000556421366666667 0.285142890211321 0.12725 52471.9559921415
0.28 7 32586279.4 32591152.6 0.82 1670 0.00749908591616766 0.0686016619408372 0.12106 743342.400413117
0.29 7 33041572 33044300 0.83 166 0 NA 0.2594 0
0.3 7 34718618 34760207.5 0.8475 935 0.00202980642780749 0.305819754125181 0.121075 201178.419439933
0.32 7 37108568 37114801.5 0.87 691 0.00435449192474674 0 0.1523 343098.510157327
0.33 7 38001716.6666667 38006872.3333333 0.87 1039 0.0171191231953802 0.0805576352849694 0.1814 1132466.80454555
0.34 7 39189002 39194783 0.87 487 0.0188778 0.0926765830764178 0.1317 1720072.8929385
0.35 7 40421378.5 40424460.5 0.87 409 0.00717532322738386 0 0.2924 294472.909468558
0.36 7 41766864 41772616 0.86 718 0.00271647855153203 0.148660019659239 0.16755 194555.312553771
0.37 7 42898368 42904253.3333333 0.85 731 0 Inf 0.1587 0
0.38 7 44204798 44210957 0.83 1648 0.0162397396237864 0.0636327353355139 0.16624 1172262.24425792
0.39 7 44852585.3333333 44855632 0.816666666666667 849 0.00461812458186101 0 0.172166666666667 321882.836296218
0.4 7 45834184 45839978.5 0.7975 1352 0.00176179420118343 0.273764188484292 0.066825 316371.57372542
0.41 7 47480318.25 47488922.75 0.76 2060 0.00243920587378641 0.17204307163395 0.109 268536.426471898
0.42 7 48519288 48523986.3333333 0.735555555555556 2643 0.00642129463866818 0.0849939142585401 0.204155555555556 377435.409261001
0.43 7 49740659.3333333 49749026.6666667 0.716666666666667 1261 0.00726696490880254 0.06323283718148 0.12 726696.490880254
0.44 7 50932141 50934627 0.7 92 0 NA 0.1364 0
0.45 7 52381638.5 52386124.75 0.6825 1215 0.000743907489711934 0.974489232476803 0.146425 60965.6129523183
0.46 7 53412800.25 53472566.25 0.6725 1507 0.00533809338420703 0.178040358106581 0.11095 577351.244799319
0.47 7 54982079.3333333 54985509.6666667 0.66 989 0.0124362296461072 0.0936005063785422 0.166866666666667 894335.332121172
0.48 7 57380079 57385192 0.62 1971 0.00100214082191781 1.03501369943906 0.1273 94467.320212205
0.49 7 59500145.5 59565675 0.625 1049 0 Inf 0.10795 0
0.5 7 62541430 62602136.5 0.6 972 0 NA 0.15165 0
0.51 7 63400241.75 63405951.25 0.595 1717 0.00975765282469424 0 0.11855 987699.990690264
0.52 7 65323802.2 65329548.8 0.572 1733 0.000597013035199077 1.30845687657286 0.16204 44212.2711823557
0.53 7 66384293.25 66388752 0.5575 936 0.00862700401709402 0 0.128425 806105.10574365
0.54 7 68333450.3333333 68368723.6666667 0.536666666666667 1725 0.00472227652173913 0.034895913012724 0.1814 312388.744547241
0.55 7 69869818.3333333 69875431 0.523333333333333 1418 0.000662082863187588 0 0.135 58851.8100611189
0.56 7 71076921.2 71090349.2 0.506 1568 0.000610600223214286 0.449359114324976 0.13372 54795.1142579377
0.57 7 72597634 72608627 0.49 372 0 NA 0.0682 0
0.58 7 74215714.6666667 74222520 0.473333333333333 1378 0 Inf 0.1019 0
0.59 7 75860823.3333333 75867347.6666667 0.453333333333333 2189 0.00401036162174509 0.19661714578715 0.142133333333333 338585.878008497
0.6 7 78020048.4285714 78026968.1428571 0.427142857142857 1586 0.00429809842370744 0.085940483284486 0.154071428571429 334761.49058083
0.61 7 80911609.6666667 80944299.5 0.393333333333333 2246 0 Inf 0.1354 0
0.62 7 84098250.75 84103112.5 0.3525 1053 0.000934966809116809 0 0.1639 68453.9457559592
0.63 7 87502936.6 87528568.2 0.314 725 0.00270690844137931 0 0.18466 175906.537942986
0.64 7 91729563.5 91739149.75 0.26375 5189 0.00018293825207169 0.911799810630647 0.1123 19548.1658491566
0.65 7 98776473.6666667 98788871.4666667 0.193333333333333 4831 0.000829276472779963 0.358053788881422 0.138413333333333 71895.6579811161
0.66 7 107416572 107432076.173913 0.129565217391304 9821 0.00120072387638733 0.208413039499009 0.145191304347826 99239.3213999233
0.67 7 115471075.75 115479117.25 0.08875 3127 0.00125525487368084 0.201416629601931 0.1158125 130064.185508215
0.68 7 131669830.4375 131675260.4375 0.03625 6049 0.000164695156224169 1.15837439936722 0.1337375 14777.7689480515
0.69 7 161610231 161617791.671429 0.0274285714285714 30249 0.000309581166121194 0.574633878319881 0.141194285714286 26311.0789127244
0.7 7 208220067.122807 208228053.736842 0.00719298245614035 21831 0.000131854899821355 0.27553493782921 0.119317543859649 13260.9065412664
0.71 7 343013815.847059 343023148.105882 0.0137647058823529 68996 0.000535596956055423 0.116116279514732 0.108185294117647 59408.8459534602
0.72 7 445012700.666667 445017861.047619 0.0380952380952381 6999 0 NA 0.154642857142857 0
0.73 7 460476411.958333 460485075.625 0.0491666666666667 7957 0.000842219467135855 0.476228749083252 0.150925 66964.6089490161
0.74 7 476573497.125 476585172.958333 0.0408333333333333 6983 0.000787216637548332 0.614475585857035 0.151129166666667 62506.7937509083
0.75 7 495556963.464286 495580007.142857 0.0578571428571429 9190 0.00251212651904244 0.127818098962549 0.165342857142857 182321.261102095
0.76 7 509204862.722222 509210607.722222 0.0811111111111111 4593 0 Inf 0.143061111111111 0
0.77 7 522496661.5 522504252.571429 0.0971428571428571 4564 0.000641501884312007 0.195846771171918 0.145021428571429 53081.9664898868
0.78 7 534136005.25 534142823.375 0.11 3023 0 NA 0.134225 0
0.79 7 545379581.9375 545387513.125 0.13 4722 0.000190250118593816 0 0.14585625 15652.4072374396
0.8 7 554676461.615385 554688670.384615 0.146153846153846 3909 0 Inf 0.1216 0
0.81 7 559734263.8 559740843 0.172 2069 0.000486986988883519 0.28295774945352 0.10414 56115.266627638
0.82 7 563446080.428571 563454238.714286 0.198571428571429 1995 0 NA 0.184271428571429 0
0.83 7 567004101.75 567011810.875 0.2325 3464 0.00901844794024249 0.0742803787067952 0.1175375 920739.128217887
0.84 7 571039830.666667 571044780.444444 0.278888888888889 2940 0.000678327666666667 0.545684588630219 0.153511111111111 53025.0347423277
0.85 7 574758576.5 574765693 0.3275 1233 0 NA 0.1174 0
0.86 7 577714925.666667 577721556.333333 0.37 1232 0.000799941071428571 0 0.1213 79136.791897303
0.87 7 580927460 580935157.75 0.39 1056 0 Inf 0.133375 0
0.88 7 583765249.142857 583772136.285714 0.408571428571429 3011 0.000880952341414812 0 0.148728571428571 71078.6636046914
0.89 7 586759524 586763212.5 0.435 592 0.0232133927364865 0 0.1236 2253727.45014432
0.9 7 588005903.571429 588014175.142857 0.447142857142857 2444 0.00120131040507365 0.196551261604285 0.127585714285714 112988.550023723
0.91 7 590153406 590159009 0.475 2258 0.000872952896368468 0.291117350472545 0.116 90305.4720381174
0.92 7 592108102 592114291.166667 0.496666666666667 3356 0.000298665887961859 1.15714404238986 0.165483333333333 21657.7137005276
0.93 7 593781277.3 593786055 0.519 2895 0.00431514731606218 0.113572911734949 0.15068 343653.887660911
0.94 7 595291648 595293840 0.54 196 0.00473934 0 0.4088 139119.569471624
0.95 7 597293809 597295578.666667 0.556666666666667 468 0 Inf 0.217766666666667 0
0.96 7 598896777 598913142.5 0.575 1083 0 Inf 0.12355 0
0.97 7 600106894.666667 600111692.333333 0.593333333333333 397 0.0106705591939547 0.59749174498349 0.138433333333333 924970.216668355
0.99 7 604194742.5 604202760 0.645 1276 0.00517813217868339 0.0994344161928397 0.10465 593765.753886294
1 7 605738315.333333 605759249 0.67 1001 0.00593316233766234 0.144780781517994 0.178266666666667 399390.134921175
1.01 7 607782042.75 607787767.5 0.6975 1161 0.0099106502670112 0.0491983073541181 0.1315 904393.940715851
1.02 7 609205655.5 609211521 0.715 940 0.00869688138297872 0.104668136909189 0.13605 767089.868399446
1.03 7 611035004.666667 611038561.333333 0.74 738 0.0013550135501355 0.2857136 0.175533333333333 92632.9050605356
1.04 7 611624055 611627409 0.75 129 0.0587189 0.0290289838535804 0.2483 2837804.2690294
1.05 7 613714240 613719279 0.78 196 0.00501882 0.291833538560857 0.0824 730896.116504854
1.06 7 614453913.5 614459378.5 0.785 765 0.00114759013071895 0 0.1096 125648.55445828
1.07 7 616341409 616346260 0.81 99 0 NA 0.1367 0
1.08 7 617064808.4 617072198.4 0.824 1575 0.00194349823492063 0.3723964914427 0.18596 125413.953640824
1.1 7 619093930.75 619099446.25 0.885 2038 0 NA 0.096425 0
1.11 7 620195797.333333 620203197.666667 0.92 1303 0.000714554881043745 0 0.207733333333333 41277.2395981624
1.12 7 621609073.25 621612976.75 0.955 965 0.00197928621761658 0.747369745266415 0.2126 111718.883402629
1.14 7 623375767 623381391.142857 0.97 2846 0.0234699277793394 0.0345281692260646 0.171557142857143 1641663.69678117
1.15 7 623914342 623916531 0.97 93 0 Inf 0.1926 0
1.16 7 624871459 624873764 0.97 147 0 NA 0.1916 0
1.17 7 625869790 625877422.5 0.9575 1781 0.00810357768669287 0.0403026469507352 0.15205 639545.756266455
1.18 7 626932416.8 626937444.4 0.94 1559 0.00439773377164849 0.0427886574240644 0.18166 290503.166683815
1.19 7 628344771.5 628348669.25 0.9025 1118 0 NA 0.13925 0
1.2 7 629030276.5 629036680 0.878333333333333 2205 0.00362583230839002 0.0708661975784885 0.14365 302888.880617336
1.21 7 629634693.5 629640021 0.855 892 0.0207263679372197 0.0158346299547528 0.12165 2044524.58073684
1.22 7 631538857 631543601.4 0.788 1921 0.00253836193649141 0.531196794561843 0.17 179178.489634688
1.23 7 633245877.5 633251568.5 0.765 1301 0 Inf 0.15105 0
1.24 7 634961659.5 634965386.5 0.765 453 0.00470116445916115 0 0.2725 207023.755999757
1.25 7 636362773.4 636366862.8 0.794 962 0.0214056511434511 0.0413522026194299 0.1653 1553949.26631224
1.26 7 637564776 637576437 0.803333333333333 924 0 Inf 0.1379 0
1.27 7 638911322 638913789 0.8 77 0.0253165 0 0.0673 4514086.18127786
1.28 7 639873423 639878120.75 0.8125 1564 0.0300901453964194 0.0609807314625107 0.19225 1878188.52929536
1.29 7 641338251.714286 641345099.857143 0.851428571428571 4270 0.0143583461053864 0.0803170577342562 0.201957142857143 853152.063982782
1.3 7 642253532.818182 642258581.363636 0.861818181818182 4297 0.00859326117058413 0.0925951944812171 0.125672727272727 820537.090941193
1.31 7 643716008.714286 643720920.428571 0.877142857142857 3247 0.00927685749923006 0.047418119187697 0.101885714285714 1092619.22312861
1.32 7 644701783 644755322.5 0.895 962 0.00110907577962578 0 0.12715 104670.934766098
1.33 7 645645485.8 645649892.4 0.912 1646 0.0128697231591738 0.149786311220736 0.15312 1008598.99366565
1.34 7 647090190.5 647097428 0.93 855 0.0034921954619883 0 0.1604 261261.505884412
1.35 7 648196613 648223154.5 0.94 533 0 NA 0.2572 0
1.36 7 649171505 649174587.5 0.955 451 0.0276414332594235 0.0232027741637638 0.2594 1278709.32580217
1.37 7 650003914.666667 650007229.333333 0.97 728 0.0485286607142857 0.016532176734237 0.249233333333333 2336541.10701389
1.38 7 650691934 650696864.333333 0.983333333333333 1251 0.0629521872901679 0.0649289325326003 0.156633333333333 4822895.8128241
1.39 7 651705099.333333 651711723.333333 1 1569 0.0104966129381772 0.0700187623726897 0.7904 159361.532462204
1.4 7 653053392.5 653063165 1.025 2293 0.00720515232446576 0.122626779745638 0.1489 580670.435819941
1.41 7 653497789 653507455 1.03 1936 0.0119030160847107 0.221998662048254 0.13955 1023548.49886441
1.42 7 654460948 654465232.666667 1.04333333333333 1032 0.0294482031007752 0.0259518316446415 0.2257 1565699.76610236
1.43 7 656352445.5 656357505.5 NA 688 0.00899245331395349 0.0468118660894962 0.16525 653007.199802976
1.44 7 656869393 656873517 NA 457 0.00199601 0 0.2657 90147.2337222431
