poscM Chromosome Start End Loess1 Loess2 nb_complete_site piSyn f0 div Ne
0 1 194618.333333333 199957.333333333 NA NA 1246 0.0587146983146067 0.0459844324530916 0.220533333333333 3194874.75714305
0.01 1 1410006.5 1412589 0.93 1.955 298 0.0246434261744966 0.0834657635665528 0.1413 2092859.9723564
0.02 1 1910919 1914393 0.98 1.94 187 0.0527422 0.0215254577928111 0.1729 3660534.41295547
0.04 1 4263680.5 4278921.75 1.2075 1.905 1151 0.0565856561251086 0.0371064402425778 0.2091 3247383.42181398
0.05 1 5016258 5022272 1.25 1.89 338 0.039395 0.15760502601853 0.1182 3999492.3857868
0.08 1 7177116.5 7183684.5 1.53 1.81 1533 0.0510523732550554 0.0420499458391016 0.1577 3884771.58567321
0.1 1 8349328 8356000 1.71 1.77 193 0.0463747 0.114334540169532 0.1891 2942868.32363829
0.11 1 9144629.5 9162676 1.87 1.74 402 0.0756672467661691 0.0501547394277982 0.27215 3336420.94871957
0.21 1 13574504 13581973 1.94 1.55 525 0.0580578 0.0194852371257609 0.2001 3481727.13643178
0.22 1 13725749 13735135 1.92 1.56 203 0.0537825 0.0577942639334356 0.1109 5819567.17763751
0.23 1 14369286 14375231 1.88 1.61 823 0.0736624 0.0162012098438281 0.1805 4897223.26869806
0.29 1 18052637 18059634.6666667 1.40666666666667 1.39333333333333 1337 0.0368015748541511 0.098885792495631 0.0862333333333333 5121208.71569169
0.31 1 20234720 20239868 1.07 1.19 565 0.0646733 0.0238450798088237 0.1244 6238581.99356913
0.33 1 22166621 22176854 0.87 1.06 744 0.0166811 0.042947347596981 0.0647 3093867.07882535
0.35 1 24655081 24658793 0.69 0.89 121 0.0548901 0.0780592492999648 0.1285 5125923.73540856
0.36 1 25499701 25508405 0.655 0.84 2976 0.0217221588306452 0.0801077684276907 0.087875 2966326.09920617
0.37 1 27635089 27640155 0.62 0.71 137 0.0544242 0.305196952826132 0.2804 2329138.37375178
0.39 1 30653893 30656636.5 0.55 0.55 349 0.078485412034384 0.0678831130438242 0.20185 4665964.54997576
0.4 1 32807614.5 32815807 0.485 0.45 291 0.0255288388316151 0.278122545352355 0.0878 3489135.14782895
0.41 1 34763299.5 34767016.5 0.44 0.385 313 0.0220033559105431 0.0400152727211057 0.17885 1476322.45416001
0.42 1 37169071 37223971.3333333 0.366666666666667 0.423333333333333 1704 0.00613094521713615 0.210710519830629 0.0783333333333333 939208.629008091
0.43 1 39892713 39906452 0.295 0.3525 1644 0.000648851313868613 0.867934901727324 0.1361 57209.5206937793
0.44 1 42985369 42987664 0.225 0.26 272 0.0104486169117647 0 0.16245 771827.657378741
0.45 1 52804324.4666667 52811034.9333333 0.0953333333333333 0.0873333333333333 6194 0.0278448696286729 0.0861618482057669 0.114186666666667 2926247.3920838
0.46 1 67138427.0833333 67144203.5833333 0.0691666666666667 0.0583333333333333 3221 0.0113181384197454 0.114980687346851 0.0941416666666667 1442694.46086867
0.47 1 101033095.363636 101040462.527273 0.0181818181818182 0.0232727272727273 22271 0.013503503835077 0.0852975833112165 0.125187272727273 1294397.12592782
0.48 1 218159595.804878 218173563.951219 0 -0.0051219512195122 31504 0.00230262900146013 0.150908167371284 0.123053658536585 224548.772837228
0.49 1 338267602.405797 338274705.681159 0.0121739130434783 0.0210144927536232 23353 0.00868421468089753 0.102946012660127 0.142047826086957 733630.207807449
0.5 1 378367831.363636 378372917.909091 0.141818181818182 0.0745454545454546 4695 0.0134241721490948 0.0628653731414054 0.137854545454545 1168550.99161205
0.51 1 384240733.375 384246485.375 0.09625 0.08375 3139 0.00537729669385154 0.229897939395764 0.1220875 528535.356414199
0.52 1 397038670.05 397044643.85 0.0815 0.106 6356 0.0114990441944619 0.145845258085854 0.132585 1040755.21615223
0.53 1 406837418.615385 406841224 0.142307692307692 0.13 2942 0.0160058157545887 0.10382344136874 0.170915384615385 1123771.21279798
0.54 1 412615427.714286 412620696.142857 0.17 0.145714285714286 2057 0.0161013321536218 0.0747474146798962 0.152728571428571 1265093.91161185
0.55 1 418933504.777778 418941261.222222 0.163333333333333 0.156666666666667 4160 0.01261982728125 0.137446177874201 0.1459 1037957.00736806
0.56 1 425340664.625 425346031.875 0.1525 0.155 1945 0.0137371397532134 0.118516390252015 0.12615 1306743.37723789
0.57 1 432980540.888889 432991727.111111 0.15 0.121111111111111 5939 0.0117341771645058 0.0792318293028989 0.119044444444444 1182836.60049153
0.58 1 439443412.75 439449318.833333 0.123333333333333 0.16 5515 0.0153102037805984 0.122006779985235 0.133183333333333 1379470.24427867
0.59 1 447539682.538462 447545728.076923 0.154615384615385 0.18 3683 0.0205719451153951 0.0949145511283531 0.137923076923077 1789862.48633666
0.6 1 452464451.3 452471700.8 0.246 0.228 4177 0.0179795922169021 0.0823803722449551 0.14746 1463143.27005849
0.61 1 455368985.5 455374343 0.3 0.275 860 0.0104793644186047 0.0692015595122969 0.10835 1160612.57981777
0.62 1 458566526.8 458570864.4 0.324 0.334 1960 0.0229179568367347 0.207607143381736 0.13342 2061276.2857204
0.63 1 462816529.333333 462824851.333333 0.366666666666667 0.386666666666667 983 0.007550051017294 0.241410278344376 0.0817333333333333 1108490.36142979
0.64 1 464473056 464477600 0.375 0.4075 1532 0.0313619432114883 0.0480175087894545 0.11835 3179918.19634862
0.65 1 466760561 466767367 0.39 0.43 419 0.0243516 0.0223723287176202 0.2921 1000408.07942485
0.67 1 471968196 471970846 0.49 0.46 49 0.0137255 0 0.5 329412
0.68 1 473822758 473841959.5 0.535 0.48 1026 0.0258293210526316 0.0491737664111227 0.2817 1100290.56667227
0.69 1 475310599 475316051 0.56 0.49 495 0.00544305 0.832823508878294 0.1005 649916.417910448
0.7 1 476739645 476753209 0.58 0.51 1053 0.0044114 0.0898077707757175 0.1066 496592.87054409
0.71 1 479735762 479740474 0.59 0.53 244 0.0155768 0.146804863643367 0.1291 1447882.26181255
0.72 1 481301681 481306855.5 0.585 0.54 628 0.0293672756369427 0.0548388058849962 0.15805 2229720.39002412
0.73 1 482574870 482582928.5 0.595 0.55 40 0 Inf 0.1058 0
0.74 1 483521236 483525244 0.62 0.56 427 0.0205102 0.00693742625620423 0.1574 1563674.71410419
0.75 1 486181438 486186412 0.66 0.57 331 0.0354821 0.0134169905388914 0.229 1859324.01746725
0.77 1 488431590.4 488435914.2 0.67 0.58 1705 0.0338742216422287 0.0265716845532687 0.16414 2476487.50887501
0.78 1 489498953.5 489502896.5 0.67 0.59 561 0.0428296190730838 0.0673352536036095 0.1406 3655444.01761739
0.79 1 491245672 491248850.666667 0.653333333333333 0.596666666666667 596 0.0313440186241611 0.0987917805475351 0.224833333333333 1672920.19343187
0.8 1 492926918.5 492931992.25 0.63 0.6 1488 0.0198519940188172 0.0648630357346318 0.268025 888812.342974746
0.81 1 494768544.6 494773985.4 0.592 0.608 2617 0.0152817783339702 0.253026092205952 0.2963 618904.286222215
0.82 1 496115120.333333 496117857.666667 0.563333333333333 0.61 555 0.0148267490810811 0 0.120633333333333 1474890.76241757
0.83 1 498707475.5 498721035.5 0.378333333333333 0.618333333333333 2253 0.0203449272525522 0.0677785231804185 0.1529 1596724.17940239
0.84 1 502158738 502162531.5 0.4 0.63 885 0.0422953750282486 0.0795559495788014 0.17105 2967228.88242609
0.85 1 504295263.75 504299783 0.42 0.6475 1463 0.012690457949419 0.130113103025306 0.1533 993382.226960392
0.86 1 506767745 506770889 0.61 0.67 276 0.0502608 0.072156432050425 0.2135 2824962.99765808
0.87 1 507977717.5 507980471 0.81 0.685 422 0.0321993549763033 0 0.17245 2240604.57938904
0.88 1 508944423 508949963.666667 0.876666666666667 0.713333333333333 807 0.0402703297397769 0.119844656663459 0.2947 1639782.68366923
0.89 1 509886716.333333 509889460.333333 1.07333333333333 0.733333333333333 655 0.0480692103816794 0.0282020202752947 0.1928 2991859.56732444
0.9 1 511101680.5 511107526 1.12 0.74 718 0.0492280467966574 0.0754414622825695 0.13185 4480368.30913833
0.91 1 511643440.5 511649176.5 1.055 0.74 1307 0.0386941702371844 0.037995964588455 0.14895 3117355.1047077
0.92 1 512673191 512675905 1.11 0.8 47 0.0230608 0.220612901547214 0.3021 916019.860973188
0.93 1 513411906.333333 513419615.666667 1.07666666666667 0.836666666666667 1728 0.0504173486111111 0.0324746335157469 0.149866666666667 4036976.31227758
0.94 1 514774831 514778545 0.91 0.87 154 0.0187262 0.0209580694428127 0.0783 2869915.70881226
0.95 1 515924061.333333 515928976.833333 0.86 0.856666666666667 1348 0.0507435505934718 0.0659362216649941 0.196033333333333 3106219.72685765
0.96 1 516874688.5 516880877 0.83 0.815 665 0.0267216115789474 0.0584318482164393 0.13135 2441258.76625328
0.97 1 518089404.333333 518094357 0.783333333333333 0.753333333333333 770 0.017016251038961 0.218232768365135 0.200533333333333 1018259.70312932
0.98 1 519386454.6 519391682.2 0.722 0.718 1392 0.037016657183908 0.048700844463723 0.15278 2907447.87411243
0.99 1 520201880 520206424 0.66 0.71 397 0.0498715 0.064121993523355 0.209 2863435.40669856
1 1 522798103.5 522805710.5 0.5075 0.7675 1075 0.0348116285581395 0.048609935893461 0.2067 2020994.40105309
1.01 1 524744331.5 524749117 0.725 0.895 1196 0.0427459434782609 0.092023923473315 0.18145 2826956.85720105
1.02 1 525920572.666667 525925547 0.893333333333333 1.00666666666667 1205 0.0446877107883817 0.0536974893809629 0.195533333333333 2742512.08384204
1.03 1 526821549.25 526829845.75 0.99 1.0625 1317 0.0252004201974184 0.130156916608283 0.1877 1611108.37703261
1.04 1 528228723 528246950.333333 1.18 1.08 925 0.030023528972973 0.013509082676465 0.157266666666667 2290900.89662363
1.05 1 528617045.75 528620909.75 1.2625 1.1325 490 0.0442439004081633 0.0392877123539575 0.1471 3609291.67163806
1.07 1 530072478.5 530077640.5 1.34 1.3 483 0.0525635565217391 0.0793342739751303 0.11755 5365909.64067095
1.08 1 530797118.5 530803971.5 1.46 1.355 415 0.0466744012048193 0.0559178211590559 0.1832 3057275.1880886
1.09 1 531655272.666667 531658721.333333 1.55666666666667 1.39666666666667 330 0.0315321066666667 0.302665673559932 0.1347 2809096.36228656
1.1 1 532313461 532325298.5 1.6 1.415 740 0.0346284436486487 0.100907371948251 0.081 5130139.7997998
1.11 1 532620538 532625023 1.61 1.42 506 0.0208542 0.167881769619549 0.1179 2122564.88549618
1.12 1 533330934 533336528 1.61 1.41 174 0.0823518 0 0.1221 8093542.997543
1.13 1 534099861 534102541 1.57 1.39 392 0.0710830028061225 0.0425146707353699 0.19145 4455450.68515784
1.15 1 535610393 535616797 1.38 1.29 498 0.0234358 0.0665247185929219 0.1064 2643135.33834586
1.17 1 537266546.333333 537273086 0.986666666666667 1.15666666666667 1813 0.0408856937120794 0.085514042474736 0.1208 4061492.75285557
1.18 1 538530550.333333 538537156.666667 0.906666666666667 1.14333333333333 756 0.0362597383597884 0.127294849110085 0.103066666666667 4221703.04318364
1.19 1 539312814.285714 539318331 0.884285714285714 1.08428571428571 3478 0.0266183292696952 0.108641856314594 0.224385714285714 1423530.69246476
1.21 1 541986545.666667 541991328.666667 0.84 0.913333333333333 1064 0.0539459729323308 0.0544459082105315 0.150966666666667 4288043.77470503
1.22 1 542670477.5 542676741.5 0.84 0.89 589 0.0173453273344652 0.187677541295426 0.0866 2403509.56135776
1.24 1 545237768.666667 545243278.666667 0.976666666666667 0.893333333333333 1436 0.0139360774373259 0.105481639726377 0.143033333333333 1169188.5055785
1.25 1 545850732 545853695 1.01 0.89 239 0.0584713 0.0859166804911127 0.165 4252458.18181818
1.26 1 546968963 546992238.333333 1.03 0.866666666666667 1333 0.0538764925731433 0.0357210852039536 0.2011 3214907.56279323
1.27 1 548531208 548532828 0.98 0.84 28 0.040625 0 0.157 3105095.54140127
1.28 1 549001942 549007725 0.945 0.83 1454 0.0145615095598349 0.215945735650839 0.1192 1465923.78119144
1.29 1 550405545 550412153.5 0.82 0.795 1711 0.0415872560490941 0.0496922913310261 0.15605 3197994.69778359
1.3 1 551660654.5 551666236.5 0.7975 0.7625 1349 0.0458656926612305 0.119516407393583 0.135225 4070166.84736377
1.31 1 553006668.333333 553010237 0.72 0.72 763 0.0543295532110092 0.0750887081191032 0.1582 4121078.625361
1.32 1 554488841.5 554493333 0.59 0.6725 868 0.0329486498847926 0.0880636962806959 0.256475 1541607.55869972
1.33 1 556624492.8 556630020.4 0.422 0.612 1829 0.0232286805467469 0.0359934710075585 0.1141 2442981.30202421
0.01 2 1342887 1353579 0.62 0.806666666666667 2221 0.0213144778027915 0.21254512134732 0.117166666666667 2182990.61422616
0.02 2 3529947.5 3563410 0.62 0.8 447 0.0748071062639821 0.0163124897228222 0.1768 5077405.40253272
0.03 2 4410482 4416796 0.62 0.8 86 0.0867273 0.0604077378172732 0.2269 4586723.66681357
0.04 2 6177034 6270249 0.63 0.8 477 0.0410311 0.0203149318443815 0.1445 3407426.98961938
0.07 2 11632470 11635852 0.64 0.81 263 0.0671819 0 0.1247 6464978.34803528
0.08 2 12606206 12663467 0.655 0.81 945 0.04211514994709 0.0941752042090236 0.11195 4514352.83041607
0.09 2 14011026 14015395 0.63 0.81 69 0 NA 0.1324 0
0.12 2 18793626.3333333 18808258 0.71 0.81 1833 0.0254652411347518 0.0496618459654053 0.0705333333333333 4332460.68455134
0.13 2 19716180.5 19725854 0.735 0.81 3367 0.0354578972972973 0.0441586527211336 0.11205 3797365.17240132
0.14 2 21649217.5 21656768 0.805 0.805 2553 0.0243356684684685 0.0496868127279307 0.1229 2376143.38178699
0.15 2 22262395.5 22268157 0.82 0.8 826 0.0292071092009685 0.153174094127685 0.1005 3487416.02399624
0.16 2 23520780.5 23533841 0.85 0.8 806 0.0311664918114144 0.0680001071966312 0.18245 2049865.17805959
0.18 2 25986621.5 25993958.5 0.885 0.785 565 0.0570709530973451 0.110974401574367 0.1761 3888991.69317514
0.19 2 27228590.5 27235785 0.89 0.775 578 0.0392516944636678 0.0325387425806324 0.2039 2310055.58393337
0.2 2 28740741 28742391 0.91 0.78 91 0.0398299 0.0543604176761679 0.4387 1089488.94460907
0.21 2 29427470.25 29454440 0.92 0.785 1990 0.0450877076884422 0.0783524185601744 0.129025 4193392.69336413
0.23 2 31276898.5 31281786 0.93 0.79 408 0.0107483648284314 0.140654880963027 0.22295 578517.057372399
0.27 2 36026947 36044163 0.92 0.76 847 0.0225308 0.0595855451204573 0.0809 3342022.24969098
0.28 2 37480982 37483961 0.93 0.77 100 0.0372049 0.243964101502759 0.1117 3996945.38943599
0.29 2 38175903.25 38182207 0.9225 0.78 1124 0.0517457866548043 0.0405951092598627 0.26145 2375021.76269899
0.3 2 39193949 39198578 0.92 0.785 356 0.0263168601123595 0.0572958291295765 0.17035 1853843.97621552
0.31 2 40132887 40136339 0.91 0.79 471 0.0200120239915074 0.320069120228388 0.1587 1513196.52109697
0.35 2 44751168.3333333 44785031.6666667 0.81 0.766666666666667 1099 0.0465827232029117 0.0489414473760699 0.148633333333333 3760883.68536628
0.36 2 45631775 45634058 0.78 0.75 47 0.0675477 0 0.2646 3063387.75510204
0.37 2 46831974 46835084 0.74 0.73 233 0.0661926 0.0728197713943855 0.2294 3462559.72101133
0.39 2 50879033 50887424.3333333 0.55 0.636666666666667 1396 0.0205144709885387 0.0485191078427184 0.0900333333333333 2734250.1132447
0.4 2 51926991 51935424 0.52 0.6 482 0.00533472 0.264233174374663 0.0968 661328.925619835
0.41 2 54669432 54675178 0.49 0.55 761 0.0308753700394218 0.103695829129773 0.143 2590940.14316826
0.42 2 57402268.3333333 57413991.3333333 0.436666666666667 0.51 1113 0.0423798233602875 0.0439519819813559 0.168133333333333 3024729.66092456
0.43 2 59534797.6666667 59539258.6666667 0.393333333333333 0.48 913 0.0316467704271632 0.0659124224383549 0.110266666666667 3444025.80223058
0.44 2 61767516.6666667 61862335.3333333 0.363333333333333 0.45 2014 0.0313419454816286 0.11180881073579 0.1125 3343140.85137372
0.45 2 65496117.25 65500695.75 0.315 0.405 661 0.0302584857791225 0.0471261371967767 0.147575 2460456.23818039
0.46 2 67998639.75 68005992.5 0.3 0.3775 1617 0.0279905821706865 0.0614579842058047 0.12035 2790918.03945357
0.47 2 70488144.5 70498009.75 0.29 0.3475 1375 0.0296095233454545 0.0812581179225811 0.166425 2134981.40390839
0.48 2 75051795 75062338.6666667 0.286666666666667 0.296666666666667 1598 0.0146661202878598 0.067735980950113 0.106133333333333 1658229.68078817
0.49 2 78153463.7142857 78158923.2857143 0.258571428571429 0.272857142857143 1933 0.0339913872736679 0.105611598157858 0.182185714285714 2238905.77196589
0.5 2 82097461.4 82100850.4 0.23 0.238 1425 0.0223265892210526 0.054964809791341 0.18114 1479071.82650233
0.51 2 88555412 88560113 0.18 0.16 595 0.0273369990252101 0.129676738376406 0.0736 4457119.40628425
0.52 2 94479169.2 94484402.2 0.133 0.119 2377 0.0209658164955827 0.10581744842558 0.17387 1446999.47056417
0.53 2 105104748.5 105109878.833333 0.0708333333333333 0.115 3155 0.0295144422599049 0.0379108231629322 0.148675 2382198.13094911
0.54 2 117611827.578947 117617228.736842 0.0563157894736842 0.09 6619 0.0106902834883584 0.125446270029977 0.119605263157895 1072556.49520164
0.55 2 166831786.263889 166843656 0.0131944444444444 -0.000833333333333333 29553 0.0100936947051061 0.128228440043595 0.130145833333333 930681.631205555
0.56 2 313292085.59596 313312572.121212 0.00494949494949495 0.000101010101010101 40824 0.00295246160545267 0.206989507329259 0.107989898989899 328081.974303412
0.57 2 472505247.707317 472517207.097561 0.00621951219512195 0.0135365853658537 28640 0.00479584893320531 0.133083347244643 0.122376829268293 470270.291709337
0.58 2 527894462.777778 527906280.888889 0.0688888888888889 0.04 2489 0.00386428675371635 0.262429364453566 0.0995111111111111 465992.596473164
0.59 2 543528817.105263 543534468.157895 0.0552631578947368 0.0563157894736842 6815 0.0181139975465884 0.0678548265609297 0.114836842105263 1892841.76205241
0.6 2 564482636.894737 564492406.789474 0.0552631578947368 0.0747368421052632 6814 0.0117940000352216 0.0792925122758439 0.123089473684211 1149797.754321
0.61 2 578911731.611111 578935713.944444 0.0777777777777778 0.0716666666666667 4553 0.0110132472325939 0.0471613992514554 0.143788888888889 919118.075202952
0.62 2 590001950.142857 590006241.642857 0.111428571428571 0.0864285714285714 3433 0.0196861456304197 0.169352191774486 0.153035714285714 1543651.092607
0.63 2 600370238.25 600377187.875 0.1225 0.1225 2539 0.0190347035092556 0.143196276396073 0.108375 2107648.83147467
0.64 2 608041437.777778 608056050.555556 0.152222222222222 0.164444444444444 2125 0.0184691233647059 0.0845260458828516 0.124988888888889 1773193.46020823
0.65 2 613470494.111111 613478351.555556 0.195555555555556 0.206666666666667 3076 0.0172018097821847 0.0711510145335361 0.126388888888889 1633226.77492391
0.66 2 618091312.5 618096348.75 0.2475 0.245 1202 0.0136763521381032 0.101856610798344 0.1012 1621701.83455769
0.67 2 621221337.857143 621226765.571429 0.281428571428571 0.28 1748 0.00780941926773455 0.0403681600868648 0.174814285714286 536071.928160254
0.68 2 625249282.142857 625253920 0.29 0.337142857142857 2713 0.0192244772502764 0.0525004582799082 0.1169 1973427.94699159
0.69 2 628186216.142857 628201608.142857 0.282857142857143 0.354285714285714 3065 0.0122384633572594 0.176416860983058 0.156028571428571 941247.86853121
0.7 2 632186369.714286 632199855.428571 0.315714285714286 0.368571428571429 3899 0.0284198905103873 0.118467484506025 0.102871428571429 3315193.44934389
0.71 2 635469125 635473724.5 0.32 0.405 971 0.0129127656024717 0.273208106103482 0.08945 1732288.28652499
0.72 2 637248158 637249412 0.35 0.42 155 0.043718 0.025713664852006 0.3307 1586380.40520109
0.73 2 640656978.5 640669702 0.455 0.43 1195 0.0174541956485356 0.161857106177413 0.1412 1483359.40355826
0.74 2 642440685 642448322.666667 0.546666666666667 0.436666666666667 1517 0.019483042649967 0.123617628821023 0.165133333333333 1415804.47193947
0.75 2 643622253.333333 643629526.666667 0.583333333333333 0.43 1000 0.0256923565 0.08919777444315 0.175666666666667 1755075.58633776
0.76 2 646656287 646661459 0.62 0.42 380 0.0196196 0.167367836245387 0.1445 1629309.34256055
0.77 2 647319555.833333 647325091.5 0.646666666666667 0.43 1887 0.0448222057233704 0.112837398302872 0.1826 2945599.49989291
0.78 2 649645044 649649558 0.61 0.44 255 0.0327926 0.0532690302080347 0.1833 2146815.05728314
0.8 2 651856577 651860835 0.603333333333333 0.44 657 0.0164691207914764 0.0998537980635345 0.129233333333333 1529245.1598998
0.81 2 655217245 655221723 0.325 0.445 542 0.0148128546125461 0.106142961598428 0.1163 1528411.48194801
0.82 2 657604674.333333 657622860.777778 0.226666666666667 0.434444444444444 3914 0.00932634041900869 0.190958706951189 0.1131 989532.139947871
0.83 2 662932791.666667 662936442 0.25 0.406666666666667 1061 0.0338126260131951 0.0695516162779899 0.135133333333333 3002601.22465472
0.84 2 665465260.5 665467635 0.38 0.405 198 0.01781265 0.201472656746296 0.183 1168042.62295082
0.85 2 668127008 668131569.666667 0.456666666666667 0.44 637 0.0335836161695447 0.132113416763571 0.162166666666667 2485118.56547505
0.86 2 669741373 669745253 0.5 0.47 370 0.0383626 0.110555853878517 0.222 2073654.05405405
0.87 2 672607615.666667 672614581.666667 0.59 0.553333333333333 1386 0.0233573718614719 0.100709553788269 0.0951333333333333 2946269.75127185
0.88 2 673886467.714286 673891588.142857 0.631428571428571 0.574285714285714 2517 0.0237838290107271 0.130420822071425 0.117871428571429 2421332.73167019
0.9 2 677008434.5 677017803 0.69 0.615 819 0.024037984041514 0.107429046464874 0.0934 3088391.95394185
0.91 2 678174897 678178327 0.71 0.625 477 0.0379805754716981 0.0746680849134263 0.1443 3158467.81469423
0.93 2 680332013 680337386 0.77 0.63 201 0.0384407 0.14473357665183 0.1163 3966366.29406707
0.95 2 684033000 684037149 0.79 0.63 603 0.0173961 0.294619483677376 0.0666 3134432.43243243
0.96 2 684424566.5 684430611.5 0.8 0.63 1534 0.0264541190352021 0.0562890542038213 0.13355 2377008.07504624
0.97 2 685549157 685555676.666667 0.833333333333333 0.63 2440 0.0269138092213115 0.197572049463394 0.147966666666667 2182692.34504891
0.98 2 687470520 687473913.333333 0.866666666666667 0.64 748 0.0214086254278075 0.108148367996676 0.120433333333333 2133159.46692795
0.99 2 688311955.4 688317161 0.87 0.64 1602 0.0186906938826467 0.12314326306766 0.18374 1220683.17509394
1 2 689311719 689326894.5 0.86 0.64 378 0.0270050918518519 0.00601000513647989 0.1852 1749789.9688025
1.02 2 691217193 691223434.5 0.825 0.645 483 0.0304558248447205 0.0825837124283745 0.13025 2805910.92619306
1.03 2 692273991.2 692292014.4 0.788 0.65 2081 0.0256849796636233 0.0864749158706126 0.19482 1582074.50961646
1.04 2 694081808 694089943 0.7 0.65 343 0.0199104 0.0717544599807136 0.1667 1433262.14757049
1.05 2 695061085 695101304.333333 0.643333333333333 0.65 519 0.0226391454720617 0.0842979139113697 0.0963666666666667 2819125.69005264
1.06 2 698242870.625 698246563 0.38625 0.66 2162 0.0295934272432932 0.0505792577322386 0.1968125 1804362.66456408
1.07 2 701454470.5 701460633.5 0.196666666666667 0.665 3700 0.0196485605297297 0.10368231577142 0.103266666666667 2283241.37853541
1.08 2 704886345 704891615 0.5 0.67 784 0.0249753 0.149662666714714 0.1078 2780181.81818182
1.1 2 707561796 707565362 1.1 0.67 149 0.0405106 0 0.1975 2461403.5443038
1.11 2 709008956.5 709013681.5 0.92 0.68 577 0.0300699055459272 0.0850817126850371 0.09405 3836670.56407365
1.13 2 710867875.25 710901434 0.87 0.695 775 0.0291603966709677 0.114579994947473 0.168475 2077012.96958963
1.14 2 712345679.666667 712352340 0.843333333333333 0.71 1147 0.0218880259285092 0.133820268174526 0.1018 2580120.93459833
1.15 2 713431570 713435235 0.81 0.745 610 0.058761228852459 0.0899943610638146 0.19525 3611445.56327533
1.18 2 716746405 716823436 0.66 0.83 489 0.0271183443762781 0.0531890440615421 0.15875 2049890.59852181
1.19 2 718381590.5 718389713.5 0.66 0.82 718 0.0243978142061281 0.158049275796465 0.10695 2737482.65987412
1.2 2 720381018 720405685.5 0.74 0.76 899 0.0459768889877642 0.0621243653700832 0.12025 4588130.29399726
1.21 2 721839725.75 721889673.75 0.755 0.76 2321 0.0149984988625592 0.0594986447970209 0.107025 1681681.72250139
1.22 2 722925153 722929699.666667 0.78 0.75 738 0.0130435674796748 0.239412234345584 0.127233333333333 1230202.85372883
1.23 2 724368144 724374142 0.79 0.75 60 0.00657967 1.42693934498235 0.2124 371732.768361582
1.24 2 725892245 725896720.5 0.78 0.74 558 0.0386702062724014 0.0660832862857461 0.1028 4514031.86059161
1.26 2 727863744.5 727866236.5 0.815 0.735 504 0.0735551045634921 0.0465369228216054 0.13465 6555226.54854738
1.27 2 729270382.333333 729275023.666667 0.813333333333333 0.73 1326 0.0363785009049774 0.121915720811698 0.180333333333333 2420750.52232751
1.28 2 731053054 731058752 0.78 0.72 429 0.0339632 0.158387902200028 0.1429 2852053.18404479
1.29 2 731697136 731699235 0.75 0.72 118 0.0456594 0.092961361734933 0.1566 3498804.59770115
1.3 2 733322968 733328241.5 0.685 0.7125 1917 0.0365439142931664 0.0347683970201125 0.124075 3534370.11096512
1.31 2 734933393.75 734941370.25 0.645 0.7025 1952 0.0433900571209016 0.0538867490978161 0.137525 3786080.24323446
1.33 2 737638031 737640845 0.64 0.69 389 0.0665723 0.0176107780563387 0.1706 4682694.02110199
1.36 2 743105366.8 743107879.4 0.678 0.66 569 0.0753480437609842 0.0635404655693985 0.22706 3982103.95988642
1.37 2 744269740 744275915.4 0.674 0.66 1459 0.0563904491432488 0.0327599563015944 0.2394 2826588.92948615
1.38 2 745510939.75 745515065.5 0.6875 0.66 681 0.0404087008810573 0.0380483128455495 0.157425 3080224.93614538
1.39 2 747544172 747547985.5 0.68 0.65 522 0.0282395799425287 0.0923316377925268 0.08545 3965768.97964125
1.4 2 748259723 748262738 0.66 0.65 58 0.0646822 0.0180680310811939 0.2013 3855868.85245902
1.41 2 750588835 750591912.666667 0.64 0.633333333333333 1031 0.051931368671193 0.0591027569026598 0.135366666666667 4603618.00581864
1.43 2 753282710 753289542 0.62 0.62 165 0.107479 0.0121085049172396 0.1038 12425317.9190751
1.44 2 754737879.5 754740681 0.625 0.61 760 0.0746392847368421 0.0231354747779533 0.2235 4007478.37513246
1.45 2 756331521 756338601 0.67 0.6 382 0.0240497 0 0.0925 3119961.08108108
1.46 2 757941579.666667 758029719 0.646666666666667 0.593333333333333 1554 0.0447205805662806 0.0549230646690958 0.132366666666667 4054245.53106548
1.47 2 759279572 759283062 0.55 0.59 271 0.033979 0.0573386503428588 0.2306 1768204.68343452
1.48 2 761629894.666667 761634480.666667 0.486666666666667 0.573333333333333 1651 0.0310584493034525 0.0629930370747132 0.3334 1117880.59880453
1.49 2 763321441 763324717.5 0.425 0.56 385 0.0675517953246753 0.0282850836552117 0.21965 3690514.65466016
1.5 2 766921797.833333 766925899.666667 0.3 0.543333333333333 1976 0.0348019840789474 0.0887528878256486 0.206616666666667 2021249.37782061
0 3 526743.333333333 532787.333333333 0.68 1.26 960 0.051091055625 0.0591012573152328 0.190833333333333 3212712.66812227
0.01 3 1320251 1322467 0.69 1.26 104 0.0185403 0.031446848217127 0.3499 635849.099742784
0.05 3 6928467 6930901 0.84 1.24 10 0.0507937 0 0.2885 2112736.22183709
0.06 3 7647535.6 7653203.6 0.856 1.236 2285 0.0326932246389497 0.0581862606177906 0.29312 1338423.49777359
0.07 3 8867275 8871458.5 0.885 1.225 246 0.0572992 0.0731192000353699 0.3811 1804225.66255576
0.08 3 10173748 10181915 0.92 1.21 758 0.0606024 0.0141037978693913 0.1163 6253042.13241616
0.09 3 11408501 11412974.3333333 0.943333333333333 1.19666666666667 727 0.049789352957359 0.042076543015903 0.174733333333333 3419337.47894873
0.11 3 13052895 13060621 0.99 1.17 37 0.0535966 0.0427116645458854 0.2133 3015279.88748242
0.12 3 14114434 14117915 1.01 1.15 193 0.0712676 0.0309732613417598 0.2572 3325082.42612753
0.13 3 15255304 15258498 1.04 1.13 218 0.102881 0.0685340344670056 0.3318 3720831.82640145
0.14 3 16402007 16406421 1.06 1.13 619 0.0319796 0.0566548674780172 0.1665 2304836.03603604
0.15 3 17267754 17270761 1.08 1.13 81 0.0570725 0.0881946646808883 0.0695 9854244.60431655
0.16 3 17608750 17614286 1.09 1.13 220 0.0560608 0.0199697471316856 0.1511 4452214.42753144
0.17 3 18817309 18820575.5 1.115 1.115 95 0.0542961410526316 0.0281354355821817 0.25115 2594281.0775695
0.18 3 19885742 19888789 1.15 1.1 171 0.0563532 0.0184562722258896 0.5601 1207352.97268345
0.21 3 22513178 22520195 1.25 1.06 542 0.0384433 0.0757099416543325 0.1116 4133688.17204301
0.22 3 23382059 23384550 1.38 1.05 98 0.0523275 0.0544797668529932 0.2654 2365975.88545592
0.23 3 23653661 23657574 1.46 1.04 215 0.018408 0.030716210343329 0.1629 1356022.09944751
0.24 3 24616004.5 24620553.5 1.64 1.02 793 0.0626909823455233 0.0513310676647313 0.10285 7314455.88863665
0.27 3 26541692 26546375.5 1.45 0.965 621 0.0355629236714976 0.0776085794467339 0.1116 3823970.2872578
0.28 3 26934253 26955710 1.32 0.96 655 0.0249246 0.0367532879163557 0.0949 3151688.09272919
0.3 3 28352056 28355510 1.35 0.99 75 0.0539643 0.086457713710731 0.2356 2748606.11205433
0.31 3 28841523.5 28848417 1.36 1 821 0.0294331716199756 0.0597477622038379 0.11645 3033044.73542042
0.33 3 30454221 30458313.75 1.33 1.02 553 0.0356850470162749 0.0898273817182279 0.102725 4168610.99240982
0.34 3 31376497 31381204 1.28 1.01 295 0.051276 0.115064552617209 0.1155 5327376.62337662
0.36 3 32753888.5 32757445 1.145 0.975 242 0.0316277652892562 0.123814267597703 0.2234 1698895.18115969
0.37 3 34044471 34048383.6666667 0.96 0.923333333333333 1144 0.0575319870629371 0.0762283675904392 0.1687 4092376.08035118
0.38 3 35313117 35319448 0.77 0.85 349 0.0413195 0.0395469451469645 0.0975 5085476.92307692
0.39 3 37023278 37028455.3333333 0.706666666666667 0.75 363 0.0602012790633609 0.0738161311317791 0.385566666666667 1873645.75627301
0.4 3 38304662 38308839 0.68 0.72 344 0.0464923 0.145091337705383 0.0853 6540534.58382181
0.41 3 40349089 40356439 0.485 0.67 525 0.0112517294857143 0.340855637654708 0.07555 1787170.7985251
0.42 3 42979933.5 42983855 0.325 0.595 421 0.0391532256532067 0.0311427640281425 0.43115 1089733.75353932
0.43 3 45681327.5 45685999.5 0.2725 0.52 1011 0.0531167243323442 0.0922091177941625 0.10775 5915551.66578311
0.44 3 49440635 49445915 0.313333333333333 0.4 842 0.0228653118764846 0.114673075666703 0.105666666666667 2596691.56956922
0.45 3 52153211.6 52158749.6 0.252 0.316 1678 0.0180761650476758 0.164976089561726 0.13792 1572752.17932214
0.46 3 57155563.375 57161370.5 0.16375 0.18125 3252 0.0221770204397294 0.046467706371371 0.114825 2317650.731781
0.47 3 77784874.5 77796712.85 0.0315 0.0025 8716 0.017098134046581 0.106201254626397 0.122495 1674987.62038428
0.48 3 104232209.941176 104238004.294118 0.04 0.0358823529411765 6125 0.0175815191167347 0.127524820708398 0.129335294117647 1631250.23869281
0.49 3 128093061.625 128109224.125 0.05 0.059375 6189 0.0122752716238488 0.161759721586946 0.14546875 1012611.02117249
0.5 3 154153475.727273 154164635.727273 0.0386363636363636 0.0440909090909091 6597 0.0122254756470835 0.0948023990723261 0.111090909090909 1320591.47742636
0.51 3 188482853 188489464.137931 0.0248275862068966 0.00413793103448276 11233 0.00348061448063741 0.161619127004664 0.121558620689655 343598.615471978
0.52 3 334159354.149254 334172313.731343 0.0041044776119403 0.00365671641791045 54580 0.00101001511755222 0.337273472396982 0.106952985074627 113322.516451221
0.53 3 449801666.181818 449817216.318182 0.0179545454545455 0.0134090909090909 17105 0.00431968597854429 0.16939604641338 0.126663636363636 409243.199000822
0.54 3 480192955.2 480198546.4 0.079 0.082 4723 0.0112318038873597 0.0978291228889372 0.12459 1081801.48204765
0.55 3 487990194.555556 487995418.444444 0.11 0.117777777777778 2841 0.0133422340443506 0.0801156842160107 0.128844444444444 1242636.49257491
0.56 3 494672338.181818 494681127 0.139090909090909 0.151818181818182 4163 0.0259919591520538 0.0926229311575298 0.123936363636364 2516642.41771518
0.57 3 501779677.4 501785172.2 0.168 0.18 2146 0.00672378602982293 0.222043979776344 0.11034 731243.722656109
0.58 3 507330983.666667 507335903.555556 0.195555555555556 0.18 2927 0.00409013494362829 0.0880780174085037 0.142633333333333 344110.441623319
0.59 3 511134979.833333 511139941.5 0.238333333333333 0.18 2367 0.0114365864444444 0.155317118191599 0.149416666666667 918498.855549358
0.6 3 515476664 515482487.125 0.2025 0.18 2219 0.0163501357638576 0.0843903292959028 0.1717875 1142118.19350239
0.61 3 520658351.714286 520689302.428571 0.155714285714286 0.18 1728 0.0272315156770833 0.0543024318103813 0.135128571428571 2418276.05124749
0.62 3 527512127 527518481.5 0.16 0.175 1344 0.0215056793675595 0.100134916672605 0.174216666666667 1481305.76338303
0.63 3 534565209 534571293.416667 0.186666666666667 0.164166666666667 4892 0.0123567481479967 0.116700570009118 0.1325 1119101.71906385
0.64 3 539900282.4 539904650.7 0.176 0.2 3371 0.0104452192791457 0.133232704334291 0.14876 842582.894257515
0.65 3 544720063.090909 544726593.545455 0.199090909090909 0.221818181818182 3344 0.00658862173773923 0.146373415968183 0.115845454545455 682490.833698171
0.66 3 549321841 549327076.4 0.266 0.24 1481 0.0130057420573937 0.25169334249662 0.17722 880650.630226407
0.67 3 552433601.25 552449326.25 0.32 0.2575 1808 0.0176521659789823 0.0219946869069966 0.1103 1920453.23434078
0.68 3 555427646 555433150.428571 0.324285714285714 0.268571428571429 2241 0.0132511140548862 0.236105987168826 0.152985714285714 1039400.11262531
0.69 3 559051626.727273 559061741 0.253636363636364 0.285454545454545 3622 0.0289430946935395 0.0749867604932668 0.161609090909091 2149118.80494302
0.7 3 563147710.4 563152429.2 0.274 0.28 1639 0.00594578990848078 0.0560773518177042 0.10924 653144.259444978
0.71 3 566823149.555556 566833174.777778 0.317777777777778 0.274444444444444 3487 0.0143573511557213 0.132260947983702 0.0999 1724606.74543198
0.72 3 570874696.2 570878921.6 0.364 0.308 627 0.0254187274122807 0.116562684967404 0.1182 2580581.46317571
0.74 3 574962220.75 574966576 0.35 0.3875 810 0.0270876150617284 0.0587174794775009 0.120025 2708197.29840234
0.75 3 577487199.666667 577492536.333333 0.31 0.42 731 0.0333132499316005 0.0662141724237297 0.259866666666667 1538323.49607186
0.76 3 579882194.636364 579898722.090909 0.312727272727273 0.446363636363636 2538 0.0291610860835303 0.0827149220324553 0.176409090909091 1983645.12395053
0.77 3 583742459 583753474.666667 0.393333333333333 0.483333333333333 702 0.0263733583760684 0.0783448933296591 0.358833333333333 881970.182571725
0.78 3 587003318.25 587011082 0.5175 0.5125 2116 0.010987070384373 0.0344844192096631 0.103175 1277875.88672136
0.79 3 588556425 588560462 0.56 0.53 105 0.0243271 0.0234938402029013 0.0967 3018874.87073423
0.8 3 590043391.8 590048100.4 0.638 0.544 2049 0.0236256719472914 0.0730926750598304 0.10192 2781672.52126664
0.81 3 591990994 592047518 0.8 0.58 168 0.0255359 0.157038522237321 0.2127 1440671.36812412
0.82 3 592600365.5 592606301 0.82 0.59 959 0.0494291510948905 0.129471815252899 0.1164 5095788.77266913
0.83 3 594390155 594392901 0.81 0.61 39 0.0174895 0.320220703850882 0.2692 779621.099554235
0.85 3 596542264 596548460.5 0.8 0.62 344 0.040819023255814 0.113185239668235 0.1132 4327104.93877886
0.86 3 597708947.333333 597750707.333333 0.84 0.62 1275 0.0169509928392157 0.0345783348637051 0.1174 1732639.81320774
0.87 3 598425136 598431618.25 0.8 0.62 2467 0.0249420067288204 0.120890429366765 0.10295 2907276.16071729
0.88 3 600610708 600627844 0.515 0.62 745 0.00952725087248322 0.185764770357989 0.1011 1130830.96409296
0.89 3 601980267.333333 601987332.666667 0.42 0.616666666666667 553 0.0102330557866184 0.0664259906490151 0.0792 1550462.99797249
0.9 3 604949474 604951870 0.48 0.62 238 0.0278804 0.242161877161016 0.1588 2106831.23425693
0.91 3 607162285.4 607166726.6 0.428 0.638 1293 0.019092969025522 0.0643204183274027 0.16056 1426978.25302855
0.92 3 608938640 608946090 0.53 0.65 447 0.034263 0 0.313 1313597.44408946
0.93 3 611338276 611342827.333333 0.673333333333333 0.666666666666667 1121 0.0359843991079393 0.0326535661402716 0.1822 2369993.35507833
0.94 3 612464145.333333 612469347.333333 0.71 0.673333333333333 593 0.0267880084317032 0.132827354919385 0.1892 1699028.01892409
0.95 3 614357296 614364336 0.755 0.69 547 0.0117371745886654 0.0271414223265521 0.13265 1061787.37326789
0.96 3 615194241.5 615200273 0.765 0.695 606 0.0148319782178218 0.119263719586887 0.09835 1809697.39312518
0.97 3 616514441 616520338 0.77 0.71 559 0.0257513930232558 0.224215967002553 0.0817 3782334.34858103
0.98 3 617996952 618000807.666667 0.786666666666667 0.733333333333333 290 0.0266274653275862 0.0123656550088107 0.335633333333333 952019.815069127
0.99 3 618981986.5 618985358 0.81 0.765 398 0.036799867839196 0.0147259841726819 0.1209 3652592.3413594
1 3 620188181.5 620193616.75 0.825 0.7975 1672 0.0226277159688995 0.102113959589154 0.16495 1646150.90407271
1.01 3 621457895.142857 621462762.142857 0.862857142857143 0.82 2032 0.039016619015748 0.0935478167927841 0.105457142857143 4439712.81132868
1.02 3 622718780.666667 622723245.333333 0.936666666666667 0.83 654 0.0243385452599388 0.0987045039479605 0.1532 1906413.46683594
1.03 3 623719273 623731909.666667 0.943333333333333 0.816666666666667 748 0.0448589902406417 0.144746237159485 0.175633333333333 3064952.83481325
1.04 3 625159288.5 625163087 0.88 0.795 485 0.0200785843298969 0.0356622944029385 0.2041 1180514.51229183
1.05 3 625618540 625628047 0.84 0.78 910 0.0169838 0.0464234741341749 0.0826 2467380.14527845
1.06 3 626899951 626904735 0.896666666666667 0.82 848 0.0468024262971698 0.0414451660158372 0.127466666666667 4406086.15768335
1.07 3 627936501 627941908 0.813333333333333 0.836666666666667 1110 0.0329754495495496 0.0663591483251709 0.107166666666667 3692429.80959186
1.08 3 629076303 629080735 0.77 0.84 608 0.0367166309210526 0.0656027414365987 0.2054 2145080.67698457
1.09 3 630585193.8 630588836.8 0.76 0.822 1342 0.0535724393442623 0.0725871478201968 0.1481 4340778.33984569
1.1 3 632087276.6 632091696.4 0.776 0.778 906 0.0422518681015452 0.0264320882137675 0.18622 2722706.56867438
1.11 3 633149864 633152340.5 0.78 0.76 123 0.0495722219512195 0.052771583180608 0.2818 2110953.38330246
1.12 3 635005546 635010438.5 0.78 0.74 419 0.0654116338902148 0.0612789680374273 0.15905 4935175.14418471
1.13 3 636565169 636573084 0.77 0.73 274 0.0192432 0.296215286438846 0.121 1908416.52892562
1.14 3 637527442 637533043.5 0.76 0.72 970 0.0209748422680412 0.10364028344806 0.1146 2196318.56209856
1.15 3 638778060 638781237.5 0.745 0.71 317 0.0586251848580442 0.0570921189134184 0.1964 3581986.85487032
1.16 3 640413066.5 640422305 0.725 0.71 432 0.00792426902777778 0.0827939177074815 0.1138 835599.545987112
1.17 3 641902323 641906213 0.7 0.71 453 0.0458747 0.0211783401308346 0.1264 4355193.03797468
1.18 3 643454611 643457516 0.63 0.71 81 0.0281065 0 0.1749 1928404.80274443
1.19 3 644895709.4 644900465 0.588 0.716 1633 0.0420556788732394 0.033480979220799 0.21486 2348823.17080365
1.2 3 645893676 645900306.333333 0.58 0.72 973 0.031497708016444 0.10335754849733 0.108033333333333 3498665.50012954
1.21 3 648165784 648173126 0.62 0.74 1574 0.0253241358322745 0.0736765578572333 0.12525 2426264.5108766
1.22 3 649908286.5 649912814.5 0.695 0.76 1654 0.0107287223700121 0.125756331527613 0.0903 1425743.83654646
1.23 3 650645867.333333 650650697.666667 0.73 0.77 801 0.0363961027465668 0.0472543786610784 0.214933333333333 2032040.47592494
1.24 3 652200698.6 652205070 0.79 0.79 1394 0.0476951412482066 0.0335743758907649 0.32778 1746115.3669488
1.25 3 653435865.5 653443339.5 0.825 0.8 912 0.0391233026315789 0.0236638891514042 0.0892 5263224.56927071
1.26 3 654671372.5 654676792.75 0.8775 0.8 1614 0.0334248913258984 0.136364647004364 0.141725 2830119.56895947
1.27 3 655174578 655178299 0.94 0.8 83 0.0395499 0 0.2072 2290534.74903475
1.28 3 656335494 656341387 0.96 0.79 738 0.0339596 0.084797229649348 0.1 4075152
1.29 3 657735232.666667 657742702 0.89 0.796666666666667 902 0.0412106707317073 0.0209773850092913 0.175933333333333 2810883.18746014
1.3 3 659169793 659174471 0.89 0.83 286 0.0100442 0 0.1006 1198115.30815109
1.31 3 659694676 659698101 0.88 0.84 432 0.0426455 0.210597132171038 0.0884 5788981.90045249
1.32 3 661121931 661129817.5 0.84 0.845 356 0.0164916858426966 0.158868118524333 0.13135 1506663.34307088
1.34 3 663492230 663515992 0.76 0.82 132 0.0305013 0.137889860432178 0.1832 1997901.74672489
1.35 3 664700547 664705465 0.76 0.785 585 0.0400389717948718 0.119977777207109 0.111 4328537.49133749
1.36 3 666352278 666355704 0.77 0.76 468 0.049473 0.0481155377680755 0.1707 3477891.03690685
1.37 3 667991980.5 668027128 0.77 0.755 737 0.0235136218453189 0.13687079725195 0.11955 2360212.98321896
1.41 3 672305935 672310863 0.75 0.685 436 0.023899844266055 0.0446647991190223 0.15895 1804329.23052948
1.42 3 674644948.666667 674649809 0.6 0.66 1652 0.0345379513922518 0.0872808444986764 0.190333333333333 2177524.08077244
1.43 3 676248101 676253181 0.545 0.66 310 0.0316043370967742 0.115725164099313 0.1233 3075847.89263009
1.44 3 677524296 677532076 0.54 0.67 143 0.0456949 0.0250782910127826 0.1472 3725127.7173913
1.45 3 679769068.8 679773100.8 0.564 0.696 1421 0.0471380739619986 0.0134546410934475 0.15752 3591016.29979674
1.46 3 681831194.285714 681837327.714286 0.542857142857143 0.69 1869 0.0296361089085072 0.0422777281301774 0.1978 1797943.91760408
1.47 3 683314554.5 683316980 0.63 0.69 241 0.0547062564315353 0.0398322601529384 0.28995 2264097.52432634
1.48 3 684632836.2 684637501 0.688 0.69 859 0.0414898966239814 0.0792829479739365 0.1296 3841657.09481309
1.49 3 686588650 686594131.75 0.785 0.69 898 0.0475067809576837 0.0444288976465493 0.16955 3362320.09137249
1.5 3 687350851.333333 687357365 0.813333333333333 0.696666666666667 637 0.053917937833595 0.026665250556471 0.191433333333333 3379846.3555797
1.51 3 688375271.5 688379225 0.86 0.7 615 0.0659305658536585 0.0699206578450677 0.11695 6765000.34411203
1.52 3 689551879.5 689557713.5 0.905 0.7 503 0.0527388395626242 0.00946249500563305 0.16515 3832068.2697638
1.53 3 690904488 690919512.333333 0.96 0.7 1113 0.0470561118598383 0.077627064971514 0.223166666666667 2530276.36587629
1.55 3 692797735 692801414 1.03 0.71 63 0.0155948 0 0.0949 1971945.20547945
1.56 3 693408117 693412122.5 1.06 0.71 793 0.069396178184111 0.0921620873136708 0.1897 4389847.8556106
1.57 3 694361230 694369148 1.1 0.71 477 0.056672 0.104774138904574 0.1007 6753366.43495531
1.58 3 695629335 695638266 NA NA 1104 0.0285713849637681 0.0629666641293741 0.10735 3193820.39650878
1.59 3 696630615 696638810 NA NA 441 0.0347927 0.0634618756233348 0.1115 3744505.82959641
1.63 3 699424977 699428724 NA NA 112 0.0885162 0.0115081759045237 0.3037 3497512.01843925
0.02 4 1343772 1346934 1.55 1.62 220 0.0247253 0.115752690563916 0.1718 1727029.10360885
0.03 4 1785675 1788100 1.56 1.61 40 0.0765591 0.0554838027092795 0.2535 3624099.40828402
0.05 4 3360177.5 3365821.5 1.6 1.585 1204 0.0401489611295681 0.12951736553375 0.1238 3891660.20642017
0.06 4 4178463 4185561 1.62 1.57 478 0.0561285 0.184601405702985 0.1822 3696717.89242591
0.07 4 4367593 4372584 1.62 1.57 63 0.0295983 0 0.1644 2160459.8540146
0.08 4 5427445 5432467.5 1.63 1.55 1433 0.0500879869504536 0.0285774985279115 0.103 5835493.62529556
0.09 4 6010333.5 6014623 1.63 1.54 274 0.0612451715328467 0.0137493936211983 0.20385 3605308.11083719
0.1 4 6315982.8 6320844.4 1.62 1.536 684 0.046522314619883 0.0366849977847517 0.28012 1992959.35827001
0.12 4 7727978.66666667 7734613.66666667 1.57666666666667 1.50666666666667 668 0.0538711362275449 0.0303808061425359 0.1337 4835105.71974973
0.14 4 8686381 8710980 1.53 1.49 2124 0.0126081 0.10426868441716 0.066 2292381.81818182
0.15 4 9584507.25 9591414.25 1.47 1.475 1950 0.0173542227692308 0.15496055871648 0.100725 2067517.23237299
0.16 4 10341656.5 10361101 1.42 1.46 1294 0.0134118344667697 0.00352682412055541 0.09615 1673863.8960087
0.18 4 11623789.75 11628683 1.345 1.4325 987 0.0297047166160081 0.101407959552495 0.393725 905344.083794774
0.21 4 13798393.25 13835806.5 1.2375 1.39 1988 0.0587718450201207 0.0752310534982815 0.180525 3906728.37690873
0.22 4 15142602.7142857 15147159.8571429 1.06142857142857 1.37285714285714 2410 0.0409177085477178 0.0260690342824063 0.144585714285714 3395995.9668099
0.23 4 15524765 15527575 1.03 1.37 198 0.056431 0.0279771756658574 0.0738 9175772.35772358
0.24 4 16464203 16474102 1.03 1.35 514 0.0254348 0.0857643858021294 0.1255 2432012.74900398
0.25 4 17438157 17446158 1.1 1.33 433 0.0152867 0.049963366848306 0.105 1747051.42857143
0.26 4 18336047 18342837 1.25 1.31 307 0.0512484 0.0981654061395087 0.1341 4585986.57718121
0.27 4 19440043.75 19445473.5 1.305 1.275 979 0.0346834295199183 0.0497141021103545 0.246 1691874.61072772
0.28 4 20051645.6666667 20056012.6666667 1.41333333333333 1.27 665 0.0131412646616541 0.0369012876960721 0.1296 1216783.76496798
0.3 4 21510284.5 21516372.5 1.505 1.25 2005 0.0415629127680798 0.0165261116680777 0.104575 4769351.69224918
0.31 4 22409667 22412651 1.8 1.23 265 0.0826409 0.0362653359293038 0.1623 6110232.90203327
0.32 4 22905434.5 22910621.5 1.83 1.21 225 0.046310772 0.0520445634357188 0.17465 3181959.71371314
0.33 4 23322223.6666667 23328863 1.72333333333333 1.19666666666667 1501 0.0344124298467688 0.035110398731636 0.1278 3231214.07011914
0.34 4 23757747 23759779 1.59 1.18 78 0.0364937 0.120244316142238 0.2296 1907336.2369338
0.37 4 25535830 25543683 1.77 1.2 414 0.02856 0.0790560224089636 0.1028 3333852.14007782
0.39 4 26736412.3333333 26743947.3333333 1.48333333333333 1.17666666666667 1538 0.0214188352730819 0.12910793078585 0.1269 2025421.77523233
0.4 4 27495193.8 27502367 1.2 1.152 1308 0.0378753256116208 0.0920763124049726 0.15938 2851699.75743161
0.42 4 29497677 29503482 0.79 1.05 122 0.0517402 0.0344760940236025 0.1549 4008278.8896062
0.43 4 30676973.75 30687803.5 0.675 0.965 2225 0.0350258040898876 0.0457195506535707 0.10775 3900785.60629839
0.44 4 32792710.25 32797463.5 0.455 0.9025 1239 0.0327534292171106 0.0868897280846611 0.136 2890008.46033329
0.45 4 35161558 35165386.5 0.55 0.795 498 0.0410317124497992 0.0717673461482882 0.15985 3080266.18328177
0.46 4 36920194 36925240 0.49 0.623333333333333 669 0.0252669677130045 0.0502778402003729 0.140933333333333 2151397.44008553
0.47 4 38810270 38818835.5 0.4225 0.505 1293 0.025223726450116 0.186203227314707 0.101425 2984320.60538715
0.48 4 41619357 41625623.5 0.33 0.35 684 0.0386925730994152 0.053286739374557 0.1179 3938175.37907534
0.49 4 45122004.75 45127295.75 0.2425 0.2 920 0.025010297173913 0.118639568430975 0.11525 2604109.03329246
0.5 4 50691723.625 50703366 0.15 0.0675 1981 0.0346729030287733 0.10003293649907 0.1280125 3250267.25003636
0.51 4 59305636.6923077 59313144.3846154 0.0784615384615385 0.0607692307692308 4198 0.0179202682872797 0.0945630516082258 0.117992307692308 1822518.97308536
0.52 4 89416679.5121951 89424055.4146342 0.0209756097560976 -0.0209756097560976 16379 0.0119378973607363 0.114630364807833 0.162417073170732 882017.915556496
0.53 4 131520962.733333 131528166.133333 0.014 -0.0293333333333333 10644 0.00491341823494538 0.186081082149246 0.112713333333333 523105.98112626
0.54 4 211685292.857143 211700736.885714 -0.00514285714285714 0.0108571428571429 14081 0.00200859292585754 0.173006167041034 0.128951428571429 186916.231772797
0.55 4 361880097.3125 361895296.109375 -0.0153125 0.0009375 27120 0.00158565842370944 0.169464687581074 0.1052109375 180854.781229502
0.59 4 427122583.25 427127256.75 0.015 0.0275 1054 0.0030943620113852 0.0186194766857552 0.075375 492634.748081226
0.6 4 432493139.5 432497498.75 0.035 0.03 975 0.00189674492307692 0 0.160275 142011.786472769
0.61 4 436517991.4 436522796 0.046 0.036 1763 0.0022275556324447 0.217359227723621 0.15638 170934.055437629
0.62 4 438877593.5 438882615 0.05 0.04 811 0.00154201700369914 0 0.0629 294184.484012554
0.63 4 443802140.666667 443809042 0.0733333333333333 0.0433333333333333 1200 0.00171387468916667 0 0.116533333333333 176485.951973684
0.64 4 447752287.8 447757911.6 0.088 0.05 1791 0.000768498641541039 0.252309354819104 0.14178 65044.3200627202
0.65 4 451509779 451544318 0.1 0.05 514 0.00214697 0.87670531027448 0.1737 148322.62521589
0.66 4 459435476.2 459441085.2 0.138 0.064 1650 0.00451619069090909 0.219422766435941 0.11924 454497.553597024
0.67 4 463626085.4 463638060.8 0.148 0.07 1329 0.0021327335364936 0.0880463263149321 0.13006 196776.890957429
0.68 4 472936537.25 472941035.8125 0.09625 0.056875 5171 0.00283310557222974 0.316683636502034 0.13296875 255678.622734717
0.69 4 492427240.657895 492437570.578947 0.0302631578947368 0.0510526315789474 14860 0.00647715224024226 0.127493949986939 0.123478947368421 629466.225129038
0.7 4 512227330.916667 512234808.75 0.103333333333333 0.0958333333333333 4139 0.0081243960908432 0.119033118183182 0.1243 784334.296782931
0.71 4 521883346.666667 521887780.5 0.13 0.121666666666667 1708 0.0131846924355972 0.200226694832204 0.15055 1050922.0141293
0.72 4 527034482.125 527039234.25 0.1325 0.14 2362 0.0082126517442845 0.155015385686122 0.133775 736698.343722026
0.73 4 535605445.625 535610801.25 0.1575 0.15 3318 0.015252451172393 0.120905587724465 0.1613 1134714.28436898
0.74 4 542771803.875 542780508.25 0.13875 0.11625 2557 0.00991265259679312 0.0694753588387927 0.15515 766689.211482548
0.75 4 549980177.857143 549986420 0.0842857142857143 0.102857142857143 2876 0.0141791123713491 0.112313200569096 0.1509 1127563.60805957
0.76 4 559380326 559385936 0.195 0.205 1749 0.0077316770268725 0.162975498126591 0.1596 581329.09976485
0.77 4 564188322 564196742 0.2625 0.31125 4317 0.00703154799861015 0.0893506090016188 0.125325 673278.084845974
0.78 4 567235193 567241843 0.391666666666667 0.375 3201 0.0200272557169635 0.125342124997913 0.102983333333333 2333650.12400286
0.79 4 569138208.75 569143158.75 0.505 0.4325 1636 0.0138717799266504 0.0815085373790284 0.19975 833348.481200523
0.8 4 570691710 570695477.5 0.57 0.4775 769 0.0249209551105332 0.0925637834961238 0.178075 1679356.79531881
0.81 4 572608194 572614123 0.54 0.5 301 0.0373472 0.0675694563447862 0.1151 3893713.29278888
0.82 4 575027172.4 575031435.8 0.538 0.49 1897 0.0142811510542963 0.115789019182845 0.10348 1656105.64989906
0.83 4 576784852.75 576848137.25 0.54 0.4925 725 0.0177132837241379 0.119121284912635 0.253425 838746.787766223
0.84 4 578713908 578719289 0.555 0.505 412 0.0316718640776699 0.00468836126640839 0.11435 3323676.16031516
0.85 4 580612682.333333 580615887 0.6 0.52 692 0.0260662809248555 0.0960402143237961 0.184433333333333 1695980.68551382
0.86 4 582070750 582075610.5 0.61 0.535 1215 0.0150810700493827 0.0851454018955989 0.1966 920512.922647978
0.87 4 583660648.833333 583665825.666667 0.608333333333333 0.55 2075 0.0128970759614458 0.0475027021180453 0.127433333333333 1214477.46432657
0.88 4 585926975 585973812.333333 0.576666666666667 0.58 870 0.0153353042528736 0.0766505717589659 0.076 2421363.82940109
0.89 4 587219839.5 587227988 0.525 0.585 799 0.0139415563204005 0.203446163218374 0.1117 1497750.00756317
0.9 4 588950691.333333 588956545 0.466666666666667 0.58 2031 0.00376424516100443 0.184656952496781 0.0906 498575.518013832
0.91 4 591136839.75 591140382.25 0.4575 0.6025 899 0.0225099104560623 0.0689922992515051 0.136425 1979981.1286256
0.92 4 593379833.6 593387274.2 0.522 0.642 3193 0.0198413551644222 0.0637188532054341 0.11942 1993772.08150281
0.93 4 595163333 595166225.666667 0.616666666666667 0.693333333333333 195 0.0200189903589744 0.146982565620923 0.1215 1977184.23298512
0.94 4 596530325.833333 596534565.666667 0.686666666666667 0.745 1561 0.0394042 0.054726097252529 0.1573 3006041.95804196
0.95 4 597907220.5 597911542 0.745 0.805 1178 0.0132221 0.0621505343814645 0.12555 1263761.05137395
0.96 4 599272794.555556 599277963.888889 0.805555555555556 0.847777777777778 1683 0.030744510828877 0.0298187006044438 0.154955555555556 2380902.88937238
0.97 4 600027670 600031417 0.88 0.87 295 0.0215749 0 0.1053 2458678.06267806
0.98 4 601418179.5 601427144 0.985 0.885 355 0.0328555374647887 0.0702611792032862 0.2093 1883738.41174135
0.99 4 602526005 602529976.5 1.015 0.895 355 0.0492844611267606 0.120833807704108 0.08965 6596916.15751396
1 4 603598534.5 603601415 1 0.89 544 0.0314093847426471 0.0138693218990556 0.13105 2876097.80169221
1.01 4 604527739.333333 604533731.666667 0.97 0.89 1259 0.0404061494042891 0.0319387019671337 0.2252 2153080.78530848
1.02 4 605644071 605649078 1.02 0.9 834 0.0161854 0.195242626070409 0.0882 2202095.23809524
1.03 4 606225436 606234907 1.04 0.91 715 0.0105804 0.0554956334354089 0.0944 1344966.10169492
1.04 4 607284154.5 607288395 1.025 0.91 259 0.0214079586872587 0.159685952323183 0.2632 976046.748659211
1.05 4 608188492 608193955.2 0.992 0.91 1428 0.0384264764005602 0.0552030872344208 0.15154 3042877.89894894
1.06 4 609232390 609237470.5 0.92 0.9 1310 0.028217187480916 0.107570882817142 0.15105 2241683.21596155
1.07 4 610930296 610934429 0.86 0.89 235 0.0137303 0.139080719285085 0.1322 1246320.72617247
1.08 4 612081703.5 612095549.5 0.83 0.86 1368 0.00754890131578947 0.100881550382462 0.09375 966259.368421053
1.1 4 614000611 614003196.5 0.805 0.81 247 0.0423041421052632 0.0225894036983831 0.2144 2367769.14768264
1.11 4 615558368.5 615566476.5 0.81 0.76 908 0.0303732977973568 0.116061425446934 0.17955 2029961.42338224
1.12 4 617267869.5 617279026 0.47 0.67 1055 0.0303414418957346 0.00742477793311844 0.11205 3249418.14144413
1.13 4 618979192.333333 618983959 0.443333333333333 0.696666666666667 681 0.0561054685756241 0.0152652322852376 0.121533333333333 5539761.02227775
1.14 4 621042234.5 621047239 0.755 0.675 597 0.0344218994974874 0.163454913154212 0.1769 2335007.31469672
1.15 4 622003604.5 622008718.5 0.97 0.72 1116 0.0336474156810036 0.126416175549801 0.17315 2331902.90598928
1.16 4 623117396 623123334 1.27 0.8 16 0.0314136 0.516005806402323 0.0502 7509227.09163347
1.17 4 623744831 623750459 1.25 0.85 419 0.0472511 0.0731491965266417 0.1235 4591200
1.18 4 625420634.333333 625425881.333333 0.493333333333333 0.94 994 0.0343586287726358 0.0887584552066311 0.113233333333333 3641185.26881039
1.19 4 627004063 627010259 0.97 0.94 52 0.046035 0.0260775496904529 0.116 4762241.37931034
1.2 4 628189120.333333 628194334 1.21666666666667 0.97 2049 0.0120601795998048 0.120071229981027 0.147233333333333 982944.228193281
1.21 4 628801846 628803652 1.23 0.98 153 0.0126206 0 0.3866 391741.334712882
1.22 4 629601122 629604236 1.18 0.99 154 0.0329058 0.0120770198566818 0.1739 2270670.50028752
1.24 4 630953232 630957269 1.24 1 97 0.0838127 0.125460699870067 0.1797 5596841.40233723
1.25 4 632243301.5 632249572.5 1.04 1 692 0.0670887531791907 0.0548602815786866 0.26645 3021448.82023002
1.26 4 632965546.25 632968873.5 0.915 1 1105 0.0614905429864253 0.0311845344279111 0.168625 4375902.24365962
1.27 4 633904191 633908475.333333 0.843333333333333 1 618 0.0616293236245955 0.0341418243248956 0.414066666666667 1786069.59465902
1.28 4 634929343.75 634933659.5 0.77 1 964 0.0393173884854772 0.095778470046241 0.136025 3468543.73700221
1.29 4 636390222.5 636396466 0.67 1 2386 0.0294568109388097 0.0519139538013649 0.17985 1965425.25029589
1.3 4 639213994 639219642 NA NA 554 0.0163877 0.067874076288924 0.1977 994701.062215478
1.31 4 640678001.555556 640686139.111111 NA NA 4472 0.024163263618068 0.0789208831367463 0.155266666666667 1867491.39169267
1.32 4 644314410.8 644318730.2 NA NA 1034 0.0643280159574468 0.0265440304191667 0.25042 3082566.05498507
0 5 391930 397844 NA NA 491 0.0153778 0 0.0985 1873437.56345178
0.01 5 542765 547180 2.53 1.45 508 0.00960205 0.0126011632932551 0.1543 746756.966947505
0.05 5 2254287.5 2261846 2.38 1.41 844 0.0352767187203791 0.0862895609769834 0.18615 2274083.398574
0.07 5 3141079 3152916 2.3 1.39 687 0.030832 0.120739491437468 0.1214 3047644.15156507
0.11 5 4729240 4734718 2.15 1.35 290 0.0256866 0.121513941121051 0.1634 1886408.8127295
0.13 5 5887891.5 5927716.5 2.055 1.315 1481 0.0149005979743417 0.0972433024725417 0.1395 1281771.86876057
0.14 5 6160787 6166162 2.04 1.31 391 0.0254463 0.0947972789757253 0.0919 3322694.23286181
0.15 5 6662885 6671504 2 1.29 662 0.0231895 0.0821376053817461 0.1337 2081331.33881825
0.16 5 7558219 7562406 1.93 1.26 229 0.0192364 0.106567756960762 0.184 1254547.82608696
0.2 5 9866256 9870141 1.72 1.21 196 0.062683 0 0.1385 5431018.05054152
0.21 5 10156146 10160096 1.7 1.2 494 0.0488995 0.075589729956339 0.1603 3660598.87710543
0.24 5 12058959 12064320 1.57 1.15 265 0.0748544 0.0153109236063611 0.1105 8128984.61538462
0.26 5 13032905 13036977 1.48 1.13 696 0.0228769 0.085193798110758 0.0978 2806981.59509202
0.29 5 15466011.5 15475324.5 1.24 1.075 915 0.0153079551912568 0.0124120165028662 0.09725 1888899.35521935
0.3 5 16007525 16014237 1.2 1.06 228 0.0289408 0.17547199800973 0.0972 3572938.27160494
0.31 5 16921054 16928216.3333333 1.14 1.04333333333333 1482 0.0446539781376518 0.0247365593715186 0.111766666666667 4794343.01507744
0.33 5 19372145 19373859 1.03 0.99 112 0.0489886 0 0.2392 2457622.0735786
0.34 5 19819579.3333333 19822652 1.02 0.98 381 0.0572216002624672 0.0501228820786923 0.203233333333333 3378674.11751487
0.35 5 21488062 21493613.5 0.87 0.925 859 0.0431459436554133 0.0725995643677963 0.14385 3599244.517657
0.36 5 22616947 22620731 0.81 0.9 347 0.0402887 0.0462933775475506 0.1248 3873913.46153846
0.37 5 23671032 23677690 0.78 0.87 879 0.018076 0.0848052666519142 0.08 2711400
0.38 5 24509754.3333333 24515416.6666667 0.78 0.846666666666667 652 0.0224219964723926 0.229589975176176 0.1795 1498963.55247193
0.39 5 26354880.5 26478186 0.72 0.8 365 0.0308057726027397 0.0267085940217396 0.1002 3689314.08416045
0.41 5 28925880.5 28930157.5 0.605 0.745 722 0.034871328531856 0.0455845326295573 0.11355 3685213.0548857
0.42 5 30204145 30208618 0.55 0.72 475 0.0202871 0.0530603191190461 0.1998 1218444.44444444
0.43 5 33201176.3333333 33207265 0.436666666666667 0.666666666666667 1180 0.0372021911016949 0.0587729365448461 0.148733333333333 3001521.46943303
0.44 5 34414990 34417701 0.39 0.65 116 0.0576184 0.112918789831026 0.1692 4086411.34751773
0.45 5 39811990 39818310 0.25 0.43 559 0.0400845 0.135340343524305 0.0933 5155562.70096463
0.46 5 42610726.6 42615036 0.228 0.322 1612 0.0295317392679901 0.0940709658771744 0.11346 3123399.18223057
0.47 5 57050942.5294118 57066613.0588235 0.000588235294117646 0.0247058823529412 5576 0.0176126783213773 0.0994678927848016 0.101823529411765 2075670.92868918
0.48 5 200490955.342466 200502871.082192 0.00267123287671233 0.00589041095890411 59428 0.00496013765604232 0.125295834421659 0.116648630136986 510264.473767146
0.49 5 354704454.227273 354710606 0.0481818181818182 0.03 7929 0.00693706976920166 0.176227467126761 0.1113 747932.05058778
0.5 5 371472464.555556 371505567.777778 0.0977777777777778 0.04 3396 0.0111506944375736 0.113471465060695 0.135477777777778 987677.355251333
0.51 5 381640777.666667 381646669.166667 0.0783333333333333 0.04 2426 0.00479466813685078 0.198047900556342 0.1289 446361.657425985
0.52 5 409895582.309091 409910832.436364 0.0187272727272727 0.0447272727272727 21744 0.00661660611014533 0.146173267037507 0.115690909090909 686305.20708721
0.53 5 444209387.419355 444214197.903226 0.0425806451612903 0.0387096774193548 9113 0.0132546729715791 0.0885982407758536 0.127545161290323 1247056.91732907
0.54 5 461614236.5 461619197.25 0.12375 0.10125 3072 0.0124594815397135 0.16399344594372 0.0990375 1509668.34256279
0.55 5 468547181.5 468565384.75 0.14375 0.15125 3070 0.00779093576221498 0.0877328851089047 0.1304 716957.27873144
0.56 5 475004859 475009873.666667 0.19 0.213333333333333 1938 0.00925144922600619 0.164218616885204 0.220816666666667 502758.203843645
0.57 5 479665296.5 479670183.166667 0.238333333333333 0.261666666666667 1692 0.0326650735177305 0.0450841879377927 0.116366666666667 3368497.98521426
0.58 5 483334929.111111 483338841 0.261111111111111 0.276666666666667 2531 0.0253814258316871 0.0730048062140635 0.133966666666667 2273529.06180825
0.59 5 487540489 487546655.142857 0.284285714285714 0.292857142857143 1283 0.0329294213561964 0.154135433132459 0.120257142857143 3285900.91936386
0.6 5 489074235 489081274 0.29 0.3 724 0.0114719 0.0700567473565843 0.1309 1051663.86554622
0.61 5 494097364.333333 494103117.333333 0.32 0.32 605 0.0462735710743802 0.100157234853781 0.1687 3291540.32538567
0.62 5 495851558.5 495861955.5 0.331666666666667 0.331666666666667 2155 0.0246621703573086 0.141238802012226 0.106783333333333 2771462.87767476
0.63 5 498964066.5 498971619 0.35 0.35 384 0.023265990625 0.146559684689979 0.17525 1593106.34807418
0.64 5 502086396 502090859 0.37 0.36 826 0.0294283027845036 0.06969329500338 0.135 2615849.13640032
0.66 5 506318084.5 506322161.5 0.395 0.385 506 0.017957962055336 0.183374397616005 0.2449 879932.807938063
0.67 5 508793003 508795550 0.405 0.405 132 0.011893953030303 0.18310121682663 0.1415 1008674.46193383
0.68 5 510237618 510242227 0.42 0.41 104 0.103897 0.00567228120157464 0.108 11544111.1111111
0.69 5 513536502.25 513539543.25 0.44 0.4375 685 0.0421976783941606 0.0422392767537905 0.2304 2197795.74969586
0.7 5 515221055 515225745 0.451428571428571 0.45 1740 0.0322185566896552 0.0894325283659474 0.168 2301325.47783251
0.71 5 517604097 517610047 0.47 0.47 267 0 Inf 0.1658 0
0.72 5 519309968 519324125.333333 0.48 0.483333333333333 847 0.0151716989374262 0.120490344719231 0.1733 1050550.41690199
0.73 5 523521527 523527044 0.51 0.52 256 0.0562564 0.0536646497109662 0.1709 3950127.55997659
0.74 5 525908806 525914010 0.53 0.54 195 0.0439441 0.148424930764312 0.1084 4864660.51660517
0.75 5 526922791.5 526928462 0.53375 0.545 1754 0.017750939397296 0.142268677811231 0.123175 1729338.52459957
0.76 5 529089969.5 529096127.5 0.545 0.565 1405 0.0322418655516014 0.048207564554819 0.10365 3732777.48788439
0.77 5 530577944.25 530582034.75 0.56 0.575 1249 0.0227664817453963 0.0665261426472275 0.112675 2424653.03700693
0.78 5 532471852 532484362 0.58 0.59 547 0.044416 0.0511750270172911 0.1557 3423198.45857418
0.79 5 534238516.25 534242568.75 0.6 0.6125 1323 0.0366468198790627 0.18115090215591 0.097325 4518487.93782433
0.8 5 536044675.5 536050681.5 0.61 0.635 1310 0.0190113600763359 0.0616482581003386 0.20945 1089216.14187649
0.81 5 537837435 537842536.333333 0.62 0.66 994 0.0368560075452716 0.182838466923516 0.0946333333333333 4673533.89091151
0.82 5 538759097 538762112.5 0.6325 0.6725 1418 0.016048115303244 0.102732714550336 0.119875 1606484.95214956
0.83 5 540475553.6 540479478.2 0.652 0.692 705 0.0490321411347518 0.0775377239526442 0.19422 3029480.45318207
0.84 5 542202569.5 542206662.5 0.675 0.71 329 0.0564506282674772 0.0757126472411939 0.1594 4249733.62114007
0.86 5 545184014.75 545188486.25 0.7275 0.74 757 0.0112642208586526 0.296178891174228 0.200775 673244.429355402
0.87 5 546308846.666667 546317385 0.763333333333333 0.743333333333333 717 0.019333620223152 0.0933760982207904 0.125733333333333 1845202.3542775
0.88 5 547521422 547525660 0.79 0.753333333333333 867 0.0212051619377163 0.278126397854184 0.170566666666667 1491862.08668709
0.89 5 548944998 549006264 0.82 0.76 295 0.0226094 0.0281323697223279 0.0865 3136564.16184971
0.9 5 549603177.5 549606541.75 0.8275 0.77 972 0.0362903225308642 0.0691576545896081 0.12485 3488056.63092007
0.91 5 551814449.5 551825611.5 0.84 0.78 458 0.049161623580786 0.0163524877456604 0.14235 4144288.60533496
0.92 5 552500279.666667 552506387.666667 0.833333333333333 0.78 2351 0.0250241918843046 0.115705267444143 0.119483333333333 2513240.08323327
0.93 5 553901689 553907971 0.87 0.795 968 0.0318500864669422 0.082223203806513 0.1757 2175304.71032047
0.94 5 554794639 554798859 0.91 0.815 1710 0.0147458212730994 0.137489122745078 0.106283333333333 1664888.08477836
0.95 5 556114733.666667 556117965 0.94 0.836666666666667 381 0.0226451569553806 0.153751808339475 0.142833333333333 1902510.26929685
0.96 5 556610598.666667 556614262.666667 0.94 0.84 891 0.014903141369248 0.254333540520298 0.1963 911042.773463965
0.97 5 557983323 558058293.5 0.925 0.855 471 0.0199959763481953 0.251963988007668 0.0979 2450987.90784825
0.98 5 559247862 559253146.2 0.884 0.86 1338 0.034794846935725 0.0479113101966725 0.17396 2400196.38554093
1.01 5 562444113.25 562448068.75 0.895 0.8525 1200 0.042446624 0.0404226650628328 0.173225 2940450.21215183
1.02 5 563587746.666667 563592900.666667 0.873333333333333 0.843333333333333 693 0.0410745245310245 0.0905164685785389 0.176733333333333 2788915.28313256
1.03 5 565028777.5 565032839.5 0.86 0.85 1147 0.0161524299215344 0.159445706834173 0.1293 1499065.42195215
1.04 5 565764061.666667 565771349.666667 0.86 0.86 1826 0.0277299610624315 0.042799901472717 0.150933333333333 2204678.88305551
1.05 5 567434189 567439163 0.85 0.86 537 0.0624197770949721 0.046033886212525 0.1722 4349810.2505207
1.06 5 568165864.625 568169937.375 0.85 0.87 1345 0.0309355802973978 0.0462375205143592 0.1571875 2361682.4720081
1.07 5 569381088.5 569384205.5 0.84 0.87 439 0.0481090469248292 0.0247439334811107 0.1667 3463158.74683833
1.08 5 571313619 571321435 0.84 0.87 118 0.0311172 0.0384600799557801 0.1181 3161781.54106689
1.09 5 572440690 572443155 0.83 0.87 147 0.0126493 0.218718031827848 0.12 1264930
1.1 5 572623227.5 572626891 0.83 0.87 368 0.0171645130434783 0.0607525182137666 0.14625 1408370.30100334
1.11 5 574614503 574619304 0.83 0.87 738 0.0165747 0.0631607208576928 0.1179 1686992.36641221
1.12 5 575264981 575269122 0.83 0.86 49 0.0531655 0 0.1947 3276764.25269646
1.13 5 576516336 576518982 0.83 0.86 40 0.0142518 0.305293366451957 0.2941 581508.33049983
1.14 5 577522298 577536014 0.83 0.85 159 0.0172956 0.0755608362820602 0.0787 2637194.40914867
1.15 5 579356711 579360517.5 0.805 0.84 423 0.0675850680851064 0.0445491673818672 0.15495 5234080.78103438
1.16 5 580882626 580891670 0.8 0.83 158 0.0284517101265823 0 0.23455 1455640.68010653
1.17 5 581609161.2 581614032 0.8 0.824 1182 0.0496132590524535 0.0472278458932644 0.16664 3572726.28798273
1.18 5 582853700.2 582858637.8 0.8 0.812 3500 0.0201068402857143 0.065497957688628 0.11938 2021126.51556853
1.19 5 584644735.5 584649186.5 0.81 0.79 480 0.01969998125 0.120549099507392 0.1187 1991573.50463353
1.2 5 585819850.5 585823752.5 0.835 0.78 844 0.0338435734597156 0.108705195663237 0.19385 2095036.78883976
1.22 5 587858941.571429 587864998 0.884285714285714 0.768571428571429 2992 0.025593080447861 0.150256451767185 0.148714285714286 2065147.70184469
1.23 5 588993617.75 588999715.25 0.8475 0.7525 882 0.0360022296145125 0.0579681271894218 0.175875 2456442.10589424
1.24 5 589773905.2 589781291.8 0.814 0.742 3068 0.0256125840938722 0.0283604276326439 0.1297 2369707.08655718
1.25 5 591384125.285714 591389543.857143 0.627142857142857 0.738571428571429 1762 0.0320803009931896 0.0313168719641191 0.123542857142857 3116032.93643377
1.26 5 593046509.5 593052645 0.6075 0.725 1402 0.0388311305278174 0.0630903769742959 0.200425 2324927.36102686
1.27 5 595047284.5 595053348.5 0.695 0.68 1766 0.0280105475651189 0.0677532349032005 0.084325 3986084.44448772
1.28 5 596101987.5 596113326 0.745 0.625 2699 0.0108257945905891 0.029878756327309 0.0676 1921738.68471996
1.29 5 597528078.666667 597535147.333333 0.721666666666667 0.581666666666667 2990 0.0392389068561873 0.0753813988277444 0.113766666666667 4138882.64524683
1.3 5 598657734 598683971 0.67 0.575 773 0.0124450522897801 0.0948736548141055 0.1124 1328653.26937154
1.31 5 600503489.4 600508321 0.592 0.614 1508 0.0238228479442971 0.0941908021412262 0.1378 2074558.60182558
1.32 5 602806553.571429 602814094.428571 0.437142857142857 0.595714285714286 2429 0.024497134557431 0.1006089004805 0.121242857142857 2424601.51151668
1.33 5 604949108.444444 604953749.777778 0.54 0.602222222222222 2013 0.0405395428713363 0.0858394634367761 0.114866666666667 4235123.45724929
1.34 5 606464049.4 606468465 0.608 0.626 1249 0.0470272658126501 0.0489471840220794 0.14804 3811991.28446232
1.35 5 607255067 607257793 0.67 0.65 84 0.0607189 0.0121904711712498 0.102 7143400
1.36 5 609160054.285714 609165244.571429 0.744285714285714 0.655714285714286 2190 0.0442028588584475 0.0459175861545161 0.148085714285714 3581941.0998549
1.37 5 610477815.5 610482702.5 0.78 0.615 242 0.0118463 0.294069341175189 0.07295 1948671.69294037
1.38 5 611743175.5 611745822 0.78 0.61 519 0.051673076300578 0.00232836294864125 0.4452 1392805.2911207
1.39 5 612627123 612636456 0.79 0.61 166 0.026557 0.110218021613887 0.1016 3136653.54330709
1.4 5 615143380.333333 615162976.833333 0.533333333333333 0.601666666666667 1309 0.0306462606569901 0.0577932138582107 0.157266666666667 2338417.51515821
1.41 5 616614253.666667 616622138.333333 0.453333333333333 0.593333333333333 1326 0.0172443807843137 0.106851885891968 0.1316 1572435.93777937
1.42 5 618929316 618933510.666667 0.443333333333333 0.54 1026 0.0274575937426901 0.0417477414484525 0.121966666666667 2701485.03617612
1.43 5 621075093.2 621081038.2 0.442 0.51 1661 0.0298087027513546 0.0588959620218891 0.13846 2583449.61011307
1.44 5 623757291.111111 623763424 0.511111111111111 0.553333333333333 2337 0.0309240870945657 0.0573633583594487 0.136455555555556 2719486.52895782
1.45 5 625386644.5 625390404.25 0.7 0.5625 516 0.0226727089147287 0.116501872474521 0.2384 1141243.73731856
1.46 5 626641496.8 626651937.4 0.768 0.574 1867 0.025358376004285 0.103515443786772 0.11122 2736023.30562326
1.48 5 629868085.5 629872054.333333 0.535 0.648333333333333 1556 0.0353608106683805 0.0427485776476142 0.1683 2521269.92287918
1.49 5 631352615 631357301.142857 0.48 0.65 2343 0.0305623893299189 0.0361867170830851 0.232785714285714 1575477.57208542
1.51 5 634584920 634590431.5 0.715 0.62 630 0.0275449098888889 0.0128205030048928 0.1372 2409175.7920311
1.52 5 636546405.5 636554670.333333 0.723333333333333 0.62 2212 0.0254833639240506 0.0524911443928396 0.133983333333333 2282376.16933903
1.53 5 637221446.25 637229504.25 0.71 0.625 964 0.0364796585062241 0.092808607188657 0.152925 2862552.89896805
1.54 5 639067028.6 639071243.2 0.712 0.64 1037 0.0365048637608486 0.0965111402711085 0.15084 2904125.99529424
1.55 5 640183688 640187019 0.58 0.65 347 0.0434395458213256 0.0466422732088155 0.2679 1945780.32794292
1.56 5 642395924.75 642402916.625 0.52375 0.65 1664 0.0415641259014423 0.0403327087168387 0.1575 3166790.54487179
1.57 5 644342965.285714 644351459.857143 0.602857142857143 0.685714285714286 2518 0.0307365598888006 0.0592985561982807 0.133185714285714 2769356.46321919
1.58 5 645969077.5 645972247.5 0.71 0.715 358 0.0395960335195531 0.0541691397338202 0.11895 3994555.71445681
1.59 5 646998597 647003408.5 0.735 0.725 599 0.0328409388981636 0.069244900487209 0.0725 5435741.61073053
1.6 5 648345235.333333 648348666.333333 0.753333333333333 0.736666666666667 1030 0.0124109525436893 0.156902540996454 0.250333333333333 594932.478792031
1.61 5 649605300.666667 649611265.666667 0.823333333333333 0.74 1549 0.0391299554551323 0.0413805016245795 0.0991 4738238.80385054
1.62 5 651311244.666667 651320000.166667 0.791666666666667 0.74 2695 0.0363840177365492 0.0648876949150127 0.126033333333333 3464228.08388196
1.63 5 651930207.5 651934018.5 0.785 0.745 771 0.0535493941634241 0.00146799455035549 0.18265 3518164.41259835
1.64 5 653307267 653313755.333333 0.793333333333333 0.763333333333333 811 0.0352723779284834 0.136660513215482 0.116866666666667 3621807.20315288
1.65 5 654684138 654689663 0.8 0.78 416 0.0439634 0.0542740097444693 0.1763 2992403.85706183
1.66 5 656200305.5 656203332 0.865 0.78 270 0.0292641288888889 0 0.1017 3452994.55916093
1.67 5 657444374.6 657452200.8 0.89 0.768 762 0.0248953757217848 0.0557934096089049 0.1364 2190209.00778165
1.68 5 657968221.8 657974135.8 0.886 0.758 1222 0.0484490912765957 0.0597534462580914 0.15474 3757199.78880153
1.69 5 659454658.75 659461785.75 0.8075 0.7325 1898 0.0347762077976818 0.107639302601819 0.14845 2811145.12342325
1.71 5 661880835 661884890.8 0.712 0.728 988 0.0439622296558704 0.0360606083761694 0.2196 2402307.63146833
1.72 5 664245475 664248148 0.54 0.71 211 0.00894041 0.379315937412266 0.2892 370971.369294606
1.73 5 665247675 665252943.25 0.47 0.705 1480 0.0341481145945946 0.143638486977841 0.3086 1327859.2843005
1.74 5 668015367 668020874.75 0.326666666666667 0.683333333333333 2474 0.044107014672595 0.0936170352334157 0.176625 2996654.92467737
0 6 991240 996690.5 0.26 1.4 708 0.0691581251412429 0.0333061455091761 0.1798 4615670.19852567
0.02 6 4781177 4786863 0.88 1.42 159 0.0842206 0.0299533605792407 0.2554 3957115.11354738
0.03 6 5439966 5445539 0.98 1.42 1565 0.0587885002555911 0.0449890611226873 0.4467 1579274.68786007
0.04 6 6405748.16666667 6426691.33333333 1.115 1.43 1985 0.0464471659445844 0.124501107102278 0.17305 3220837.85804688
0.06 6 7916348 7924212 1.37 1.44 1133 0.0284701 0.255417437943667 0.0786 4346580.15267176
0.07 6 8492298.5 8499650 1.4 1.44 1178 0.0264886823429542 0.0580587234683995 0.1764 1801951.1797928
0.11 6 10691525 10695891 2.03 1.44 290 0.0759273 0 0.2174 4191019.31922723
0.12 6 11567133 11574185 1.9 1.43 76 0.134406 0.0605874737734923 0.2617 6163056.93542224
0.17 6 14070015 14075205 1.65 1.51 300 0.0914545 0.0263427168701376 0.1459 7521960.24674434
0.2 6 16416655 16422215 1.54 1.54 219 0.0380598 0.164330343301857 0.0711 6423594.93670886
0.21 6 16715361.6 16718795.2 1.524 1.54 753 0.0635308239043825 0.0630792259400036 0.1783 4275770.53759164
0.22 6 17167823 17172865 1.5 1.54 286 0.0500618 0.0888971231557795 0.1478 4064557.51014885
0.24 6 18667078.5 18670112.5 1.445 1.505 484 0.0580015309917355 0.0590189404732513 0.17995 3867843.13365283
0.26 6 19616412 19621427 1.41 1.47 314 0.0266293 0.0562763572455904 0.1264 2528098.10126582
0.29 6 22737859.3333333 22744054.3333333 1.27666666666667 1.34 625 0.0413360944 0.0555210708053734 0.1408 3522962.59090909
0.3 6 23621073 23626364 1.23 1.35 281 0.0112719 0.289087021708851 0.152 889886.842105263
0.31 6 24531175 24538802 1.20333333333333 1.34 232 0.0454545310344828 0.189178010704748 0.107233333333333 5086612.11452092
0.32 6 25297583 25302029 1.19 1.32 52 0.0455782 0 0.1734 3154200.69204152
0.33 6 25869026 25874898 1.19 1.31 372 0.0158737 0.0431220824382469 0.1428 1333924.3697479
0.34 6 26592992 26596954 1.19 1.28 81 0.0147015 0 0.3314 532341.581170791
0.36 6 28283453.5 28286469 1.345 1.185 529 0.0234298162570888 0.137778306942647 0.11245 2500291.64148569
0.37 6 28874093 28879160 1.35 1.14 544 0.0357920795955882 0.113770526262452 0.13245 3242770.51828659
0.39 6 30606156 30646860 1.17 0.995 469 0.0233605049040512 0.0170130232201366 0.16925 1656283.95183819
0.4 6 30983493 31024798.5 1.095 0.955 241 0.0595383933609958 0.00861723229352728 0.12275 5820453.93345784
0.41 6 32156997.5 32160082 1.005 0.875 366 0.0225477868852459 0.0148696746073003 0.07725 3502568.83654305
0.42 6 33093409.3333333 33097819.6666667 0.933333333333333 0.816666666666667 577 0.0277622864818024 0.151227456286424 0.0855333333333333 3894942.7643994
0.43 6 34505371 34510669.75 0.775 0.7425 576 0.0341533587326389 0.110142253207493 0.077425 5293384.6275966
0.44 6 36601001.5 36608307.5 0.455 0.64 274 0.0513881394160584 0.0546334380234378 0.1614 3820679.51048761
0.45 6 37778350 37782412.3333333 0.456666666666667 0.59 739 0.0323871219756428 0.0603726315124683 0.265866666666667 1461805.9066238
0.46 6 39761654 39767122 0.48 0.44 349 0.0212469 0.172508460057703 0.145 1758364.13793103
0.47 6 45595347.9285714 45602329.2857143 0.154285714285714 0.252857142857143 5330 0.0169526438217636 0.133904026156194 0.143628571428571 1416373.66324661
0.48 6 55016648.1428571 55030952.2142857 0.0914285714285714 0.085 7341 0.0236231108976979 0.0697283193230716 0.124314285714286 2280327.87337005
0.49 6 72074764.5882353 72081727.1176471 0.0417647058823529 0.0464705882352941 10270 0.019785073677702 0.0813674129694588 0.132776470588235 1788124.68113203
0.5 6 102219564.375 102229586.375 0.04 0.0075 4364 0.00754242497021082 0.132177105438556 0.18455 490431.317488647
0.51 6 126259738.4 126268112.1 0.0336666666666667 0.033 11856 0.00993968496876309 0.110746717830824 0.12528 952077.104287652
0.52 6 156125403.909091 156132856.69697 0.0287878787878788 0.0296969696969697 12465 0.00823780330958684 0.110719591952068 0.118909090909091 831337.948673901
0.53 6 229696464.688525 229715974.393443 0.01 0.00901639344262295 22994 0.00290249580738453 0.165707298582435 0.107091803278689 325234.505557585
0.54 6 340503767.702128 340511848.87234 0.0102127659574468 0.021063829787234 14971 0.00341695901558666 0.20481007556563 0.110546808510638 370915.350153179
0.55 6 381736230.142857 381744421.857143 0.0871428571428571 0.08 2862 0.00577091843116702 0.171310348484564 0.0958 722870.78469733
0.56 6 392305585.125 392315756.625 0.1525 0.08375 4096 0.00951278575439453 0.101733786911473 0.1352125 844252.040696935
0.57 6 396682031.222222 396686786 0.151111111111111 0.0866666666666667 2910 0.0105616711340206 0.110084613581828 0.124422222222222 1018628.75734437
0.58 6 405000758.285714 405006966.571429 0.127142857142857 0.08 1754 0.00645784572976055 0.178653118293635 0.105385714285714 735338.26935053
0.59 6 424552439.095238 424560641.142857 0.0423809523809524 0.0733333333333333 5501 0.0145917476054354 0.115493235359552 0.131104761904762 1335580.55955605
0.6 6 449601224.6 449607297.7 0.065 0.052 3812 0.00975139505535152 0.0861304437140668 0.1176 995040.311770563
0.61 6 461400821 461404677.555556 0.101111111111111 0.0677777777777778 1983 0.00568864706001009 0.153333510179921 0.142288888888889 479754.710667725
0.62 6 466837909.4 466843542 0.13 0.084 1126 0.014767040079929 0.100895858087991 0.13198 1342661.62266364
0.63 6 477461497.666667 477464890.333333 0.15 0.13 969 0.0201646299380805 0.0992807179301538 0.1511 1601426.59997992
0.64 6 480622216.666667 480643620 0.132222222222222 0.131111111111111 5927 0.00924828916483887 0.0980323317408238 0.149088888888889 744384.580267252
0.65 6 490907916.928571 490914483.857143 0.105714285714286 0.135714285714286 4521 0.0197424940322937 0.0882069014677913 0.111192857142857 2130621.82657246
0.66 6 500464202.857143 500468641.714286 0.167142857142857 0.192857142857143 3400 0.0172585714352941 0.0607614928065902 0.142642857142857 1451897.84733571
0.67 6 504981032.5 504985184.875 0.21625 0.1875 2187 0.0349448031981188 0.0616195815000795 0.1310625 3199524.18409099
0.68 6 508874725.142857 508881243.571429 0.252857142857143 0.247142857142857 2495 0.0231700402164329 0.0423682064478403 0.137 2029492.57370215
0.69 6 512839275.714286 512844333.714286 0.294285714285714 0.251428571428571 2175 0.0370318831448276 0.0791603350117916 0.156571428571429 2838210.02204883
0.7 6 516519409 516522218 0.31 0.28 110 0.0353037 0.0599124171120874 0.1646 2573781.28797084
0.71 6 519639753.777778 519646394.555556 0.306666666666667 0.36 3614 0.00713381282512452 0.098504900523133 0.135211111111111 633126.621015242
0.72 6 522361594.333333 522366290.333333 0.326666666666667 0.446666666666667 1809 0.0114958231011609 0.0719630204197333 0.104166666666667 1324318.82125373
0.73 6 525434134 525458618 0.34375 0.5125 6405 0.0174295225573771 0.104520330047834 0.1087625 1923036.6228114
0.74 6 527874371.666667 527879446 0.476666666666667 0.563333333333333 1419 0.0321921811134602 0.0213492545703925 0.1826 2115586.9296907
0.75 6 530024579.25 530030066.5 0.53875 0.60375 2813 0.0231013747955919 0.0354544743085444 0.107275 2584166.83800608
0.76 6 532391620 532399686.5 0.615 0.65 305 0.0146002943934426 0.249517313236121 0.11525 1520204.18847125
0.77 6 533515175 533519218 0.66 0.67 1025 0.0220471970731707 0.140148798296444 0.09305 2843270.98203169
0.78 6 534645227 534665057 0.7 0.69 998 0.00864499 0.0689892064652475 0.0972 1067282.71604938
0.79 6 536263511.75 536270587.75 0.765 0.7175 1551 0.037939176273372 0.0583054251565416 0.101775 4473300.07644769
0.8 6 538135253 538139021 0.84 0.75 122 0.0512156 0.0117752403564539 0.4102 1498262.31106777
0.81 6 538801564 538806092.5 0.93 0.79 538 0.044642726394052 0.0838031589155417 0.1424 3762027.50511675
0.82 6 540207325 540211438 1.04 0.85 202 0.0583735 0.0250790170197093 0.1314 5330913.24200913
0.83 6 540229977 540233214 1.04 0.85 44 0.0482442 0 0.15 3859536
0.84 6 541669443.333333 541676439.666667 1.05333333333333 0.883333333333333 943 0.0412502178154825 0.127035011845074 0.1419 3488390.51293721
0.85 6 542485141.333333 542492873 1.00666666666667 0.89 1982 0.0303926526740666 0.107606386545412 0.138633333333333 2630765.80011156
0.86 6 543759296 543782059 0.98 0.885 1022 0.0253672794520548 0.08150889718035 0.2703 1126183.32750521
0.87 6 544790124.5 544797733.5 0.965 0.865 1323 0.0226651428571429 0.100453214741927 0.0838 3245605.18240709
0.88 6 545759667 545766618.666667 0.933333333333333 0.84 1396 0.0315166153295129 0.100704550710562 0.156233333333333 2420734.26896195
0.89 6 546736202 546742587.333333 0.893333333333333 0.846666666666667 418 0.0374446188995215 0.100988119571061 0.177466666666667 2531942.67539965
0.9 6 547552746 547555508 0.87 0.87 262 0.00680586 0.615106687472267 0.06 1361172
0.92 6 550278108.571429 550283594 0.851428571428571 0.88 2562 0.032465093754879 0.0974475563018142 0.189314285714286 2057853.81482783
0.93 6 551178718.75 551185217.5 0.83 0.8625 2138 0.029399010888681 0.111229474733122 0.099175 3557228.4412823
0.94 6 552596091.666667 552601483.166667 0.79 0.795 2161 0.0305414285515965 0.0758540111266106 0.13365 2742215.80710182
0.95 6 554621575.5 554625277.5 0.735 0.735 400 0.0414677625 0.0391334696440397 0.34525 1441312.52715424
0.96 6 554913125 554916781 0.73 0.73 328 0.0534596 0.13760297495679 0.1159 5535075.06471096
0.97 6 556367797 556374394 0.71 0.73 322 0.0541022 0.0199842150596464 0.2732 2376377.74524158
0.99 6 559366982.5 559373943 0.78 0.825 1306 0.0334579094946401 0.0622013819662856 0.12845 3125690.26030114
1.01 6 561785990.5 561789937 0.85 0.94 402 0.0390650674626866 0.138384132519428 0.18135 2584950.70059134
1.02 6 563080845.2 563086870.2 0.89 0.976 1754 0.0426675238312429 0.0467450045669336 0.14388 3558592.47966996
1.03 6 564076363.5 564081043 0.94 0.99 539 0.0728356769944341 0.0271278192406773 0.1141 7660193.89950228
1.04 6 564865795.5 564870526.5 0.99 1 618 0.0401375553398058 0.00948455483741566 0.11475 4197391.40808427
1.05 6 565852974 565858623.666667 1.08 1.00333333333333 1177 0.0443802727272727 0.0697878016901927 0.136033333333333 3914946.87131051
1.06 6 566835239 566840800 1.2 1.03 855 0.0440678 0.112026241382597 0.0936 5649717.94871795
1.07 6 568036829 568041120 1.29 1.05 419 0.0678365 0.019592844560082 0.2403 3387590.51186017
1.08 6 568605488 568649673 1.3 1.06 71 0.0388523 0.227950211441794 0.318 1466124.52830189
1.11 6 570542643.333333 570546924.666667 1.21666666666667 1.1 963 0.0217009283489097 0.0278004030434691 0.2888 901700.623915914
1.12 6 571860915.5 571866566.5 1.1 1.12 681 0.038116466226138 0.0382950342684731 0.13065 3500938.34453621
1.13 6 572429678 572432959 1.09 1.13 136 0.0361807 0.0550555959392715 0.0494 8788834.00809717
1.14 6 573670093 573678785 1.02666666666667 1.14333333333333 2414 0.0307288956917978 0.0163162934996447 0.1198 3078019.60184953
1.15 6 574986845.5 574991439.5 0.8225 1.1725 935 0.0377709403208556 0.0908572677659229 0.0974 4653503.94096784
1.16 6 575571747.5 575576615 0.98 1.18 1516 0.0365493709762533 0.0951909412068178 0.15765 2782064.39400596
1.17 6 576507757.333333 576513863 1.05 1.2 1452 0.0341255994490358 0.0514064831289334 0.177166666666667 2311423.48102594
1.18 6 577501037.666667 577505958 1.12666666666667 1.21 707 0.0320554695898161 0.0150660588476914 0.186933333333333 2057769.08921787
1.19 6 578737923.5 578743633.25 1.2025 1.2275 1904 0.0385838651260504 0.0864882887597059 0.113525 4078453.04129139
1.2 6 579439751.25 579443232.5 1.245 1.24 698 0.0654421686246418 0.0393255908615323 0.38075 2062524.02756586
1.22 6 581191755.5 581195932.5 1.345 1.27 693 0.0630143265512265 0.0262850643394425 0.31125 2429468.01161355
1.23 6 581557828.5 581566063 1.37 1.27 1935 0.03853926 0.0470817654516459 0.13135 3520906.88998858
1.25 6 583030898 583033812.333333 1.45666666666667 1.29666666666667 458 0.0379305093886463 0.0819046091947517 0.2757 1650947.08982138
0 7 879719.8 884145.8 0.2425 0.95 979 0.0593002034729316 0.0661514993036109 0.33722 2110202.36544445
0.01 7 3143913.8 3149029.6 0.457 0.963 3206 0.0477350109170306 0.0915919107123703 0.27617 2074157.69636227
0.02 7 5388913.5 5394283.5 0.7 0.97 529 0.0628132058601134 0.0460805445295164 0.09585 7863938.13585145
0.03 7 6668176.25 6677460 0.8125 0.97 2480 0.024922700483871 0.034359083712146 0.1484 2015312.70759064
0.04 7 8000360 8003900 0.89 0.97 455 0.0172728 0.0850533787226159 0.3184 650984.924623116
0.05 7 8553570 8557767 0.97 0.97 587 0.0426619 0.0343135209636702 0.0807 6343776.95167286
0.07 7 10463708.5 10470707.75 1.2125 0.97 1739 0.0421327263369753 0.0862543493625762 0.18305 2762047.06934555
0.08 7 11070940 11074601.3333333 1.25 0.97 511 0.0494754953033268 0.0181672508845342 0.165766666666667 3581576.17317467
0.1 7 12704624 12710290 1.26 0.97 350 0.0428308 0.0233845737179786 0.0724 7099027.62430939
0.12 7 14293803 14296558 1.14 0.96 216 0.0907256 0.02442089112665 0.1894 5748190.07391763
0.13 7 15828222.6666667 15831218.3333333 1.01333333333333 0.973333333333333 258 0.0448389434108527 0.0195780705196447 0.247366666666667 2175181.19227961
0.14 7 16666758 16674195 1.01 0.98 638 0.03149 0.0353270879644332 0.1587 2381096.40831758
0.15 7 17281461 17285913 1.02 0.98 252 0.0322273380952381 0 0.4369 885163.783801458
0.16 7 18786474.5 18792972.5 1.015 0.965 1006 0.0668198071570577 0.032076112834604 0.14485 5535641.60086083
0.17 7 19653248 19656980 0.99 0.95 88 0.0659341 0 0.2325 3403050.32258064
0.19 7 21858139 21861399 0.97 0.97 249 0.0619201 0 0.1211 6135765.48307184
0.2 7 22774331 22778129 0.95 0.97 97 0.0332825 0 0.0838 4765990.45346062
0.21 7 23638838 23644850.6666667 0.91 0.96 1418 0.0382403241184767 0.0394635650672151 0.092 4987868.36327957
0.22 7 24169846 24210540 0.88 0.95 464 0.0451664 0.0909025293138262 0.1017 5329368.73156342
0.23 7 26196461 26208756 0.87 0.88 273 0.0356257 0.0258266083192751 0.1025 4170813.65853659
0.24 7 27119001.3333333 27123648.6666667 0.843333333333333 0.86 535 0.0319533028037383 0.0841041609961546 0.0949 4040459.78550959
0.25 7 27861260 27864514 0.81 0.85 235 0.0461315 0.0299073301323391 0.1789 3094343.20849637
0.26 7 30135820.5 30138742 0.72 0.82 421 0.0803268268408551 0.00864507685364879 0.2733 3526973.73615171
0.27 7 31040892.5 31047167.5 0.71 0.82 792 0.0152095278787879 0.24314475231322 0.1107 1648729.3093537
0.28 7 32824153.3333333 32832469.3333333 0.743333333333333 0.82 541 0.0292344953789279 0.0832913387838108 0.120733333333333 2905692.52799946
0.29 7 33041572 33044300 0.75 0.83 105 0.00944056 0 0.0927 1222078.96440129
0.3 7 34796990 34945086 0.85 0.85 297 0.0364495 0.0727801478758282 0.1261 3468628.07295797
0.33 7 37833340 37839022 0.9 0.87 121 0.0501069 0.177874504309786 0.1721 3493798.95409646
0.34 7 39189002 39194783 0.9 0.87 458 0.0314373 0.0882047758554329 0.099 3810581.81818182
0.35 7 40415923.6666667 40418629 0.91 0.87 716 0.0393605473463687 0.0639722912713418 0.236766666666667 1994903.14581061
0.36 7 41698789 41703320 0.9 0.86 155 0.0418909 0.0334397207985505 0.2565 1959808.1871345
0.37 7 43039157 43048420 0.89 0.85 378 0.0271493 0.169583377840313 0.1874 1738482.39060832
0.38 7 44299043 44303906 0.88 0.83 347 0.0482322 0.154784770340146 0.072 8038700
0.39 7 44707903 44711262 0.87 0.82 358 0.0505268 0.0596627928149022 0.1739 3486610.69580219
0.4 7 45903788.5 45911445.5 0.86 0.795 989 0.0144911567239636 0.0732064399095882 0.0583 2982742.37886043
0.41 7 47595794 47598767 0.81 0.76 247 0.0415102 0.141204089597256 0.1865 2670897.58713137
0.42 7 48653834.6666667 48657792.3333333 0.796666666666667 0.735 1894 0.0418978991024287 0.0354812423910149 0.1307 3846784.92141656
0.43 7 49396794 49398889 0.8 0.72 171 0.0724803 0.0287871325035906 0.1464 5941008.19672131
0.44 7 51040903 51043976 0.84 0.7 158 0.0482375 0.00803621663643431 0.0413 14015738.4987893
0.45 7 52374516.6666667 52379022 0.83 0.683333333333333 1030 0.0548478783495146 0.0345264987611003 0.1208 5448464.73670674
0.46 7 52802331 52807075 0.81 0.68 279 0.0256002 0.078334544261373 0.1394 2203747.4892396
0.47 7 54702897 54706487 0.6 0.66 97 0.0518053 0 0.1841 3376771.31993482
0.48 7 57574633 57593308 0.46 0.62 1357 0.00767601 0.00586731908895377 0.0583 1579967.75300172
0.49 7 59281749 59405678 0.43 0.62 190 0.0417623 0.0731614398632259 0.1091 4593470.21081577
0.5 7 62553494 62559649 0.6 0.6 404 0.00921012 0.0327950124428346 0.1309 844319.633307869
0.51 7 63282271.6666667 63287360 0.633333333333333 0.596666666666667 1049 0.0321456141086749 0.0647430858386741 0.105233333333333 3665638.60599397
0.52 7 64924366 64929072.5 0.6225 0.575 1324 0.00871269931268882 0.251615889685434 0.141825 737192.961412063
0.53 7 66286590.5 66292082.5 0.635 0.56 501 0.0476325922155689 0.0763710964322484 0.12925 4422368.32949189
0.54 7 68460360 68469270.6666667 0.686666666666667 0.533333333333333 1504 0.0136016585172872 0.0697773503832638 0.1432 1139803.78636485
0.55 7 70044421 70049264.3333333 0.69 0.523333333333333 571 0.0301003479859895 0.0675548720172065 0.105433333333333 3425901.13024224
0.56 7 70930754.25 70937269.5 0.6775 0.5075 1044 0.0372744497126437 0.0262249239554521 0.185075 2416822.35067796
0.57 7 72294374.5 72303743 0.64 0.495 1037 0.0335799717647059 0.0447439082736152 0.11265 3577094.195974
0.58 7 74550588.5 74559177.5 0.535 0.47 869 0.00519128101265823 0.27765701107407 0.1494 416970.362462508
0.59 7 75860823.3333333 75867347.6666667 0.48 0.453333333333333 1819 0.0252213137987905 0.0467960610241391 0.136966666666667 2209703.81298725
0.6 7 77974150.5 77980632.25 0.42 0.4275 617 0.0380579072933549 0.0568847354203324 0.143275 3187540.65622236
0.61 7 81259106.6666667 81268464.3333333 0.353333333333333 0.386666666666667 1697 0.0325539446670595 0.0770835359607571 0.126466666666667 3088935.18190338
0.62 7 84105407 84129417.75 0.305 0.3525 773 0.0105973952393273 0.0342910847730441 0.17545 724814.721413095
0.63 7 87835037 87866804 0.24 0.31 552 0.0480105166666667 0.101533886831226 0.212775 2707678.06368229
0.64 7 92041109 92047430 0.188571428571429 0.26 2049 0.0165991906881406 0.147595576354976 0.111485714285714 1786688.90031241
0.65 7 97803256.375 97819128.125 0.15375 0.20125 2314 0.018642777147796 0.0494161093342136 0.1498875 1492541.57800719
0.66 7 107026332.333333 107032188.666667 0.117333333333333 0.132 4972 0.0221710149919549 0.13234048263837 0.127913333333333 2079940.94884656
0.67 7 116474235.1 116480873.9 0.076 0.085 4769 0.00797882816733068 0.139263369241964 0.1281 747431.210054396
0.68 7 130152779.416667 130158435.75 0.0558333333333333 0.0408333333333333 4200 0.0126835581238095 0.0882461937113496 0.140733333333333 1081497.13987954
0.69 7 161410580.8 161416651.888889 0.0317777777777778 0.0242222222222222 17999 0.00733277807561531 0.172778715695876 0.131031111111111 671545.376981255
0.7 7 206516747.222222 206527387.533333 0.0157777777777778 0.00622222222222222 15000 0.0049322439636 0.14971097228418 0.118837777777778 498048.084287451
0.71 7 346581483.757812 346590176.492188 0.001875 0.015234375 50143 0.00347791911656002 0.1536417562498 0.11593359375 359990.819302281
0.72 7 442986866.368421 442992992.157895 0.0531578947368421 0.0373684210526316 4586 0.00762169583078936 0.162191141489543 0.123568421052632 740159.574674152
0.73 7 460339338.684211 460349103.736842 0.0647368421052632 0.0489473684210526 5806 0.0183291284257664 0.114475227142045 0.125957894736842 1746214.80907352
0.74 7 478395698.357143 478402906.285714 0.05 0.0414285714285714 4594 0.0226994593905094 0.158730012969522 0.131321428571429 2074250.30057415
0.75 7 495527653.636364 495534861.909091 0.0590909090909091 0.0581818181818182 8550 0.0141374366140351 0.119247967854861 0.12205 1389997.86455077
0.76 7 508370745 508376025.733333 0.0653333333333333 0.08 3740 0.020710148342246 0.0459866497185056 0.146046666666667 1701660.06372588
0.77 7 521528957.666667 521545648.583333 0.0866666666666667 0.0991666666666667 4604 0.0225552705082537 0.0868614266876737 0.117491666666667 2303680.36966347
0.78 7 534467959.166667 534474551.333333 0.11 0.113333333333333 1937 0.013370150862158 0.204464051446862 0.120983333333333 1326148.03977872
0.79 7 545266505.071429 545275088.357143 0.115 0.13 3605 0.0254463559056865 0.0845937419770577 0.177271428571429 1722535.172921
0.8 7 554337618.5 554350446.9 0.141 0.144 2192 0.0202503229616788 0.0555244423373544 0.1121 2167741.97627249
0.81 7 559623139.5 559628582.25 0.18 0.17 1128 0.0219136229343972 0.0283543215250676 0.11585 2269861.67641576
0.82 7 563732274.333333 563743067.333333 0.22 0.2 776 0.0245683947164948 0.113109108628021 0.0961 3067853.65866741
0.83 7 566347459.2 566355971.6 0.246 0.226 1233 0.0251884387672344 0.152818721948061 0.09568 3159085.12966986
0.84 7 571107353.5 571110837.75 0.29 0.28 540 0.0207560711111111 0.130774514844314 0.234675 1061352.30993218
0.85 7 574807599 574814017.8 0.308 0.328 1294 0.0135582614837713 0.0610909695924025 0.1115 1459185.09242381
0.86 7 577611553.5 577618243 0.3425 0.3675 1413 0.0121086509412597 0.162885015610879 0.1653 879030.92132557
0.87 7 580691166.333333 580693854.666667 0.37 0.39 610 0.0368169537704918 0.0215349653285622 0.1537 2874453.1245667
0.88 7 583567530.333333 583573041.666667 0.393333333333333 0.406666666666667 1469 0.0142545738189244 0.110305963997289 0.0897333333333333 1906258.01441783
0.89 7 586453584 586456625 0.42 0.43 115 0.0195492 0 0.1447 1621219.0739461
0.9 7 587877001.8 587883151.6 0.444 0.446 1841 0.0196214595763172 0.144161167378739 0.148 1590929.15483653
0.91 7 590041869.333333 590047163.666667 0.473333333333333 0.47 1640 0.00419644612560976 0.13588128385951 0.0876666666666667 574418.481072058
0.92 7 592395512.666667 592400915.666667 0.52 0.5 754 0.0246522265915119 0.142719339486869 0.173766666666667 1702436.51888438
0.93 7 594047294.142857 594052352.714286 0.558571428571429 0.522857142857143 1803 0.0365560154187465 0.0572434207663782 0.150271428571429 2919198.87363315
0.97 7 599987269.666667 599992193.666667 0.633333333333333 0.59 218 0.0194445403669725 0.138393673769609 0.130366666666667 1789832.4040169
0.99 7 603826609.333333 603843748 0.506666666666667 0.64 904 0.041443169800885 0.078142174943134 0.147733333333333 3366322.45675058
1 7 606033039.5 606061381.5 0.55 0.675 644 0.0130371850931677 0.164824938394086 0.08485 1843797.53822054
1.01 7 607463935.5 607468414 0.62 0.695 474 0.0376327607594937 0.0158792385793046 0.13785 3275974.82128345
1.02 7 609205655.5 609211521 0.715 0.715 828 0.0408397710144928 0.133154703110634 0.1616 3032656.26345243
1.03 7 611035004.666667 611038561.333333 0.713333333333333 0.74 572 0.0373219491258741 0.180933820186961 0.1759 2546125.01142973
1.04 7 611624055 611627409 0.71 0.75 122 0.023873 0.150406735642776 0.0917 3124056.70665213
1.05 7 613714240 613719279 0.78 0.78 204 0.01418 0 0.105 1620571.42857143
1.06 7 614677851 614686465 0.81 0.79 681 0.0037412 0.0486402758473217 0.0929 483255.113024758
1.07 7 616341409 616346260 0.85 0.81 67 0.0142469 0 0.1501 1138992.6715523
1.08 7 616898764 616912246 0.87 0.82 101 0.0774009 0.0518142553897952 0.1778 5223907.76152981
1.1 7 619093930.75 619099446.25 0.9675 0.885 1910 0.0354866671204188 0.082904388770497 0.1123 3791985.80093523
1.11 7 620296050 620301076 1.03 0.925 496 0.0443522112903226 0.0069848457568632 0.24455 2176350.58468154
1.12 7 621834268 621836472 1.07 0.96 41 0.089523 0 0.3667 2929577.31115353
1.14 7 623401402.4 623406936.4 1.082 0.97 1596 0.0358466877819549 0.0856939762947621 0.16884 2547739.0036926
1.16 7 624871459 624873764 1.06 0.97 150 0.0427728 0.0774583380092021 0.2373 2162973.45132743
1.17 7 625696651 625702679 1.035 0.96 1094 0.0350226771480804 0.0423522092585778 0.12025 3494986.49294774
1.18 7 626860787 626865992.5 0.98 0.94 902 0.0549895320399113 0.053428640970992 0.1226 5382335.92560306
1.19 7 628336506.333333 628340061.666667 0.93 0.903333333333333 604 0.0871656645695364 0.0211752470338822 0.150566666666667 6947008.90968189
1.2 7 629250180.5 629255386.5 0.89 0.87 972 0.0169814399176955 0.342903043940566 0.10605 1921520.78276611
1.21 7 629600016 629605755 0.87 0.86 862 0.0343798218097448 0.0756657806454107 0.1418 2909434.84990788
1.22 7 631876509.75 631881962.5 0.64 0.7825 1105 0.0337988547511312 0.0809435477271051 0.1928 2103663.1587841
1.23 7 632605492.5 632609774 0.61 0.77 409 0.0445861246943765 0.0651214196309716 0.13515 3958812.40349625
1.24 7 635305130 635308152 0.69 0.77 113 0.0452675 0.0522308499475341 0.3909 1389639.29393707
1.25 7 636418379 636424687 0.705 0.795 759 0.0311045595520422 0.0791361621309014 0.13805 2703764.68398773
1.26 7 637405677.333333 637417176.666667 0.716666666666667 0.806666666666667 832 0.0252148884615385 0.0324627177208795 0.102333333333333 2956794.73816086
1.28 7 639920378 639923988 0.89 0.81 154 0.0954168 0.0294729020465998 0.1566 7311632.18390805
1.29 7 641226656.5 641231804 0.9025 0.8475 1922 0.03789553855359 0.137358220644807 0.25955 1752057.26312109
1.3 7 642389776.8 642395193.8 0.886 0.862 2351 0.0425718233092301 0.0756518358067597 0.12086 4226889.62196559
1.31 7 643664663.333333 643669123.333333 0.84 0.876666666666667 1321 0.0426517915215746 0.02089826070832 0.0697333333333333 7339696.43774706
1.32 7 644371910.5 644379313.5 0.845 0.89 801 0.0543772888888889 0.0128282949440567 0.1402 4654261.53114598
1.33 7 645739096.5 645744279 0.85 0.9125 1510 0.0477482752317881 0.048140614783359 0.153575 3730941.25203618
1.34 7 647247405.5 647257696 0.985 0.93 560 0.0493841026785714 0.0716860690872632 0.1134 5225830.9712774
1.36 7 649171505 649174587.5 1.08 0.955 150 0.0265139566666667 0.0823853148033859 0.26775 1188300.57889823
1.37 7 649994417 649998004 1.02 0.97 168 0.0620522 0 0.2042 3646554.35847209
1.38 7 650819791 650826205 1.04 0.99 139 0.0463852 0.12246298388279 0.1683 3307322.63814617
1.39 7 651915617.333333 651921856.666667 1.03333333333333 1.00333333333333 1687 0.0514590331357439 0.0501868340687267 0.240566666666667 2566890.94206288
1.43 7 656037263 656058136 NA NA 1303 0.0314611 0.240441688307148 0.1292 2922083.59133127
1.44 7 656869393 656873517 NA NA 393 0.0713338 0.0211720110242269 0.2695 3176273.09833024
