poscM Chromosome Start End Loess1 Loess2 nb_complete_site piSyn f0 div Ne
0 1 211511.5 216575.25 NA NA 556 0.00418023345323741 0.200506597984399 0.242025 207262.892010532
0.01 1 1152787.33333333 1158944.66666667 0.94 1.95 1041 0.00303728247262248 0.144786763086571 0.172733333333333 211003.799719045
0.02 1 2477071 2481228 1.03 1.93 90 0.0178771 0.141838441357938 0.1625 1320155.07692308
0.04 1 4312493 4363970 1.21 1.9 62 0 Inf 0.1607 0
0.05 1 4886991 4896911 1.245 1.89 120 0.0244961225 0.0797773674860855 0.15815 1858700.41100221
0.07 1 6686731 6690773 1.44 1.83 348 0 Inf 0.1855 0
0.09 1 7945074.5 7953901.5 1.645 1.785 133 0.0295757413533835 0 0.1766 2009676.64915403
0.1 1 8465173 8469506 1.73 1.76 42 0 NA 0.3045 0
0.11 1 9084148 9090117.5 1.85 1.74 558 0 NA 0.12915 0
0.14 1 10739577 10746629 2.16 1.7 278 0 NA 0.2105 0
0.16 1 11498084 11501301 2.2 1.67 99 0 NA 0.248 0
0.2 1 12950868 12954667 2.43 1.59 89 0 NA 0.2464 0
0.21 1 13537075.5 13550271.5 1.98 1.555 675 0 NA 0.1408 0
0.22 1 13725749 13735135 1.92 1.56 55 0 NA 0.0944 0
0.25 1 15605095.5 15611662.5 1.72 1.63 288 0 NA 0.11215 0
0.28 1 17580274 17583426 1.49 1.47 248 0 NA 0.5072 0
0.29 1 18129884.5 18136854 1.39 1.38 892 0 NA 0.11665 0
0.3 1 18802466 18807666 1.27 1.3 182 0 NA 0.1172 0
0.31 1 20234720 20239868 1.07 1.19 153 0 NA 0.1045 0
0.34 1 23812071 23816472 0.74 0.95 760 0 NA 0.1794 0
0.36 1 25352879.6666667 25359590.3333333 0.66 0.85 575 0 Inf 0.109066666666667 0
0.39 1 31344211 31349062 0.53 0.52 140 0 Inf 0.1556 0
0.41 1 34083562 34088731 0.46 0.39 499 0.00146789 0 0.1238 142283.360258481
0.42 1 36920336 36932328 0.373333333333333 0.423333333333333 266 0.00295874868421053 0 0.0916333333333333 387467.997932263
0.43 1 39667417 39683753.5 0.3 0.36 248 0 Inf 0.08235 0
0.44 1 42490639 42497130 0.23 0.27 29 0 NA 0.1482 0
0.45 1 53233253.0909091 53238606.0909091 0.0890909090909091 0.0781818181818182 2054 0.00039844888023369 0 0.134536363636364 35539.7338947545
0.46 1 66637652.7142857 66643363.8571429 0.0657142857142857 0.0528571428571429 1656 0 NA 0.0982285714285714 0
0.47 1 101040332.688889 101048567.622222 0.018 0.0231111111111111 11521 0.000194023359951393 0.405930507858988 0.104726666666667 22231.9719850091
0.48 1 216361254.967213 216378595.393443 0 -0.00508196721311475 14310 0.00022104578546471 0.381344097935018 0.107736065573771 24620.812087854
0.49 1 337776657.295082 337785380.42623 0.0114754098360656 0.0191803278688525 11348 0.00020544173598872 0.1954109030996 0.11146393442623 22117.4754377279
0.5 1 377626683.833333 377632316.166667 0.15 0.0733333333333333 1305 0 Inf 0.10565 0
0.51 1 385348130.888889 385354567 0.0944444444444444 0.0855555555555556 2092 0 NA 0.104377777777778 0
0.52 1 397064449.142857 397071436.928571 0.0807142857142857 0.107142857142857 2832 0.000554663923022599 0.524575912108635 0.106742857142857 62355.1519457954
0.53 1 406465281.333333 406491753.444444 0.141111111111111 0.128888888888889 1372 0 Inf 0.124444444444444 0
0.54 1 413054368.5 413060956.333333 0.175 0.145 2010 0.000743619639303483 0 0.1294 68960.0901981591
0.55 1 418974873 418983546.833333 0.163333333333333 0.156666666666667 1482 0 Inf 0.129766666666667 0
0.56 1 425349488.375 425354425.25 0.1525 0.1525 1643 0 NA 0.1284625 0
0.57 1 432953969.833333 432968186.833333 0.151666666666667 0.121666666666667 1178 0 NA 0.10855 0
0.58 1 439202905.769231 439218069.461538 0.124615384615385 0.157692307692308 2045 0 Inf 0.123746153846154 0
0.59 1 446887363.833333 446892764.5 0.146666666666667 0.175 905 0.00168471301657459 0.148221877263448 0.188666666666667 107154.891513578
0.6 1 452849088.333333 452856527 0.254444444444444 0.232222222222222 2625 0.00206579575238095 0.041925439233715 0.135322222222222 183189.047751985
0.61 1 455970402 455978459.25 0.31 0.2825 480 0 NA 0.117475 0
0.62 1 458833106.166667 458839380.333333 0.325 0.336666666666667 1011 0.00150113510385757 0 0.18985 94883.440854837
0.63 1 462165543.75 462171610.25 0.3575 0.3775 1005 0 NA 0.070975 0
0.64 1 464402257 464406612.5 0.375 0.405 519 0.0013939106743738 0 0.1133 147633.963746563
0.66 1 469543041 469552480 0.43 0.45 423 0 NA 0.132 0
0.68 1 473523069 473525785 0.53 0.48 189 0.00797247619047619 0 0.35455 269834.196264883
0.69 1 475289369 475294449 0.56 0.49 43 0 NA 0.1206 0
0.7 1 477362852.25 477371008.25 0.5875 0.51 532 0.00274551383458647 0 0.196625 167558.377698856
0.72 1 481301681 481306855.5 0.585 0.54 248 0.0100358322580645 0 0.1524 790223.012446025
0.73 1 482677609 482683031.333333 0.596666666666667 0.55 494 0 NA 0.123633333333333 0
0.74 1 483521236 483525244 0.62 0.56 295 0.00284698 0 0.1317 259405.922551253
0.75 1 485985464 485992576 0.65 0.57 341 0 Inf 0.1191 0
0.77 1 488623679.666667 488628552.333333 0.67 0.58 425 0 NA 0.1949 0
0.78 1 489289900 489292529 0.67 0.59 15 0 NA 0.1582 0
0.79 1 491506406.5 491514627.5 0.655 0.595 259 0 NA 0.138 0
0.8 1 492846908.8 492852016.4 0.63 0.6 1615 0.000500930972136223 0.558570338482582 0.16798 35785.0438482836
0.81 1 494665550 494670814.75 0.595 0.605 1454 0.000878171320495186 0 0.227825 46255.0459604619
0.82 1 496115120.333333 496117857.666667 0.563333333333333 0.61 455 0.00174149485714286 0 0.131933333333333 158397.71313073
0.83 1 498597347 498612383.8 0.388 0.618 1577 0 NA 0.1244 0
0.84 1 501234059 501238731 0.385 0.625 425 0 NA 0.20565 0
0.85 1 504253327.333333 504260174.666667 0.416666666666667 0.646666666666667 720 0 NA 0.150833333333333 0
0.86 1 506686775 506691470.5 0.6 0.67 232 0 NA 0.2189 0
0.87 1 507686919 507690316 0.73 0.68 377 0 Inf 0.1408 0
0.88 1 509038212 509045557 0.905 0.715 45 0 NA 0.19415 0
0.89 1 509965639 509968635 1.085 0.735 379 0 NA 0.24285 0
0.9 1 510952304.666667 510960020.333333 1.12333333333333 0.74 1655 0 NA 0.1307 0
0.93 1 513423995.5 513431429 1.07 0.8375 1141 0 Inf 0.131425 0
0.95 1 516150107 516154195 0.85 0.85 14 0 NA 0.0892 0
0.96 1 517246875 517252028 0.82 0.795 191 0 NA 0.23915 0
0.97 1 517807030 517815390.5 0.795 0.765 903 0 Inf 0.1199 0
0.98 1 519360722 519369275.666667 0.726666666666667 0.72 1055 0.000736178407582938 0 0.146866666666667 60150.7550453604
0.99 1 520876084.5 520888252 0.58 0.715 590 0.00262531606779661 0 0.1811 173957.994553061
1 1 522830746.6 522836165 0.506 0.77 1223 0 Inf 0.1558 0
1.01 1 524909509 524915163.8 0.752 0.908 1636 0 NA 0.12968 0
1.02 1 525920572.666667 525925547 0.893333333333333 1.00666666666667 350 0 NA 0.2103 0
1.03 1 526972330 526982366 0.996666666666667 1.06666666666667 1290 0.000596412573643411 0 0.129333333333333 55337.249100935
1.04 1 528121558.25 528126667.75 1.1525 1.07 1762 0.000400465437003405 1.00103648124536 0.13215 36364.6253805589
1.06 1 529763125.5 529769948.5 1.305 1.27 536 0.00151558656716418 0.280151515151515 0.11355 160167.668920917
1.07 1 530175208 530180789 1.36 1.31 153 0 NA 0.141 0
1.09 1 531737249 531740166.5 1.565 1.4 337 0 NA 0.1361 0
1.1 1 532235820.666667 532240102.333333 1.59333333333333 1.41666666666667 917 0.0017731147219193 0.367451014061843 0.193366666666667 110036.424735554
1.11 1 533014528 533016569 1.61 1.42 137 0.0185714 0.0904029852353619 0.106 2102422.64150943
1.12 1 533218316.333333 533222546.333333 1.61 1.41666666666667 417 0.005885451558753 0 0.125766666666667 561559.120368693
1.13 1 533930744 533934050 1.58 1.4 209 0.0040404 0 0.3438 141026.178010471
1.14 1 534656390 534663907 1.52 1.36 563 0.00825451 0 0.0917 1080197.60087241
1.15 1 535331525.333333 535335913.333333 1.42666666666667 1.31666666666667 592 0.00258521837837838 0.304136442862059 0.205433333333333 151010.646798023
1.16 1 536187184 536193496 1.27 1.235 447 0.012135758836689 0.0859369767552552 0.10495 1387604.63116025
1.17 1 537221932.5 537229270.5 1 1.155 1020 0.00467699349019608 0.239435713745853 0.0999 561801.019843373
1.18 1 538584501 538592391.5 0.915 1.14 342 0.0023272451754386 0 0.07275 383875.492855851
1.19 1 539440179.75 539445297.75 0.86 1.0725 774 0.002152605 0.136239168950676 0.220175 117321.494265925
1.2 1 540897343.5 540903838 0.855 0.965 751 0.00317585689747004 0 0.222 171667.940403786
1.21 1 541826628.75 541831326.5 0.84 0.92 765 0 NA 0.155225 0
1.22 1 542908491.333333 542913869.666667 0.846666666666667 0.893333333333333 876 0 NA 0.106666666666667 0
1.23 1 544015185.75 544019838.75 0.8925 0.8925 824 0.00471018446601942 0 0.18635 303312.120162238
1.24 1 545142642 545148406 0.97 0.9 193 0 NA 0.1513 0
1.25 1 546049779.666667 546107179 1.01333333333333 0.883333333333333 1055 0.00146577093838863 0.298576242498052 0.141133333333333 124628.610727422
1.26 1 547046232.5 547064467.5 1.0275 0.8675 855 0 NA 0.205975 0
1.27 1 548448564 548453735 0.98 0.84 367 0 NA 0.0626 0
1.28 1 548971651.2 548978080.6 0.948 0.834 1303 0.000636955372217959 1.10769010552828 0.13732 55661.6987082399
1.3 1 551600521.5 551605721.75 0.8 0.7625 651 0.0215295708141321 0.0660339789436607 0.1663 1553546.90180147
1.31 1 552884405.5 552890503.833333 0.726666666666667 0.725 1255 0.0025862561752988 0.212008257563772 0.14115 219873.001088102
1.32 1 554290119 554296226.75 0.605 0.68 742 0 NA 0.110525 0
1.33 1 556452669.222222 556459482.222222 0.435555555555556 0.617777777777778 3199 0.000991509846827133 0.142704799107143 0.134144444444444 88696.316952978
1.34 1 558218311 558225728 0.28 0.56 189 0 NA 0.1903 0
0 2 766021 832979 0.62 0.81 238 0 Inf 0.4383 0
0.01 2 1342887 1353579 0.62 0.806666666666667 661 0.00484826033282905 0.285224029451143 0.124133333333333 468682.524118812
0.02 2 3658758 3694064 0.62 0.8 999 0.00153913864864865 0 0.1499 123213.234047924
0.03 2 4332309 4342474 0.62 0.8 288 0.00265781 0 0.1867 170828.709159079
0.04 2 6297875.5 6345729.5 0.63 0.8 144 0 NA 0.1219 0
0.05 2 7266680 7273365 0.63 0.81 459 0.00329218 0 0.1021 386935.945151812
0.06 2 9164984 9182015 0.64 0.81 134 0 NA 0.1038 0
0.07 2 11120234 11123280 0.64 0.81 190 0 NA 0.1976 0
0.08 2 13121474 13131358.6666667 0.653333333333333 0.81 759 0.0010746837944664 0.178879591999362 0.1489 86609.8424015906
0.09 2 14590654 14600662 0.63 0.81 397 0.0103493 0.165643086972066 0.211 588585.781990521
0.1 2 16406629 16411125 0.67 0.8 509 0 NA 0.1598 0
0.12 2 18793626.3333333 18808258 0.71 0.81 948 0.00082859635021097 0.587055497010386 0.0759333333333333 130945.867460908
0.13 2 19716180.5 19725854 0.735 0.81 1993 0 Inf 0.12025 0
0.14 2 21594719.3333333 21608527 0.803333333333333 0.806666666666667 1425 0.00293465494736842 0.0539866184214179 0.139333333333333 252745.402165701
0.15 2 23174090 23179528 0.84 0.8 131 0.0230492 0 0.3451 801478.991596638
0.16 2 23390760 23410922 0.85 0.8 17 0 Inf 0.2133 0
0.18 2 25986621.5 25993958.5 0.885 0.785 185 0 Inf 0.17475 0
0.19 2 27503508 27512959 0.89 0.77 461 0.00525739 0 0.2577 244814.435389988
0.21 2 29566431.25 29571477.25 0.925 0.785 589 0.00134104247877759 0.290394701170194 0.2312 69604.2809054112
0.23 2 31494364.5 31500895.5 0.925 0.79 361 0.00218497972299169 0.57396839626598 0.1207 217230.79267523
0.24 2 32347378 32389420 0.94 0.78 334 0 NA 0.108 0
0.25 2 34192810 34201755 0.94 0.75 240 0 Inf 0.1424 0
0.26 2 34351990 34355573 0.93 0.75 201 0 NA 0.1326 0
0.27 2 36171341.5 36185640.5 0.92 0.76 702 0.0011116562962963 0 0.13705 97335.8303944222
0.29 2 38188368 38193723.5 0.92 0.78 354 0 NA 0.1049 0
0.31 2 40284521 40288387 0.91 0.79 377 0 Inf 0.1539 0
0.33 2 42236597 42263706 0.88 0.79 56 0 NA 0.224 0
0.35 2 44369207.5 44373663 0.82 0.77 504 0 Inf 0.12715 0
0.36 2 46418009 46420906 0.76 0.74 451 0.00186698 0 0.2225 100691.056179775
0.38 2 48278430.3333333 48283732.6666667 0.676666666666667 0.706666666666667 668 0.00185731444610778 0.188338048936715 0.123266666666667 180809.410654084
0.39 2 50769414.5 50775488.8333333 0.553333333333333 0.641666666666667 1192 0 Inf 0.138216666666667 0
0.4 2 52242477.3333333 52246514.3333333 0.526666666666667 0.593333333333333 350 0 NA 0.1393 0
0.41 2 54421494 54426323 0.495 0.555 619 0 Inf 0.14645 0
0.42 2 57402268.3333333 57413991.3333333 0.436666666666667 0.51 791 0 Inf 0.2096 0
0.43 2 59580954.3333333 59584771.6666667 0.393333333333333 0.476666666666667 589 0 NA 0.1028 0
0.44 2 62029484.3333333 62134518 0.36 0.446666666666667 1240 0.00066756375 0 0.1244 64395.2170418006
0.45 2 64965520 64971903.3333333 0.323333333333333 0.413333333333333 613 0 NA 0.109266666666667 0
0.46 2 68254673.6666667 68263511.6666667 0.296666666666667 0.373333333333333 1539 0 NA 0.120166666666667 0
0.47 2 70887225.25 70897993.25 0.29 0.345 1476 0 Inf 0.138875 0
0.48 2 74652796 74663290 0.286666666666667 0.303333333333333 219 0 NA 0.110433333333333 0
0.49 2 78133681.5 78139418.3333333 0.258333333333333 0.273333333333333 847 0 NA 0.150883333333333 0
0.5 2 82380598.875 82385352.5 0.2275 0.23375 1546 0.000480788098318241 0.308556531266581 0.1397125 41295.211092915
0.51 2 86436998 86502965.5 0.19 0.185 496 0 NA 0.1323 0
0.52 2 94594432.75 94605310 0.1325 0.11875 1353 0 Inf 0.1445375 0
0.53 2 105157352.25 105162078.25 0.0741666666666667 0.116666666666667 1983 0 NA 0.140925 0
0.54 2 116138944.6875 116144443.6875 0.06 0.099375 3156 0 Inf 0.1249375 0
0.55 2 163989054.45283 164002644.754717 0.0147169811320755 0.000377358490566038 10659 0.000146029367670513 0.090200730404277 0.113464150943396 15444.1063320551
0.56 2 318448882.939759 318479057.771084 0.00385542168674699 -0.00036144578313253 20986 6.56198581435243e-05 0.165096387745781 0.102392771084337 7690.37002693975
0.57 2 471257993.275862 471268434.172414 0.00637931034482759 0.0131034482758621 14247 0.000106049481294308 0.0938016898365448 0.105393103448276 12074.7348156063
0.58 2 527493625.333333 527508091.666667 0.0666666666666667 0.04 1474 0 NA 0.141933333333333 0
0.59 2 542502672.5 542509844.7 0.056 0.055 1693 0.000484733171884229 0 0.09891 58808.998712069
0.6 2 562610590 562616644.818182 0.05 0.0709090909090909 2551 0 Inf 0.116536363636364 0
0.61 2 578622086.875 578655382 0.07625 0.07125 932 0 Inf 0.1353375 0
0.62 2 589633360.5 589638691.142857 0.108571428571429 0.0842857142857143 2234 0.000342016562220233 0.299805029676795 0.144507142857143 28401.3555696699
0.63 2 600976031.875 600984595.875 0.1225 0.12375 1313 0.000566665308453922 0.621798101169231 0.134075 50717.7602196313
0.64 2 607736197.375 607751641.75 0.15 0.16375 1820 0.00133950261538462 0.187580445022984 0.099375 161751.259216255
0.65 2 613046533.5 613051583 0.1925 0.2025 763 0 Inf 0.111375 0
0.66 2 617110889 617117535 0.235 0.235 43 0 NA 0.09405 0
0.67 2 620803771 620809103.333333 0.28 0.275 1373 0 Inf 0.128716666666667 0
0.68 2 624812292.714286 624817221 0.292857142857143 0.331428571428571 1464 0.000528819467213115 0.484794170487749 0.125471428571429 50575.9253625204
0.69 2 628505289 628516033 0.285 0.355 838 0 NA 0.112625 0
0.7 2 631846203.5 631865722.75 0.3175 0.3675 1182 0 Inf 0.081925 0
0.71 2 636745891 636748298 0.34 0.42 138 0 NA 0.1393 0
0.73 2 640279471 640300176 0.44 0.43 264 0 NA 0.1133 0
0.76 2 645883697 645894852 0.6 0.425 570 0 NA 0.10495 0
0.77 2 647303527.25 647310119.5 0.645 0.43 425 0 NA 0.128475 0
0.78 2 649527219.666667 649539597 0.61 0.436666666666667 282 0 Inf 0.202166666666667 0
0.8 2 651425361.666667 651429972 0.62 0.44 1783 0.000438577613011778 0.294233683977047 0.150433333333333 34985.1408562464
0.81 2 654316683.4 654330544.4 0.428 0.444 789 0 NA 0.14908 0
0.82 2 657254448.166667 657278588.5 0.238333333333333 0.431666666666667 1316 0.00131711715805471 0 0.145066666666667 108952.706089085
0.83 2 663203022 663208525.666667 0.28 0.403333333333333 168 0 NA 0.154033333333333 0
0.85 2 668621942.5 668626548.5 0.47 0.445 486 0 NA 0.1755 0
0.86 2 669741373 669745253 0.5 0.47 197 0 NA 0.225 0
0.87 2 671998367 672009876 0.57 0.54 11 0 NA 0.1006 0
0.88 2 673628241.666667 673634412 0.626666666666667 0.57 219 0 NA 0.1136 0
0.9 2 677114564.5 677129830.5 0.69 0.615 766 0 NA 0.10065 0
0.91 2 677890053 677894114.5 0.7 0.625 97 0 NA 0.1995 0
0.94 2 681920291 681923347 0.75 0.63 128 0 Inf 0.0959 0
0.96 2 684121508 684127760 0.79 0.63 12 0 NA 0.1229 0
0.97 2 685637041.75 685644470 0.835 0.63 2285 0 Inf 0.1351 0
0.98 2 687330306 687334503.8 0.864 0.64 564 0 NA 0.1302 0
0.99 2 688353083.5 688359860.5 0.87 0.64 349 0 NA 0.1542 0
1 2 689269507.5 689284921 0.86 0.64 160 0 Inf 0.1516 0
1.03 2 692341486.666667 692350761.666667 0.786666666666667 0.65 686 0 NA 0.1529 0
1.04 2 693976884 693983144.333333 0.706666666666667 0.65 415 0 NA 0.1124 0
1.05 2 695463813.8 695467443.2 0.616 0.652 202 0 NA 0.15964 0
1.06 2 698166993.333333 698170912.5 0.393333333333333 0.66 957 0.00170425370950888 0 0.26755 76438.2153395873
1.07 2 701083155.444444 701088037.555556 0.201111111111111 0.663333333333333 2245 0 NA 0.119033333333333 0
1.08 2 704919124.666667 704923938.666667 0.506666666666667 0.67 301 0 NA 0.105633333333333 0
1.12 2 709558335.5 709564212 0.94 0.69 684 0 NA 0.1054 0
1.13 2 710957262 711000869 0.866666666666667 0.696666666666667 577 0.00262350083188908 0.0964801896797404 0.154433333333333 203855.01823442
1.14 2 712347324.333333 712354870.666667 0.843333333333333 0.71 665 0.00231978793984962 0.298390232039488 0.109033333333333 255311.421077916
1.15 2 713199995 713206255 0.82 0.735 331 0.0287088839577039 0.0483203416620011 0.13785 2499141.14974572
1.16 2 714679706 714686089.5 0.735 0.79 1200 0 NA 0.0743 0
1.17 2 716480145 716484046 0.66 0.82 289 0 NA 0.1599 0
1.18 2 716746405 716823436 0.66 0.83 422 0 NA 0.16215 0
1.19 2 718495216.25 718517481.25 0.6675 0.815 1816 0.000432889179515418 0.476746452146553 0.1596 32548.0586101818
1.2 2 720391619 720423844.333333 0.74 0.76 310 0 NA 0.120166666666667 0
1.21 2 721748853 721756752.75 0.755 0.76 1263 0 Inf 0.139775 0
1.22 2 723107600.333333 723113184.333333 0.783333333333333 0.75 1246 0 NA 0.126333333333333 0
1.23 2 724706982 724710722 0.79 0.75 191 0 NA 0.0776 0
1.24 2 725773696 725778133 0.78 0.74 85 0 NA 0.1195 0
1.25 2 727021196 727026487 0.8 0.74 69 0 NA 0.1858 0
1.26 2 728071090 728073996 0.815 0.735 504 0.00142146666666667 0 0.2145 79522.6107226107
1.27 2 729270382.333333 729275023.666667 0.813333333333333 0.73 922 0 Inf 0.165533333333333 0
1.28 2 731053054 731058752 0.78 0.72 149 0 NA 0.1473 0
1.29 2 732183106.333333 732190704.333333 0.73 0.72 1951 0.000411505500768837 0.288062386942377 0.126633333333333 38994.9934921772
1.3 2 733162555.428571 733167166.428571 0.691428571428571 0.714285714285714 691 0 Inf 0.136342857142857 0
1.31 2 734644125.5 734722638 0.65 0.705 411 0 NA 0.1504 0
1.32 2 736959971.5 736967936.5 0.63 0.695 514 0 Inf 0.10895 0
1.33 2 737638031 737640845 0.64 0.69 159 0.0505796 0 0.1572 3861038.16793893
1.36 2 742569939.8 742573898.2 0.664 0.666 781 0.0048985423815621 0.058961987594836 0.14958 392983.745010999
1.37 2 744575128 744584355 0.67 0.66 65 0 NA 0.1296 0
1.38 2 746329226 746333026 0.7 0.66 16 0 NA 0.1468 0
1.39 2 747013636.666667 747018310.333333 0.686666666666667 0.656666666666667 626 0.00122041404153355 0 0.120733333333333 121300.125607973
1.4 2 748267764 748358708 0.66 0.65 104 0 NA 0.1984 0
1.41 2 750121912.5 750126543 0.645 0.6375 386 0 Inf 0.1603 0
1.42 2 751551435 751555216 0.64 0.63 171 0.106991 0 0.1709 7512533.64540667
1.43 2 753522663.5 753526906.5 0.62 0.615 391 0 NA 0.1521 0
1.44 2 754860571.25 754864888.75 0.6275 0.61 1144 0.012929298951049 0.0317045790588649 0.149075 1040761.94809718
1.45 2 756514760.5 756519825.5 0.675 0.6 837 0 NA 0.11585 0
1.46 2 757835275.5 757931023.25 0.6525 0.5925 1547 0.00533435294117647 0.0282336804389206 0.0863 741740.849294527
1.48 2 760723469 760725708 0.52 0.58 10 0 NA 0.1587 0
1.49 2 763729606 763738914.333333 0.41 0.56 881 0.00262092460839955 0.101871241789718 0.1195 263189.082015017
1.5 2 766584640 766588889.666667 0.313333333333333 0.543333333333333 232 0.00336808168103448 0.294520139911321 0.139333333333333 290074.020376176
0 3 538526.5 544433.25 0.68 1.26 669 0.0142266053811659 0.0235091644436795 0.172 992553.863802273
0.01 3 1741945.66666667 1748159.66666667 0.706666666666667 1.26 1437 0.00221152324982603 0 0.198 134031.712110668
0.03 3 3868828.5 3874165 0.755 1.26 207 0 Inf 0.19695 0
0.04 3 4992532 5000834 0.79 1.26 968 0.00247423 0.190982244981267 0.1015 292519.802955665
0.05 3 7058074 7213677 0.84 1.24 279 0.00268607 0 0.1352 238408.579881657
0.06 3 7634858.33333333 7642084.33333333 0.856666666666667 1.23333333333333 446 0.0335104204035874 0.0151356369805992 0.143033333333333 2811407.91081134
0.09 3 11561670.3333333 11567480 0.946666666666667 1.19333333333333 840 0 NA 0.109033333333333 0
0.12 3 14422343.5 14426230 1.02 1.145 142 0 NA 0.1696 0
0.13 3 15315768.5 15322880.5 1.04 1.13 335 0.026157323880597 0.052232749858534 0.1058 2966804.22086166
0.15 3 17404854 17410640 1.08 1.13 337 0 NA 0.1584 0
0.16 3 17806163 17809864.5 1.095 1.125 234 0.00355114397435897 0 0.82585 51599.8397921023
0.17 3 19022221 19025999 1.12 1.11 259 0 NA 0.1146 0
0.18 3 19885742 19888789 1.15 1.1 83 0.00930233 0 0.2135 522847.587822014
0.19 3 21035861 21040364 1.19 1.09 117 0.00714286 0 0.1012 846979.446640316
0.2 3 21178252 21186063 1.2 1.09 231 0 Inf 0.1446 0
0.23 3 23647935.5 23652072.5 1.46 1.04 399 0 NA 0.2003 0
0.24 3 24612746 24617933 1.64 1.02 590 0.00131507 0.594461891762416 0.1451 108758.373535493
0.25 3 24938037 24942947 1.66 1.01 211 0 NA 0.0892 0
0.27 3 26398468 26404973 1.49 0.97 120 0 NA 0.1044 0
0.28 3 26934253 26955710 1.32 0.96 625 0 Inf 0.1004 0
0.29 3 27908508.5 27916358 1.335 0.985 287 0 NA 0.11135 0
0.3 3 28687190 28708130 1.36 1 540 0.0028062 0.153284156510584 0.1046 321934.990439771
0.31 3 28841523.5 28848417 1.36 1 572 0 NA 0.15885 0
0.33 3 30440791 30447342.8 1.33 1.018 1389 0.00172099933765299 0.0978934878728856 0.11046 186963.534780335
0.34 3 31376497 31381204 1.28 1.01 262 0 NA 0.1051 0
0.35 3 32349242 32354202.5 1.185 0.985 304 0 NA 0.1487 0
0.36 3 32636782 32639178 1.16 0.98 155 0 NA 0.3185 0
0.37 3 34044471 34048383.6666667 0.96 0.923333333333333 216 0.00714285416666667 0.299465958110816 0.143 599400.34965035
0.38 3 35315116.6666667 35321163.6666667 0.77 0.853333333333333 791 0.000975605562579014 0.299327203176347 0.1786 65550.2057723861
0.4 3 38062010.5 38070086 0.665 0.725 348 0 NA 0.09625 0
0.41 3 39606604 39611581.5 0.55 0.69 521 0 Inf 0.12215 0
0.42 3 43194952.5 43199792.5 0.315 0.59 64 0 NA 0.1291 0
0.43 3 46694317.75 46699585.25 0.2825 0.4875 625 0 NA 0.108425 0
0.44 3 49777972.6666667 49783066.3333333 0.306666666666667 0.386666666666667 311 0 NA 0.0933666666666667 0
0.45 3 51593175 51598608.3333333 0.263333333333333 0.333333333333333 907 0 NA 0.1509 0
0.46 3 57581743 57588289.6666667 0.156666666666667 0.17 1701 0.000449418536155203 0 0.11775 45800.6151495748
0.47 3 81676158.2 81687275.7 0.031 0.0045 4511 0.000545750263799601 0.0935984273868423 0.127535 51350.6344579544
0.48 3 106015193.111111 106020601.888889 0.0411111111111111 0.0388888888888889 2727 0 NA 0.1137 0
0.49 3 128479579.3125 128496736.0625 0.05 0.059375 2869 0 Inf 0.1060375 0
0.5 3 154027261.352941 154033093.941176 0.0382352941176471 0.0441176470588235 3270 0.000517042318042813 0.403906612131276 0.129894117647059 47765.8875467503
0.51 3 191288756.928571 191294840.285714 0.0242857142857143 0.00214285714285714 4614 0.00034850232769831 0.146223302394952 0.116057142857143 36034.2140899286
0.52 3 324714826.152542 324730334.347458 0.00432203389830509 0.00389830508474576 28223 0.000231373449810438 0.164941616213933 0.106190677966102 26146.1876965469
0.53 3 454808770.612903 454824267.903226 0.0219354838709677 0.0180645161290323 6688 0.000346233585526316 0.322466591981098 0.107129032258065 38783.165858413
0.54 3 480822763.111111 480828369.333333 0.0811111111111111 0.0855555555555556 1885 0.000409887261538462 0 0.172222222222222 28559.8866104218
0.55 3 488715184.625 488722168.625 0.1125 0.1225 916 0 NA 0.1149625 0
0.56 3 495009010 495017793.666667 0.143333333333333 0.153333333333333 173 0 NA 0.132566666666667 0
0.57 3 501053010.4 501074933.4 0.166 0.18 919 0 NA 0.09912 0
0.58 3 506729080.5 506734266 0.193333333333333 0.18 1475 0 Inf 0.1272 0
0.59 3 511499823.4 511522689.2 0.242 0.18 995 0.00160717889447236 0.145060339819516 0.1244 155033.333871932
0.6 3 515123202.75 515133581.25 0.21 0.18 946 0 NA 0.1315 0
0.61 3 521739172.4 521767431.8 0.154 0.178 1379 0.000596670957215373 0.175355247890079 0.12934 55358.3693102248
0.62 3 527277142 527287567.666667 0.16 0.173333333333333 191 0 NA 0.1484 0
0.63 3 534327468.428571 534335229.714286 0.182857142857143 0.167142857142857 2477 0 NA 0.1123 0
0.64 3 539891306.571429 539896141.714286 0.174285714285714 0.198571428571429 1439 0 Inf 0.200085714285714 0
0.65 3 544095647.4 544101490.1 0.196 0.219 2744 0 Inf 0.11212 0
0.66 3 549379029.25 549383633.5 0.2675 0.2375 525 0 NA 0.181025 0
0.67 3 552290178.666667 552297898.666667 0.316666666666667 0.256666666666667 635 0.00122411146456693 0 0.133166666666667 110307.916706907
0.68 3 555231637.5 555239285.5 0.325 0.265 297 0 NA 0.07465 0
0.69 3 558650023.833333 558661468.166667 0.25 0.2825 2942 0.000263470414683888 0.497676557360781 0.112616666666667 28074.3967104336
0.7 3 564174835.666667 564202061.666667 0.276666666666667 0.273333333333333 845 0 Inf 0.0847333333333333 0
0.71 3 567753117.666667 567764653.5 0.333333333333333 0.278333333333333 1924 0.000405844428274428 0.294789484894742 0.111433333333333 43704.4553331721
0.72 3 570282635.666667 570288725.666667 0.36 0.303333333333333 361 0 Inf 0.113366666666667 0
0.73 3 572850878.5 572853354.5 0.365 0.345 186 0 NA 0.2074 0
0.74 3 575172397.5 575177167 0.345 0.39 266 0 NA 0.13315 0
0.75 3 577355113 577357989 0.31 0.42 132 0.00567376 0 0.351 193974.700854701
0.76 3 579512771.2 579541650.2 0.308 0.442 444 0 NA 0.12094 0
0.77 3 584193547 584202321.6 0.41 0.49 627 0 Inf 0.21136 0
0.78 3 587003383 587006252 0.52 0.51 126 0 NA 0.1188 0
0.8 3 590187148.4 590193213.8 0.654 0.546 1484 0 NA 0.15836 0
0.81 3 591990994 592047518 0.8 0.58 126 0.0227488 0 0.5218 523161.364507474
0.82 3 592711565.25 592717445.75 0.8225 0.59 1285 0 Inf 0.125375 0
0.84 3 595245827.5 595250627.5 0.765 0.615 250 0.00303352768 0.306194694092918 0.1363 267075.070873074
0.85 3 596536668.666667 596541851.333333 0.8 0.62 336 0 NA 0.115 0
0.86 3 597549072.666667 597610412 0.85 0.62 324 0 NA 0.191233333333333 0
0.87 3 598418603 598422327.5 0.8 0.62 239 0 NA 0.11155 0
0.88 3 600621560.5 600629622 0.515 0.62 294 0 NA 0.1019 0
0.89 3 601952142.25 601956493.5 0.4225 0.615 814 0 NA 0.126475 0
0.9 3 604633498 604638003 0.46 0.62 132 0 Inf 0.1263 0
0.91 3 607431104.666667 607436616 0.436666666666667 0.643333333333333 365 0 NA 0.118433333333333 0
0.92 3 608929947 608936979 0.53 0.65 274 0 NA 0.1113 0
0.93 3 611287568.25 611291600.75 0.67 0.6675 908 0 Inf 0.173925 0
0.94 3 612729335 612735874.333333 0.72 0.676666666666667 801 0 NA 0.131366666666667 0
0.95 3 614133423 614138840.666667 0.75 0.686666666666667 1089 0 NA 0.128166666666667 0
0.96 3 615271220.75 615278598 0.765 0.6975 348 0 NA 0.122375 0
0.98 3 617547665 617552719.5 0.76 0.725 484 0 Inf 0.19105 0
0.99 3 619092470.333333 619095602.333333 0.81 0.77 323 0 NA 0.0964666666666667 0
1 3 620568396 620576096.5 0.83 0.805 810 0 NA 0.11555 0
1.01 3 621356430.2 621361840.4 0.856 0.819 1837 0.000913779488296135 0.273791773269564 0.13106 83666.6706817764
1.02 3 622808885 622812863.333333 0.94 0.826666666666667 419 0 Inf 0.143266666666667 0
1.03 3 624100311 624105260 0.94 0.81 439 0.00171674 0 0.1286 160193.468118196
1.04 3 624818734.5 624823755 0.9 0.8 466 0 NA 0.1249 0
1.05 3 626221043 626225019 0.89 0.8 163 0.00492308 0 0.1555 379916.1414791
1.06 3 626913759.666667 626921011.666667 0.886666666666667 0.82 488 0.0017326362704918 0 0.127933333333333 162519.295825182
1.07 3 628195905.5 628203482.166667 0.798333333333333 0.838333333333333 987 0.000696697203647416 0 0.103983333333333 80401.0236618272
1.08 3 629082337.25 629087294.25 0.77 0.84 1047 0.00148242378223496 0.286720700636307 0.143675 123814.758216944
1.09 3 630463309.857143 630467512 0.76 0.825714285714286 915 0.000848403300546448 0 0.162328571428571 62717.4841555061
1.1 3 632015941 632021641 0.776666666666667 0.78 769 0 Inf 0.124933333333333 0
1.11 3 633050333.5 633054915 0.78 0.76 963 0 NA 0.111125 0
1.12 3 634675888.25 634681935.75 0.78 0.7425 995 0.000853806371859297 0 0.11795 86864.5736524931
1.13 3 636207587 636213791.333333 0.77 0.733333333333333 531 0 NA 0.126133333333333 0
1.14 3 637475110.5 637479967.5 0.76 0.72 571 0 NA 0.1331 0
1.15 3 638799666.8 638812353.6 0.744 0.712 1237 0 NA 0.15366 0
1.16 3 640480414.666667 640486898.666667 0.723333333333333 0.71 1076 0.000751361338289963 0.563760705475365 0.180566666666667 49933.5576489545
1.17 3 641501981.25 641507729.75 0.7075 0.71 2013 0.00155249736214605 0.293866680884101 0.13075 142485.417558337
1.18 3 642948253 642951955 0.645 0.71 192 0 NA 0.1583 0
1.19 3 645045444.75 645050838.5 0.585 0.715 715 0 NA 0.1301 0
1.2 3 645670513.5 645678707.5 0.58 0.72 693 0 NA 0.09325 0
1.21 3 648092060.5 648097774.5 0.615 0.7375 824 0.00083818411407767 0.346622542249976 0.106925 94067.8921574191
1.22 3 649908286.5 649912814.5 0.695 0.76 717 0 NA 0.08485 0
1.23 3 650663704.666667 650668852.666667 0.73 0.77 763 0 NA 0.116 0
1.24 3 651997004.833333 652000417.666667 0.783333333333333 0.79 1059 0.000763325731822474 0 0.20805 44027.4394706546
1.25 3 653408583.333333 653415149.333333 0.826666666666667 0.8 674 0.00116948599406528 0 0.0933333333333334 150362.48495125
1.26 3 654519810.5 654524093 0.855 0.8 555 0 Inf 0.11255 0
1.27 3 655379013 655384064 0.95 0.8 476 0 NA 0.1272 0
1.28 3 656358214 656363707 0.96 0.79 438 0.016008504109589 0.0985512580299786 0.1137 1689551.88491705
1.29 3 657742286 657747981 0.89 0.8 287 0.00545084738675958 0.0928657833593242 0.18145 360485.911496914
1.31 3 659921899 659927076.75 0.875 0.84 722 0 Inf 0.1296 0
1.33 3 662367131 662403455 0.78 0.84 333 0 NA 0.1605 0
1.35 3 664666868.666667 664671756 0.76 0.786666666666667 811 0.00180420421701603 0.481497039364736 0.1028 210607.496149731
1.37 3 667678838.5 667713023.5 0.77 0.755 160 0 NA 0.15965 0
1.41 3 672917044.666667 672922285.333333 0.71 0.676666666666667 531 0.00294097529190207 0.147398484615593 0.128666666666667 274287.851058224
1.42 3 674723345.666667 674727958.666667 0.596666666666667 0.66 602 0 NA 0.1934 0
1.43 3 676624047 676626992 0.54 0.66 181 0.0040404 0 0.1263 383885.985748219
1.45 3 679719398 679723469 0.566666666666667 0.696666666666667 609 0 Inf 0.166133333333333 0
1.46 3 681957807.5 681965236.666667 0.548333333333333 0.69 907 0.000766982028665932 0 0.118416666666667 77723.724227934
1.47 3 683874744 683877346 0.66 0.69 86 0 NA 0.3768 0
1.48 3 684491429 684493790 0.68 0.69 186 0 NA 0.2068 0
1.49 3 686530152.5 686537876.5 0.785 0.69 159 0.0174676754716981 0 0.16075 1303963.3322574
1.5 3 687352480 687359147.5 0.8125 0.695 680 0.00611134455882353 0.0535929527205468 0.1312 558964.441355811
1.52 3 689584046 689615207.6 0.906 0.7 884 0.00469779389140272 0.0553963324173198 0.1422 396438.303071959
1.53 3 690702496.5 690705466 0.95 0.7 328 0.00472438307926829 0.288964557993489 0.2552 222149.674573744
1.56 3 693408117 693412122.5 1.06 0.71 365 0.00137629556164384 0.745736042520972 0.1655 99791.8232007615
1.57 3 694330192 694335518.5 1.095 0.71 215 0 Inf 0.13815 0
1.58 3 695533353 695540229.666667 NA NA 352 0.00215435519886364 0 0.190933333333333 135399.418922994
1.62 3 699024910 699050008 NA NA 67 0 NA 0.23 0
1.63 3 699431624 699441105 NA NA 218 0 NA 0.1415 0
0 4 375888 414016 1.51 1.63 389 0.0675792 0 0.1681 4824214.15823914
0.01 4 579910.5 582710 1.515 1.625 400 0.02254146 0 0.22475 1203548.47608454
0.05 4 3571159 3576260 1.61 1.58 124 0 NA 0.1507 0
0.06 4 3906876.5 3911427 1.615 1.575 1049 0.00576099759771211 0.113966688866949 0.22265 310496.165158524
0.07 4 4535914.5 4540886.5 1.625 1.565 375 0.0105444906666667 0 0.11605 1090339.40542869
0.08 4 5249114 5253780 1.63 1.55333333333333 341 0.00440502721407625 0 0.237366666666667 222694.817731702
0.09 4 5999210 6003671 1.63 1.54 203 0 NA 0.1576 0
0.1 4 6195317.66666667 6201145 1.62 1.54 891 0.00799227460157127 0.0321789307237962 0.1093 877468.391755309
0.12 4 7632854 7639221.25 1.58 1.51 687 0 NA 0.14095 0
0.14 4 8757243.5 8768355.5 1.525 1.49 1047 0 NA 0.1714 0
0.15 4 9631308.33333333 9638513.66666667 1.46666666666667 1.47333333333333 252 0 NA 0.111533333333333 0
0.16 4 10306477 10319741 1.4225 1.46 716 0.0011648368575419 0 0.12945 107980.241718832
0.18 4 11640127.5 11645395.5 1.345 1.435 232 0.0405666344827586 0 0.117 4160680.45977011
0.19 4 12282924 12286833 1.31 1.42 94 0.0712681 0.0659445109382739 0.1537 5564197.7878985
0.21 4 13833503.8333333 13837548 1.23333333333333 1.38833333333333 1132 0.000741915512367491 0 0.161233333333333 55218.024488794
0.22 4 15133569.25 15138247.625 1.0625 1.3725 1360 0 NA 0.1480125 0
0.23 4 15524765 15527575 1.03 1.37 89 0 NA 0.0629 0
0.24 4 16464203 16474102 1.03 1.35 63 0 NA 0.1189 0
0.25 4 17677138.5 17683012.5 1.135 1.325 267 0 NA 0.1388 0
0.26 4 18443144 18449350 1.235 1.305 559 0 Inf 0.12795 0
0.27 4 19445322.8333333 19455934.5 1.31 1.27666666666667 3308 0.000471375272067715 0.443277430380398 0.10705 52839.8249865724
0.28 4 19997699.3333333 20002621.3333333 1.40666666666667 1.27 580 0 NA 0.123966666666667 0
0.3 4 21558634.6 21565083.6 1.508 1.25 1673 0 NA 0.11922 0
0.31 4 22320174.6666667 22324947.3333333 1.77666666666667 1.23 1054 0.00362601919354839 0.120914807220216 0.143733333333333 302728.875157101
0.32 4 22665634 22668568 1.84 1.22 373 0 NA 0.132 0
0.33 4 23244904 23253183 1.75 1.2 438 0 NA 0.11125 0
0.34 4 23579997 23584231 1.62 1.19 388 0 NA 0.0901 0
0.35 4 24289724 24315017 1.72 1.19 1231 0 NA 0.077 0
0.36 4 24979535 24985488 1.79 1.2 154 0 NA 0.1097 0
0.37 4 25535830 25543683 1.77 1.2 383 0 NA 0.1013 0
0.38 4 26027626 26032352 1.7 1.19 211 0 Inf 0.0734 0
0.39 4 26587834.5 26596011 1.54 1.18 165 0.00548515587878788 0 0.11875 554289.436172249
0.4 4 27567926 27575347 1.17 1.15 195 0 NA 0.0839 0
0.43 4 30676973.75 30687803.5 0.675 0.965 1212 0.000658684554455446 0 0.116 68139.7814953909
0.44 4 33206816.5 33211018 0.445 0.905 226 0 NA 0.31115 0
0.45 4 35285863.3333333 35292883.3333333 0.546666666666667 0.783333333333333 1076 0.000747440130111524 0 0.128633333333333 69727.5063073721
0.46 4 36897333 36901770 0.49 0.63 418 0 NA 0.19325 0
0.47 4 38886460 38898365.5 0.42 0.5 889 0.000915966366704162 0 0.09985 110081.085632949
0.49 4 44859437 44863012.5 0.25 0.21 472 0.00166469612288136 0 0.1126 177409.888761779
0.5 4 49891702 49908515.6 0.162 0.082 388 0 NA 0.12698 0
0.51 4 56347259.875 56356235.375 0.09875 0.05375 1620 0 Inf 0.1002625 0
0.52 4 85897523.6285714 85904943.7428571 0.0197142857142857 -0.00457142857142857 8308 0.000149875830524795 0.186871743613153 0.121297142857143 14827.30692524
0.53 4 129620557.952381 129638290.952381 0.0147619047619048 -0.030952380952381 3820 0.000865628246073298 0.0699173653466406 0.117080952380952 88720.9980926795
0.54 4 215812977 215831052.564103 -0.00615384615384615 0.0130769230769231 10728 7.28859256152125e-05 0.588413374044904 0.104082051282051 8403.28468366167
0.55 4 360251322.982759 360266468.344828 -0.0170689655172414 -0.000862068965517241 15842 0.000140762577957329 0.165613724969761 0.0999465517241379 16900.5424034054
0.59 4 428098833.333333 428105053.833333 0.02 0.03 986 0 NA 0.0847333333333333 0
0.6 4 432469397.333333 432474259 0.0333333333333333 0.03 643 0.00127795287713841 0 0.234133333333333 65498.723771331
0.61 4 436213234 436217573 0.045 0.035 599 0 NA 0.07895 0
0.62 4 438147590 438151460 0.05 0.04 420 0 NA 0.0966 0
0.63 4 444577371 444586700 0.075 0.045 360 0 NA 0.08735 0
0.64 4 447475062.4 447481639.8 0.086 0.05 1326 0.000569800256410256 0.308434087285807 0.10044 68076.4941947738
0.66 4 458895663.4 458900395.6 0.134 0.062 1619 0 Inf 0.13864 0
0.67 4 463673892.6 463683167 0.148 0.07 1239 0 NA 0.1082 0
0.68 4 471610796.9 471615363.1 0.106 0.059 1402 0 NA 0.16926 0
0.69 4 492029547.875 492035603.916667 0.0229166666666667 0.05 5330 0 NA 0.119033333333333 0
0.7 4 511976771.545455 511984610.136364 0.103636363636364 0.0959090909090909 4538 0 Inf 0.139495454545455 0
0.71 4 520086320 520137728.666667 0.13 0.116666666666667 743 0 NA 0.105466666666667 0
0.72 4 528104738.5 528113190.875 0.135 0.14375 3531 0.000240646771452846 0.264571632839496 0.1116875 25855.7247447938
0.73 4 536050051.285714 536055596.714286 0.16 0.15 1032 0.00148370589147287 0.301530441322133 0.130814285714286 136104.941447768
0.74 4 542433262.714286 542439969.285714 0.141428571428571 0.121428571428571 3100 0.000257063703225806 0.285179311898439 0.125542857142857 24571.4054061991
0.75 4 552087560.555556 552096392.666667 0.0855555555555556 0.107777777777778 1972 0 Inf 0.115677777777778 0
0.76 4 558835369 558848090.4 0.192 0.19 1164 0 NA 0.15426 0
0.77 4 564265763 564275413.25 0.26625 0.3125 1221 0 NA 0.1185375 0
0.78 4 567531195.714286 567536984 0.404285714285714 0.38 1180 0 NA 0.198657142857143 0
0.79 4 569310066.333333 569316279 0.515 0.436666666666667 1119 0.000460804289544236 0 0.125133333333333 44190.0757154835
0.8 4 570601406 570605661 0.57 0.475 67 0 NA 0.107 0
0.82 4 574941578.571429 574945928.142857 0.535714285714286 0.49 954 0 NA 0.1242 0
0.84 4 578447094 578453528 0.55 0.5 298 0 NA 0.0645 0
0.85 4 580291772.666667 580298534.666667 0.593333333333333 0.516666666666667 505 0 NA 0.1399 0
0.86 4 581683739.666667 581739144.333333 0.61 0.53 731 0 NA 0.142366666666667 0
0.87 4 583499089 583503527 0.61 0.545 579 0 NA 0.14385 0
0.88 4 585929908.333333 585976944.666667 0.576666666666667 0.58 316 0 Inf 0.0784666666666667 0
0.89 4 586906628 586911406 0.54 0.59 612 0.00162338 0 0.1873 104007.261078484
0.9 4 589486138 589494425 0.455 0.585 1152 0 NA 0.11425 0
0.91 4 591181401 591185046.666667 0.46 0.603333333333333 474 0.00194855392405063 0 0.136533333333333 171259.622231013
0.92 4 593492098.5 593500592.75 0.5275 0.645 2240 0.000347744665178571 0.582240864458163 0.105375 39600.815963396
0.93 4 595104818 595108949.666667 0.616666666666667 0.693333333333333 381 0 NA 0.1728 0
0.95 4 597828695.5 597832566.5 0.74 0.8 642 0 NA 0.1267 0
0.96 4 599495179.666667 599499147 0.823333333333333 0.853333333333333 679 0 NA 0.180966666666667 0
0.97 4 600027670 600031417 0.88 0.87 257 0 NA 0.1048 0
0.98 4 601487804.333333 601493063.666667 0.986666666666667 0.89 601 0 NA 0.121533333333333 0
1 4 603476187 603490579.5 1.005 0.89 284 0 Inf 0.12745 0
1.01 4 604417944.5 604424432.5 0.965 0.89 889 0 NA 0.149 0
1.03 4 606225436 606234907 1.04 0.91 401 0 NA 0.0888 0
1.05 4 608176456.5 608181825 0.991666666666667 0.91 1281 0 Inf 0.15555 0
1.06 4 609232390 609237470.5 0.92 0.9 534 0 NA 0.13985 0
1.07 4 610930296 610934429 0.86 0.89 162 0 NA 0.1259 0
1.08 4 611729808 611740902.666667 0.836666666666667 0.87 208 0 NA 0.0856333333333333 0
1.09 4 613443863 613452358 0.81 0.83 231 0 NA 0.1183 0
1.1 4 613977454 613987565.333333 0.806666666666667 0.813333333333333 568 0 NA 0.164433333333333 0
1.12 4 617267869.5 617279026 0.47 0.67 924 0.000831699753246753 0 0.10935 91270.2061176135
1.13 4 618655760 618660756 0.406666666666667 0.706666666666667 588 0 NA 0.132533333333333 0
1.14 4 621745794 621750789 0.92 0.7 284 0.00278746 0 0.1988 168257.142857143
1.15 4 622003604.5 622008718.5 0.97 0.72 961 0 NA 0.17235 0
1.16 4 623280817.5 623294531.75 1.2525 0.81 871 0 NA 0.1302 0
1.18 4 625146232.8 625151912 0.618 0.93 802 0.00105654788029925 0 0.09814 129188.654611688
1.19 4 627060578 627067278 0.98 0.94 323 0.0102509 0 0.1103 1115238.4406165
1.22 4 629589221 629593649 1.18 0.99 38 0 NA 0.1536 0
1.25 4 632210744.333333 632228410 1.04333333333333 1 1339 0 NA 0.154 0
1.26 4 632897871.4 632901386.8 0.92 1 747 0 NA 0.22884 0
1.27 4 633837715 633843075 0.85 1 161 0 NA 0.1164 0
1.28 4 634920600.5 634924415.5 0.77 1 177 0 NA 0.1491 0
1.29 4 636577557 636581046 0.66 1 34 0 NA 0.2096 0
1.3 4 638632660.5 638640830 0.55 1 598 0.00937304615384615 0.122306187299753 0.1992 564641.334569045
1.31 4 640902427.727273 640920423 NA NA 3221 0.00801400024837007 0.0891332781995594 0.176772727272727 544020.587701131
1.32 4 644739607.2 644745918 NA NA 1015 0.0043666984729064 0.0516128117398701 0.15316 342128.373432207
0 5 320459 326008.5 NA NA 460 0.00886743943478261 0.0348071893524952 0.1549 686954.636651977
0.01 5 545628.5 550170 2.53 1.45 951 0.00477113668769716 0.305453037037366 0.15395 371897.630739629
0.03 5 1313687 1319573 2.46 1.44 391 0 NA 0.2534 0
0.06 5 2550565 2552346 2.35 1.41 46 0.0190476 0 0.9138 250132.632961261
0.07 5 3141079 3152916 2.3 1.39 369 0 NA 0.1371 0
0.08 5 3438543 3442516 2.27 1.38 213 0 NA 0.2272 0
0.09 5 4122876 4126991 2.2 1.37 165 0.0049896 0.27540885040885 0.1768 338660.633484163
0.12 5 5401199.5 5406223 2.095 1.33 386 0.00578349683937824 0 0.14695 472282.831388492
0.13 5 5685205 5702441 2.07 1.32 20 0 NA 0.0785 0
0.14 5 6160787 6166162 2.04 1.31 97 0 NA 0.1371 0
0.15 5 6842813.66666667 6849172.66666667 1.98666666666667 1.28333333333333 822 0 NA 0.169433333333333 0
0.16 5 7512955 7521181 1.935 1.26 536 0.0103160597014925 0.124466271977036 0.13205 937468.507519201
0.19 5 9252025 9255073 1.77 1.22 219 0 NA 0.2272 0
0.21 5 10156146 10160096 1.7 1.2 360 0 NA 0.1395 0
0.24 5 12058959 12064320 1.57 1.15 243 0 NA 0.131 0
0.25 5 12449138 12456304 1.55 1.15 304 0.00469208 0 0.1813 310562.382790954
0.26 5 13032905 13036977 1.48 1.13 667 0 NA 0.0835 0
0.27 5 14012962 14017702 1.37 1.11 181 0 NA 0.099 0
0.29 5 15283999 15297809 1.25 1.08 87 0 NA 0.0946 0
0.3 5 16322753 16333919 1.18 1.06 32 0 NA 0.0801 0
0.31 5 17101129.5 17105780 1.13 1.04 306 0.00542660392156863 0.136229931839073 0.22415 290516.382149558
0.33 5 19372145 19373859 1.03 0.99 49 0 NA 0.1527 0
0.34 5 19792763 19794780 1.02 0.98 140 0 NA 0.2229 0
0.37 5 23794351 23799064 0.78 0.865 851 0 NA 0.13645 0
0.38 5 24396295.5 24403007 0.78 0.85 650 0 NA 0.1397 0
0.39 5 26707340 26713033 0.7 0.79 28 0 NA 0.0984 0
0.41 5 28575679 28580135 0.62 0.75 537 0 Inf 0.10475 0
0.42 5 30452571.5 30458213 0.54 0.715 608 0 NA 0.16425 0
0.43 5 32866971 32871921.5 0.45 0.67 224 0 Inf 0.118 0
0.44 5 34596928 34601320 0.385 0.65 484 0 NA 0.1115 0
0.45 5 39497384.3333333 39505478.3333333 0.256666666666667 0.44 334 0 NA 0.111166666666667 0
0.46 5 42618797.6 42627393.8 0.228 0.322 870 0.00183496703448276 0 0.09994 220328.241082581
0.47 5 59152750.8888889 59161697.1111111 -0.0277777777777778 -0.00555555555555555 1127 0.000695508074534162 0 0.0968444444444444 86180.4406260778
0.48 5 198138182.289474 198151716.447368 0.00157894736842105 0.00403508771929825 27593 0.000174765156597688 0.409467446500451 0.110414035087719 18993.7980031808
0.49 5 355424557.133333 355428920.466667 0.052 0.03 2455 0.00050435882688391 0.282967727079382 0.131106666666667 46163.2201968391
0.5 5 371362498 371404140.714286 0.0985714285714286 0.0385714285714286 2092 0.000378759739961759 0.179356564918859 0.135085714285714 33646.1697935573
0.51 5 380984273.125 380990521.125 0.085 0.04 2235 0.000347471205369128 0.750232890074999 0.1152625 36175.2908745648
0.52 5 406993225.518519 407004493.962963 0.0218518518518519 0.0424074074074074 13283 6.07951938568095e-05 1.0287377683227 0.0975833333333333 7476.09557248554
0.53 5 441870747.235294 441876000 0.0317647058823529 0.0347058823529412 3117 0.000275837808790504 0.259739194540691 0.106358823529412 31121.5712589253
0.54 5 461998451 462003199.4 0.124 0.104 1545 0.000504212453074434 0 0.11512 52558.6295769041
0.55 5 469375525.857143 469382751.285714 0.145714285714286 0.158571428571429 966 0 Inf 0.100371428571429 0
0.56 5 475638593.5 475643060 0.195 0.22 258 0 NA 0.1592 0
0.57 5 479600881.4 479608335.4 0.236 0.262 1288 0.000409373276397516 0.435017204946555 0.12114 40552.0828526514
0.58 5 483411231.666667 483415544.444444 0.261111111111111 0.277777777777778 1898 0 Inf 0.121033333333333 0
0.59 5 487307149 487313084.25 0.2825 0.295 777 0.00102575764478764 0 0.18735 65701.0501064944
0.6 5 489074235 489081274 0.29 0.3 285 0 NA 0.1363 0
0.62 5 495617281 495624679.5 0.33 0.33 252 0 NA 0.1107 0
0.63 5 499218868 499222808.5 0.35 0.35 245 0 NA 0.1833 0
0.64 5 501859287.5 501864154 0.365 0.36 808 0 NA 0.1345 0
0.65 5 504159106 504169851.5 0.38 0.375 147 0.0111414421768707 0 0.13205 1012474.86650851
0.66 5 506317498 506319740 0.39 0.39 68 0 NA 0.1172 0
0.68 5 509963052 509970724.5 0.415 0.41 1804 0 NA 0.10195 0
0.69 5 513390079.5 513394264 0.44 0.44 394 0 NA 0.1345 0
0.7 5 514779286.5 514783931.5 0.4475 0.4475 647 0 NA 0.15525 0
0.72 5 519426717 519442784.333333 0.48 0.483333333333333 938 0.0016687491684435 0.147835503261664 0.126633333333333 158133.640600068
0.73 5 523521527 523527044 0.51 0.52 243 0 NA 0.1648 0
0.74 5 525350898 525355659 0.525 0.535 187 0 NA 0.1075 0
0.75 5 527429568 527436945.666667 0.536666666666667 0.55 374 0 NA 0.102766666666667 0
0.76 5 529378344 529384885.5 0.55 0.565 712 0 NA 0.11375 0
0.77 5 530093804 530100013.5 0.555 0.57 681 0 NA 0.0947 0
0.79 5 534077896.333333 534081378 0.6 0.61 317 0 Inf 0.264766666666667 0
0.8 5 535604659 535610716.666667 0.61 0.626666666666667 1032 0 NA 0.149766666666667 0
0.81 5 537810916.5 537816231 0.62 0.66 624 0 NA 0.12815 0
0.82 5 538475689 538479595 0.63 0.67 774 0 NA 0.0998 0
0.83 5 540426481.5 540430760 0.65 0.69 615 0 NA 0.164925 0
0.84 5 542119408.25 542125014.25 0.6725 0.7075 1760 0 Inf 0.126225 0
0.86 5 545074614.666667 545080759.666667 0.723333333333333 0.736666666666667 631 0 NA 0.100333333333333 0
0.88 5 547160608.333333 547162912 0.783333333333333 0.75 327 0 Inf 0.209 0
0.89 5 549102144.5 549134168 0.82 0.765 436 0 NA 0.0967 0
0.9 5 549505250.666667 549509676.666667 0.826666666666667 0.77 379 0.0184005686015831 0 0.113466666666667 1946006.08007342
0.91 5 551814449.5 551825611.5 0.84 0.78 224 0 NA 0.14715 0
0.92 5 552663025.8 552669241.6 0.832 0.78 1597 0.0019057625798372 0.229343791248113 0.10676 214210.855732918
0.93 5 553333832.5 553340393.5 0.8375 0.785 122 0 NA 0.1265 0
0.94 5 554685267.125 554705806.375 0.90625 0.81375 1231 0.00317636929325751 0 0.1135625 335642.765165351
0.95 5 555960163.333333 555964996.666667 0.94 0.833333333333333 659 0.00125448673748103 0 0.120066666666667 125379.018737693
0.96 5 556816420.6 556827778.2 0.94 0.846 829 0 NA 0.12824 0
0.97 5 557910204 557918845 0.93 0.85 12 0 NA 0.1128 0
0.98 5 559199963 559204208 0.88 0.86 482 0 NA 0.1857 0
1 5 561726956 561733265 0.91 0.86 197 0 NA 0.132 0
1.01 5 562607373 562611424.666667 0.893333333333333 0.85 571 0 NA 0.166833333333333 0
1.02 5 563660175.666667 563667437.333333 0.873333333333333 0.843333333333333 354 0 Inf 0.1031 0
1.03 5 565028777.5 565032839.5 0.86 0.85 609 0 NA 0.1342 0
1.04 5 565772223 565779488.5 0.86 0.8575 1607 0 Inf 0.092975 0
1.06 5 568217886.285714 568222746.571429 0.848571428571429 0.87 1287 0.00804982695415695 0.0452367337660385 0.175914285714286 549119.265997389
1.07 5 569788886.5 569792781 0.84 0.87 359 0 NA 0.1311 0
1.08 5 571055826.5 571060987 0.84 0.87 744 0.00512524879032258 0.0607932560105724 0.204175 301226.817601915
1.11 5 573946893 573974479 0.83 0.87 105 0 NA 0.2311 0
1.12 5 575074648 575080916.5 0.83 0.87 140 0 Inf 0.18055 0
1.13 5 576714135 576719142.5 0.83 0.86 384 0 Inf 0.1535 0
1.14 5 577772092 577777319 0.82 0.85 30 0 NA 0.1266 0
1.16 5 580901950 580905537 0.8 0.83 32 0 NA 0.1125 0
1.17 5 581668055.166667 581674303.5 0.8 0.823333333333333 1258 0.00736439880763116 0.171358628447259 0.153883333333333 574284.321617506
1.18 5 582769952.333333 582774914 0.8 0.813333333333333 1990 0.0110081987788945 0.0842634740699118 0.116266666666667 1136167.30516113
1.19 5 584640677 584644182 0.81 0.79 98 0 Inf 0.089 0
1.2 5 585490914.5 585566614.5 0.825 0.78 504 0.00299973051587302 0.153746058061909 0.09545 377126.93756392
1.22 5 587673976 587678247.666667 0.886666666666667 0.77 261 0.00868526287356322 0 0.154433333333333 674874.732243203
1.23 5 588798729.25 588825801.25 0.835 0.755 353 0 Inf 0.1545 0
1.24 5 589927598 589934992.166667 0.781666666666667 0.741666666666667 1606 0.000448946164383562 0 0.114666666666667 46982.7381331634
1.25 5 591453998.8 591460753.2 0.638 0.74 1524 0.000516037112860892 0.57085432114539 0.09856 62829.1939359853
1.26 5 593549737 593562646 0.6 0.72 133 0 NA 0.1137 0
1.27 5 595081157.2 595086653.4 0.698 0.678 874 0 Inf 0.09802 0
1.28 5 596405577.5 596410051 0.76 0.61 298 0.00255416067114094 0 0.24275 126261.289613558
1.29 5 597385477.777778 597424849.777778 0.73 0.584444444444444 1717 0.000509057192778101 0.422398767944029 0.1297 47098.5837574188
1.3 5 598739626 598757518 0.67 0.5775 765 0 NA 0.1073 0
1.31 5 600597898 600601804.333333 0.58 0.613333333333333 911 0.000924931053787047 0.26740160856206 0.142 78163.1876439758
1.32 5 602580882.333333 602588233.833333 0.436666666666667 0.596666666666667 780 0.0021046215 0.22413095205614 0.11555 218567.356122891
1.33 5 605114800.333333 605119531.833333 0.555 0.605 832 0 NA 0.12025 0
1.34 5 606443213.333333 606448868 0.596666666666667 0.626666666666667 390 0.00198510769230769 0 0.179933333333333 132389.545985693
1.36 5 609064745.8 609107869.2 0.732 0.656 1370 0.00053816802919708 0 0.14602 44226.9302175385
1.37 5 610011902 610017237 0.86 0.63 604 0 NA 0.1392 0
1.38 5 612152566.333333 612156482.333333 0.796666666666667 0.61 598 0.00549365989966555 0 0.1586 415661.530870029
1.39 5 613222910 613227066 0.76 0.61 168 0 NA 0.0649 0
1.4 5 615166241.857143 615171001.428571 0.531428571428571 0.601428571428571 1184 0.0064037485304054 0.0295657331594631 0.1346 570913.687703305
1.41 5 616781922.75 616789669.75 0.45 0.59 1082 0 Inf 0.143675 0
1.42 5 618749340.2 618754269.4 0.446 0.546 1266 0.00305318322274882 0 0.10626 344797.653613644
1.43 5 621357622.8 621363694.6 0.434 0.51 1119 0.00275295152815013 0.446842438757647 0.12616 261853.347636348
1.44 5 623758877.4 623765945 0.526 0.556 1276 0.0012419187539185 0.142746397331013 0.1389 107293.196882807
1.45 5 625236495.75 625240923 0.6775 0.5625 531 0 NA 0.1373 0
1.46 5 626497458.25 626510259.5 0.765 0.5725 876 0 NA 0.08035 0
1.48 5 629805085.8 629808246.8 0.536 0.648 1076 0.000719781635687732 0 0.22688 38070.2557662764
1.49 5 631307921.428571 631312332.714286 0.472857142857143 0.651428571428571 443 0 NA 0.390657142857143 0
1.51 5 634584920 634590431.5 0.715 0.62 196 0 NA 0.13535 0
1.52 5 636486420.666667 636494076.444444 0.725555555555556 0.62 1891 0 Inf 0.137511111111111 0
1.53 5 637355022.5 637357606.5 0.7 0.63 249 0 NA 0.21935 0
1.54 5 639039843 639044468.5 0.715 0.64 180 0 NA 0.1758 0
1.55 5 640539927.5 640545598.5 0.52 0.645 377 0.0182649548275862 0.0671545502939688 0.16875 1298841.23218391
1.56 5 642800950 642815484.25 0.545 0.655 970 0.000802452 1.48224758126651 0.1159 83083.8999137187
1.57 5 644350222.5 644358079.875 0.6075 0.68625 1540 0.000524085948051948 0 0.1388625 45289.6309415672
1.58 5 645910794.333333 645914387.666667 0.706666666666667 0.713333333333333 520 0.00457593230769231 0 0.174433333333333 314797.559864176
1.59 5 646998597 647003408.5 0.735 0.725 368 0.00209976831521739 0.298818037300544 0.08445 298368.499498031
1.6 5 648315054.333333 648318299 0.753333333333333 0.736666666666667 488 0 NA 0.2373 0
1.61 5 649605300.666667 649611265.666667 0.823333333333333 0.74 773 0 NA 0.0992 0
1.62 5 651172857.4 651182119.6 0.798 0.74 1436 0.00107916591225627 0.290928240289259 0.12776 101361.85775732
1.63 5 651947533 651949994 0.79 0.75 50 0 NA 0.1035 0
1.64 5 653908194 653918421 0.8 0.77 227 0 NA 0.1307 0
1.65 5 654684138 654689663 0.8 0.78 22 0 NA 0.1741 0
1.66 5 656514952 656518038 0.88 0.78 232 0 NA 0.1575 0
1.67 5 657394574 657400317 0.89 0.77 222 0 NA 0.1926 0
1.68 5 657821976.5 657828231.5 0.89 0.76 341 0.00235496129032258 0 0.09395 300793.352675582
1.69 5 659415973 659422455 0.8 0.73 158 0.00993789 0 0.1827 652734.975369458
1.71 5 661690639 661694632 0.73 0.73 541 0.0135458947504621 0.090125065972406 0.1519 1070116.76764678
1.72 5 663376456 663383172 0.59 0.72 482 0.00160148012448133 0.191700462987157 0.1306 147149.781728759
1.73 5 665344274.666667 665350514.166667 0.466666666666667 0.701666666666667 1051 0.00147533571836346 0.297531880115093 0.1658 106779.424730769
1.74 5 668113116.25 668118100.75 0.316666666666667 0.683333333333333 779 0.00187747811296534 0.155495651122151 0.1895 118890.434594111
0 6 1080636.4 1107383.8 0.276 1.402 1073 0.00164540540540541 0 0.4081 48382.4181937389
0.03 6 5155585.66666667 5162316.83333333 0.936666666666667 1.42 1828 0.0060030590809628 0.0419055137096404 0.168333333333333 427940.845375566
0.04 6 6384980.5 6434901 1.11 1.43 284 0.00280673049295775 0.294629661954678 0.16275 206947.870448497
0.05 6 7538700 7543555 1.32 1.44 175 0 NA 0.278 0
0.06 6 8009379 8015945.33333333 1.38 1.44 1136 0.00136073776408451 0 0.1118 146054.142835546
0.07 6 8580377.66666667 8586867.66666667 1.44333333333333 1.44 1231 0.000665475223395613 0 0.265133333333333 30119.5725952251
0.09 6 9730002 9736746.5 1.92 1.44 455 0.0160655996923077 0.0313935447625034 0.1082 1781767.06384189
0.11 6 10691525 10695891 2.03 1.44 300 0 NA 0.1847 0
0.14 6 12657540 12788778 1.7 1.45 390 0 NA 0.1759 0
0.17 6 14199008.5 14203730 1.645 1.515 380 0 Inf 0.20445 0
0.19 6 15743975.5 15749309 1.57 1.54 261 0 NA 0.84675 0
0.21 6 16788510 16807337 1.52 1.54 805 0.0119271899378882 0.0239954111217608 0.17945 797583.05519453
0.26 6 19621868 19624783 1.41 1.47 103 0 NA 0.2155 0
0.29 6 22577030.5 22580930 1.29 1.34 449 0 NA 0.10695 0
0.31 6 24373440.5 24383556 1.205 1.34 298 0 NA 0.34215 0
0.32 6 25049705 25053175 1.19 1.33 401 0 NA 0.14555 0
0.33 6 25869026 25874898 1.19 1.31 73 0 Inf 0.174 0
0.34 6 26766722 26771972 1.2 1.27 73 0 NA 0.1042 0
0.36 6 28362765 28366441 1.35 1.18 102 0 NA 0.139 0
0.38 6 29453673 29459393 1.32 1.1 311 0 NA 0.1201 0
0.39 6 30651156 30657609 1.16 0.99 246 0 Inf 0.1922 0
0.4 6 31123674 31201393 1.06 0.94 200 0 NA 0.1347 0
0.41 6 32260487 32264470 1 0.87 210 0 NA 0.0926 0
0.42 6 32778775 32785762 0.96 0.83 57 0 NA 0.0699 0
0.43 6 34026543 34029172 0.85 0.77 103 0 NA 0.105 0
0.44 6 36028739.5 36032662 0.5 0.67 410 0 NA 0.09705 0
0.45 6 37473922 37496177.5 0.44 0.6 575 0 NA 0.1348 0
0.46 6 39761654 39767122 0.48 0.44 19 0 Inf 0.1286 0
0.47 6 46140741 46146377.9090909 0.114545454545455 0.25 1914 0 Inf 0.122827272727273 0
0.48 6 54965208.9090909 54981609.2727273 0.0890909090909091 0.0918181818181818 1980 0 NA 0.134145454545455 0
0.49 6 71568846.0666667 71577336 0.046 0.05 5054 0 NA 0.107833333333333 0
0.5 6 103789130.2 103795566.2 0.04 0.012 1025 0 NA 0.14754 0
0.51 6 124370291.333333 124379014.047619 0.0357142857142857 0.0328571428571429 5040 0 Inf 0.116790476190476 0
0.52 6 154244967.909091 154252930.454545 0.0268181818181818 0.03 4570 0 NA 0.106363636363636 0
0.53 6 235776831.3125 235793644.5625 0.00958333333333333 0.00854166666666667 12138 0.000101298788927336 0.297488326559798 0.1001125 12142.1947022403
0.54 6 343775243.375 343782052.7 0.0125 0.02475 8554 0 NA 0.104465 0
0.55 6 381390125 381398942.8 0.084 0.08 1322 0 NA 0.0828 0
0.56 6 391359681 391369012.333333 0.146666666666667 0.08 867 0 NA 0.102733333333333 0
0.57 6 397347563.571429 397353123.857143 0.148571428571429 0.0857142857142857 932 0 NA 0.120842857142857 0
0.58 6 407942662.5 407948033.5 0.1 0.08 477 0 NA 0.1381 0
0.59 6 423936214.625 423943625.75 0.04375 0.0725 821 0 NA 0.1058875 0
0.6 6 451398146.5 451405316.5 0.07 0.0516666666666667 1021 0 NA 0.11635 0
0.61 6 461331465.25 461337917.75 0.1025 0.0675 972 0 NA 0.1136 0
0.62 6 469089179.75 469096732.25 0.14 0.0925 826 0 NA 0.188825 0
0.63 6 476323409.666667 476327099.333333 0.15 0.123333333333333 386 0 NA 0.143133333333333 0
0.64 6 481988362.571429 482018743 0.121428571428571 0.127142857142857 2697 0 NA 0.0983571428571429 0
0.65 6 492012990.545455 492019362 0.107272727272727 0.14 3019 0 NA 0.138436363636364 0
0.66 6 500269023.888889 500274391.222222 0.165555555555556 0.195555555555556 3575 0 NA 0.107344444444444 0
0.67 6 505573870.888889 505577941 0.223333333333333 0.192222222222222 1471 0 NA 0.135388888888889 0
0.68 6 508306552 508316706.666667 0.246666666666667 0.236666666666667 893 0 NA 0.101766666666667 0
0.69 6 512629614.833333 512634396.166667 0.293333333333333 0.25 1238 0 NA 0.139583333333333 0
0.7 6 516519409 516522218 0.31 0.28 101 0 NA 0.1884 0
0.71 6 519318700.75 519324801.5 0.3025 0.3475 917 0 NA 0.0946 0
0.72 6 522688663 522693516 0.316666666666667 0.453333333333333 506 0 NA 0.154433333333333 0
0.73 6 525246965.142857 525257605 0.331428571428571 0.508571428571429 1585 0 NA 0.108728571428571 0
0.74 6 527685542.25 527690545.5 0.47 0.56 1421 0 NA 0.158875 0
0.75 6 530261252.571429 530265917.285714 0.547142857142857 0.607142857142857 1227 0 NA 0.132042857142857 0
0.76 6 531805991 531812385 0.595 0.64 313 0 NA 0.127 0
0.77 6 533611927 533613729 0.66 0.67 99 0 NA 0.1032 0
0.78 6 534645227 534665057 0.7 0.69 45 0 NA 0.0982 0
0.79 6 535838085 535842826.5 0.75 0.71 362 0 NA 0.1204 0
0.81 6 538632707 538636682 0.91 0.78 201 0 Inf 0.1385 0
0.82 6 540207325 540211438 1.04 0.85 172 0 NA 0.1174 0
0.84 6 541589026.5 541597410.5 1.055 0.88 246 0 NA 0.1046 0
0.85 6 542524882.666667 542530868.333333 1.00333333333333 0.89 298 0 NA 0.126233333333333 0
0.86 6 543604198 543618645 0.98 0.89 680 0 NA 0.0799 0
0.88 6 545764316.5 545772508.75 0.9325 0.8375 1547 0 Inf 0.147075 0
0.89 6 547167979.5 547171373.5 0.88 0.86 281 0 Inf 0.09985 0
0.91 6 548931587 548941023 0.87 0.89 283 0 NA 0.0909 0
0.92 6 550341214.75 550345568.75 0.8525 0.88 1381 0 NA 0.127825 0
0.93 6 551255872 551261587 0.83 0.86 228 0 NA 0.1008 0
0.94 6 552463083.5 552467387.75 0.79 0.8 806 0 NA 0.164975 0
0.95 6 553919206 553930624 0.76 0.75 18 0 NA 0.0596 0
0.96 6 555471931.5 555480738 0.718333333333333 0.73 2888 0 Inf 0.0968 0
0.97 6 556367797 556374394 0.71 0.73 114 0 NA 0.2651 0
0.98 6 557891026 557893476 0.73 0.76 98 0 NA 0.1634 0
0.99 6 559349275 559357474.666667 0.78 0.826666666666667 346 0 NA 0.175066666666667 0
1 6 560375893 560381339.333333 0.833333333333333 0.886666666666667 1109 0.000710677276825969 0 0.182533333333333 46720.9312741689
1.02 6 563036065.666667 563041679.666667 0.888333333333333 0.975 861 0 NA 0.139116666666667 0
1.03 6 564085703 564091732 0.94 0.99 323 0 NA 0.0898 0
1.04 6 565028124.666667 565034847.666667 1.00333333333333 1 1203 0.00127888482876143 0.303746986747856 0.1065 144099.699015372
1.05 6 565974294.5 565979378 1.085 1.005 922 0 NA 0.10565 0
1.06 6 566964660.666667 566969992.666667 1.21 1.03 1307 0.000580153542463657 0 0.155166666666667 44866.8690197458
1.07 6 567790305.5 567794487.5 1.275 1.045 554 0.0114089655595668 0 0.17955 762503.963880821
1.08 6 568471093 568476958 1.3 1.06 259 0 NA 0.2405 0
1.11 6 570404914 570414327 1.23 1.1 681 0 NA 0.0817 0
1.12 6 571850670 571854751 1.1 1.12 338 0 NA 0.1065 0
1.13 6 572797221 572803184 1.07 1.13 260 0 NA 0.1841 0
1.14 6 573761841 573771463 1.02 1.145 972 0.00601473765432099 0.077263066969421 0.1166 619012.451559621
1.15 6 574920159.75 574924314.75 0.815 1.1725 502 0.0280264988047809 0.0676363655386354 0.11495 2925776.29975964
1.16 6 575747361.5 575751682 1.02 1.185 468 0.0157790769230769 0 0.14325 1321807.49093838
1.17 6 576558782.75 576564255.75 1.055 1.2 1562 0.0272733985915493 0.0108557337013531 0.183125 1787198.81555545
1.18 6 577490866 577494830 1.13 1.21 98 0.039604 0 0.2046 2322815.24926686
1.19 6 578646101.6 578650926.8 1.194 1.226 390 0.00200125128205128 0.294964176258956 0.13394 179296.814876925
1.2 6 579521934.333333 579526319.333333 1.24666666666667 1.24 560 0.00867885933928571 0 0.169166666666667 615643.224067558
1.22 6 581191755.5 581195932.5 1.345 1.27 584 0 Inf 0.26115 0
1.23 6 581512156.333333 581519386.666667 1.36666666666667 1.27 559 0 NA 0.153866666666667 0
1.25 6 583025445.5 583034401 1.455 1.295 907 0 NA 0.18575 0
0 7 669773.666666667 674670.833333333 0.21 0.95 1015 0.0137217945812808 0.0674896930534765 0.287783333333333 572171.894279387
0.01 7 3542344 3546885.66666667 0.493333333333333 0.966666666666667 373 0.00645638284182306 0.18969972479382 0.334766666666667 231434.613467719
0.02 7 5387450 5392662 0.7 0.97 11 0 NA 0.1268 0
0.03 7 6695323.5 6704136.25 0.815 0.97 1450 0.012072240937931 0.131947144600533 0.161975 894378.09078668
0.04 7 7624609 7626289 0.87 0.97 108 0 NA 0.1598 0
0.05 7 8553570 8557767 0.97 0.97 620 0 NA 0.1119 0
0.06 7 9889081 9895333 1.16 0.97 108 0 NA 0.2162 0
0.07 7 10557666 10564963.5 1.22 0.97 81 0 NA 0.1572 0
0.08 7 11213395.1428571 11231081.1428571 1.25714285714286 0.97 1076 0.00436831143122676 0.146408835208946 0.203528571428571 257554.685353442
0.1 7 12704624 12710290 1.26 0.97 247 0.00313112 0.298480735327934 0.0696 539848.275862069
0.12 7 14641804.5 14706743 1.1 0.96 365 0.0120827499178082 0 0.32245 449660.409408276
0.13 7 15836026 15840014.3333333 1.01333333333333 0.976666666666667 516 0.0174916798449612 0 0.1544 1359456.98276901
0.14 7 16666758 16674195 1.01 0.98 14 0 NA 0.1326 0
0.15 7 17084707 17089047 1.02 0.98 174 0 NA 0.1398 0
0.16 7 18552989 18558799.3333333 1.02 0.966666666666667 990 0.00312514780808081 0.0746093008229529 0.179133333333333 209351.174341104
0.17 7 19620901.5 19624474 0.99 0.95 1010 0.0162817267326733 0.0424463518112755 0.18925 1032394.82584982
0.18 7 20819709 20823800 0.98 0.96 14 0 NA 0.177 0
0.19 7 21858139 21861399 0.97 0.97 18 0 NA 0.0864 0
0.2 7 22625092.5 22629288 0.955 0.97 287 0 NA 0.0955 0
0.21 7 23170909.5 23176645.5 0.935 0.97 373 0 NA 0.1219 0
0.22 7 24586330 24608717 0.865 0.935 206 0 NA 0.13555 0
0.23 7 25441995 25518932 0.88 0.9 97 0 NA 0.1225 0
0.24 7 26825801 26829859 0.85 0.87 187 0.00395062 0 0.229 207019.388646288
0.25 7 27986777 27992005 0.8 0.84 32 0 NA 0.1801 0
0.26 7 29875236 29878221.6666667 0.726666666666667 0.82 205 0 NA 0.1738 0
0.27 7 30840366 30849928 0.71 0.82 420 0 NA 0.1193 0
0.28 7 32961031 32965998.5 0.75 0.82 441 0.00176632126984127 0.297642557970004 0.1162 182408.392754692
0.3 7 34655438.6666667 34708428.6666667 0.84 0.846666666666667 227 0 NA 0.106033333333333 0
0.32 7 37108568 37114801.5 0.89 0.87 376 0.00218534377659574 0 0.14665 178821.175036815
0.33 7 37802545 37806920 0.9 0.87 259 0 Inf 0.2213 0
0.34 7 39189002 39194783 0.9 0.87 52 0 NA 0.159 0
0.35 7 40113925 40120154 0.91 0.87 60 0 NA 0.1393 0
0.36 7 41766864 41772616 0.9 0.86 551 0 NA 0.18395 0
0.37 7 43039157 43048420 0.89 0.85 275 0 Inf 0.2175 0
0.38 7 44260549.5 44265785.5 0.88 0.83 359 0.00222841353760446 0.283387438302223 0.10745 248868.892054476
0.39 7 45278072 45281673 0.87 0.81 167 0 NA 0.1248 0
0.4 7 45683595.5 45690125.5 0.86 0.8 306 0 NA 0.0922 0
0.41 7 47658827.5 47664889 0.805 0.755 411 0 NA 0.1107 0
0.42 7 48674222.6666667 48678797.3333333 0.796666666666667 0.733333333333333 282 0 NA 0.1834 0
0.43 7 49798082.6666667 49805798.6666667 0.79 0.716666666666667 362 0 Inf 0.224266666666667 0
0.44 7 51040903 51043976 0.84 0.7 84 0 NA 0.0442 0
0.45 7 52403004 52407433 0.83 0.68 146 0 NA 0.1581 0
0.46 7 52802331 52807075 0.81 0.68 241 0 NA 0.0902 0
0.47 7 55235864 55238933 0.5 0.66 125 0 NA 0.1519 0
0.48 7 56620339 56625810 0.37 0.63 16 0 NA 0.1003 0
0.49 7 59968752.5 59975365.5 0.5 0.625 818 0 NA 0.1166 0
0.5 7 62541430 62602136.5 0.6 0.6 683 0.00473043991215227 0 0.14935 380082.215907782
0.51 7 63538653.3333333 63544029 0.643333333333333 0.593333333333333 314 0 NA 0.117833333333333 0
0.52 7 65482286.5 65485453 0.605 0.57 216 0 NA 0.1712 0
0.53 7 66314391 66318118 0.633333333333333 0.56 497 0 NA 0.134266666666667 0
0.54 7 68181952.75 68210160.75 0.685 0.54 1953 0.000834947342549923 0 0.1676 59781.432640806
0.55 7 69869818.3333333 69875431 0.69 0.523333333333333 574 0 Inf 0.115 0
0.56 7 70939761.5 70954861.25 0.6775 0.5075 862 0 NA 0.1028 0
0.57 7 72294374.5 72303743 0.64 0.495 779 0 NA 0.11695 0
0.58 7 74459532 74467919 0.54 0.47 583 0 NA 0.0923 0
0.59 7 75860823.3333333 75867347.6666667 0.48 0.453333333333333 1341 0 Inf 0.1321 0
0.6 7 78308588.3333333 78314651.8333333 0.413333333333333 0.423333333333333 701 0 NA 0.129266666666667 0
0.61 7 80879500 80887859.75 0.36 0.3925 964 0 Inf 0.114575 0
0.62 7 83514153.6666667 83519356.6666667 0.316666666666667 0.36 146 0 Inf 0.117766666666667 0
0.63 7 87943191 87946757 0.24 0.31 196 0 NA 0.1839 0
0.64 7 91657053 91668176 0.193333333333333 0.263333333333333 2361 0 NA 0.0767 0
0.65 7 98742918 98759103.1111111 0.156666666666667 0.193333333333333 1254 0.000668756363636364 0 0.132777777777778 60439.9056675542
0.66 7 107348293.636364 107354268.181818 0.115454545454545 0.129090909090909 2339 0 NA 0.125381818181818 0
0.67 7 116866845.666667 116876387.333333 0.0766666666666667 0.0833333333333333 642 0 NA 0.0992 0
0.68 7 131173505 131177758 0.05125 0.03125 1487 0 NA 0.14285 0
0.69 7 158861526.25 158869955.1 0.03325 0.02725 7553 0.000102195792400371 0 0.10916 11234.4220300884
0.7 7 206765557.702703 206770903.135135 0.0154054054054054 0.00594594594594595 7149 0 Inf 0.112002702702703 0
0.71 7 327150758.160377 327164173.849057 0.00594339622641509 0.0183962264150943 24365 0 Inf 0.103643396226415 0
0.72 7 441975422.5 441982458.2 0.051 0.036 1153 0 Inf 0.1133 0
0.73 7 460371448 460375991.642857 0.0657142857142857 0.0485714285714286 2417 0 NA 0.128607142857143 0
0.74 7 475282705.083333 475300123.166667 0.05 0.0408333333333333 2367 0 NA 0.154141666666667 0
0.75 7 495689698.117647 495725028.352941 0.0594117647058824 0.0570588235294118 3554 0 NA 0.139447058823529 0
0.76 7 510099185.538462 510104161.230769 0.0669230769230769 0.0830769230769231 2456 0.00028954013029316 0.322242650988054 0.138769230769231 25037.8383180338
0.77 7 522770386.777778 522779454.111111 0.09 0.0933333333333333 3072 0.000509583020833333 0 0.1036 59025.0603281853
0.78 7 534341551.75 534347905 0.1075 0.11 1425 0 Inf 0.102625 0
0.79 7 545939427.222222 545944054 0.114444444444444 0.13 2066 0 Inf 0.136622222222222 0
0.8 7 553586019 553591444.5 0.138333333333333 0.141666666666667 1102 0 Inf 0.1309 0
0.81 7 560054009.833333 560059905.333333 0.183333333333333 0.173333333333333 1436 0 Inf 0.122533333333333 0
0.82 7 562279073.666667 562285928.333333 0.203333333333333 0.186666666666667 348 0 NA 0.0812333333333333 0
0.83 7 566746197.2 566752371.2 0.252 0.23 1685 0 NA 0.12612 0
0.84 7 570895057.5 570900326.25 0.2925 0.2775 682 0 Inf 0.18615 0
0.85 7 575226084.5 575233129 0.31 0.335 363 0 NA 0.1169 0
0.86 7 577714925.666667 577721556.333333 0.343333333333333 0.37 634 0 Inf 0.0984333333333333 0
0.87 7 581423182 581432984.333333 0.373333333333333 0.393333333333333 344 0 NA 0.1264 0
0.88 7 583557896 583565145.5 0.395 0.405 551 0 NA 0.09105 0
0.89 7 587065464 587069800 0.43 0.44 301 0 NA 0.083 0
0.9 7 588425659.666667 588432179.666667 0.453333333333333 0.453333333333333 1284 0 Inf 0.100333333333333 0
0.91 7 590606136 590613799 0.49 0.48 184 0 NA 0.1353 0
0.92 7 591929984.666667 591936258.333333 0.51 0.493333333333333 501 0 NA 0.162133333333333 0
0.93 7 593821600.75 593826436.75 0.5525 0.52 191 0 NA 0.11705 0
0.95 7 597747293 597749578 0.64 0.56 26 0 NA 0.3786 0
0.96 7 599452511 599458197 0.64 0.58 324 0.00438757 0.104230131940915 0.1149 458231.853785901
0.99 7 604108298.333333 604125472.666667 0.51 0.643333333333333 837 0 NA 0.1475 0
1 7 606517930 606522329 0.57 0.68 11 0 NA 0.1396 0
1.01 7 606975375 606979957 0.59 0.69 50 0 NA 0.1249 0
1.03 7 611074769.333333 611078203.333333 0.713333333333333 0.74 339 0 NA 0.172 0
1.06 7 614229976 614232292 0.8 0.78 151 0 NA 0.1378 0
1.08 7 617106319.5 617112186.5 0.87 0.825 381 0 NA 0.18975 0
1.09 7 617943629 617946527 0.89 0.84 70 0 NA 0.168 0
1.1 7 619190221 619195544 0.975 0.89 415 0 NA 0.1175 0
1.12 7 621838004 621840865 1.07 0.96 352 0 NA 0.2981 0
1.14 7 623511060.75 623516668.75 1.0825 0.97 1347 0.00224881896807721 0 0.14595 184897.75688199
1.16 7 624871459 624873764 1.06 0.97 102 0.0217852 0 0.1994 1311045.13540622
1.17 7 625957445 625964406.6 1.024 0.956 1130 0 NA 0.14056 0
1.18 7 626758131 626763292 0.983333333333333 0.943333333333333 186 0.00504075913978495 0 0.125866666666667 480580.850191361
1.19 7 627501567.5 627506360 0.95 0.93 62 0 NA 0.1855 0
1.2 7 629012125.666667 629020061.333333 0.9 0.88 971 0.0119066879608651 0.0200194275707415 0.117233333333333 1218768.17341809
1.22 7 631894510 631898422 0.64 0.783333333333333 484 0.00307640157024793 0 0.172466666666667 214051.906704533
1.23 7 632864676.75 632871142.75 0.6175 0.7675 522 0 NA 0.145175 0
1.24 7 634618189 634622621 0.7 0.76 52 0 NA 0.1291 0
1.25 7 636483753 636487895.5 0.705 0.795 589 0 Inf 0.1585 0
1.26 7 637641574 637652817 0.71 0.805 211 0 NA 0.0799 0
1.27 7 639531123 639534698 0.86 0.81 183 0 NA 0.2335 0
1.28 7 639856378 639861625 0.885 0.81 196 0 NA 0.12705 0
1.29 7 641357549 641364919.5 0.9075 0.8525 1344 0.00183802852306548 0 0.14505 152060.270781011
1.3 7 642165286.75 642170073.125 0.90625 0.86125 1362 0.00112881350220264 0.147942586188132 0.2238125 60522.8127402702
1.31 7 643326641.5 643331868.5 0.84 0.87 733 0 NA 0.15715 0
1.32 7 644947994 645046292 0.88 0.9 12 0 NA 0.1353 0
1.33 7 646123949.5 646131395.5 0.85 0.915 534 0 NA 0.1225 0
1.34 7 647090190.5 647097428 0.965 0.93 499 0.00314403246492986 0.293044137055905 0.1476 255612.395522753
1.37 7 650017700 650021253 1.02 0.97 188 0 NA 0.2698 0
1.38 7 650703230 650707734.5 1.035 0.985 728 0.00603055288461539 0.104495985586218 0.1702 425185.867305433
1.39 7 652007283 652014078.5 1.03 1.005 206 0 NA 0.27085 0
1.4 7 653053392.5 653063165 0.975 1.025 2043 0.00199379522760646 0.281394160270078 0.15565 153713.734219579
1.41 7 653707374.5 653713140.5 0.92 1.035 1069 0.00327746029934518 0.128035778096519 0.16575 237282.193617751
1.42 7 654499218.5 654503712 0.855 1.045 531 0.00940827762711864 0 0.1939 582255.448816007
1.43 7 656037263 656058136 NA NA 172 0.05 0.1824104 0.1286 4665629.8600311
1.44 7 656869393 656873517 NA NA 102 0 NA 0.2879 0
