poscM Chromosome Start End Loess1 Loess2 nb_complete_site piSyn f0 div Ne
0 1 183602.6 187708.4 NA NA 1624 0.0239558187192118 0.0234423516036665 0.24256 1185149.34296892
0.01 1 1337400.25 1343198.25 0.933333333333333 1.95333333333333 2038 0.0032026417296369 0.0725461639318643 0.1474 260730.669984008
0.02 1 2477071 2481228 1.03 1.93 314 0.00720721 0.102777773923613 0.2228 388180.071813286
0.04 1 4169538.5 4181555.5 1.195 1.90666666666667 2034 0.00823806567354965 0.137226114498275 0.198233333333333 498689.026816525
0.05 1 4768668.5 4776719.25 1.2375 1.895 1416 0.00414225967514124 0.182007028049406 0.165975 299485.561691188
0.06 1 5635567 5640651.5 1.3 1.865 683 0.0414981087847731 0.00824068582948671 0.14105 3530501.98807002
0.07 1 6467087.5 6472859.5 1.405 1.84 1144 0.0153417770979021 0.039418029965598 0.1602 1149196.78635971
0.08 1 7217840 7229089 1.54 1.81 368 0.0103049 0.122466011315005 0.1027 1204077.89678676
0.09 1 7945074.5 7953901.5 1.645 1.785 432 0.00631459555555556 0 0.13525 560259.864448552
0.1 1 8407250.5 8412753 1.72 1.765 575 0.0110232815652174 0.0723909106905418 0.24095 548990.98892969
0.11 1 8964104 8980184 1.81333333333333 1.74 1401 0.00948449901498929 0.120748852499332 0.273166666666667 416646.692543764
0.14 1 10739577 10746629 2.16 1.7 355 0 NA 0.2173 0
0.16 1 11498084 11501301 2.2 1.67 165 0.0146939 0.0940043147156303 0.2482 710422.240128928
0.17 1 11662347 11665843 2.32 1.66 11 0 NA 0.222 0
0.19 1 12440825 12445476 2.56 1.62 347 0.0438086 0.0373084280255475 0.1776 2960040.54054054
0.2 1 12970911 12980091 2.42 1.59 1044 0.0214980595785441 0.0958305084845446 0.1765 1461624.44726645
0.21 1 13553518.6666667 13564019 1.96333333333333 1.55333333333333 1463 0 NA 0.135333333333333 0
0.22 1 13725749 13735135 1.92 1.56 225 0.00704846 0.144493974570332 0.1027 823578.578383642
0.23 1 14369286 14375231 1.88 1.61 798 0 Inf 0.1558 0
0.25 1 15643139.5 15651540 1.715 1.63 1025 0.000756463697560976 0.891131863384504 0.1369 66307.9939425253
0.29 1 18071095.3333333 18077711 1.40333333333333 1.39 1169 0.00202210928143713 0.0992036895808451 0.0990666666666667 244939.213094672
0.3 1 18733034 18737073.5 1.28 1.305 546 0.00297920571428571 0.282370564733457 0.1573 227275.70611207
0.31 1 20092871.5 20099553 1.09 1.2 1394 0.00308076733859397 0.313200767327324 0.11765 314230.412776266
0.33 1 22166621 22176854 0.87 1.06 1016 0.00235294 0.251266925633463 0.0631 447468.779714738
0.34 1 23812071 23816472 0.74 0.95 762 0.002231 0.479332138054684 0.1861 143858.140784524
0.36 1 25352879.6666667 25359590.3333333 0.66 0.85 2784 0.00113212121767241 0.146084222423648 0.108933333333333 124713.475630988
0.37 1 27506480 27510588 0.62 0.716666666666667 446 0.00338374726457399 0.308470824740645 0.252466666666667 160832.983264673
0.38 1 28135415 28140466 0.62 0.69 198 0.00831169 0.275590162770748 0.1529 652323.610202747
0.39 1 30653893 30656636.5 0.55 0.55 606 0.00249363024752475 0.312487990440435 0.22165 135003.66781095
0.4 1 32433230 32440012.3333333 0.496666666666667 0.466666666666667 669 0.00236708071748879 0 0.283766666666667 100099.736672849
0.42 1 37189492.8 37225874 0.366 0.414 4039 0.0013748268828918 0.371729657081784 0.10074 163767.347574962
0.43 1 39678528.8 39690056.4 0.3 0.36 1744 0.0022983705103211 0.114038536631072 0.11872 232315.078536499
0.44 1 42490639 42497130 0.23 0.27 169 0.00453686 0 0.09 604914.666666667
0.45 1 51986658.8888889 51991653.3333333 0.1 0.0922222222222222 6851 0.00197372979856955 0.135830037441476 0.137266666666667 172545.587053191
0.46 1 67104371.8461538 67110336 0.0692307692307692 0.06 4962 0.000650769891172914 0.35491402580802 0.107407692307692 72706.5122272969
0.47 1 100506972.526316 100514025.881579 0.0198684210526316 0.0225 30693 7.1059459974587e-05 0.526107111128085 0.128355263157895 6643.38569931557
0.48 1 222946821.902174 222961639.26087 0 -0.00456521739130435 37968 8.48599757954067e-05 0.540955935100347 0.113242391304348 8992.38966800044
0.49 1 337022058.308511 337029602.606383 0.0113829787234043 0.0184042553191489 39065 0.000504123114911046 0.203879424969763 0.120610638297872 50157.0795437807
0.5 1 378260806.833333 378265888 0.144166666666667 0.0741666666666667 5121 0 Inf 0.128616666666667 0
0.51 1 384505699.176471 384510534.117647 0.0952941176470588 0.0841176470588235 4871 0.000636915352904948 0.194371930067876 0.135670588235294 56334.8647210412
0.52 1 396827591.703704 396834593.555556 0.08 0.105925925925926 12243 0.000532010531732418 0.302954964596443 0.129111111111111 49446.7619854571
0.53 1 407071463.947368 407086174.105263 0.145263157894737 0.131052631578947 5377 0 Inf 0.1249 0
0.54 1 412814303 412820415 0.172857142857143 0.145714285714286 3726 0 NA 0.135142857142857 0
0.55 1 419155590.833333 419164387.333333 0.161666666666667 0.1575 6327 0.00123927664295875 0.205880050948007 0.1175 126564.423110681
0.56 1 425676123.647059 425681874.941176 0.154705882352941 0.154117647058824 6656 0.000124020297475962 1.11212917807368 0.119423529411765 12461.8957172181
0.57 1 433443458.454545 433456491.363636 0.147272727272727 0.124545454545455 6877 0.000240112230623819 0.274451267369088 0.125127272727273 23027.3281330602
0.58 1 439494286.882353 439507209 0.123529411764706 0.161176470588235 6535 0.000843777855547054 0.207410115812571 0.133947058823529 75592.0611881775
0.59 1 447400676.6875 447407125.8125 0.151875 0.1775 5726 0.00175936949528467 0.296905784524209 0.13195 160003.288695839
0.6 1 452605172.545455 452613015.727273 0.249090909090909 0.229090909090909 5868 0.00173887319188821 0.179847458863309 0.128845454545455 161949.665793582
0.61 1 455949243 455955924 0.31 0.283333333333333 2598 0.000314482032332564 0.278105131558385 0.161966666666667 23299.7595471749
0.62 1 458828843.857143 458832622.571429 0.325714285714286 0.335714285714286 2134 0.000363820618556701 0 0.168285714285714 25943.0661789159
0.63 1 462281441.714286 462287308 0.36 0.38 2988 0.00106940622155288 0.358058252177431 0.0905285714285714 141754.967035572
0.64 1 464800612 464805674.333333 0.376666666666667 0.41 733 0.00108760181446112 0.281472636398545 0.118333333333333 110292.014987606
0.65 1 466802232 466810627.5 0.39 0.43 596 0.00129872315436242 0 0.2527 61672.6468237
0.66 1 469199514 469203560 0.43 0.45 653 0.00364742 0.0961775720920541 0.1703 257011.391661773
0.67 1 472090147.25 472095163.75 0.4875 0.465 790 0.00396508392405063 0 0.291775 163074.310988288
0.68 1 473778272.2 473789956 0.532 0.48 1966 0.00125572227873856 0.551795669873418 0.1939 77713.6015722675
0.69 1 475553183.333333 475558382.333333 0.563333333333333 0.493333333333333 1176 0.00138934469387755 0.142330400271415 0.133 125354.408470155
0.7 1 477602113.8 477609007.8 0.588 0.512 2580 0.00593619572093023 0.0295886536436104 0.14358 496130.022643563
0.71 1 479735762 479740474 0.59 0.53 246 0 NA 0.1612 0
0.72 1 481301681 481306855.5 0.585 0.54 634 0 NA 0.177 0
0.73 1 482676420.4 482682679 0.598 0.55 2172 0.00827035939226519 0.0896939627852702 0.14926 664908.968961425
0.74 1 483521236 483525244 0.62 0.56 428 0 NA 0.1426 0
0.75 1 486075925.5 486081095 0.655 0.57 767 0 Inf 0.1711 0
0.77 1 488588627.2 488593270.6 0.67 0.58 2658 0.00145778306997743 0.295099106082569 0.19282 90723.9748974646
0.78 1 489573230 489577205 0.67 0.59 703 0.00335326463726885 0 0.129566666666667 310567.344846099
0.79 1 491161710 491168311.666667 0.656666666666667 0.593333333333333 926 0.0132267757019438 0.075698879121784 0.1458 1088623.51456328
0.8 1 492574346 492580265.333333 0.635 0.6 2588 0.000642034694744977 0.548662673023943 0.161433333333333 47725.0650646689
0.81 1 494483824.2 494489297.4 0.6 0.606 3754 0.000212846027703783 1.43026017011144 0.14068 18155.7601112126
0.82 1 496455866.666667 496460229.333333 0.551666666666667 0.61 754 0.0068547175596817 0.0906914087458488 0.212566666666667 386968.530889981
0.83 1 498799427.333333 498812248.5 0.38 0.618333333333333 2073 0.002681067829233 0.0412257283257232 0.15225 211315.690974029
0.84 1 501170833.666667 501175297.333333 0.406666666666667 0.626666666666667 936 0.000820403611111111 0.602505817896752 0.152833333333333 64415.5507088331
0.85 1 504311873.4 504320680.4 0.42 0.646 3343 0.00194923121507628 0.139970774693322 0.15638 149576.50966182
0.86 1 506767745 506770889 0.61 0.67 289 0 NA 0.2048 0
0.87 1 507950339 507952822 0.793333333333333 0.683333333333333 598 0.00258688163879599 0 0.3019 102824.046590102
0.88 1 508868664 508875150 0.9 0.71 1064 0.00896412351503759 0.0485403088788537 0.2596 414366.264177393
0.89 1 509626801.5 509631503.5 1.0425 0.73 1124 0.00279155370106762 0.0737024129944397 0.249575 134222.756337018
0.9 1 511115786.25 511120867 1.1175 0.74 1243 0.00702680498793242 0.147451918000793 0.1768 476932.465244282
0.92 1 512555352 512561365 1.1 0.79 477 0.00160912 0.904301730138212 0.1674 115349.103942652
0.93 1 513366607 513373715.5 1.0825 0.835 1981 0.00276767288743059 0.168222977967708 0.148775 223236.932610769
0.94 1 514097453 514100580 0.95 0.86 92 0 Inf 0.2079 0
0.95 1 515861638.75 515867439.75 0.8625 0.8575 982 0.00482805881873727 0.0480534130578376 0.156275 370735.599583089
0.96 1 516897243.75 516903005.5 0.8275 0.8125 1567 0.000482087083599234 0 0.16415 35242.4307230631
0.97 1 518107541 518112887.833333 0.783333333333333 0.751666666666667 2466 0.00122045418085969 0.226270357164743 0.160966666666667 90984.3663511056
0.98 1 519479463.25 519486648 0.72 0.71625 3338 0.00403907062312762 0.0171888916712946 0.1519375 319005.166450228
0.99 1 520876084.5 520888252 0.58 0.715 824 0.00193280155339806 0 0.15895 145917.701420426
1 1 522800505.1 522805882.9 0.499 0.768 2504 0.00030556910543131 1.50254069215426 0.1737 21110.1281817831
1.01 1 524797250.857143 524802598.285714 0.731428571428571 0.9 2812 0.00707864003200569 0.0580522973242699 0.149257142857143 569109.650352678
1.02 1 525841763 525846436.75 0.8925 0.9975 1035 0.00710868246376812 0.124381213021211 0.225125 378919.220722787
1.03 1 527117185.6 527125222.8 1.002 1.066 2068 0.00230491868471954 0.145422261798954 0.15514 178284.28655817
1.04 1 528071693 528076954.5 1.1375 1.065 1943 0.00376835380854349 0.248345941413973 0.157175 287706.350898819
1.05 1 528528982 528536900 1.25 1.12 107 0 Inf 0.118 0
1.06 1 529783559 529789476.333333 1.30333333333333 1.27333333333333 1091 0.000726993510540788 0.877919553972848 0.114933333333333 75904.1948360452
1.07 1 530072478.5 530077640.5 1.34 1.3 666 0.00117190690690691 0 0.1427 98548.5836221646
1.08 1 530797118.5 530803971.5 1.46 1.355 422 0 NA 0.16895 0
1.09 1 531635949.8 531672207.6 1.556 1.398 670 0.00115881602985075 0 0.22976 60523.1213362158
1.1 1 532169448 532173191 1.59 1.415 788 0.00495344456852792 0.0583631297210008 0.30615 194157.552906533
1.11 1 532780385 532784089 1.61 1.42 837 0.00378021505376344 0.0724755944931164 0.171266666666667 264865.204234106
1.12 1 533176134.333333 533180105.666667 1.61 1.42 439 0.00167046451025057 0 0.128466666666667 156037.162348263
1.13 1 533949196.666667 533951623.333333 1.57666666666667 1.39666666666667 464 0.0219324739224138 0.113010307627313 0.118533333333333 2220385.43646484
1.14 1 534546686.5 534553326 1.53 1.37 905 0.013669662320442 0 0.08065 2033923.7178587
1.15 1 535189594 535194099 1.45 1.33 230 0.0115942 0 0.2302 604389.22675934
1.16 1 535970098.666667 535975353.333333 1.31333333333333 1.25666666666667 1432 0 NA 0.1825 0
1.17 1 537093473.2 537098906 1.038 1.156 2535 0.000624260449704142 0.144389983789197 0.14326 52290.4187941484
1.18 1 538492103.75 538497385.5 0.9025 1.145 754 0.012487749602122 0.0730168224706416 0.0993 1509093.60750719
1.19 1 539312814.285714 539318331 0.884285714285714 1.08428571428571 3658 0.00278606691470749 0.248333973752609 0.212885714285714 157045.779650671
1.2 1 540853707.333333 540858788 0.833333333333333 0.966666666666667 871 0 NA 0.147766666666667 0
1.21 1 542006524 542012246.75 0.84 0.9125 1842 0.00527730282301846 0.281165463290758 0.140725 450009.833904576
1.22 1 542864398.75 542868899 0.845 0.8925 2048 0 Inf 0.1518 0
1.23 1 544015185.75 544019838.75 0.8925 0.8925 1603 0.0124614989519651 0.0677223077658591 0.197825 755910.46340746
1.24 1 545154093.25 545159079.5 0.9725 0.895 1782 0.0101581636363636 0.147115400529612 0.131975 923644.354130431
1.25 1 546043868 546100836.666667 1.01333333333333 0.883333333333333 922 0.00165103671366594 0.15237636629874 0.3169 62519.534755416
1.26 1 547079674.333333 547094140.166667 1.02833333333333 0.866666666666667 2211 0.00473063230212574 0.065431656749429 0.144183333333333 393718.097044334
1.27 1 548119433.25 548123825.5 0.9975 0.85 1008 0.00286672068452381 0.159060281411848 0.1171 293771.547517384
1.28 1 548991240.142857 548997285.142857 0.945714285714286 0.832857142857143 3575 0.00316965541258741 0.0801501165143971 0.145585714285714 261260.9701279
1.29 1 550405545 550412153.5 0.82 0.795 1009 0.0040982467789891 0 0.14525 338581.489486191
1.3 1 551562250.444444 551567083.888889 0.801111111111111 0.764444444444444 3176 0.00695540131612091 0.0672882037550345 0.143955555555556 579795.725641446
1.31 1 552724073.428571 552748837.571429 0.737142857142857 0.73 3743 0.00101477382313652 0.17945056670929 0.153971428571429 79087.9580102689
1.32 1 554161570.125 554173570.75 0.61375 0.6825 3075 0.00665733109105691 0.110033554717158 0.2015375 396392.597371124
1.33 1 556278962.777778 556286094.444444 0.45 0.622222222222222 6437 0.00113691470964735 0.217654350185174 0.121188888888889 112576.133347313
1.34 1 558193343.666667 558200950 0.28 0.563333333333333 1336 0.00253004363023952 0.0661495716496262 0.229666666666667 132193.861667087
0 2 766021 832979 0.62 0.81 295 0 NA 0.3957 0
0.01 2 2084530 2097842 0.62 0.8 1781 0.000455192 2.52796622084747 0.1053 51873.7321937322
0.02 2 3386749.66666667 3461179.66666667 0.62 0.8 1199 0.0159250377564637 0.0553711067098039 0.1499 1274852.92246541
0.03 2 4332309 4342474 0.62 0.8 562 0 NA 0.1697 0
0.04 2 6177034 6270249 0.63 0.8 503 0.0275862 0.0491386997846749 0.119 2781801.68067227
0.05 2 7650482.5 7655367.5 0.63 0.81 847 0.0144728427390791 0.169396042963763 0.11785 1473687.84784853
0.06 2 9164984 9182015 0.64 0.81 1026 0 NA 0.1025 0
0.07 2 11614884.5 11618609.75 0.64 0.81 1132 0 Inf 0.143025 0
0.08 2 12757465.6 12782897.4 0.65 0.81 1478 0.00157581355886333 0.0991095395859786 0.1647 114813.374051973
0.09 2 14206972.6666667 14215620 0.63 0.81 1129 0 Inf 0.175633333333333 0
0.11 2 17383208.5 17390282 0.69 0.8 514 0.020915 0.0210657339183707 0.1953 1285099.84639017
0.12 2 18685534.8 18693243.8 0.708 0.81 1806 0 Inf 0.1341 0
0.13 2 19716180.5 19725854 0.735 0.81 3399 0.00476197658134746 0 0.11805 484063.693148407
0.14 2 21635536.6 21642001.8 0.804 0.806 2802 0.0117513995431834 0.129833187922211 0.16346 862699.097749916
0.15 2 22614288.5 22633951.6666667 0.831666666666667 0.8 2836 0.000802377732016925 0.298957522603851 0.182166666666667 52855.6237010234
0.16 2 23489911 23500919 0.85 0.8 1526 0.000541832870249017 1.64340128191657 0.161933333333333 40152.291743443
0.18 2 25776379 25782473 0.88 0.79 244 0 NA 0.0956 0
0.19 2 27228590.5 27235785 0.89 0.775 597 0.0013469608040201 0 0.2681 60289.1818285759
0.2 2 28520059.5 28541106.75 0.905 0.7775 1456 0.0146543769230769 0.0535193820407555 0.218675 804172.964796722
0.21 2 29851702.6666667 29857261 0.926666666666667 0.79 1859 0.000431760129101668 0.284494326537178 0.1598 32422.5378549437
0.22 2 30892369 30898664 0.93 0.79 715 0.0023335 0.135409042211271 0.1706 164138.335287222
0.23 2 31379583.5 31386996 0.93 0.79 406 0.00793448965517241 0.14255456970485 0.09905 961270.831520131
0.24 2 32347378 32389420 0.94 0.78 357 0.0235085 0 0.0862 3272645.01160093
0.25 2 34036804 34042548 0.94 0.76 247 0 NA 0.2444 0
0.26 2 34351990 34355573 0.93 0.75 255 0.00294659 0 0.1235 286308.340080972
0.27 2 36027360 36038430 0.92 0.7575 3241 0.000933893878432583 0.0760776448122049 0.108125 103646.025814483
0.28 2 37480982 37483961 0.93 0.77 263 0 NA 0.1342 0
0.29 2 38278107.75 38285576.5 0.92 0.78 1639 0.000511243746186699 0 0.125875 48738.2320098542
0.3 2 38902247.3333333 38907884 0.92 0.783333333333333 1414 0 Inf 0.1098 0
0.31 2 40132887 40136339 0.91 0.79 577 0 Inf 0.1519 0
0.33 2 42073835 42075166 0.88 0.79 151 0 Inf 0.3537 0
0.35 2 44710488.8 44733539.2 0.812 0.766 2181 0.000373022558459422 0 0.12222 36624.6989159963
0.36 2 46051882 46058483 0.77 0.745 637 0.00131679956043956 0 0.16995 92977.9036497483
0.37 2 47164592 47167000 0.725 0.725 744 0.0032 0.0962279166666667 0.2198 174704.276615105
0.38 2 48606018 48614411.6666667 0.663333333333333 0.7 1058 0.0100912027882798 0.107516744345033 0.130633333333333 926979.587593957
0.39 2 50699645.125 50705105 0.55625 0.64375 2776 0.0046519501981268 0.0351445632395 0.1306625 427233.539672987
0.4 2 52242477.3333333 52246514.3333333 0.526666666666667 0.593333333333333 649 0.00122483432973806 0 0.2613 56249.5673817708
0.41 2 54193864 54198072.3333333 0.503333333333333 0.556666666666667 1178 0 NA 0.181766666666667 0
0.42 2 57402268.3333333 57413991.3333333 0.436666666666667 0.51 1124 0.00627481252669039 0 0.160633333333333 468755.4491821
0.43 2 59442118.5 59446150.75 0.395 0.48 1025 0.000774352780487805 0.57726202817245 0.116175 79984.7933363775
0.44 2 62601395.3333333 62655251 0.351666666666667 0.44 2817 0.000291800198793042 0 0.183883333333333 19042.5218101142
0.45 2 65492335.75 65497514.25 0.31625 0.40375 3289 0.000225860671936759 1.24972859670266 0.1163 23304.6265111015
0.46 2 67941782.6666667 67948574.6666667 0.3 0.376666666666667 2673 0.00232464093527871 0.0721106839630481 0.1176 237208.25870191
0.47 2 72411363.5 72417019 0.285 0.325 355 0.00670073915492958 0.289002045769683 0.12185 659900.450218752
0.48 2 74638363 74647527.75 0.2875 0.3025 1927 0.000412543086663207 1.44021739130435 0.1131 43771.1497785896
0.49 2 77982121.4 77988201.1 0.26 0.274 3575 0.000220400298181818 1.75188014226615 0.16574 15957.5454216352
0.5 2 82279989.9 82284305.4 0.227 0.235 2544 0.000610283246855346 0.299781976945466 0.18217 40200.9055402325
0.51 2 87972524.875 87999835.625 0.18125 0.16625 4331 0.00194474503809744 0.319948216880754 0.092225 253043.539790396
0.52 2 94244010.5833333 94265028.25 0.135 0.120833333333333 3360 0.00231120436309524 0.0771008229210367 0.162558333333333 170612.307523307
0.53 2 102743973.588235 102749029.941176 0.0823529411764706 0.111764705882353 6794 0.0011543159505446 0.263762120067387 0.127817647058824 108371.509922729
0.54 2 117281160.307692 117286915.346154 0.0569230769230769 0.0930769230769231 10659 0.00265918582606248 0.138976527062635 0.1235 258382.428443318
0.55 2 165371391.477273 165382252.227273 0.0142045454545455 -0.000795454545454545 35570 0.00128450763874051 0.200107708203477 0.118786363636364 129763.141096504
0.56 2 311157624.808 311184595.232 0.00512 0.00072 52466 0.000226923185091297 0.495385261066321 0.105844 25727.279969536
0.57 2 472987655.150538 473001448.806452 0.0067741935483871 0.0137634408602151 40816 0.000594465701685614 0.235547501435732 0.115543010752688 61739.6792221064
0.58 2 527908622.909091 527919194.090909 0.0672727272727273 0.0409090909090909 3960 0 Inf 0.115754545454545 0
0.59 2 543386388.166667 543392191.041667 0.0541666666666667 0.05625 9739 0.000976278572543382 0.313284120098406 0.112529166666667 104109.389748026
0.6 2 562580463.315789 562589414.894737 0.0505263157894737 0.0731578947368421 6989 0.00104004733581342 0.110439838178172 0.118726315789474 105120.486109345
0.61 2 579049478.133333 579076864.6 0.078 0.072 3922 0.000992714671086181 0 0.135266666666667 88067.3439110461
0.62 2 589652774.588235 589658686.058824 0.109411764705882 0.0841176470588235 5927 0 Inf 0.126588235294118 0
0.63 2 600632402.416667 600639557.75 0.121666666666667 0.123333333333333 3808 0.00200074451418067 0.118900156903383 0.1261 190395.988661127
0.64 2 607958638.117647 607971000.941176 0.150588235294118 0.165294117647059 7170 0.000668937309623431 0.266553404734036 0.161929411764706 49572.512047072
0.65 2 613258690.222222 613263692.888889 0.193333333333333 0.204444444444444 2777 0.000852523763053655 0.197227297531202 0.125122222222222 81762.3358580896
0.66 2 617273631.666667 617280569 0.236666666666667 0.236666666666667 1720 0 NA 0.161466666666667 0
0.67 2 621184450.818182 621190273.727273 0.281818181818182 0.28 2571 0.00164700595488137 0.163916919399666 0.146309090909091 135084.370600435
0.68 2 625223122.5 625229271 0.291 0.336 4344 0.000352519958563536 1.2116565157975 0.1158 36530.5656542524
0.69 2 628335613.8 628356182.2 0.284 0.354 2618 0 Inf 0.11604 0
0.7 2 631916724.375 631924438.125 0.315 0.3675 3710 0.00575136431051213 0.161146249217585 0.1126375 612729.967605332
0.71 2 635354347 635363914.285714 0.318571428571429 0.404285714285714 2264 0.00067822769434629 0.58565176659834 0.157428571428571 51697.9367741273
0.72 2 637248158 637249412 0.35 0.42 151 0 NA 0.3245 0
0.73 2 640503293 640518859 0.45 0.43 1123 0 NA 0.09425 0
0.74 2 643153205 643156205 0.57 0.43 238 0 NA 0.1329 0
0.75 2 643745206.5 643750810 0.585 0.43 285 0.00790615242105263 0.103174545691585 0.15865 598007.116625475
0.76 2 645646016 645653410.6 0.584 0.424 1696 0.000453176426886792 1.50361450714728 0.15756 34514.5793516217
0.77 2 647356846.8 647362888.4 0.646 0.43 1768 0.00391279833144796 0.100790233211151 0.1773 264825.606189371
0.78 2 649608500.333333 649611949.666667 0.613333333333333 0.44 615 0 NA 0.220866666666667 0
0.8 2 651774027 651778241.333333 0.606666666666667 0.44 1435 0 NA 0.140766666666667 0
0.81 2 654718182.5 654733039 0.381666666666667 0.443333333333333 2107 0.000373793773137162 0 0.1346 33324.8534743384
0.82 2 657751429.2 657767670.3 0.224 0.437 3425 0.000958262189781022 0 0.15559 73906.7181526593
0.83 2 663647862.4 663652897 0.308 0.402 2071 0 NA 0.14344 0
0.84 2 666595637.5 666600069.25 0.415 0.4175 939 0 NA 0.126725 0
0.85 2 668749637.666667 668754313 0.473333333333333 0.45 725 0 NA 0.175033333333333 0
0.86 2 669741373 669745253 0.5 0.47 454 0 Inf 0.2439 0
0.87 2 672511426.25 672526821.5 0.5875 0.55 950 0 NA 0.109625 0
0.88 2 673871585.285714 673876544.285714 0.632857142857143 0.574285714285714 3078 0 NA 0.0902571428571429 0
0.89 2 675753614 675755955 0.67 0.6 310 0 Inf 0.1233 0
0.9 2 676480138 676489230 0.685 0.61 591 0.00264994815566836 0.146855401876904 0.12025 264443.890794348
0.91 2 677975280.666667 677979826.333333 0.703333333333333 0.623333333333333 667 0 Inf 0.1752 0
0.92 2 679249943 679253472 0.75 0.63 503 0 NA 0.1591 0
0.93 2 680856760.333333 680861087.666667 0.77 0.63 728 0.00119774285714286 0 0.132333333333333 108611.442965095
0.94 2 682208317.666667 682215300.666667 0.74 0.626666666666667 410 0.00190992195121951 0 0.1583 144782.459978738
0.95 2 684033000 684037149 0.79 0.63 741 0.0034926 0.432614671018725 0.0566 740480.565371025
0.96 2 684451263.5 684456380 0.8 0.63 2080 0.00183258020192308 0.182866603576763 0.149225 147367.816539299
0.97 2 685637041.75 685644470 0.835 0.63 3123 0.000518978239193084 0.422676754472879 0.1276 48806.7309585972
0.98 2 687376791 687380840.5 0.865 0.64 889 0.00359700719910011 0.0707438254662028 0.11 392400.785356376
0.99 2 688268083.833333 688273954.333333 0.87 0.64 2507 0.00130609860390905 0.278969731515117 0.13745 114028.252069179
1 2 689305308 689316868.666667 0.86 0.64 1845 0.00210017895934959 0 0.143733333333333 175339.616272229
1.02 2 691186446.666667 691190573.333333 0.826666666666667 0.646666666666667 799 0.0029599797747184 0.390136625430381 0.144933333333333 245076.522285792
1.03 2 692196617 692221680.75 0.7925 0.65 3228 0.00150975779275093 0.185821809139476 0.11095 163290.613005959
1.04 2 694110187.833333 694114938.666667 0.7 0.65 2270 0 Inf 0.139383333333333 0
1.05 2 695470087.571429 695489331 0.615714285714286 0.651428571428571 1385 0 Inf 0.114714285714286 0
1.06 2 698347453.166667 698351484.166667 0.378333333333333 0.66 2174 0.00668051688132475 0 0.160083333333333 500777.944253391
1.07 2 701806876.733333 701815654.8 0.214666666666667 0.664 6139 0.000121985044795569 0 0.13186 11101.3236580224
1.08 2 704919124.666667 704923938.666667 0.506666666666667 0.67 735 0.0010524827755102 0.29838594026662 0.111966666666667 112799.582966262
1.1 2 708000591.666667 708003955.666667 1.09666666666667 0.676666666666667 1143 0.000439283254593176 0 0.154533333333333 34111.7281392458
1.11 2 709008956.5 709013681.5 0.92 0.68 783 0.00216222624521073 0.131904138463789 0.08725 297383.5523499
1.12 2 709519135 709527295 0.94 0.69 1274 0.00454915 0.234371256168735 0.1183 461452.240067625
1.13 2 710842943.8 710848616.2 0.868 0.696 1428 0.00899778214285714 0.090519852273898 0.14928 723294.384474047
1.14 2 712186487 712193534 0.84 0.71 1523 0.00306538554169402 0.148242394225135 0.1059 347352.469313771
1.15 2 713281449.666667 713354542.333333 0.813333333333333 0.738333333333333 2365 0.00359728117124736 0.262004950515852 0.204816666666667 210761.041850281
1.16 2 715118776.5 715125614.5 0.71 0.8 1334 0 NA 0.11355 0
1.17 2 716092843.5 716096770.5 0.675 0.815 599 0 NA 0.12645 0
1.18 2 716746405 716823436 0.66 0.83 556 0 NA 0.18515 0
1.19 2 718482236.4 718501500.8 0.666 0.816 2393 0 Inf 0.14542 0
1.2 2 720422219.2 720442525.6 0.74 0.76 1204 0.000658241071428571 0 0.12744 61981.268496099
1.21 2 721709701.6 721750823 0.754 0.76 2891 0.000348886478727084 0 0.12758 32815.7841724801
1.22 2 723071850 723075983 0.78 0.75 794 0.0121118055415617 0.0951574109013027 0.42405 342746.531066479
1.23 2 724809650 724813179 0.79 0.745 311 0 NA 0.15835 0
1.24 2 725878921 725883540.25 0.7825 0.74 730 0 NA 0.148725 0
1.25 2 726918002.5 726937841 0.8 0.74 386 0.00422727668393782 0 0.3229 157099.164469662
1.26 2 727939234.75 727944355.75 0.815 0.7325 1641 0 NA 0.167425 0
1.27 2 729270382.333333 729275023.666667 0.813333333333333 0.73 1449 0 NA 0.203333333333333 0
1.28 2 730651537.666667 730656770.666667 0.786666666666667 0.723333333333333 572 0.00280679101398601 0.142230267367396 0.109866666666667 306566.979682938
1.29 2 731843302.4 731847258 0.746 0.72 1868 0.00373220831905782 0.20094638773216 0.1436 311883.703542436
1.3 2 732996347.833333 733001589.5 0.698333333333333 0.716666666666667 2486 0.00357183303298471 0.0776868871360596 0.140733333333333 304561.793433088
1.31 2 734854391.166667 734883578.333333 0.646666666666667 0.703333333333333 2555 0.00427832211741683 0.125502290457063 0.172116666666667 298285.264311041
1.32 2 737057373.5 737062054 0.63 0.69 656 0 Inf 0.2623 0
1.33 2 737980685.5 737991037 0.645 0.69 1084 0.000736401891143911 0.286515770902362 0.1152 76708.5303274908
1.35 2 740889705 740894825 0.62 0.67 164 0.005 0 0.0815 736196.319018405
1.36 2 742666413.75 742670816.25 0.6675 0.665 2136 0 Inf 0.184475 0
1.37 2 744444227.25 744451479.75 0.675 0.66 1763 0 Inf 0.18685 0
1.38 2 745576361.25 745580996.75 0.69 0.66 1154 0 NA 0.129425 0
1.39 2 747030285.4 747035028 0.686 0.656 1924 0.000645831668399168 0 0.11704 66216.5073546652
1.4 2 748536131 748547181.75 0.66 0.65 1421 0.0119370793455313 0.0665091767605828 0.275925 519144.521686603
1.41 2 750287806.333333 750298490.083333 0.645 0.636666666666667 3342 0.00458620435966487 0.145184647211721 0.161725 340296.505277344
1.42 2 751720986.5 751725574 0.635 0.625 468 0.0034562141025641 0.140874772690488 0.2075 199877.442075996
1.43 2 753566528 753594585.666667 0.62 0.616666666666667 1399 0 NA 0.1462 0
1.44 2 754821651 754826607.2 0.626 0.61 2041 0.00108705383635473 0.103294969207053 0.14204 91837.8346680987
1.45 2 756514760.5 756519825.5 0.675 0.6 1401 0.000552618562455389 0 0.12425 53371.6116657116
1.46 2 758317911.8 758375530 0.628 0.59 1594 0.00438623647427854 0.231391102040483 0.1601 328762.259158917
1.47 2 759279572 759283062 0.55 0.59 335 0 NA 0.2061 0
1.48 2 761280426 761286094.666667 0.5 0.576666666666667 2011 0.0082190588562904 0.0986291446596244 0.253433333333333 389170.220737149
1.49 2 763943621.25 763952766.5 0.4025 0.5575 4269 0.00422168892012181 0.129281613038004 0.191875 264027.450378954
1.5 2 766818833 766823521 0.306666666666667 0.543333333333333 1520 0.0229050044736842 0.0329940670170942 0.1707 1610193.63611137
0 3 538526.5 544433.25 0.68 1.26 1655 0.000517450888217523 0 0.1733 35830.4134945774
0.01 3 1741945.66666667 1748159.66666667 0.706666666666667 1.26 2299 0.000316803501522401 0.318995182480499 0.204766666666667 18565.7269327795
0.02 3 2869983 2871504 0.73 1.26 33 0 Inf 0.3091 0
0.03 3 4102043.66666667 4108133 0.763333333333333 1.26 1256 0.00618960318471337 0.178121143947262 0.187333333333333 396487.036743206
0.04 3 4992532 5000834 0.79 1.26 1003 0.00119284 0.286814660809497 0.083 172458.795180723
0.05 3 6993270.5 7072289 0.84 1.24 544 0 NA 0.1701 0
0.06 3 7752455.33333333 7760513.5 0.858333333333333 1.235 3420 0.00458118853508772 0.0728384017845712 0.19345 284178.146399858
0.07 3 8867275 8871458.5 0.885 1.225 437 0.0132811482837529 0.155965291937172 0.3044 523566.949425211
0.08 3 10190962.5 10197977 0.92 1.21 905 0.012284586961326 0.100936184579928 0.26975 546487.649808755
0.09 3 11466505 11470569 0.945 1.195 1250 0.01106970744 0 0.159525 832700.136530324
0.11 3 13424056 13430421.3333333 0.996666666666667 1.16333333333333 1279 0.00800258815480844 0.140855177399239 0.189666666666667 506314.892044119
0.12 3 14730253 14734545 1.03 1.14 222 0 NA 0.0777 0
0.13 3 15401434 15406510.75 1.0425 1.13 1392 0.0168842530172414 0.104846941269777 0.1703 1189730.10103873
0.15 3 17347034.5 17351649.5 1.08 1.13 1255 0.00693710674103586 0.31888068917846 0.142975 582236.621034658
0.16 3 17712449.5 17717382 1.09 1.125 465 0.0226920988387097 0.0647583453887824 0.16435 1656861.49111358
0.17 3 18838536.6666667 18842584 1.11666666666667 1.11666666666667 477 0.00686672836477987 0.139094225577621 0.158166666666667 520974.122512277
0.18 3 19885742 19888789 1.15 1.1 80 0 NA 0.2544 0
0.19 3 21035861 21040364 1.19 1.09 230 0.00368381 0.265538667846604 0.1229 359688.527257933
0.2 3 21178252 21186063 1.2 1.09 411 0.00180451 0.31527838582219 0.1305 165931.954022989
0.21 3 22513178 22520195 1.25 1.06 475 0 NA 0.081 0
0.23 3 23653661 23657574 1.46 1.04 203 0.0123711 0.0898772138290047 0.1813 818826.254826255
0.24 3 24616004.5 24620553.5 1.64 1.02 815 0.0276311116564417 0.0716689722388154 0.1086 3053161.50899908
0.25 3 24938037 24942947 1.66 1.01 236 0 NA 0.1279 0
0.27 3 26419230.6666667 26422702.3333333 1.48 0.97 846 0.000586995933806147 0 0.168566666666667 41787.3316531961
0.28 3 26983578 26998551 1.305 0.955 952 0.00962247899159664 0.0246740925266904 0.105 1099711.8847539
0.29 3 27797882 27807235 1.33 0.98 1059 0.00476033 0.178917427993437 0.1069 534368.194574369
0.3 3 28687190 28708130 1.36 1 1887 0.00149081 0.163947786773633 0.1059 168930.311614731
0.31 3 28804800 28808275 1.36 1 251 0 NA 0.1429 0
0.33 3 30462671.6666667 30468526.1666667 1.32833333333333 1.01666666666667 1681 0.00141635990481856 0.287557770356684 0.128866666666667 131890.730919473
0.34 3 31507003 31510846 1.27 1.005 313 0 NA 0.16835 0
0.35 3 32349242 32354202.5 1.185 0.985 439 0.0018903208428246 0 0.1598 141951.502590083
0.36 3 32908878.8333333 32913238.1666667 1.12333333333333 0.97 1607 0.000508480883634101 0.843425688665623 0.207 29477.1526744406
0.37 3 34053977.25 34057605.75 0.96 0.9225 1458 0.0118660143484225 0.0402159464201184 0.168525 844932.040831152
0.38 3 35289533 35297744 0.77 0.855 776 0.0160388231958763 0.110975404010828 0.1051 1831264.3040011
0.39 3 36959547.25 36964599.25 0.715 0.7525 819 0.00102438216117216 0.266447988739131 0.297925 41260.6727668572
0.4 3 38120714.5 38125815 0.665 0.725 818 0.000946102640586797 0.588023963345908 0.09825 115554.5209877
0.41 3 39423300.3333333 39429044.6666667 0.566666666666667 0.693333333333333 1503 0 NA 0.1339 0
0.42 3 43611864 43616843 0.304 0.578 2008 0.00198140948705179 0.171768065473634 0.12452 190948.553201265
0.43 3 46205025.2857143 46209677.7142857 0.275714285714286 0.504285714285714 2872 0.00102573305013928 0 0.100657142857143 122284.382928895
0.44 3 49194832 49199601.6 0.318 0.41 1933 0.00080869052250388 0 0.1339 72474.1319645001
0.45 3 52358514.1666667 52366009.1666667 0.25 0.31 2628 0.00123423672374429 0.208388202050361 0.1269 116712.692552652
0.46 3 57342505.2727273 57347458.3636364 0.16 0.175454545454545 4267 0.000922439280524959 0.0571549548091051 0.139272727272727 79479.1024995396
0.47 3 79159383.6285714 79169294.0857143 0.0285714285714286 -0.000857142857142857 11018 0.0023778992249047 0.302883038900387 0.125985714285714 226492.272244013
0.48 3 104253147.52381 104258418.904762 0.04 0.0357142857142857 8407 0.000560833500654217 0.243029598055897 0.138957142857143 48432.2134830412
0.49 3 128744331.095238 128760044.238095 0.05 0.0595238095238095 7288 0.000311556604006586 0.504234732723512 0.130409523809524 28668.7592965967
0.5 3 154365470.852941 154374089.852941 0.0382352941176471 0.0438235294117647 9506 0.000584384767515253 0.166949047350846 0.131205882352941 53447.4299812202
0.51 3 193158408.75 193165042.925 0.023 0.00225 16524 4.7588788671024e-05 0.583849355859607 0.1073625 5319.04029854267
0.52 3 324690031.029586 324702724.195266 0.00461538461538462 0.00408284023668639 73204 7.53262682367084e-05 0.542732947072021 0.114178698224852 7916.67126087233
0.53 3 451931723.45 451945552.5 0.0181666666666667 0.0141666666666667 24134 0.00145130426526891 0.0976895843458045 0.120428333333333 144614.234052565
0.54 3 480999009.916667 481004559 0.0825 0.0858333333333333 4606 0 Inf 0.129925 0
0.55 3 487257847.642857 487264985.928571 0.106428571428571 0.114285714285714 5161 0.00218623962604146 0 0.133857142857143 195991.5993463
0.56 3 494754285.636364 494762818.454545 0.139090909090909 0.152727272727273 3318 0.00290815074382158 0.167471911360591 0.121827272727273 286453.173781396
0.57 3 501136398.6 501141844 0.166 0.18 2344 0.000346509215017065 0.838035885949775 0.09128 45553.3586788429
0.58 3 506387597 506402237 0.191 0.18 3004 0.00357008252663116 0.237792860478462 0.13913 307920.58017375
0.59 3 511568568.714286 511586690.571429 0.244285714285714 0.18 4414 0.00127854300702311 0.243071315562573 0.122528571428571 125215.824402403
0.6 3 514900909.142857 514908270.857143 0.21 0.18 1936 0.00470746234504132 0.149454569071475 0.157371428571429 358956.823695961
0.61 3 520931369.571429 520953176.714286 0.155714285714286 0.18 1851 0 Inf 0.144714285714286 0
0.62 3 527996681 528029638.666667 0.161666666666667 0.176666666666667 2098 0.000398948846520496 0 0.139383333333333 34346.9053563024
0.63 3 533687084.733333 533693238 0.184666666666667 0.166 6488 0.00073375225647349 0.22304849725348 0.131446666666667 66985.5485952367
0.64 3 540202918.1 540208074.7 0.176 0.203 4222 0.00172672987209853 0.125008204652943 0.1194 173540.690663169
0.65 3 544710221.285714 544715775.571429 0.2 0.220714285714286 6108 0.00113516439505566 0.252148915262494 0.115578571428571 117858.9817498
0.66 3 549501153 549504940.2 0.27 0.24 1150 0.000640247513043478 0.310960065661563 0.23302 32971.2906897337
0.67 3 552663970.25 552675820.875 0.3225 0.2575 3155 0.00572188053248812 0.087786131341076 0.12395 553953.742556332
0.68 3 555555081.25 555562657.5 0.325 0.27 1518 0 NA 0.098375 0
0.69 3 558486757.571429 558497793.571429 0.257857142857143 0.282857142857143 7270 0.000633641636863824 0.100665600408043 0.120471428571429 63116.2071582607
0.7 3 563190688.25 563210573 0.275 0.28 1424 0.00213312356039326 0.0760924001716571 0.10045 254828.10079362
0.71 3 567364523.538462 567372340.384615 0.326923076923077 0.276923076923077 5029 0.000631160870948499 0.289395205270928 0.105769230769231 71608.0697221569
0.72 3 570478565.166667 570484705.666667 0.361666666666667 0.305 1582 0 NA 0.121016666666667 0
0.73 3 573057136.333333 573092353 0.363333333333333 0.35 1049 0 NA 0.163866666666667 0
0.74 3 574917365.25 574921863.5 0.35 0.3875 859 0.000938591385331781 0.2831856 0.13545 83153.168135706
0.75 3 577487199.666667 577492536.333333 0.31 0.42 621 0 Inf 0.2501 0
0.76 3 580100383.272727 580117756.363636 0.315454545454545 0.449090909090909 3347 0.000946872193008664 0.223040810764868 0.180027272727273 63115.2499505851
0.77 3 584338660.625 584346612.125 0.415 0.49 1975 0.0012234745721519 0.382398374468915 0.1875375 78286.7152746666
0.78 3 586727285.666667 586736940 0.506666666666667 0.51 2690 0.00028637149070632 0.294294551838462 0.1622 21186.5467846846
0.8 3 590195172.5 590201097.333333 0.655 0.546666666666667 2828 0 Inf 0.1679 0
0.81 3 591990994 592047518 0.8 0.58 143 0 NA 0.33 0
0.82 3 592711565.25 592717445.75 0.8225 0.59 1607 0 Inf 0.131175 0
0.83 3 594390155 594392901 0.81 0.61 24 0 NA 0.2615 0
0.84 3 595270671.25 595276375.25 0.7625 0.615 1386 0.00111103753246753 0.147478716804896 0.1017 131095.874037467
0.85 3 596434314 596438747.25 0.79 0.62 1681 0.0004927500297442 2.4664144753045 0.126675 46678.5108105814
0.86 3 597607647.75 597639930 0.8425 0.62 1335 0.000631445573033708 0 0.129825 58365.8530822607
0.87 3 598353583.25 598359122.75 0.8075 0.62 1838 0 Inf 0.093125 0
0.88 3 600536841 600544759.75 0.5225 0.62 2906 0.000539494880935995 1.31338385628803 0.098275 65875.742266415
0.89 3 602036857.8 602042622.2 0.42 0.616 1436 0.0137222423259053 0.0354003920148757 0.09074 1814711.35013074
0.9 3 605472414 605475530.5 0.465 0.625 231 0.00313193073593074 0 0.1985 189335.863129314
0.91 3 607685405.714286 607690265.428571 0.448571428571429 0.642857142857143 1713 0.00271477788091068 0 0.0940142857142857 346514.727239777
0.92 3 609031921.333333 609038241 0.543333333333333 0.653333333333333 1138 0.000652707680140598 0.307038407830762 0.193533333333333 40471.0239150215
0.93 3 611461191 611502667.8 0.678 0.67 1254 0 NA 0.14322 0
0.94 3 612628399 612633794.666667 0.716666666666667 0.676666666666667 526 0 Inf 0.0974333333333333 0
0.95 3 614119003 614122918.5 0.75 0.685 568 0 NA 0.0902 0
0.96 3 615168831.666667 615177965.666667 0.763333333333333 0.696666666666667 1174 0 NA 0.1037 0
0.97 3 616362908.5 616367761 0.77 0.71 1361 0.00113923335782513 0.7447215298634 0.1939 70504.3852186774
0.98 3 617694977.5 617698620.5 0.77 0.725 544 0.00446623400735294 0 0.1812 295777.086579665
0.99 3 619271328 619280986.75 0.8125 0.775 729 0 NA 0.1152 0
1 3 620162107.6 620176619.6 0.824 0.798 2501 0 NA 0.12452 0
1.01 3 621504031 621509031.615385 0.866923076923077 0.819230769230769 3520 0 Inf 0.132092307692308 0
1.02 3 622886596 622890160.25 0.9425 0.825 1222 0 NA 0.16455 0
1.03 3 623863413 623876150.333333 0.94 0.816666666666667 741 0.00206878995951417 0.451180769377493 0.139666666666667 177748.06334728
1.04 3 624918268.666667 624923283.666667 0.893333333333333 0.8 1566 0.00100738894636015 0 0.124033333333333 97463.0531280987
1.05 3 625806698.666667 625815131.666667 0.86 0.786666666666667 1659 0.000999788908981314 0.272854709897171 0.0916 130976.712966984
1.06 3 626946860.181818 626952434.181818 0.890909090909091 0.820909090909091 2280 0.00574137310087719 0.0528095253991013 0.156290909090909 440822.038922632
1.07 3 628137797.571429 628144837.714286 0.802857142857143 0.838571428571429 4581 0.00695707619384414 0.1439616447036 0.1152 724695.436858765
1.08 3 629125933 629131922 0.77 0.84 909 0 NA 0.1081 0
1.09 3 630378130.714286 630381633 0.76 0.827142857142857 1848 0 NA 0.1491 0
1.1 3 632060872.666667 632067093.833333 0.776666666666667 0.778333333333333 2033 0.000387262429906542 0 0.127966666666667 36315.3099156955
1.11 3 633095302 633099495.857143 0.78 0.76 1906 0 NA 0.147285714285714 0
1.12 3 634649922.6 634656194.4 0.78 0.744 1977 0.00643090412240769 0.142929908169111 0.13486 572229.345016256
1.13 3 636113874 636118859 0.77 0.731666666666667 2056 0.0011899829766537 0.0925527966304328 0.138783333333333 102892.727655898
1.14 3 637695821.5 637700806.5 0.76 0.72 1375 0 NA 0.14305 0
1.15 3 638729232.333333 638747448.666667 0.743333333333333 0.713333333333333 2516 0 NA 0.101033333333333 0
1.16 3 640293557.5 640299945.25 0.7275 0.71 1467 0.00112571032038173 0.413241264605093 0.157475 85782.0215563155
1.17 3 641792957.8 641797892 0.702 0.71 2316 0.000679853972366149 0.145321001957522 0.1666 48969.0736398186
1.18 3 643018371 643021560 0.645 0.71 475 0 Inf 0.1971 0
1.19 3 644589072 644593483.333333 0.595 0.713333333333333 1155 0.00343969907359307 0.172557418650458 0.167283333333333 246745.375409685
1.2 3 645932688.4 645937987 0.58 0.72 1820 0.000858275236263736 0.584056464429976 0.14088 73106.9196136062
1.21 3 648165784 648173126 0.62 0.74 1584 0.00150826077020202 0 0.1512 119703.235730319
1.22 3 649908286.5 649912814.5 0.695 0.76 1605 0 NA 0.09075 0
1.23 3 650665260.25 650669243.25 0.73 0.77 1117 0 Inf 0.1673 0
1.24 3 652135388.25 652140399.125 0.78875 0.79 2669 0.00149087334207568 0.0571556933664287 0.168425 106222.236039235
1.25 3 653379434.25 653385210.25 0.825 0.8 1127 0.00134913485359361 0 0.135775 119238.580321291
1.26 3 654671324 654676362 0.878333333333333 0.8 2780 0 NA 0.1582 0
1.27 3 655276795.5 655281181.5 0.945 0.8 844 0 NA 0.1306 0
1.28 3 656335494 656341387 0.96 0.79 729 0 NA 0.1041 0
1.29 3 657539884.5 657546277.5 0.89 0.79 513 0.00581719454191033 0.156417594837487 0.1843 378764.701589387
1.3 3 659169793 659174471 0.89 0.83 287 0 NA 0.1056 0
1.31 3 659790202.4 659807908 0.878 0.84 2153 0.00254672383186252 0.251590931993114 0.17362 176020.53900674
1.32 3 661549356 661553863 0.82 0.85 497 0.00160966 0.571428127679137 0.1296 149042.592592593
1.33 3 662510400.5 662530191 0.78 0.84 723 0 Inf 0.1565 0
1.34 3 663631978 663638141 0.76 0.82 88 0.0864157 0 0.182 5697738.46153846
1.35 3 664631331.5 664636128 0.76 0.7875 987 0.00899537414387031 0.154045684280269 0.1275 846623.448834853
1.36 3 665966393 665969367.5 0.77 0.76 253 0 Inf 0.2063 0
1.37 3 667678838.5 667713023.5 0.77 0.755 719 0 NA 0.14965 0
1.39 3 670304546.5 670362096.5 0.755 0.725 562 0.002898121886121 0.27926384402219 0.1167 298007.391889048
1.4 3 671662328.5 671666699.5 0.76 0.7 419 0 Inf 0.12275 0
1.41 3 672765022.333333 672768803.5 0.726666666666667 0.675 1948 0.00119650407084189 0.39144504112389 0.1736 82707.65466649
1.42 3 674349036.333333 674355924 0.616666666666667 0.66 2378 0.000663599352396972 0 0.175166666666667 45460.659726529
1.43 3 676119748.666667 676126020.333333 0.546666666666667 0.66 1469 0 Inf 0.137533333333333 0
1.44 3 677355709.5 677358964.5 0.535 0.665 117 0.00636604615384615 0.295165698791425 0.3706 206132.093486654
1.45 3 679758727.571429 679764085.857143 0.564285714285714 0.695714285714286 2117 0.000750484279641001 0.291757818327504 0.156885714285714 57403.6418592644
1.46 3 681805114.833333 681813681.666667 0.54 0.69 2234 0.00716068677260519 0.0426629379615336 0.15 572854.941808415
1.47 3 682754365 682756614 0.6 0.69 92 0 NA 0.2545 0
1.48 3 684667940 684672034 0.69 0.69 374 0 NA 0.12375 0
1.49 3 686626388.666667 686632365.333333 0.786666666666667 0.69 834 0.000935977553956835 0 0.154166666666667 72854.4690647482
1.5 3 687398033.8 687404302.8 0.814 0.696 2138 0.00194641272217025 0.277119629346678 0.15864 147232.429816207
1.51 3 688570109.666667 688575435.333333 0.866666666666667 0.7 1035 0 NA 0.157866666666667 0
1.52 3 689694021.333333 689726890 0.91 0.7 2632 0.000313476595744681 0.452906075651241 0.146433333333333 25688.9538966731
1.53 3 690671111.125 690679266.25 0.95 0.7 2295 0.00341481606535948 0.117516994095474 0.1989875 205931.492100327
1.54 3 692313114 692319961 1.01 0.71 698 0 NA 0.101 0
1.55 3 692797735 692801414 1.03 0.71 239 0 NA 0.1077 0
1.56 3 693640024.333333 693643673.666667 1.07 0.71 933 0 Inf 0.1908 0
1.57 3 694513643.75 694517946 1.09666666666667 0.71 1690 0.00360924414792899 0.378988653529173 0.1571 275690.195895276
1.58 3 695688738 695696033.666667 NA NA 1559 0.00050244316741501 0.290770595842255 0.121 49829.0744543811
1.59 3 696419363 696425501 NA NA 798 0.0038945907518797 0 0.11195 417463.948392643
1.6 3 697563633 697572729.5 NA NA 1644 0.00130642559610706 0 0.128 122477.399635037
1.62 3 699042949.5 699059082 NA NA 660 0.0011466826969697 0.498916576985486 0.26175 52569.9803768343
1.63 3 699428300.5 699434914.5 NA NA 798 0.000942527694235589 0.615900138418913 0.27225 41543.9204070783
0 4 369520 374029 1.51 1.63 494 0.00501218 0.0915114780394958 0.1896 317226.582278481
0.01 4 419978 422167 1.51 1.63 152 0 NA 0.2356 0
0.02 4 1114540 1118845.5 1.545 1.62 564 0 NA 0.2586 0
0.03 4 2028521.33333333 2037184.33333333 1.55666666666667 1.60666666666667 1267 0.00930930501973165 0.187130893213136 0.1322 845020.122819817
0.05 4 3363625 3369448 1.6 1.585 1991 0.00816168473129081 0.113602492291298 0.1343 729264.458492105
0.06 4 4190962 4197198 1.62 1.57 585 0.00259109 0.153225862474866 0.0916 339444.104803493
0.07 4 4293723 4297598 1.62 1.57 59 0 NA 0.1577 0
0.08 4 5279030.75 5283818 1.63 1.5525 2410 0.0148921753817427 0.00644971481803251 0.21935 814707.56590341
0.09 4 6008216 6012414.66666667 1.63 1.54 869 0.00361286711162255 0.146778749035317 0.185366666666667 233884.581942838
0.1 4 6211720.75 6219346 1.62 1.5375 1255 0.0037559455936255 0.0486238850856157 0.113825 395970.543584502
0.12 4 7632854 7639221.25 1.58 1.51 1848 0.00491622268398268 0.0754370839333728 0.155975 378231.589727791
0.13 4 7966665 7971989 1.57 1.5 355 0.0175423 0.147985155880358 0.122 1725472.13114754
0.14 4 8767076.5 8773663.5 1.525 1.49 430 0.0129396895348837 0 0.14815 1048101.75105369
0.15 4 9641785.66666667 9648088.66666667 1.46666666666667 1.47333333333333 2969 0.00187305499966319 0.327732333467604 0.1035 217165.797062398
0.16 4 10306477 10319741 1.4225 1.46 2048 0.0138352004980469 0.0402172239579862 0.135475 1225483.71268915
0.18 4 11536318.3333333 11541783.3333333 1.35 1.43666666666667 1592 0 NA 0.1187 0
0.19 4 12282924 12286833 1.31 1.42 215 0 NA 0.1261 0
0.2 4 13299705 13303311 1.27 1.4 54 0.0283186 0.151474296045708 0.2948 1152724.55902307
0.21 4 13833503.8333333 13837548 1.23333333333333 1.38833333333333 2301 0.0053556708561495 0.036951084136965 0.163216666666667 393759.115330097
0.22 4 15146427.2222222 15150687.4444444 1.06222222222222 1.37333333333333 3314 0.00859704112854556 0.0364596934364405 0.153877777777778 670431.397128255
0.23 4 15771652 15775422 1.025 1.365 589 0.0217873665534805 0 0.10845 2410773.61587612
0.24 4 16464203 16474102 1.03 1.35 514 0.00297122 0.303465243233419 0.1196 298115.719063545
0.25 4 17570576.6666667 17575592.6666667 1.12 1.32666666666667 632 0.00260962158227848 0.139774072680066 0.1359 230430.161790594
0.26 4 18544038.5 18551355.5 1.23 1.305 722 0.00648009786703601 0.0985068785061995 0.14045 553657.347130168
0.27 4 19395786.4 19404967.9 1.3 1.279 5731 0.00330748595672657 0.0601809818179064 0.11781 336896.965289185
0.28 4 19925340.5 19928779 1.3975 1.27 724 0.016056448038674 0 0.14825 1299678.76198373
0.3 4 21558634.6 21565083.6 1.508 1.25 2732 0.00586122795021962 0.0359724189836854 0.11834 594344.561455429
0.31 4 22366768.5 22371813.5 1.79 1.23 1125 0.00205928263111111 0.099671214091314 0.166 148863.804658635
0.32 4 22825501 22829937 1.83333333333333 1.21333333333333 707 0.00457120396039604 0 0.181033333333333 303007.443517322
0.33 4 23322223.6666667 23328863 1.72333333333333 1.19666666666667 1467 0 Inf 0.107366666666667 0
0.34 4 23589603.5 23595139.5 1.615 1.19 1348 0.00288028118694362 0.0590155659464339 0.1224 282380.508523884
0.35 4 24289724 24315017 1.72 1.19 2546 0.000586152 0.312772113717943 0.0761 92428.6990801577
0.36 4 24979535 24985488 1.79 1.2 777 0.0142857 0.144516544516544 0.1 1714284
0.37 4 25535830 25543683 1.77 1.2 402 0.00194647 0 0.1043 223946.69223394
0.38 4 26209973 26214305 1.65 1.19 125 0 Inf 0.1585 0
0.39 4 26718512.25 26725273.5 1.4925 1.1775 2070 0.000371043260869565 0 0.14765 30155.9033554675
0.4 4 27456573.3333333 27463825.6666667 1.21333333333333 1.15333333333333 907 0.00873070813671444 0.115515762793883 0.1166 898529.139284505
0.42 4 29141812.75 29147196 0.8475 1.0725 939 0.0182074288604899 0.026935693786987 0.100875 2165939.49269768
0.43 4 30662706.5 30671530.125 0.67875 0.9625 3367 0.00229019356400356 0.149913986451807 0.1242 221274.740483436
0.44 4 32826565.25 32831771 0.46 0.9025 1406 0.000564356955903272 0 0.109075 62088.3196959822
0.45 4 35126603 35140863 0.55125 0.79625 3342 0 Inf 0.1229 0
0.46 4 36582567 36588691.1666667 0.501666666666667 0.651666666666667 2417 0 NA 0.140666666666667 0
0.47 4 39166336 39176531.6666667 0.41 0.483333333333333 1476 0.000549574258130081 0 0.0735666666666667 89645.0987434659
0.48 4 41932490.25 41943463.625 0.32375 0.33375 2212 0.000342008169981917 0.306797605238939 0.1409875 29109.6589398564
0.49 4 45282637.8571429 45286856 0.238571428571429 0.194285714285714 1334 0.00283704017991005 0.182660191074825 0.1575 216155.442278861
0.5 4 49306819 49317199.8888889 0.168888888888889 0.0911111111111111 2148 0.000362716703910614 0.476413457989565 0.113988888888889 38184.4273538808
0.51 4 57955065.3 57962772 0.089 0.0555 8197 0.00028258366353544 0.794783838331317 0.122355 27714.4698821076
0.52 4 86683913.245283 86692391.509434 0.019811320754717 -0.00792452830188679 21925 0 Inf 0.193494339622642 0
0.53 4 131904043.833333 131916021.690476 0.0133333333333333 -0.0283333333333333 15707 0.000152545004138282 0.670790463743111 0.115919047619048 15791.5380367445
0.54 4 211653704.5 211670043.660714 -0.00535714285714286 0.0114285714285714 24403 3.17294939146826e-05 0.598079850306118 0.124003571428571 3070.50774900877
0.55 4 365989180.705882 366005015.552941 -0.0149411764705882 0.000588235294117647 37760 0.00012499163471928 0.446047212133695 0.106543529411765 14077.8104959768
0.59 4 427726242.1 427731815.5 0.019 0.029 3971 0.00018475542231176 1.56932434890182 0.1084 20452.6297762096
0.6 4 432811331.8 432816143.2 0.036 0.03 2236 0 NA 0.13928 0
0.61 4 436253609 436259638.75 0.045 0.035 1302 0 NA 0.125825 0
0.62 4 439172862 439177087.333333 0.0533333333333333 0.04 690 0 NA 0.0833333333333333 0
0.63 4 444013748.666667 444020992.666667 0.0733333333333333 0.0433333333333333 1243 0 NA 0.0766333333333333 0
0.64 4 447526682 447532743.5 0.0866666666666667 0.05 3037 0 Inf 0.1145 0
0.66 4 458468863.111111 458473644 0.133333333333333 0.0611111111111111 3593 0.00022577967019204 0 0.137755555555556 19667.8531865949
0.67 4 463558997.857143 463573344.142857 0.148571428571429 0.07 1915 0.000440267906005222 0 0.129942857142857 40657.9860426986
0.68 4 471680653.933333 471685080.4 0.106 0.0586666666666667 5435 0 Inf 0.154246666666667 0
0.69 4 492211007.651163 492220393.790698 0.0258139534883721 0.0511627906976744 15624 0.000321060054019457 0.32308769537895 0.132476744186047 29082.2413541718
0.7 4 511915967.4 511923737.04 0.102 0.0952 10821 0.000143869300434341 0.592767903488782 0.1444 11955.89754302
0.71 4 520739289.125 520761326.875 0.13 0.12 3123 0.000562622926673071 0.260381015819847 0.1231625 54817.6199742361
0.72 4 527230009.363636 527236699.909091 0.132727272727273 0.140909090909091 4568 0.00155504207749562 0.0655908093757961 0.149281818181818 125001.859953366
0.73 4 535737155.181818 535742101.727273 0.157272727272727 0.15 3642 0.00044778119989017 0.41544955264291 0.131081818181818 40992.5226336795
0.74 4 542622002.214286 542630995.5 0.139285714285714 0.121428571428571 5022 0.000309557497013142 0.729799315610743 0.128935714285714 28810.4035777563
0.75 4 551576268.375 551583368.75 0.085 0.109375 7153 0.000972111579756745 0.204921497441467 0.1182625 98639.3739104191
0.76 4 559130777.666667 559149973.222222 0.194444444444444 0.2 4766 0.0022455857553504 0.273325701811831 0.1417 190169.577023322
0.77 4 564454729.666667 564463634 0.274444444444444 0.315555555555556 4808 0.000492615589642263 0.192680237672624 0.1246 47442.913930234
0.78 4 567385619.333333 567390890.666667 0.398888888888889 0.376666666666667 3718 0.00287858757665411 0.150113635078794 0.160277777777778 215519.90175296
0.79 4 569391453.428571 569397350 0.52 0.44 3201 0.001472041184005 0.194522532890216 0.1123 157297.366055743
0.8 4 570866324.333333 570870265.166667 0.57 0.48 1043 0.00309791848513902 0.0709181531961006 0.17525 212125.659467437
0.81 4 572585376.5 572591530 0.54 0.5 718 0.001128763454039 0 0.1366 99159.3078218738
0.82 4 574951566.857143 574955953.857143 0.537142857142857 0.49 2390 0 Inf 0.113457142857143 0
0.83 4 576974436.666667 577058720.666667 0.543333333333333 0.496666666666667 642 0.00133368507788162 0.262035713896131 0.1963 81529.3985459982
0.84 4 578803293.333333 578808284.333333 0.56 0.506666666666667 1007 0 NA 0.0783666666666667 0
0.85 4 580492364 580498849.75 0.5975 0.52 1907 0.00419639635028841 0.144613880905911 0.116 434109.967271215
0.86 4 581871901 581914310.25 0.61 0.5325 2419 0.000326415742042166 0.580498978925625 0.12095 32385.1914386606
0.87 4 583513360 583518234.75 0.61 0.5475 1258 0.000583421303656598 0 0.138475 50558.2642634351
0.88 4 585971664.25 586008348.25 0.575 0.58 1266 0.00525765018957346 0.105577737280306 0.107125 588954.980395627
0.89 4 587156962 587163935 0.528 0.586 1904 0 NA 0.12514 0
0.9 4 589024642 589030254 0.465 0.5825 2217 0.000702212719891746 0.147993712252834 0.136 61959.9458728011
0.91 4 591085364.75 591088624.75 0.4575 0.6025 853 0 NA 0.1399 0
0.92 4 593379833.6 593387274.2 0.522 0.642 3321 0.00145217037338151 0.234705989849195 0.12502 139386.054075973
0.93 4 595250414.6 595265122.8 0.624 0.696 827 0 NA 0.11864 0
0.94 4 596441512 596445936.166667 0.683333333333333 0.741666666666667 1783 0.000447321906898486 0 0.16155 33227.2539943165
0.95 4 597959841.333333 597963913.333333 0.746666666666667 0.806666666666667 1416 0 NA 0.131766666666667 0
0.96 4 599168513.333333 599174352.833333 0.795 0.846666666666667 2027 0 NA 0.2179 0
0.97 4 600335187 600339063.5 0.91 0.875 380 0 NA 0.09915 0
0.98 4 601352425.6 601357978 0.98 0.888 1468 0.000512323269754768 0.309548594786245 0.14382 42747.0396124129
0.99 4 602526005 602529976.5 1.015 0.895 708 0.00206228146892655 0.315194477582312 0.1188 208311.259487531
1 4 603598534.5 603601415 1 0.89 479 0 NA 0.17595 0
1.01 4 604417944.5 604424432.5 0.965 0.89 1279 0.00302792229867084 0 0.16075 226034.635048523
1.02 4 605428509 605438917 1.01333333333333 0.896666666666667 1704 0.000923989272300469 0 0.123033333333333 90120.8718580789
1.03 4 606188862.333333 606193640.666667 1.03333333333333 0.91 863 0.00696026326767092 0.111991501766559 0.159566666666667 523437.388001155
1.05 4 608176456.5 608181825 0.991666666666667 0.91 2855 0.00416397072504378 0.095505574203362 0.157233333333333 317792.974563443
1.06 4 609258726 609270189.666667 0.92 0.9 2376 0.000961288863636364 0.400296434928916 0.132633333333333 86972.6038977359
1.07 4 610617510 610621897.5 0.87 0.89 361 0 Inf 0.1222 0
1.08 4 611628616.833333 611636667.5 0.838333333333333 0.871666666666667 2678 0.00173869366878267 0.147531579330563 0.106266666666667 196339.310151117
1.1 4 613695863.333333 613700802.666667 0.81 0.82 1156 0 NA 0.170233333333333 0
1.11 4 615383587 615388493 0.81 0.77 605 0 Inf 0.1168 0
1.12 4 617201213.666667 617203635.333333 0.43 0.67 633 0.0103670706319115 0.216788041652805 0.187633333333333 663021.038814737
1.13 4 618680232.75 618683694.75 0.4025 0.70375 1982 0.000764777689202825 0.307385630317584 0.1685375 54452.7613761561
1.14 4 621052680 621061796.666667 0.758333333333333 0.676666666666667 1776 0.00176666739864865 0.14694115055345 0.16095 131717.979395985
1.15 4 622059599 622062306 0.98 0.72 195 0.00824742 0.14191710862306 0.2152 459893.308550186
1.16 4 623270483.571429 623281208.571429 1.24857142857143 0.811428571428571 5040 0.00112557982142857 0.362483830952523 0.136271428571429 99118.0469650907
1.18 4 624990685.428571 624996131.571429 0.687142857142857 0.925714285714286 2839 0.00166211011271574 0.14559342221064 0.1076 185365.440079823
1.19 4 626949480.125 626954615.125 0.94 0.93375 2803 0.000695683196575098 0.193613237948718 0.2074625 40239.5534561725
1.2 4 628101367 628106187 1.21 0.97 1541 0.000511395924724205 0 0.13765 44582.2818502758
1.22 4 629601122 629604236 1.18 0.99 152 0 NA 0.1794 0
1.23 4 630166309 630173377 1.24 1 465 0 Inf 0.1157 0
1.24 4 630735237.5 630739607.5 1.245 1 393 0.00193490992366412 0 0.17375 133634.066670328
1.25 4 632117035.5 632127866.5 1.06166666666667 1 2999 0.00101115821940647 0.0772001806452081 0.14345 84586.2574616774
1.26 4 633004924.4 633009252.8 0.912 1 1410 0.000530920212765957 0.311443065198588 0.16252 39201.5909007598
1.27 4 634018324.2 634022841.6 0.836 1 1706 0.00366428168229777 0.47678575689138 0.18132 242507.060377086
1.28 4 634884298.333333 634889377 0.773333333333333 1 1362 0.0018434971071953 0.181605496282989 0.111233333333333 198878.920764252
1.29 4 637013652.5 637018686.5 0.63 1 160 0.04520090625 0 0.15105 3590935.94836147
1.3 4 638722127 638728570.5 0.55 1 610 0.0012717337704918 0 0.3262 46783.5844448242
1.31 4 640913046.333333 640926278.904762 NA NA 11792 0.00244209878069878 0.0930799052147769 0.188047619047619 155839.172635121
1.32 4 644306688.857143 644318262.714286 NA NA 3504 0.00896224155251142 0.00731819935172978 0.147528571428571 728990.307360278
0 5 320459 326008.5 NA NA 804 0.0051302530721393 0 0.1461 421376.022352304
0.01 5 545628.5 550170 2.53 1.45 1025 0.00290137785365854 0 0.1847 188503.163204669
0.05 5 2255056 2266578 2.38 1.41 441 0 NA 0.2188 0
0.06 5 2730539.5 2736143 2.335 1.405 995 0.0022890472361809 0 0.2414 113788.59500485
0.07 5 3141079 3152916 2.3 1.39 1111 0.000724638 0.283403575302427 0.1287 67565.3146853147
0.08 5 3599882.5 3604590 2.255 1.38 1126 0 Inf 0.233 0
0.09 5 4058167.33333333 4061779 2.20666666666667 1.37 853 0.00283954763188746 0.0941521863613722 0.269466666666667 126451.898500678
0.11 5 4729240 4734718 2.15 1.35 68 0 Inf 0.1865 0
0.12 5 5401199.5 5406223 2.095 1.33 775 0.00919083135483871 0.133039591785042 0.15405 715936.230172441
0.13 5 5685205 5702441 2.07 1.32 1371 0.000595755 0.556423361952481 0.0785 91070.8280254777
0.14 5 6257175.5 6263688 2.03 1.305 732 0.00210900770491803 0.149718424801906 0.11795 214566.277736468
0.15 5 6841395.33333333 6847750.66666667 1.98666666666667 1.28333333333333 1005 0.000778010149253731 0 0.206033333333333 45313.6472627962
0.16 5 7512955 7521181 1.935 1.26 1728 0.00228746730324074 0.232096858801994 0.14065 195162.514318442
0.19 5 9267598 9272847 1.77 1.22 818 0 NA 0.13025 0
0.2 5 9866256 9870141 1.72 1.21 191 0 NA 0.1331 0
0.21 5 10156146 10160096 1.7 1.2 437 0.0373013 0.0573961229233298 0.1827 2450003.28407225
0.25 5 12389421 12395492 1.555 1.15 675 0.00208015765925926 0 0.1308 190840.15222562
0.26 5 13032905 13036977 1.48 1.13 668 0.00238747 0 0.0734 390322.070844687
0.27 5 14012962 14017702 1.37 1.11 920 0.000779221 0.329763956566879 0.0965 96897.9481865285
0.29 5 15283999 15297809 1.25 1.08 742 0 NA 0.0886 0
0.3 5 16274937.3333333 16283007.6666667 1.18 1.05666666666667 1075 0.00156358251162791 0.402427341575506 0.0925333333333333 202770.06634944
0.31 5 16944205.2 16949949 1.138 1.042 2083 0 NA 0.14048 0
0.33 5 19092716.5 19098294 1.04 0.995 236 0 NA 0.10415 0
0.34 5 19939015.75 19955279.75 1.01 0.975 721 0 Inf 0.175675 0
0.35 5 21488062 21493613.5 0.87 0.925 1121 0.00069174768956289 0.773260315350654 0.14565 56992.6005819065
0.37 5 23608568.3333333 23612972.3333333 0.783333333333333 0.87 1605 0.00966025067663552 0 0.105666666666667 1097063.16832454
0.38 5 24740473 24743893 0.78 0.84 288 0 NA 0.1413 0
0.39 5 26002421 26243339 0.74 0.81 315 0.00243161 0 0.129 226196.279069767
0.4 5 28061018 28069609.75 0.645 0.7625 1275 0.00139170003137255 0 0.1646 101460.512615253
0.41 5 28758363.75 28762307.25 0.6125 0.7475 1233 0.0107926900405515 0.0879363887011439 0.11415 1134579.76773209
0.42 5 30452571.5 30458213 0.54 0.715 650 0.00122019809230769 0 0.15125 96809.1048442467
0.43 5 33083955 33091011.6 0.44 0.668 2498 0.00596718431144916 0.0619830895630353 0.13558 528147.305925578
0.44 5 34536282 34540113.6666667 0.386666666666667 0.65 738 0.00215739487804878 0.143762574683099 0.1313 197172.418405068
0.45 5 39850231 39856980.75 0.25 0.425 1840 0.00215320136956522 0.34783462290119 0.10565 244566.175435709
0.46 5 42682074.5 42690882.3333333 0.228333333333333 0.32 2791 0.00491648752060193 0.0496601990369032 0.132633333333333 444819.177536239
0.47 5 58228272.1666667 58244008.1666667 -0.0138888888888889 0.00888888888888889 7213 0.00241658919450991 0.223490286323751 0.10775 269132.903332891
0.48 5 193817576.275862 193830254.988506 0.00275862068965517 0.00620689655172414 73147 0.000614191113511149 0.14900907032068 0.116464367816092 63283.6763753542
0.49 5 356938474.681818 356946469.636364 0.0577272727272727 0.03 6581 0.000125337314997721 0.276563664631872 0.114918181818182 13087.9879595753
0.5 5 371773660.888889 371807405.777778 0.0966666666666667 0.04 3036 0 NA 0.132933333333333 0
0.51 5 381628417.25 381642466.083333 0.0816666666666667 0.04 5914 0 Inf 0.105608333333333 0
0.52 5 409380753.294118 409391446.970588 0.0214705882352941 0.0447058823529412 27701 0.000275861698133641 0.242092821010304 0.101398529411765 32646.8282805255
0.53 5 445052920.617647 445061692.882353 0.0464705882352941 0.0388235294117647 13196 0.000584702485147014 0.0884388289604894 0.11425 61412.952488089
0.54 5 462479734.3 462484567.2 0.125 0.108 3689 0.000212057034426674 0 0.11985 21232.2437473516
0.55 5 469230449 469237371.9 0.146 0.157 4161 0 NA 0.1028 0
0.56 5 474913494.8 474918809.2 0.19 0.212 2940 0 NA 0.1188 0
0.57 5 479913170.857143 479920532.285714 0.238571428571429 0.262857142857143 3219 0.000227577707362535 0 0.1436 19017.6357127467
0.58 5 483731225.777778 483735537.888889 0.263333333333333 0.278888888888889 3108 0.0010232277992278 0.358082535897204 0.236222222222222 51979.5871667932
0.59 5 487482284.833333 487488410.166667 0.283333333333333 0.293333333333333 1273 0.0152531949725059 0.140809186554361 0.13075 1399910.81965637
0.6 5 490625709 490636789 0.3 0.305 966 0 NA 0.10845 0
0.61 5 494453920.333333 494460852.333333 0.32 0.32 1699 0 NA 0.138933333333333 0
0.62 5 495851558.5 495861955.5 0.331666666666667 0.331666666666667 2519 0.000345586258038904 0 0.128566666666667 32255.9120803748
0.63 5 498759100.666667 498763044.666667 0.35 0.346666666666667 478 0 NA 0.130966666666667 0
0.64 5 501895126 501899954.25 0.3675 0.36 1597 0.000495908515967439 0.289451780689042 0.12375 48088.0985180547
0.65 5 504508301.666667 504517153.333333 0.383333333333333 0.376666666666667 1090 0.000769953027522936 0 0.1127 81982.5761337642
0.66 5 506317889 506321354.333333 0.393333333333333 0.386666666666667 515 0 Inf 0.1847 0
0.67 5 509319948 509323653 0.41 0.41 130 0 NA 0.1085 0
0.68 5 510000960.5 510005579 0.415 0.41 824 0.00651757708737864 0.0433344668377271 0.1245 628200.201193122
0.69 5 512967944.333333 512972174.666667 0.436666666666667 0.436666666666667 867 0.00363571926182238 0.0729153262931431 0.0988333333333333 441436.402784504
0.7 5 515010651.285714 515014747 0.45 0.447142857142857 1591 0.00187299340037712 0.127434846930258 0.168042857142857 133751.122699718
0.71 5 517604097 517610047 0.47 0.47 621 0 NA 0.1718 0
0.72 5 520218613 520231367 0.485 0.49 2071 0 NA 0.112525 0
0.73 5 522841790 522846093.5 0.505 0.51 357 0.00430633470588235 0.148016966393506 0.16905 305684.806096352
0.75 5 526940347.555556 526946670.444444 0.533333333333333 0.544444444444445 1899 0.000429861579778831 0 0.134122222222222 38459.9872554997
0.76 5 528904268 528913149.333333 0.546666666666667 0.563333333333333 1820 0.00403303557692308 0.278739248948051 0.0893666666666667 541548.977132528
0.77 5 530351498.25 530356209.25 0.5575 0.5725 1529 0 NA 0.148025 0
0.78 5 532281404.5 532291367 0.575 0.59 917 0 Inf 0.16775 0
0.79 5 533877829 533882011 0.596666666666667 0.61 1279 0.01582208455043 0.101367348091091 0.143466666666667 1323408.55905084
0.8 5 535693931 535700541.25 0.61 0.63 1310 0.00189092500763359 0.182933298495987 0.114675 197873.120484875
0.81 5 537791511.75 537799132 0.6225 0.66 1423 0.013468528411806 0.317555828659305 0.12725 1270116.62822532
0.82 5 538518005 538521645.25 0.63 0.67 1633 0.000944407973055726 0 0.132375 85612.0542146833
0.83 5 540426481.5 540430760 0.65 0.69 1094 0.000757582833638026 0.273076609647141 0.170925 53187.0352707697
0.84 5 542170950 542176155.714286 0.672857142857143 0.707142857142857 3221 0.00347336608817138 0.0617899996438682 0.140371428571429 296929.321602275
0.85 5 542981615.5 542988030.5 0.68 0.72 638 0.00374456192789969 0.0958220550310176 0.1408 319138.800673269
0.86 5 544912958 544919448 0.716666666666667 0.733333333333333 1515 0.000546816950495049 0.552698750963995 0.1249 52536.4564126549
0.87 5 546408430.5 546417683.5 0.765 0.745 1128 0.0028215317641844 0.217153578018363 0.09555 354352.497856753
0.88 5 547413167.5 547415882.5 0.79 0.755 632 0.00317463844936709 0.692772624611145 0.102 373486.876396128
0.89 5 548970510.666667 548993638.666667 0.82 0.763333333333333 1421 0.00173877497536946 0.091757692947971 0.1133 184159.750259784
0.9 5 549629259.833333 549633974.5 0.828333333333333 0.77 2200 0.000925240518181818 0.333435472213382 0.129383333333333 85813.8829178036
0.91 5 551819598 551839294 0.84 0.78 213 0 NA 0.1418 0
0.92 5 552701535.5 552708325.75 0.8325 0.78 1968 0.000773197967479675 0 0.09755 95114.0503306622
0.93 5 553469814.333333 553475406.5 0.845 0.786666666666667 2274 0.004592864705365 0.196652087770492 0.151283333333333 364312.282457067
0.94 5 554677116.090909 554682448.181818 0.906363636363636 0.813636363636364 3122 0.00133680288917361 0.164206403643186 0.129654545454545 123725.972073283
0.95 5 555924849.25 555929084.75 0.94 0.8325 2063 0.00119166060106641 0.0943127823899408 0.15045 95047.7049704014
0.96 5 556851384.8 556861816 0.94 0.846 1345 0.00530147667657993 0 0.13954 455910.277475699
0.97 5 557883399.5 557889908 0.93 0.85 513 0.0227889844054581 0.195559076668227 0.145 1885984.91631377
0.98 5 559160173.666667 559167084.166667 0.886666666666667 0.86 1500 0.0005354392 0.284271061961844 0.145633333333333 44119.5037766079
1 5 561663872.5 561668520.5 0.91 0.86 580 0 NA 0.1528 0
1.01 5 562398939.75 562405016.25 0.895 0.8525 1103 0.000690887171350861 0 0.137575 60262.7370976583
1.02 5 563806814 563811813.5 0.87 0.845 1998 0.000784357733233233 0 0.14655 64225.812342537
1.03 5 565060812.666667 565064829.333333 0.86 0.85 737 0 NA 0.127433333333333 0
1.04 5 565757170.333333 565764236.666667 0.86 0.856666666666667 2049 0 Inf 0.0972333333333333 0
1.05 5 567643598.5 567647174.5 0.85 0.86 615 0.00126976045528455 0.294761056524995 0.19665 77483.4755322382
1.06 5 568227360.625 568232072.75 0.84875 0.87 2001 0.00467761964017991 0 0.163525 343259.04713138
1.07 5 569874787.666667 569878735 0.84 0.87 1222 0.00125311914893617 0.453608553608554 0.1619 92880.9745968749
1.08 5 570875693.333333 570883156.333333 0.84 0.87 593 0.00379807428330523 0 0.1783 255619.13292015
1.1 5 572716099.333333 572719249 0.83 0.87 636 0.00366890421383648 0 0.215766666666667 204048.434571471
1.11 5 573762243 573773786 0.83 0.87 946 0 NA 0.1927 0
1.12 5 575065527 575068559 0.83 0.87 261 0 NA 0.2237 0
1.13 5 576630762.5 576635661 0.83 0.86 1501 0.00110294518321119 0.137022657137145 0.1441 91848.3150488155
1.14 5 577772092 577777319 0.82 0.85 435 0.0123348 0.129412718487531 0.1246 1187942.21508828
1.16 5 580716119.25 580726489 0.8 0.83 741 0.01352604048583 0 0.17475 928826.814477594
1.17 5 581701342.714286 581707097.285714 0.8 0.822857142857143 3253 0.00417657044482017 0.0439828766864036 0.159285714285714 314647.459520084
1.18 5 582783896.833333 582795970.666667 0.8 0.813333333333333 3437 0.00366007314227524 0.0482930765968124 0.242183333333333 181353.840922041
1.19 5 584662411 584666837 0.81 0.79 1269 0 NA 0.126066666666667 0
1.2 5 585439879.6 585471900.6 0.822 0.782 1219 0.000614385824446267 0.609077765116265 0.14476 50930.0213688533
1.21 5 586808256.5 586814660.5 0.89 0.77 1024 0 NA 0.1083 0
1.22 5 587733187.8 587737203.8 0.886 0.77 1626 0.0102479102890529 0.0702823928499801 0.15652 785681.851959077
1.23 5 588801527.142857 588818884 0.841428571428571 0.755714285714286 2104 0.000373193925855513 0.591322901392692 0.138314285714286 32377.907221507
1.24 5 589900816.571429 589907707.142857 0.788571428571429 0.741428571428571 4309 0.000170934151775354 0.954463498095174 0.137128571428571 14958.2964362222
1.25 5 591499425.571429 591504627.928571 0.632857142857143 0.738571428571429 4681 0.00320264755394147 0.061003938794177 0.131242857142857 292829.426941421
1.26 5 593285388.25 593295601.25 0.6025 0.7225 1828 0.000454654614332604 0.832458863816281 0.124075 43972.2375336792
1.27 5 595103149.166667 595108287.166667 0.7 0.676666666666667 2524 0.0012819274881141 0.0706492808604891 0.11285 136314.841447667
1.28 5 596359691.6 596364121.2 0.76 0.614 1215 0.00323881955555556 0 0.16102 241372.715604687
1.29 5 597588718 597623921.8 0.716 0.582 5728 0.000917508524790503 0.159074523806 0.14152 77798.9139166622
1.3 5 598229812 598234856 0.66 0.57 525 0 NA 0.1309 0
1.31 5 600438633.875 600443855 0.5975 0.61125 3230 0.0025171562495356 0.0279983972271399 0.122125 247335.721551093
1.32 5 602740432.1 602746151.9 0.437 0.596 2175 0.00965523897011494 0.0877719611490907 0.13643 849247.728808761
1.33 5 604891202.444444 604895860.222222 0.532222222222222 0.601111111111111 2113 0.000386780312352106 0 0.117233333333333 39590.8195754217
1.34 5 606408615.8 606413413 0.602 0.626 1487 0.002076903066577 0.192708389087127 0.14554 171243.897202996
1.35 5 607599334.333333 607604053.666667 0.68 0.653333333333333 1552 0.000976562835051546 0.742540914724107 0.0707333333333333 165675.127529951
1.36 5 609180176.75 609208958.75 0.7525 0.655 2898 0.00168531289855072 0.187006051375395 0.1613125 125370.041271499
1.37 5 610375394.833333 610379941.166667 0.798333333333333 0.62 1852 0.00128761142548596 0.67844558114864 0.0950666666666667 162531.596484904
1.38 5 611928870.75 611932357.75 0.7875 0.61 864 0.00170454375 0.159132099132099 0.306125 66817.5581870151
1.39 5 612925016.5 612931761 0.775 0.61 369 0 NA 0.13975 0
1.4 5 615094921.125 615099874 0.54 0.6025 3016 0.00502880271883289 0.0298838556593322 0.12175 495652.013355193
1.41 5 616646109.4 616653397.2 0.452 0.592 2421 0.00976117839735646 0.0880045523295422 0.1841 636252.801565875
1.42 5 618967052.285714 618971584.428571 0.441428571428571 0.54 2315 0.00212546003023758 0.0922078455923119 0.122071428571429 208939.312510189
1.43 5 620794155.333333 620799063.333333 0.451666666666667 0.51 1621 0.00194083204811845 0.367732701755473 0.133116666666667 174959.193019316
1.44 5 623732169.428571 623739460.142857 0.514285714285714 0.552857142857143 2108 0.00594615335863378 0.0550849129475002 0.127271428571429 560643.037518506
1.45 5 625397948.428571 625402833.714286 0.697142857142857 0.564285714285714 1584 0.000947596369949495 0.305098256144026 0.160485714285714 70854.6333236226
1.46 5 626508788.125 626517507.25 0.76625 0.5725 3511 0.000665766117915124 0.295032533494134 0.1452 55021.9932161259
1.48 5 629866012.875 629870804.625 0.53625 0.64875 2348 0.00345812664821124 0.217070461473047 0.1613 257269.186475728
1.49 5 631512423.125 631516854.75 0.48375 0.64625 2016 0.00272573796478175 0 0.173525 188496.5023909
1.51 5 634584920 634590431.5 0.715 0.62 619 0.0067733584006462 0.161802514143094 0.13875 585803.969785618
1.52 5 636451981 636459289.25 0.725 0.62 2662 0.00118885640495868 0.146257445981074 0.1285375 110989.219951408
1.53 5 637448734.75 637457865.5 0.715 0.6275 1161 0.00135854534883721 0 0.161775 100772.951235027
1.54 5 638995853.25 639000133.5 0.7175 0.64 835 0 NA 0.1418 0
1.55 5 640471167.5 640485143.166667 0.543333333333333 0.645 940 0.00231232408510638 0.216769363994033 0.251016666666667 110542.018543031
1.56 5 642645383.5 642655264 0.543 0.653 3534 0.000427258870967742 0.151762166112221 0.14882 34451.72995305
1.57 5 644210226.333333 644234454.111111 0.587777777777778 0.682222222222222 3275 0.000442435887022901 0.320047014807745 0.149166666666667 35592.607671116
1.58 5 645759275.2 645763020.8 0.702 0.712 826 0.00186141826876513 0.152747499174797 0.13484 165655.734390252
1.59 5 647150042.666667 647155418.666667 0.736666666666667 0.726666666666667 937 0.00894654416221985 0.331934884182511 0.113566666666667 945334.868916685
1.6 5 648154880.25 648158808.5 0.7525 0.7325 1385 0.00327879032490975 0.0506173184501478 0.1499 262478.211467091
1.61 5 649618303.5 649623825.75 0.825 0.74 1785 0.0017604529859944 0.219123295227255 0.11955 176707.953424783
1.62 5 651129767.666667 651137218.333333 0.801666666666667 0.74 4613 0.00556488499458053 0.0448496121888533 0.127083333333333 525471.107684982
1.63 5 651856058.5 651862547 0.785 0.745 337 0.00685402818991098 0.10500649080064 0.16235 506611.261342357
1.64 5 653382690.75 653399503.75 0.795 0.765 1419 0 Inf 0.139225 0
1.65 5 654684138 654689663 0.8 0.78 533 0.00147059 0.293340087991894 0.1613 109405.331680099
1.66 5 656200305.5 656203332 0.865 0.78 399 0.00816168095238095 0.111870806995967 0.1102 888749.28701063
1.67 5 657501439.5 657508431.75 0.89 0.7675 1242 0 Inf 0.127175 0
1.68 5 658131254.6 658137479.4 0.878 0.756 1580 0.00155558917721519 0 0.1819 102622.705478737
1.69 5 659444164 659450437.166667 0.811666666666667 0.733333333333333 1614 0.00449784366790582 0.157299512135216 0.2278 236936.453094249
1.71 5 662154615.25 662159865.5 0.685 0.725 877 0.00531103730900798 0.0496144991588396 0.16275 391597.220940681
1.72 5 663711808.285714 663746515.571429 0.571428571428571 0.715714285714286 1645 0.013859303343465 0.110903432077315 0.152714285714286 1089037.86796171
1.73 5 665155111.090909 665163083.090909 0.478181818181818 0.704545454545454 4765 0.00445622007135362 0.18370760834884 0.1804 296422.621154343
1.74 5 668271431.571429 668277205.857143 0.308 0.682 4086 0.00246980345814978 0.196520175682095 0.187342857142857 158200.007994953
0 6 1010773.71428571 1030752 0.265714285714286 1.40142857142857 1895 0 NA 0.328428571428571 0
0.02 6 4781177 4786863 0.88 1.42 495 0.00144796 0 0.3045 57062.4630541872
0.03 6 5280513.4 5286168 0.956 1.42 3056 0.00812361985274869 0.0279892348383188 0.213 457668.724098518
0.04 6 6449524.4 6473977.4 1.12 1.43 1818 0.000434034103410341 0.2917999325792 0.15314 34010.7694980024
0.05 6 7243879 7245538 1.26 1.44 27 0 NA 0.1653 0
0.06 6 8009379 8015945.33333333 1.38 1.44 2000 0.00077041208 0.596343463357948 0.1047 88299.3787965616
0.07 6 8492298.5 8499650 1.4 1.44 1240 0 NA 0.1911 0
0.08 6 9207613 9313510 1.74 1.44 154 0.0216216 0.135779960779961 0.1692 1533446.80851064
0.09 6 9614292 9619612 1.89 1.44 287 0.0244482 0 0.0979 2996715.01532176
0.11 6 10806432 10810759.5 2.025 1.44 669 0 NA 0.1596 0
0.13 6 11967444.5 12038666 1.76 1.42 455 0.00116063349450549 0 0.2976 46799.7376816732
0.17 6 14199008.5 14203730 1.645 1.515 628 0.0516510057324841 0.0140680721109641 0.17155 3613011.18501783
0.18 6 14498767 14502658 1.63 1.52 453 0.00172911 0.293600754145196 0.2107 98478.0256288562
0.19 6 15689517 15694661 1.57 1.54 684 0 NA 0.1315 0
0.2 6 16151019 16153013 1.55 1.54 275 0 NA 0.1631 0
0.21 6 16814772.3333333 16866220.3333333 1.52 1.54 763 0.00819920511140236 0.0364143245992823 0.234466666666667 419635.17772318
0.22 6 17493110 17500167 1.49 1.535 812 0.00198567793103448 0.565804764671702 0.1501 158748.402214616
0.24 6 18617841.6666667 18621743 1.44666666666667 1.50666666666667 1305 0.00125670183908046 0 0.143833333333333 104846.503376354
0.26 6 19596218 19601879 1.41 1.47 664 0.00501599126506024 0.203464903902825 0.2819 213522.153886921
0.27 6 20284940 20461422 1.39 1.43 37 0 NA 0.0802 0
0.29 6 22470389.6666667 22473560.6666667 1.29666666666667 1.34 918 0.000892923834422658 0.280723238561897 0.169833333333333 63091.7724027786
0.3 6 23621073 23626364 1.23 1.35 286 0 NA 0.1264 0
0.31 6 24418294.25 24424775 1.205 1.34 1092 0.00140458769230769 0.298826994033471 0.0879 191752.585980572
0.32 6 25204483.4 25207789 1.19 1.324 960 0.000870969375 0 0.1829 57143.9721159103
0.33 6 25869026 25874898 1.19 1.31 352 0 NA 0.1643 0
0.34 6 26592992 26596954 1.19 1.28 122 0 NA 0.1316 0
0.36 6 28268663 28271202 1.345 1.185 304 0 NA 0.24355 0
0.37 6 28762532 28767404.5 1.35 1.15 840 0.00567182942857143 0.14424557045162 0.1429 476290.784764571
0.38 6 29453673 29459393 1.32 1.1 423 0.00366972 0 0.1184 371931.081081081
0.39 6 30714601.5 30722261 1.15 0.98 581 0 Inf 0.1652 0
0.4 6 31321203.5 31364363 1.05 0.925 632 0.00123564227848101 0.294749945039601 0.10355 143193.697168249
0.41 6 32120972.3333333 32124853.3333333 1.00666666666667 0.876666666666667 500 0 NA 0.0939 0
0.42 6 32776926 32781470 0.96 0.835 448 0.00172468359375 0.301782566872223 0.1722 120187.010017422
0.43 6 34091933 34095857 0.845 0.765 353 0 NA 0.0952 0
0.44 6 36050315 36060072.6666667 0.496666666666667 0.666666666666667 566 0.00141600220848057 0 0.141766666666667 119859.110052434
0.45 6 37940448 37952275.6666667 0.466666666666667 0.581666666666667 2691 0.000308740876997399 0.537197458853085 0.196333333333333 18870.41013906
0.46 6 40348108.3333333 40356806.3333333 0.46 0.396666666666667 1912 0.000434789069037657 0.277206600083939 0.1091 47822.8123597789
0.47 6 45182695.1666667 45189306.2916667 0.162916666666667 0.262916666666667 8526 0.00244223295566502 0.20343284048047 0.1418875 206549.52316434
0.48 6 54906575.4375 54920457.625 0.090625 0.088125 9553 0.00551772428556474 0.0610931338175101 0.13006875 509059.181600322
0.49 6 72099279.7692308 72105945.6538462 0.0438461538461538 0.0446153846153846 12627 0.00348042804482458 0.125418094982091 0.143515384615385 291015.047967323
0.5 6 105204102.666667 105210069.833333 0.0408333333333333 0.0125 5064 0.00273222794233807 0.065742582523277 0.137316666666667 238767.340512612
0.51 6 124712440.333333 124720669.636364 0.0357575757575758 0.0327272727272727 13152 0.00170004182405718 0.123898371047259 0.126684848484848 161033.479004603
0.52 6 154760628.891892 154767250 0.0272972972972973 0.03 13149 0.00189654327325272 0.101447341895421 0.122543243243243 185718.271172715
0.53 6 231769292.105263 231790152.342105 0.0101315789473684 0.00907894736842105 29467 0.000452836313774731 0.498061517091553 0.0985171052631579 55158.2971381612
0.54 6 342529137.5 342536904.392857 0.0121428571428571 0.0241071428571429 23504 0.000471463586836283 0.475236023102997 0.109744642857143 51552.0657295316
0.55 6 382851513 382858628.666667 0.0983333333333333 0.08 2193 0 NA 0.100933333333333 0
0.56 6 391867854.555556 391877398.777778 0.153333333333333 0.0833333333333333 4875 0.00119066139035897 0.536133331281169 0.154233333333333 92638.4483529783
0.57 6 396682883.222222 396687495.222222 0.151111111111111 0.0866666666666667 3123 0.00123900113352546 0.296367568088467 0.124055555555556 119849.639427451
0.58 6 405990035.571429 405994477.857143 0.118571428571429 0.08 2158 0.00183568326227989 0.173581930214811 0.112214285714286 196304.766430949
0.59 6 423337681.407407 423344485.962963 0.0392592592592593 0.0748148148148148 8383 0.00134306776213766 0.209383277971165 0.148040740740741 108867.417610918
0.6 6 450038870.2 450044977.7 0.066 0.052 4088 0.00158417843688845 0.0703910563629099 0.09917 191692.459843314
0.61 6 461691492.5 461695139.875 0.10375 0.06875 1853 0.000403127355639504 0.617001688324576 0.1213 39880.69470465
0.62 6 468721303.666667 468730382.5 0.138333333333333 0.0916666666666667 2168 0.00262230727398524 0.11951055302966 0.1291 243746.609510634
0.63 6 474587948.8 474595032.8 0.15 0.116 912 0.000884443815789474 0 0.15422 68819.3865223297
0.64 6 480222162.2 480229274.7 0.134 0.13 7682 0 Inf 0.10532 0
0.65 6 491504426.941176 491510764 0.105882352941176 0.138235294117647 6274 0.000249272588460312 0.297817257534965 0.145970588235294 20492.2861357662
0.66 6 499842489.294118 499847543.352941 0.157647058823529 0.189411764705882 7030 0.000998690355618777 0.163656725852572 0.133005882352941 90103.4153934945
0.67 6 505224749.363636 505228958 0.219090909090909 0.189090909090909 3395 0.000916140583210604 0.121078990880254 0.146109090909091 75243.0045942009
0.68 6 508833885.428571 508840640.857143 0.251428571428571 0.248571428571429 3296 0.000236779417475728 0.594360200883375 0.1272 22337.6808939366
0.69 6 512787938.166667 512793850.833333 0.295 0.25 1757 0 Inf 0.117166666666667 0
0.7 6 516521389.5 516523576 0.31 0.28 170 0 NA 0.1738 0
0.71 6 519171688.444444 519177089.333333 0.305555555555556 0.345555555555556 2895 0 NA 0.142844444444444 0
0.72 6 522569102 522573917 0.321428571428571 0.45 2627 0 Inf 0.168857142857143 0
0.73 6 525418337.6 525438640.4 0.342 0.512 7103 0.000113243221174152 1.03825179961475 0.10949 12411.3494756582
0.74 6 527602353.714286 527607324.857143 0.465714285714286 0.557142857142857 2830 0.000279158250883392 0.57943928102384 0.1506 22243.685329354
0.75 6 530117022.8 530122278.7 0.542 0.605 3569 0.00287910946763799 0.111594423787502 0.11788 293088.849776518
0.76 6 532265180 532271971.5 0.61 0.65 771 0.00413448105058366 0.14356762001027 0.12095 410200.682984737
0.77 6 533477574.75 533483404.25 0.6575 0.67 1621 0.00380942653917335 0.0748746418755142 0.106925 427525.073369934
0.78 6 535203302.666667 535217425.333333 0.723333333333333 0.7 1792 0.00189854997209821 0.0662729931446889 0.239766666666667 95019.8790428691
0.79 6 536248278 536253632.2 0.764 0.718 1500 0.00107335889333333 0.141714014089876 0.18486 69676.0073569187
0.8 6 538135253 538139021 0.84 0.75 80 0.00946746 0 0.2562 443440.74941452
0.81 6 538801564 538806092.5 0.93 0.79 737 0.00107656789687924 0.288763306237242 0.1411 91557.8650783195
0.82 6 540207325 540211438 1.04 0.85 158 0 NA 0.1771 0
0.84 6 541779451.333333 541781850.333333 1.04666666666667 0.883333333333333 611 0 NA 0.207566666666667 0
0.85 6 542646556.333333 542650881 1 0.89 658 0 NA 0.1877 0
0.86 6 543759296 543782059 0.98 0.885 1036 0.00146548648648649 0 0.2151 81756.5682837649
0.87 6 544790124.5 544797733.5 0.965 0.865 1185 0 NA 0.0835 0
0.88 6 545756185.2 545765945.4 0.934 0.838 2942 0.00122882432494901 0.347587377851375 0.14524 101527.760254669
0.89 6 546948362 546969595 0.8875 0.8525 1182 0.000623942470389171 0 0.1896 39490.0297714665
0.9 6 547901939 547905489 0.87 0.875 227 0 Inf 0.08245 0
0.91 6 548931587 548941023 0.87 0.89 753 0 NA 0.0889 0
0.92 6 550409171.75 550415808.75 0.85 0.8775 2502 0.00214046989448441 0 0.146975 174761.95770582
0.93 6 551205289.333333 551211802.666667 0.83 0.86 1646 0.000937216366950182 0.297244526256478 0.119366666666667 94218.9031281948
0.94 6 552624592.875 552634833 0.79 0.79375 2537 0.000296783728813559 0.617899984423732 0.1867125 19074.2705805059
0.95 6 554763400 554767114 0.73 0.73 171 0 NA 0.1322 0
0.96 6 555535521 555545774.5 0.7175 0.73 3546 0.00167446744500846 0.26632158148805 0.08155 246396.190559185
0.97 6 556367797 556374394 0.71 0.73 303 0 NA 0.3143 0
0.98 6 557994616.5 557996994.5 0.73 0.765 335 0.0200102626865672 0.206600433986262 0.1535 1564320.21002479
0.99 6 559536410 559542645.333333 0.786666666666667 0.836666666666667 1618 0 Inf 0.0977666666666667 0
1 6 560539661 560543530 0.84 0.9 199 0 Inf 0.1626 0
1.01 6 561732281 561737576.333333 0.85 0.94 995 0.00566840050251256 0.566112405394377 0.159466666666667 426551.877279374
1.02 6 562999283.285714 563004601.571429 0.887142857142857 0.974285714285714 2252 0 Inf 0.128071428571429 0
1.03 6 564076363.5 564081043 0.94 0.99 566 0 NA 0.1632 0
1.04 6 565149548.75 565156020 1.02 1 1937 0.0147255676819824 0.145723448999879 0.115075 1535579.51061299
1.05 6 565852974 565858623.666667 1.08 1.00333333333333 1388 0 NA 0.1202 0
1.06 6 567021673 567026096.5 1.215 1.03 1336 0.000569117288922156 0 0.14685 46506.0093092671
1.07 6 567827905.333333 567833097.666667 1.27666666666667 1.04666666666667 1194 0 NA 0.176 0
1.08 6 568471093 568476958 1.3 1.06 730 0.0216119 0.0145467543344176 0.2384 1087847.31543624
1.1 6 570135624 570137778 1.25 1.09 92 0.00779221 0.329763956566879 0.1964 476102.443991853
1.11 6 570777951 570782807.5 1.19 1.105 1143 0.00210037524059493 0.190862351846558 0.2502 100737.421611267
1.12 6 571857806.666667 571862119.666667 1.1 1.12 756 0.0031886401984127 0.2467547881897 0.148266666666667 258073.397353546
1.13 6 572613449.5 572618071.5 1.08 1.13 893 0.00261156133258679 0.296894401772166 0.1183 264909.010913283
1.14 6 573795188.75 573825605 1.015 1.1475 2806 0.000587951354240912 0.137563104186196 0.108375 65101.8800543571
1.15 6 574963019.833333 574967224.333333 0.816666666666667 1.17166666666667 1954 0.0167303454042989 0.114017416336816 0.125883333333333 1594842.93540251
1.16 6 575651943.166667 575657626.833333 0.998333333333333 1.18333333333333 2487 0.00321735445918778 0.199701827288805 0.186216666666667 207329.742290808
1.17 6 576751934.666667 576755876 1.07666666666667 1.2 1038 0.00286827690751445 0.155633735416592 0.1672 205857.194319219
1.18 6 577433546.666667 577437596 1.12333333333333 1.21 681 0.0128289370044053 0.0800875100401979 0.258633333333333 595233.576696211
1.19 6 578499254 578507254.6 1.186 1.222 3021 0.000795615940748097 0.479800234565559 0.10634 89781.7499433624
1.2 6 579439751.25 579443232.5 1.245 1.24 973 0.0205359334018499 0.0698577299384161 0.404575 609111.29165717
1.21 6 580170847.666667 580175338 1.29 1.25 1109 0.00138798259693418 0.150186253546886 0.2233 74589.3021191675
1.22 6 580951533.75 580955582.5 1.3325 1.265 953 0.00165431266526758 0.436600893780146 0.192025 103381.080501033
1.23 6 581557828.5 581566063 1.37 1.27 2313 0.00169222592304367 0.0587650860529886 0.12015 169011.328144186
1.25 6 583034499.666667 583041458.333333 1.45666666666667 1.29666666666667 2301 0.00213513653194263 0.0473311024451961 0.159566666666667 160570.117296709
0 7 710500.888888889 715577.333333333 0.218571428571429 0.95 3932 0.0205208486648016 0.0901993715062403 0.345666666666667 712392.046222621
0.01 7 3211635.875 3217156.125 0.465 0.96375 3605 0.00863833244937587 0.12410758171552 0.3036875 341337.68888252
0.02 7 5388913.5 5394283.5 0.7 0.97 595 0 NA 0.13255 0
0.03 7 6668176.25 6677460 0.8125 0.97 2779 0.00718051126304426 0.0915446400819202 0.162875 529032.295665579
0.04 7 7730590 7735504.5 0.88 0.97 1197 0.00195681086883876 0 0.29055 80818.2083154884
0.05 7 8553570 8557767 0.97 0.97 513 0.00587156 0 0.1128 624634.042553192
0.06 7 9750483 9757113.5 1.145 0.97 895 0.0256093944134078 0.00997856080921422 0.2424 1267791.80264395
0.07 7 10457120.3333333 10465847.3333333 1.21333333333333 0.97 2382 0.00434113272879933 0.190668302051691 0.1825 285444.343811463
0.08 7 11214393.75 11230718.25 1.2575 0.97 2123 0.00770626321243523 0.0277680965537462 0.2011375 459760.902612505
0.12 7 14293803 14296558 1.14 0.96 237 0 NA 0.1982 0
0.13 7 15923337.5 15926789.5 1.01 0.98 608 0.00261367572368421 0.28589553666241 0.1321 237427.015020519
0.14 7 16709430.3333333 16714304.3333333 1.01333333333333 0.98 1122 0.00779232620320856 0.183345434456633 0.144033333333333 649210.236786642
0.15 7 17373318.5 17378292 1.025 0.98 386 0.0331027261658031 0.0895320527699756 0.11185 3551477.10317065
0.16 7 18460948 18466301.4 1.022 0.97 1659 0.0100076254177215 0.0140640398979455 0.12788 939095.284740837
0.17 7 19620901.5 19624474 0.99 0.95 1054 0.0164557176470588 0.0267712609467497 0.17215 1147072.96987921
0.18 7 20819709 20823800 0.98 0.96 537 0.00274993 0.317132799743993 0.1931 170891.558777835
0.19 7 21858139 21861399 0.97 0.97 239 0 NA 0.019 0
0.2 7 22574144 22578099.3333333 0.956666666666667 0.97 851 0 NA 0.1528 0
0.21 7 23548092.75 23553401 0.915 0.9625 1720 0.0008832825 0.152770654177839 0.1056 100373.011363636
0.22 7 24588969.5 24611881 0.865 0.935 746 0.00233710557640751 0.644502156708629 0.12025 233224.672905531
0.23 7 25681222.6666667 25709963 0.876666666666667 0.893333333333333 775 0.00629471299354839 0.373038683029392 0.1909 395686.516095236
0.24 7 27038055.5 27043838.5 0.845 0.86 426 0.00555138366197183 0.195827031981673 0.2408 276647.026344111
0.25 7 27935523.3333333 28000627 0.803333333333333 0.843333333333333 479 0 NA 0.1799 0
0.26 7 30006420.2 30010127.4 0.724 0.82 1252 0.00357779767571885 0.0519152661847421 0.2028 211704.004480405
0.27 7 31015207 31023012.4 0.71 0.82 1462 0.000522241436388509 0 0.1389 45118.0506599144
0.28 7 32797678.2 32804408.6 0.742 0.82 1490 0.00106440794630872 0 0.12216 104558.737358421
0.3 7 34655438.6666667 34708428.6666667 0.84 0.846666666666667 703 0.0146668054054054 0.113540739298451 0.1073 1640276.46658774
0.32 7 37042451.3333333 37049082 0.89 0.87 702 0.00580676324786325 0 0.171666666666667 405909.663928305
0.33 7 38001716.6666667 38006872.3333333 0.9 0.87 608 0.00125013023026316 0 0.1721 87167.7092571638
0.34 7 39189002 39194783 0.9 0.87 413 0.00600751 0 0.1541 467813.887086308
0.35 7 40421378.5 40424460.5 0.91 0.87 483 0.00160210753623188 0 0.21895 87806.7615199023
0.36 7 41834939 41841912 0.9 0.86 526 0 NA 0.1244 0
0.37 7 42780022.6666667 42784995 0.896666666666667 0.85 373 0 NA 0.1535 0
0.38 7 44204798 44210957 0.88 0.83 1643 0.000506308642726719 0.172250284330957 0.16336 37192.1138144015
0.39 7 44992987.5 44996467.5 0.87 0.815 673 0 NA 0.16195 0
0.4 7 45824334 45830810.3333333 0.86 0.796666666666667 1240 0 NA 0.0598666666666667 0
0.41 7 47480318.25 47488922.75 0.8125 0.76 2068 0 Inf 0.1149 0
0.42 7 48498122 48502103 0.793333333333333 0.736666666666667 1855 0 Inf 0.195033333333333 0
0.43 7 49557774.6666667 49565904.3333333 0.791666666666667 0.72 1974 0 NA 0.127616666666667 0
0.44 7 50983855 50987051 0.835 0.7 334 0 NA 0.07855 0
0.45 7 52381638.5 52386124.75 0.83 0.6825 1432 0 NA 0.132525 0
0.46 7 53117279 53126781.5 0.785 0.675 636 0.000790666132075472 0.567251127273742 0.10155 93431.7438198489
0.47 7 54956672.75 54960427 0.5525 0.66 868 0 Inf 0.159225 0
0.48 7 57341091 57346291 0.42 0.62 460 0 NA 0.1054 0
0.49 7 59602110.3333333 59647302 0.476666666666667 0.626666666666667 1198 0.00265520464106845 0.574242324386141 0.123533333333333 257925.977006109
0.5 7 62541430 62602136.5 0.6 0.6 917 0.000881313762268266 0 0.1543 68540.2796320103
0.51 7 63398040 63403251.25 0.6375 0.595 1316 0.0219914015197568 0.0471936336792367 0.10125 2606388.32826748
0.52 7 65174666.8333333 65179136.5 0.618333333333333 0.573333333333333 1357 0.00114521941046426 0.153750021701183 0.13175 104308.409302248
0.53 7 66286590.5 66292082.5 0.635 0.56 701 0 NA 0.1202 0
0.54 7 67989340.3333333 68024375.6666667 0.683333333333333 0.543333333333333 1823 0 Inf 0.2034 0
0.55 7 69517859 69522568 0.69 0.53 324 0 NA 0.1211 0
0.56 7 70974618.6666667 70986180.6666667 0.676666666666667 0.506666666666667 1728 0.0041275974537037 0.0957428815446794 0.11905 416053.502263288
0.57 7 72294374.5 72303743 0.64 0.495 1134 0.000679554871252205 0.299876427045516 0.1145 71219.7244980476
0.58 7 74215714.6666667 74222520 0.553333333333333 0.473333333333333 1384 0 NA 0.1326 0
0.59 7 75860823.3333333 75867347.6666667 0.48 0.453333333333333 2108 0.0029502709487666 0.184551311496627 0.161066666666667 219804.954792214
0.6 7 78180850.75 78186688.25 0.415 0.425 676 0.00240725369822485 0.139453851110134 0.150425 192036.193310276
0.61 7 80662028.6 80670074.2 0.364 0.396 2022 0.0022882037537092 0.148023725191049 0.10766 255047.789750236
0.62 7 84022400.5 84027306.75 0.305 0.355 893 0.0063491001343785 0.0797619858984804 0.15715 484818.336700872
0.63 7 87323105.25 87330012.25 0.25 0.315 428 0.0236925189252336 0.0938268015335611 0.172275 1650327.8311003
0.64 7 91786486.9090909 91795072.0909091 0.19 0.263636363636364 5959 0.00216750649270012 0.17832080940389 0.123772727272727 210143.853864426
0.65 7 98616927.2307692 98630714 0.155384615384615 0.194615384615385 4352 0.00264045127068015 0.160204716235625 0.137023076923077 231241.451875654
0.66 7 107481447.882353 107493602.647059 0.115294117647059 0.129411764705882 6828 0.000532524764499121 0.0618146619787554 0.119482352941176 53483.18824233
0.67 7 115699167.777778 115706352.666667 0.0788888888888889 0.0877777777777778 3814 0 Inf 0.125044444444444 0
0.68 7 131048763.2 131055460.666667 0.054 0.036 4059 0.00193596750923873 0.204593071123223 0.126313333333333 183920.489609422
0.69 7 161235773.955224 161244001.179104 0.0319402985074627 0.0262686567164179 29282 0.00316277547619698 0.250517583702642 0.132459701492537 286527.187414068
0.7 7 207145321.854545 207152312.945455 0.016 0.00672727272727273 20482 0.0015452693076848 0.163868867916839 0.120198181818182 154272.147978636
0.71 7 338574218.628205 338584769.730769 0.00141025641025641 0.0140384615384615 62709 0.000420732252132868 0.384102393155887 0.103764743589744 48656.0931095815
0.72 7 443309621.285714 443315161.904762 0.0528571428571429 0.0371428571428571 6139 0.00024987716566216 0.303870514857693 0.12092380952381 24796.8204090983
0.73 7 460525858.333333 460534819.916667 0.0641666666666667 0.0491666666666667 8207 0.000963798333617643 0.174484165368709 0.128658333333333 89893.7496216987
0.74 7 476759945.210526 476773076.894737 0.05 0.0405263157894737 5279 0.00345946146618678 0.0626433713302475 0.149784210526316 277155.632415259
0.75 7 495573509.461538 495598448.538462 0.0596153846153846 0.0576923076923077 10504 0.00126617552913176 0.269740302810903 0.143757692307692 105692.475342887
0.76 7 509161014.25 509166584.55 0.066 0.0815 4778 0.00187872393260779 0.179922583671256 0.152495 147838.861544926
0.77 7 522349622.733333 522363478.266667 0.0866666666666667 0.0953333333333333 4736 0.00316279540962838 0.152192893989006 0.13116 289368.289993447
0.78 7 533814435.333333 533821279 0.107777777777778 0.107777777777778 3316 0 Inf 0.123277777777778 0
0.79 7 544870120.833333 544877574.444444 0.114444444444444 0.13 5249 0.00609399564869499 0.106027454169527 0.126727777777778 577047.503449265
0.8 7 553870992.428571 553877221.571429 0.140714285714286 0.142142857142857 4425 0.00125764239096045 0.168140525797532 0.133485714285714 113058.605351753
0.81 7 559824158 559840966.166667 0.18 0.171666666666667 1524 0 Inf 0.137566666666667 0
0.82 7 562808459 562818384 0.208 0.192 1442 0.00165798655339806 0 0.16038 124054.362394168
0.83 7 566966730.4 566972631.4 0.254 0.232 2715 0 Inf 0.11214 0
0.84 7 570870261.375 570876880.375 0.2925 0.27625 3672 0.00106637428649237 0.174997036437464 0.1346375 95044.0363042132
0.85 7 574807599 574814017.8 0.308 0.328 1175 0 Inf 0.12446 0
0.86 7 577732716 577739524 0.3425 0.37 1639 0.000480684344112264 0 0.10775 53533.2912236396
0.87 7 581205678.75 581214588.5 0.3725 0.3925 1259 0.00067440868943606 0.267542965947612 0.1351 59903.0664191911
0.88 7 583888123.833333 583894591.833333 0.395 0.41 2126 0.00184887855973659 0 0.147583333333333 150332.305252439
0.89 7 586759524 586763212.5 0.425 0.435 667 0.00344189553223388 0 0.13165 313731.457552652
0.9 7 587890854.333333 587899791.333333 0.443333333333333 0.446666666666667 2873 0.00109349878176123 0.443173016995679 0.116133333333333 112990.689274983
0.91 7 590139779.75 590143829.25 0.4775 0.4725 1536 0 Inf 0.0888 0
0.92 7 592206487.166667 592211875.666667 0.515 0.498333333333333 2167 0.00039454662667282 0 0.16205 29216.6585626278
0.93 7 593998009.888889 594002710 0.557777777777778 0.522222222222222 2693 0.00208543762346825 0.080290472603228 0.147888888888889 169216.576509821
0.95 7 597502881 597504464 0.64 0.56 55 0.0358974 0 0.4813 895011.011842925
0.96 7 598896777 598913142.5 0.64 0.575 920 0 NA 0.12405 0
0.97 7 600231887.333333 600236072 0.623333333333333 0.596666666666667 400 0 NA 0.156933333333333 0
0.98 7 602889813 602899960 0.51 0.63 144 0 NA 0.0632 0
0.99 7 604292349.666667 604311492.333333 0.506666666666667 0.646666666666667 1370 0 Inf 0.129966666666667 0
1 7 605890627.25 605907019.75 0.545 0.6725 1249 0 Inf 0.193625 0
1.01 7 607638790.25 607644513.5 0.6325 0.6975 1299 0.00176407966127791 0.202226465677126 0.120975 174986.203226575
1.02 7 609219034.333333 609226064 0.713333333333333 0.716666666666667 970 0.000808216175257732 0.187081594952989 0.1428 67917.3256519102
1.03 7 611157115.5 611160791.5 0.71 0.74 802 0 NA 0.17855 0
1.04 7 611405013 611412622 0.7 0.75 585 0 NA 0.0718 0
1.05 7 613714240 613719279 0.78 0.78 273 0.00583232 0.143755486667398 0.0906 772492.715231788
1.06 7 614677851 614686465 0.81 0.79 592 0.00388769 0.100542738747174 0.1024 455588.671875
1.07 7 616341409 616346260 0.85 0.81 144 0 NA 0.083 0
1.08 7 617006348 617013698.6 0.868 0.824 1712 0.011093877453271 0.0718716222515216 0.18722 711070.021574898
1.1 7 619233419.4 619238710.8 0.974 0.89 2333 0.0024539976168024 0.0402429414035666 0.10424 282501.644298051
1.11 7 620245084.666667 620252476.333333 1.02333333333333 0.916666666666667 841 0 Inf 0.166066666666667 0
1.14 7 623487380.2 623493448 1.082 0.97 2340 0.0107068144700855 0.0737724030110122 0.14744 871417.346995562
1.15 7 623887563 623895540 1.08 0.97 19 0 NA 0.101 0
1.16 7 624818774.5 624826077.5 1.06 0.97 262 0 NA 0.61285 0
1.17 7 625844812.6 625851243.6 1.028 0.958 1771 0.0155275821795596 0.050691067074476 0.16872 1104379.95587195
1.18 7 626840819.25 626845464 0.9775 0.9425 1081 0.0169336483348751 0.136114853589038 0.1582 1284473.95713338
1.19 7 628260982.5 628264567 0.9325 0.905 1020 0.00152875623529412 0.184903175422573 0.136125 134766.389888187
1.2 7 629157575.666667 629162978 0.893333333333333 0.873333333333333 614 0.00131862899022801 0.281356272468369 0.120833333333333 130953.499719196
1.21 7 629629663 629634738.666667 0.866666666666667 0.856666666666667 1183 0 Inf 0.139766666666667 0
1.22 7 631767834.333333 631773247.333333 0.646666666666667 0.783333333333333 1518 0.001540265085639 0.293701681314888 0.1584 116686.748912045
1.23 7 632982680 632988295.666667 0.62 0.766666666666667 1320 0.00124924577272727 0.274889657967078 0.142266666666667 105372.183266593
1.24 7 634961659.5 634965386.5 0.695 0.765 446 0.00376743739910314 0 0.20465 220910.084481982
1.25 7 636351515 636355489.625 0.705 0.79375 2110 0.00889859828436019 0.0611487407603519 0.31495 339048.037505389
1.26 7 636933884 636945896 0.73 0.81 174 0.0497644 0 0.1042 5731024.95201536
1.27 7 638775373.5 638808946 0.76 0.8 855 0.00240327135555556 0.252399324472639 0.1504 191750.374113475
1.28 7 639856378 639861625 0.885 0.81 1154 0 NA 0.14225 0
1.29 7 641379015.625 641385499.375 0.9 0.8525 4299 0.00851233130402419 0.107248880444131 0.1937125 527317.41962078
1.3 7 642300582.6 642305504.1 0.897 0.862 4318 0.00622890005789717 0.110524596470528 0.14896 501791.089519106
1.31 7 643709671.5 643713729.75 0.84 0.8775 1488 0.00434305356048387 0.0352447550414077 0.07455 699083.068085935
1.32 7 644714847.5 644765830 0.865 0.895 303 0.00263073089108911 0 0.19705 160206.905318799
1.33 7 645619163.5 645623405.5 0.848333333333333 0.911666666666667 1868 0.00288804152034261 0.0850647926542901 0.209366666666667 165530.161968371
1.34 7 647090190.5 647097428 0.965 0.93 834 0 NA 0.12735 0
1.35 7 648196613 648223154.5 1.08 0.94 375 0 NA 0.22955 0
1.37 7 650017700 650021253 1.02 0.97 222 0 NA 0.1819 0
1.38 7 650737945.5 650742872 1.0375 0.985 1388 0.0108721295100865 0.0152870434429737 0.1999 652654.097654014
1.39 7 651924787 651929357.5 1.035 1.005 955 0 NA 0.29315 0
1.4 7 652853918 652868651 0.99 1.02 1806 0.00552783 0 0.1019 650971.148184495
1.41 7 653707374.5 653713140.5 0.92 1.035 1234 0 Inf 0.17755 0
1.42 7 654499218.5 654503712 0.855 1.045 891 0.0265843834567901 0.0288504326780516 0.2209 1444149.39557031
1.43 7 656001291.5 656013828.5 NA NA 1665 0 Inf 0.1839 0
1.44 7 656869393 656873517 NA NA 468 0 NA 0.2245 0
