start, end, rate
1000, 1999, 6.0e-07
4000, 4999, 5.97238e-07
7000, 7999, 5.94488e-07
10000, 10999, 5.91751e-07
13000, 13999, 5.89027e-07
16000, 16999, 5.86315e-07
19000, 19999, 5.83616e-07
22000, 22999, 5.80929e-07
25000, 25999, 5.78255e-07
28000, 28999, 5.75593e-07
31000, 31999, 5.72943e-07
34000, 34999, 5.70305e-07
37000, 37999, 5.67679e-07
40000, 40999, 5.65066e-07
43000, 43999, 5.62465e-07
46000, 46999, 5.59875e-07
49000, 49999, 5.57298e-07
52000, 52999, 5.54732e-07
55000, 55999, 5.52178e-07
58000, 58999, 5.49636e-07
61000, 61999, 5.47106e-07
64000, 64999, 5.44587e-07
67000, 67999, 5.4208e-07
70000, 70999, 5.39584e-07
73000, 73999, 5.371e-07
76000, 76999, 5.34627e-07
79000, 79999, 5.32166e-07
82000, 82999, 5.29716e-07
85000, 85999, 5.27277e-07
88000, 88999, 5.2485e-07
91000, 91999, 5.22433e-07
94000, 94999, 5.20028e-07
97000, 97999, 5.17634e-07
100000, 100999, 5.15251e-07
103000, 103999, 5.12879e-07
106000, 106999, 5.10518e-07
109000, 109999, 5.08168e-07
112000, 112999, 5.05828e-07
115000, 115999, 5.03499e-07
118000, 118999, 5.01181e-07
121000, 121999, 4.98874e-07
124000, 124999, 4.96577e-07
127000, 127999, 4.94291e-07
130000, 130999, 4.92016e-07
133000, 133999, 4.89751e-07
136000, 136999, 4.87496e-07
139000, 139999, 4.85251e-07
142000, 142999, 4.83018e-07
145000, 145999, 4.80794e-07
148000, 148999, 4.7858e-07
151000, 151999, 4.76377e-07
154000, 154999, 4.74184e-07
157000, 157999, 4.72001e-07
160000, 160999, 4.69828e-07
163000, 163999, 4.67665e-07
166000, 166999, 4.65512e-07
169000, 169999, 4.63369e-07
172000, 172999, 4.61236e-07
175000, 175999, 4.59112e-07
178000, 178999, 4.56999e-07
181000, 181999, 4.54895e-07
184000, 184999, 4.528e-07
187000, 187999, 4.50716e-07
190000, 190999, 4.48641e-07
193000, 193999, 4.46575e-07
196000, 196999, 4.44519e-07
199000, 199999, 4.42473e-07
202000, 202999, 4.40436e-07
205000, 205999, 4.38408e-07
208000, 208999, 4.3639e-07
211000, 211999, 4.34381e-07
214000, 214999, 4.32381e-07
217000, 217999, 4.3039e-07
220000, 220999, 4.28409e-07
223000, 223999, 4.26437e-07
226000, 226999, 4.24474e-07
229000, 229999, 4.22519e-07
232000, 232999, 4.20574e-07
235000, 235999, 4.18638e-07
238000, 238999, 4.16711e-07
241000, 241999, 4.14792e-07
244000, 244999, 4.12883e-07
247000, 247999, 4.10982e-07
250000, 250999, 4.0909e-07
253000, 253999, 4.07206e-07
256000, 256999, 4.05332e-07
259000, 259999, 4.03466e-07
262000, 262999, 4.01608e-07
265000, 265999, 3.99759e-07
268000, 268999, 3.97919e-07
271000, 271999, 3.96087e-07
274000, 274999, 3.94263e-07
277000, 277999, 3.92448e-07
280000, 280999, 3.90642e-07
283000, 283999, 3.88843e-07
286000, 286999, 3.87053e-07
289000, 289999, 3.85271e-07
292000, 292999, 3.83497e-07
295000, 295999, 3.81732e-07
298000, 298999, 3.79975e-07
301000, 301999, 3.78225e-07
304000, 304999, 3.76484e-07
307000, 307999, 3.74751e-07
310000, 310999, 3.73025e-07
313000, 313999, 3.71308e-07
316000, 316999, 3.69599e-07
319000, 319999, 3.67897e-07
322000, 322999, 3.66203e-07
325000, 325999, 3.64518e-07
328000, 328999, 3.62839e-07
331000, 331999, 3.61169e-07
334000, 334999, 3.59506e-07
337000, 337999, 3.57851e-07
340000, 340999, 3.56204e-07
343000, 343999, 3.54564e-07
346000, 346999, 3.52931e-07
349000, 349999, 3.51307e-07
352000, 352999, 3.49689e-07
355000, 355999, 3.48079e-07
358000, 358999, 3.46477e-07
361000, 361999, 3.44882e-07
364000, 364999, 3.43294e-07
367000, 367999, 3.41714e-07
370000, 370999, 3.4014e-07
373000, 373999, 3.38575e-07
376000, 376999, 3.37016e-07
379000, 379999, 3.35464e-07
382000, 382999, 3.3392e-07
385000, 385999, 3.32383e-07
388000, 388999, 3.30852e-07
391000, 391999, 3.29329e-07
394000, 394999, 3.27813e-07
397000, 397999, 3.26304e-07
400000, 400999, 3.24802e-07
403000, 403999, 3.23306e-07
406000, 406999, 3.21818e-07
409000, 409999, 3.20336e-07
412000, 412999, 3.18862e-07
415000, 415999, 3.17394e-07
418000, 418999, 3.15932e-07
421000, 421999, 3.14478e-07
424000, 424999, 3.1303e-07
427000, 427999, 3.11589e-07
430000, 430999, 3.10155e-07
433000, 433999, 3.08727e-07
436000, 436999, 3.07305e-07
439000, 439999, 3.05891e-07
442000, 442999, 3.04482e-07
445000, 445999, 3.03081e-07
448000, 448999, 3.01685e-07
451000, 451999, 3.00296e-07
454000, 454999, 2.98914e-07
457000, 457999, 2.97538e-07
460000, 460999, 2.96168e-07
463000, 463999, 2.94804e-07
466000, 466999, 2.93447e-07
469000, 469999, 2.92096e-07
472000, 472999, 2.90752e-07
475000, 475999, 2.89413e-07
478000, 478999, 2.88081e-07
481000, 481999, 2.86754e-07
484000, 484999, 2.85434e-07
487000, 487999, 2.8412e-07
490000, 490999, 2.82812e-07
493000, 493999, 2.8151e-07
496000, 496999, 2.80214e-07
499000, 499999, 2.78924e-07
502000, 502999, 2.7764e-07
505000, 505999, 2.76362e-07
508000, 508999, 2.75089e-07
511000, 511999, 2.73823e-07
514000, 514999, 2.72562e-07
517000, 517999, 2.71308e-07
520000, 520999, 2.70059e-07
523000, 523999, 2.68815e-07
526000, 526999, 2.67578e-07
529000, 529999, 2.66346e-07
532000, 532999, 2.6512e-07
535000, 535999, 2.63899e-07
538000, 538999, 2.62684e-07
541000, 541999, 2.61475e-07
544000, 544999, 2.60271e-07
547000, 547999, 2.59073e-07
550000, 550999, 2.5788e-07
553000, 553999, 2.56693e-07
556000, 556999, 2.55511e-07
559000, 559999, 2.54335e-07
562000, 562999, 2.53164e-07
565000, 565999, 2.51998e-07
568000, 568999, 2.50838e-07
571000, 571999, 2.49683e-07
574000, 574999, 2.48534e-07
577000, 577999, 2.4739e-07
580000, 580999, 2.46251e-07
583000, 583999, 2.45117e-07
586000, 586999, 2.43989e-07
589000, 589999, 2.42865e-07
592000, 592999, 2.41747e-07
595000, 595999, 2.40634e-07
598000, 598999, 2.39527e-07
601000, 601999, 2.38424e-07
604000, 604999, 2.37326e-07
607000, 607999, 2.36234e-07
610000, 610999, 2.35146e-07
613000, 613999, 2.34063e-07
616000, 616999, 2.32986e-07
619000, 619999, 2.31913e-07
622000, 622999, 2.30846e-07
625000, 625999, 2.29783e-07
628000, 628999, 2.28725e-07
631000, 631999, 2.27672e-07
634000, 634999, 2.26624e-07
637000, 637999, 2.2558e-07
640000, 640999, 2.24542e-07
643000, 643999, 2.23508e-07
646000, 646999, 2.22479e-07
649000, 649999, 2.21455e-07
652000, 652999, 2.20435e-07
655000, 655999, 2.19421e-07
658000, 658999, 2.1841e-07
661000, 661999, 2.17405e-07
664000, 664999, 2.16404e-07
667000, 667999, 2.15408e-07
670000, 670999, 2.14416e-07
673000, 673999, 2.13429e-07
676000, 676999, 2.12446e-07
679000, 679999, 2.11468e-07
682000, 682999, 2.10495e-07
685000, 685999, 2.09526e-07
688000, 688999, 2.08561e-07
691000, 691999, 2.07601e-07
694000, 694999, 2.06645e-07
697000, 697999, 2.05694e-07
700000, 700999, 2.04747e-07
703000, 703999, 2.03804e-07
706000, 706999, 2.02866e-07
709000, 709999, 2.01932e-07
712000, 712999, 2.01002e-07
715000, 715999, 2.00077e-07
718000, 718999, 1.99156e-07
721000, 721999, 1.98239e-07
724000, 724999, 1.97326e-07
727000, 727999, 1.96418e-07
730000, 730999, 1.95514e-07
733000, 733999, 1.94614e-07
736000, 736999, 1.93718e-07
739000, 739999, 1.92826e-07
742000, 742999, 1.91938e-07
745000, 745999, 1.91054e-07
748000, 748999, 1.90175e-07
751000, 751999, 1.89299e-07
754000, 754999, 1.88428e-07
757000, 757999, 1.8756e-07
760000, 760999, 1.86697e-07
763000, 763999, 1.85837e-07
766000, 766999, 1.84982e-07
769000, 769999, 1.8413e-07
772000, 772999, 1.83283e-07
775000, 775999, 1.82439e-07
778000, 778999, 1.81599e-07
781000, 781999, 1.80763e-07
784000, 784999, 1.79931e-07
787000, 787999, 1.79102e-07
790000, 790999, 1.78278e-07
793000, 793999, 1.77457e-07
796000, 796999, 1.7664e-07
799000, 799999, 1.75827e-07
802000, 802999, 1.75017e-07
805000, 805999, 1.74212e-07
808000, 808999, 1.7341e-07
811000, 811999, 1.72611e-07
814000, 814999, 1.71817e-07
817000, 817999, 1.71026e-07
820000, 820999, 1.70238e-07
823000, 823999, 1.69454e-07
826000, 826999, 1.68674e-07
829000, 829999, 1.67898e-07
832000, 832999, 1.67125e-07
835000, 835999, 1.66355e-07
838000, 838999, 1.6559e-07
841000, 841999, 1.64827e-07
844000, 844999, 1.64068e-07
847000, 847999, 1.63313e-07
850000, 850999, 1.62561e-07
853000, 853999, 1.61813e-07
856000, 856999, 1.61068e-07
859000, 859999, 1.60326e-07
862000, 862999, 1.59588e-07
865000, 865999, 1.58854e-07
868000, 868999, 1.58122e-07
871000, 871999, 1.57394e-07
874000, 874999, 1.5667e-07
877000, 877999, 1.55948e-07
880000, 880999, 1.5523e-07
883000, 883999, 1.54516e-07
886000, 886999, 1.53804e-07
889000, 889999, 1.53096e-07
892000, 892999, 1.52392e-07
895000, 895999, 1.5169e-07
898000, 898999, 1.50992e-07
901000, 901999, 1.50296e-07
904000, 904999, 1.49605e-07
907000, 907999, 1.48916e-07
910000, 910999, 1.4823e-07
913000, 913999, 1.47548e-07
916000, 916999, 1.46869e-07
919000, 919999, 1.46192e-07
922000, 922999, 1.45519e-07
925000, 925999, 1.44849e-07
928000, 928999, 1.44183e-07
931000, 931999, 1.43519e-07
934000, 934999, 1.42858e-07
937000, 937999, 1.422e-07
940000, 940999, 1.41546e-07
943000, 943999, 1.40894e-07
946000, 946999, 1.40245e-07
949000, 949999, 1.396e-07
952000, 952999, 1.38957e-07
955000, 955999, 1.38317e-07
958000, 958999, 1.37681e-07
961000, 961999, 1.37047e-07
964000, 964999, 1.36416e-07
967000, 967999, 1.35788e-07
970000, 970999, 1.35163e-07
973000, 973999, 1.3454e-07
976000, 976999, 1.33921e-07
979000, 979999, 1.33304e-07
982000, 982999, 1.32691e-07
985000, 985999, 1.3208e-07
988000, 988999, 1.31472e-07
991000, 991999, 1.30867e-07
994000, 994999, 1.30264e-07
997000, 997999, 1.29664e-07
1000000, 1000999, 1.29067e-07
1003000, 1003999, 1.28473e-07
1006000, 1006999, 1.27882e-07
1009000, 1009999, 1.27293e-07
1012000, 1012999, 1.26707e-07
1015000, 1015999, 1.26124e-07
1018000, 1018999, 1.25543e-07
1021000, 1021999, 1.24965e-07
1024000, 1024999, 1.2439e-07
1027000, 1027999, 1.23817e-07
1030000, 1030999, 1.23247e-07
1033000, 1033999, 1.2268e-07
1036000, 1036999, 1.22115e-07
1039000, 1039999, 1.21553e-07
1042000, 1042999, 1.20993e-07
1045000, 1045999, 1.20436e-07
1048000, 1048999, 1.19882e-07
1051000, 1051999, 1.1933e-07
1054000, 1054999, 1.1878e-07
1057000, 1057999, 1.18233e-07
1060000, 1060999, 1.17689e-07
1063000, 1063999, 1.17147e-07
1066000, 1066999, 1.16608e-07
1069000, 1069999, 1.16071e-07
1072000, 1072999, 1.15537e-07
1075000, 1075999, 1.15005e-07
1078000, 1078999, 1.14475e-07
1081000, 1081999, 1.13948e-07
1084000, 1084999, 1.13424e-07
1087000, 1087999, 1.12902e-07
1090000, 1090999, 1.12382e-07
1093000, 1093999, 1.11865e-07
1096000, 1096999, 1.1135e-07
1099000, 1099999, 1.10837e-07
1102000, 1102999, 1.10327e-07
1105000, 1105999, 1.09819e-07
1108000, 1108999, 1.09313e-07
1111000, 1111999, 1.0881e-07
1114000, 1114999, 1.08309e-07
1117000, 1117999, 1.0781e-07
1120000, 1120999, 1.07314e-07
1123000, 1123999, 1.0682e-07
1126000, 1126999, 1.06328e-07
1129000, 1129999, 1.05839e-07
1132000, 1132999, 1.05351e-07
1135000, 1135999, 1.04866e-07
1138000, 1138999, 1.04384e-07
1141000, 1141999, 1.03903e-07
1144000, 1144999, 1.03425e-07
1147000, 1147999, 1.02949e-07
1150000, 1150999, 1.02475e-07
1153000, 1153999, 1.02003e-07
1156000, 1156999, 1.01533e-07
1159000, 1159999, 1.01066e-07
1162000, 1162999, 1.00601e-07
1165000, 1165999, 1.00137e-07
1168000, 1168999, 9.96764e-08
1171000, 1171999, 9.92175e-08
1174000, 1174999, 9.87607e-08
1177000, 1177999, 9.8306e-08
1180000, 1180999, 9.78534e-08
1183000, 1183999, 9.74029e-08
1186000, 1186999, 9.69545e-08
1189000, 1189999, 9.65082e-08
1192000, 1192999, 9.60639e-08
1195000, 1195999, 9.56216e-08
1198000, 1198999, 9.51814e-08
1201000, 1201999, 9.47432e-08
1204000, 1204999, 9.4307e-08
1207000, 1207999, 9.38729e-08
1210000, 1210999, 9.34407e-08
1213000, 1213999, 9.30105e-08
1216000, 1216999, 9.25823e-08
1219000, 1219999, 9.21561e-08
1222000, 1222999, 9.17318e-08
1225000, 1225999, 9.13095e-08
1228000, 1228999, 9.08891e-08
1231000, 1231999, 9.04707e-08
1234000, 1234999, 9.00542e-08
1237000, 1237999, 8.96396e-08
1240000, 1240999, 8.92269e-08
1243000, 1243999, 8.88161e-08
1246000, 1246999, 8.84073e-08
1249000, 1249999, 8.80003e-08
1252000, 1252999, 8.75951e-08
1255000, 1255999, 8.71919e-08
1258000, 1258999, 8.67904e-08
1261000, 1261999, 8.63909e-08
1264000, 1264999, 8.59932e-08
1267000, 1267999, 8.55973e-08
1270000, 1270999, 8.52032e-08
1273000, 1273999, 8.48109e-08
1276000, 1276999, 8.44205e-08
1279000, 1279999, 8.40318e-08
1282000, 1282999, 8.3645e-08
1285000, 1285999, 8.32599e-08
1288000, 1288999, 8.28766e-08
1291000, 1291999, 8.2495e-08
1294000, 1294999, 8.21152e-08
1297000, 1297999, 8.17372e-08
1300000, 1300999, 8.13609e-08
1303000, 1303999, 8.09863e-08
1306000, 1306999, 8.06135e-08
1309000, 1309999, 8.02424e-08
1312000, 1312999, 7.9873e-08
1315000, 1315999, 7.95052e-08
1318000, 1318999, 7.91392e-08
1321000, 1321999, 7.87749e-08
1324000, 1324999, 7.84122e-08
1327000, 1327999, 7.80512e-08
1330000, 1330999, 7.76919e-08
1333000, 1333999, 7.73342e-08
1336000, 1336999, 7.69782e-08
1339000, 1339999, 7.66238e-08
1342000, 1342999, 7.6271e-08
1345000, 1345999, 7.59199e-08
1348000, 1348999, 7.55704e-08
1351000, 1351999, 7.52225e-08
1354000, 1354999, 7.48762e-08
1357000, 1357999, 7.45315e-08
1360000, 1360999, 7.41883e-08
1363000, 1363999, 7.38468e-08
1366000, 1366999, 7.35068e-08
1369000, 1369999, 7.31684e-08
1372000, 1372999, 7.28316e-08
1375000, 1375999, 7.24963e-08
1378000, 1378999, 7.21625e-08
1381000, 1381999, 7.18303e-08
1384000, 1384999, 7.14996e-08
1387000, 1387999, 7.11704e-08
1390000, 1390999, 7.08428e-08
1393000, 1393999, 7.05166e-08
1396000, 1396999, 7.0192e-08
1399000, 1399999, 6.98688e-08
1402000, 1402999, 6.95472e-08
1405000, 1405999, 6.9227e-08
1408000, 1408999, 6.89083e-08
1411000, 1411999, 6.85911e-08
1414000, 1414999, 6.82753e-08
1417000, 1417999, 6.7961e-08
1420000, 1420999, 6.76481e-08
1423000, 1423999, 6.73366e-08
1426000, 1426999, 6.70266e-08
1429000, 1429999, 6.67181e-08
1432000, 1432999, 6.64109e-08
1435000, 1435999, 6.61052e-08
1438000, 1438999, 6.58008e-08
1441000, 1441999, 6.54979e-08
1444000, 1444999, 6.51964e-08
1447000, 1447999, 6.48962e-08
1450000, 1450999, 6.45975e-08
1453000, 1453999, 6.43001e-08
1456000, 1456999, 6.4004e-08
1459000, 1459999, 6.37094e-08
1462000, 1462999, 6.34161e-08
1465000, 1465999, 6.31241e-08
1468000, 1468999, 6.28335e-08
1471000, 1471999, 6.25442e-08
1474000, 1474999, 6.22563e-08
1477000, 1477999, 6.19697e-08
1480000, 1480999, 6.16844e-08
1483000, 1483999, 6.14004e-08
1486000, 1486999, 6.11177e-08
1489000, 1489999, 6.08364e-08
1492000, 1492999, 6.05563e-08
1495000, 1495999, 6.02775e-08
1498000, 1498999, 6.0e-08
1501000, 1501999, 6.0e-08
1504000, 1504999, 6.02775e-08
1507000, 1507999, 6.05563e-08
1510000, 1510999, 6.08364e-08
1513000, 1513999, 6.11177e-08
1516000, 1516999, 6.14004e-08
1519000, 1519999, 6.16844e-08
1522000, 1522999, 6.19697e-08
1525000, 1525999, 6.22563e-08
1528000, 1528999, 6.25442e-08
1531000, 1531999, 6.28335e-08
1534000, 1534999, 6.31241e-08
1537000, 1537999, 6.34161e-08
1540000, 1540999, 6.37094e-08
1543000, 1543999, 6.4004e-08
1546000, 1546999, 6.43001e-08
1549000, 1549999, 6.45975e-08
1552000, 1552999, 6.48962e-08
1555000, 1555999, 6.51964e-08
1558000, 1558999, 6.54979e-08
1561000, 1561999, 6.58008e-08
1564000, 1564999, 6.61052e-08
1567000, 1567999, 6.64109e-08
1570000, 1570999, 6.67181e-08
1573000, 1573999, 6.70266e-08
1576000, 1576999, 6.73366e-08
1579000, 1579999, 6.76481e-08
1582000, 1582999, 6.7961e-08
1585000, 1585999, 6.82753e-08
1588000, 1588999, 6.85911e-08
1591000, 1591999, 6.89083e-08
1594000, 1594999, 6.9227e-08
1597000, 1597999, 6.95472e-08
1600000, 1600999, 6.98688e-08
1603000, 1603999, 7.0192e-08
1606000, 1606999, 7.05166e-08
1609000, 1609999, 7.08428e-08
1612000, 1612999, 7.11704e-08
1615000, 1615999, 7.14996e-08
1618000, 1618999, 7.18303e-08
1621000, 1621999, 7.21625e-08
1624000, 1624999, 7.24963e-08
1627000, 1627999, 7.28316e-08
1630000, 1630999, 7.31684e-08
1633000, 1633999, 7.35068e-08
1636000, 1636999, 7.38468e-08
1639000, 1639999, 7.41883e-08
1642000, 1642999, 7.45315e-08
1645000, 1645999, 7.48762e-08
1648000, 1648999, 7.52225e-08
1651000, 1651999, 7.55704e-08
1654000, 1654999, 7.59199e-08
1657000, 1657999, 7.6271e-08
1660000, 1660999, 7.66238e-08
1663000, 1663999, 7.69782e-08
1666000, 1666999, 7.73342e-08
1669000, 1669999, 7.76919e-08
1672000, 1672999, 7.80512e-08
1675000, 1675999, 7.84122e-08
1678000, 1678999, 7.87749e-08
1681000, 1681999, 7.91392e-08
1684000, 1684999, 7.95052e-08
1687000, 1687999, 7.9873e-08
1690000, 1690999, 8.02424e-08
1693000, 1693999, 8.06135e-08
1696000, 1696999, 8.09863e-08
1699000, 1699999, 8.13609e-08
1702000, 1702999, 8.17372e-08
1705000, 1705999, 8.21152e-08
1708000, 1708999, 8.2495e-08
1711000, 1711999, 8.28766e-08
1714000, 1714999, 8.32599e-08
1717000, 1717999, 8.3645e-08
1720000, 1720999, 8.40318e-08
1723000, 1723999, 8.44205e-08
1726000, 1726999, 8.48109e-08
1729000, 1729999, 8.52032e-08
1732000, 1732999, 8.55973e-08
1735000, 1735999, 8.59932e-08
1738000, 1738999, 8.63909e-08
1741000, 1741999, 8.67904e-08
1744000, 1744999, 8.71919e-08
1747000, 1747999, 8.75951e-08
1750000, 1750999, 8.80003e-08
1753000, 1753999, 8.84073e-08
1756000, 1756999, 8.88161e-08
1759000, 1759999, 8.92269e-08
1762000, 1762999, 8.96396e-08
1765000, 1765999, 9.00542e-08
1768000, 1768999, 9.04707e-08
1771000, 1771999, 9.08891e-08
1774000, 1774999, 9.13095e-08
1777000, 1777999, 9.17318e-08
1780000, 1780999, 9.21561e-08
1783000, 1783999, 9.25823e-08
1786000, 1786999, 9.30105e-08
1789000, 1789999, 9.34407e-08
1792000, 1792999, 9.38729e-08
1795000, 1795999, 9.4307e-08
1798000, 1798999, 9.47432e-08
1801000, 1801999, 9.51814e-08
1804000, 1804999, 9.56216e-08
1807000, 1807999, 9.60639e-08
1810000, 1810999, 9.65082e-08
1813000, 1813999, 9.69545e-08
1816000, 1816999, 9.74029e-08
1819000, 1819999, 9.78534e-08
1822000, 1822999, 9.8306e-08
1825000, 1825999, 9.87607e-08
1828000, 1828999, 9.92175e-08
1831000, 1831999, 9.96764e-08
1834000, 1834999, 1.00137e-07
1837000, 1837999, 1.00601e-07
1840000, 1840999, 1.01066e-07
1843000, 1843999, 1.01533e-07
1846000, 1846999, 1.02003e-07
1849000, 1849999, 1.02475e-07
1852000, 1852999, 1.02949e-07
1855000, 1855999, 1.03425e-07
1858000, 1858999, 1.03903e-07
1861000, 1861999, 1.04384e-07
1864000, 1864999, 1.04866e-07
1867000, 1867999, 1.05351e-07
1870000, 1870999, 1.05839e-07
1873000, 1873999, 1.06328e-07
1876000, 1876999, 1.0682e-07
1879000, 1879999, 1.07314e-07
1882000, 1882999, 1.0781e-07
1885000, 1885999, 1.08309e-07
1888000, 1888999, 1.0881e-07
1891000, 1891999, 1.09313e-07
1894000, 1894999, 1.09819e-07
1897000, 1897999, 1.10327e-07
1900000, 1900999, 1.10837e-07
1903000, 1903999, 1.1135e-07
1906000, 1906999, 1.11865e-07
1909000, 1909999, 1.12382e-07
1912000, 1912999, 1.12902e-07
1915000, 1915999, 1.13424e-07
1918000, 1918999, 1.13948e-07
1921000, 1921999, 1.14475e-07
1924000, 1924999, 1.15005e-07
1927000, 1927999, 1.15537e-07
1930000, 1930999, 1.16071e-07
1933000, 1933999, 1.16608e-07
1936000, 1936999, 1.17147e-07
1939000, 1939999, 1.17689e-07
1942000, 1942999, 1.18233e-07
1945000, 1945999, 1.1878e-07
1948000, 1948999, 1.1933e-07
1951000, 1951999, 1.19882e-07
1954000, 1954999, 1.20436e-07
1957000, 1957999, 1.20993e-07
1960000, 1960999, 1.21553e-07
1963000, 1963999, 1.22115e-07
1966000, 1966999, 1.2268e-07
1969000, 1969999, 1.23247e-07
1972000, 1972999, 1.23817e-07
1975000, 1975999, 1.2439e-07
1978000, 1978999, 1.24965e-07
1981000, 1981999, 1.25543e-07
1984000, 1984999, 1.26124e-07
1987000, 1987999, 1.26707e-07
1990000, 1990999, 1.27293e-07
1993000, 1993999, 1.27882e-07
1996000, 1996999, 1.28473e-07
1999000, 1999999, 1.29067e-07
2002000, 2002999, 1.29664e-07
2005000, 2005999, 1.30264e-07
2008000, 2008999, 1.30867e-07
2011000, 2011999, 1.31472e-07
2014000, 2014999, 1.3208e-07
2017000, 2017999, 1.32691e-07
2020000, 2020999, 1.33304e-07
2023000, 2023999, 1.33921e-07
2026000, 2026999, 1.3454e-07
2029000, 2029999, 1.35163e-07
2032000, 2032999, 1.35788e-07
2035000, 2035999, 1.36416e-07
2038000, 2038999, 1.37047e-07
2041000, 2041999, 1.37681e-07
2044000, 2044999, 1.38317e-07
2047000, 2047999, 1.38957e-07
2050000, 2050999, 1.396e-07
2053000, 2053999, 1.40245e-07
2056000, 2056999, 1.40894e-07
2059000, 2059999, 1.41546e-07
2062000, 2062999, 1.422e-07
2065000, 2065999, 1.42858e-07
2068000, 2068999, 1.43519e-07
2071000, 2071999, 1.44183e-07
2074000, 2074999, 1.44849e-07
2077000, 2077999, 1.45519e-07
2080000, 2080999, 1.46192e-07
2083000, 2083999, 1.46869e-07
2086000, 2086999, 1.47548e-07
2089000, 2089999, 1.4823e-07
2092000, 2092999, 1.48916e-07
2095000, 2095999, 1.49605e-07
2098000, 2098999, 1.50296e-07
2101000, 2101999, 1.50992e-07
2104000, 2104999, 1.5169e-07
2107000, 2107999, 1.52392e-07
2110000, 2110999, 1.53096e-07
2113000, 2113999, 1.53804e-07
2116000, 2116999, 1.54516e-07
2119000, 2119999, 1.5523e-07
2122000, 2122999, 1.55948e-07
2125000, 2125999, 1.5667e-07
2128000, 2128999, 1.57394e-07
2131000, 2131999, 1.58122e-07
2134000, 2134999, 1.58854e-07
2137000, 2137999, 1.59588e-07
2140000, 2140999, 1.60326e-07
2143000, 2143999, 1.61068e-07
2146000, 2146999, 1.61813e-07
2149000, 2149999, 1.62561e-07
2152000, 2152999, 1.63313e-07
2155000, 2155999, 1.64068e-07
2158000, 2158999, 1.64827e-07
2161000, 2161999, 1.6559e-07
2164000, 2164999, 1.66355e-07
2167000, 2167999, 1.67125e-07
2170000, 2170999, 1.67898e-07
2173000, 2173999, 1.68674e-07
2176000, 2176999, 1.69454e-07
2179000, 2179999, 1.70238e-07
2182000, 2182999, 1.71026e-07
2185000, 2185999, 1.71817e-07
2188000, 2188999, 1.72611e-07
2191000, 2191999, 1.7341e-07
2194000, 2194999, 1.74212e-07
2197000, 2197999, 1.75017e-07
2200000, 2200999, 1.75827e-07
2203000, 2203999, 1.7664e-07
2206000, 2206999, 1.77457e-07
2209000, 2209999, 1.78278e-07
2212000, 2212999, 1.79102e-07
2215000, 2215999, 1.79931e-07
2218000, 2218999, 1.80763e-07
2221000, 2221999, 1.81599e-07
2224000, 2224999, 1.82439e-07
2227000, 2227999, 1.83283e-07
2230000, 2230999, 1.8413e-07
2233000, 2233999, 1.84982e-07
2236000, 2236999, 1.85837e-07
2239000, 2239999, 1.86697e-07
2242000, 2242999, 1.8756e-07
2245000, 2245999, 1.88428e-07
2248000, 2248999, 1.89299e-07
2251000, 2251999, 1.90175e-07
2254000, 2254999, 1.91054e-07
2257000, 2257999, 1.91938e-07
2260000, 2260999, 1.92826e-07
2263000, 2263999, 1.93718e-07
2266000, 2266999, 1.94614e-07
2269000, 2269999, 1.95514e-07
2272000, 2272999, 1.96418e-07
2275000, 2275999, 1.97326e-07
2278000, 2278999, 1.98239e-07
2281000, 2281999, 1.99156e-07
2284000, 2284999, 2.00077e-07
2287000, 2287999, 2.01002e-07
2290000, 2290999, 2.01932e-07
2293000, 2293999, 2.02866e-07
2296000, 2296999, 2.03804e-07
2299000, 2299999, 2.04747e-07
2302000, 2302999, 2.05694e-07
2305000, 2305999, 2.06645e-07
2308000, 2308999, 2.07601e-07
2311000, 2311999, 2.08561e-07
2314000, 2314999, 2.09526e-07
2317000, 2317999, 2.10495e-07
2320000, 2320999, 2.11468e-07
2323000, 2323999, 2.12446e-07
2326000, 2326999, 2.13429e-07
2329000, 2329999, 2.14416e-07
2332000, 2332999, 2.15408e-07
2335000, 2335999, 2.16404e-07
2338000, 2338999, 2.17405e-07
2341000, 2341999, 2.1841e-07
2344000, 2344999, 2.19421e-07
2347000, 2347999, 2.20435e-07
2350000, 2350999, 2.21455e-07
2353000, 2353999, 2.22479e-07
2356000, 2356999, 2.23508e-07
2359000, 2359999, 2.24542e-07
2362000, 2362999, 2.2558e-07
2365000, 2365999, 2.26624e-07
2368000, 2368999, 2.27672e-07
2371000, 2371999, 2.28725e-07
2374000, 2374999, 2.29783e-07
2377000, 2377999, 2.30846e-07
2380000, 2380999, 2.31913e-07
2383000, 2383999, 2.32986e-07
2386000, 2386999, 2.34063e-07
2389000, 2389999, 2.35146e-07
2392000, 2392999, 2.36234e-07
2395000, 2395999, 2.37326e-07
2398000, 2398999, 2.38424e-07
2401000, 2401999, 2.39527e-07
2404000, 2404999, 2.40634e-07
2407000, 2407999, 2.41747e-07
2410000, 2410999, 2.42865e-07
2413000, 2413999, 2.43989e-07
2416000, 2416999, 2.45117e-07
2419000, 2419999, 2.46251e-07
2422000, 2422999, 2.4739e-07
2425000, 2425999, 2.48534e-07
2428000, 2428999, 2.49683e-07
2431000, 2431999, 2.50838e-07
2434000, 2434999, 2.51998e-07
2437000, 2437999, 2.53164e-07
2440000, 2440999, 2.54335e-07
2443000, 2443999, 2.55511e-07
2446000, 2446999, 2.56693e-07
2449000, 2449999, 2.5788e-07
2452000, 2452999, 2.59073e-07
2455000, 2455999, 2.60271e-07
2458000, 2458999, 2.61475e-07
2461000, 2461999, 2.62684e-07
2464000, 2464999, 2.63899e-07
2467000, 2467999, 2.6512e-07
2470000, 2470999, 2.66346e-07
2473000, 2473999, 2.67578e-07
2476000, 2476999, 2.68815e-07
2479000, 2479999, 2.70059e-07
2482000, 2482999, 2.71308e-07
2485000, 2485999, 2.72562e-07
2488000, 2488999, 2.73823e-07
2491000, 2491999, 2.75089e-07
2494000, 2494999, 2.76362e-07
2497000, 2497999, 2.7764e-07
2500000, 2500999, 2.78924e-07
2503000, 2503999, 2.80214e-07
2506000, 2506999, 2.8151e-07
2509000, 2509999, 2.82812e-07
2512000, 2512999, 2.8412e-07
2515000, 2515999, 2.85434e-07
2518000, 2518999, 2.86754e-07
2521000, 2521999, 2.88081e-07
2524000, 2524999, 2.89413e-07
2527000, 2527999, 2.90752e-07
2530000, 2530999, 2.92096e-07
2533000, 2533999, 2.93447e-07
2536000, 2536999, 2.94804e-07
2539000, 2539999, 2.96168e-07
2542000, 2542999, 2.97538e-07
2545000, 2545999, 2.98914e-07
2548000, 2548999, 3.00296e-07
2551000, 2551999, 3.01685e-07
2554000, 2554999, 3.03081e-07
2557000, 2557999, 3.04482e-07
2560000, 2560999, 3.05891e-07
2563000, 2563999, 3.07305e-07
2566000, 2566999, 3.08727e-07
2569000, 2569999, 3.10155e-07
2572000, 2572999, 3.11589e-07
2575000, 2575999, 3.1303e-07
2578000, 2578999, 3.14478e-07
2581000, 2581999, 3.15932e-07
2584000, 2584999, 3.17394e-07
2587000, 2587999, 3.18862e-07
2590000, 2590999, 3.20336e-07
2593000, 2593999, 3.21818e-07
2596000, 2596999, 3.23306e-07
2599000, 2599999, 3.24802e-07
2602000, 2602999, 3.26304e-07
2605000, 2605999, 3.27813e-07
2608000, 2608999, 3.29329e-07
2611000, 2611999, 3.30852e-07
2614000, 2614999, 3.32383e-07
2617000, 2617999, 3.3392e-07
2620000, 2620999, 3.35464e-07
2623000, 2623999, 3.37016e-07
2626000, 2626999, 3.38575e-07
2629000, 2629999, 3.4014e-07
2632000, 2632999, 3.41714e-07
2635000, 2635999, 3.43294e-07
2638000, 2638999, 3.44882e-07
2641000, 2641999, 3.46477e-07
2644000, 2644999, 3.48079e-07
2647000, 2647999, 3.49689e-07
2650000, 2650999, 3.51307e-07
2653000, 2653999, 3.52931e-07
2656000, 2656999, 3.54564e-07
2659000, 2659999, 3.56204e-07
2662000, 2662999, 3.57851e-07
2665000, 2665999, 3.59506e-07
2668000, 2668999, 3.61169e-07
2671000, 2671999, 3.62839e-07
2674000, 2674999, 3.64518e-07
2677000, 2677999, 3.66203e-07
2680000, 2680999, 3.67897e-07
2683000, 2683999, 3.69599e-07
2686000, 2686999, 3.71308e-07
2689000, 2689999, 3.73025e-07
2692000, 2692999, 3.74751e-07
2695000, 2695999, 3.76484e-07
2698000, 2698999, 3.78225e-07
2701000, 2701999, 3.79975e-07
2704000, 2704999, 3.81732e-07
2707000, 2707999, 3.83497e-07
2710000, 2710999, 3.85271e-07
2713000, 2713999, 3.87053e-07
2716000, 2716999, 3.88843e-07
2719000, 2719999, 3.90642e-07
2722000, 2722999, 3.92448e-07
2725000, 2725999, 3.94263e-07
2728000, 2728999, 3.96087e-07
2731000, 2731999, 3.97919e-07
2734000, 2734999, 3.99759e-07
2737000, 2737999, 4.01608e-07
2740000, 2740999, 4.03466e-07
2743000, 2743999, 4.05332e-07
2746000, 2746999, 4.07206e-07
2749000, 2749999, 4.0909e-07
2752000, 2752999, 4.10982e-07
2755000, 2755999, 4.12883e-07
2758000, 2758999, 4.14792e-07
2761000, 2761999, 4.16711e-07
2764000, 2764999, 4.18638e-07
2767000, 2767999, 4.20574e-07
2770000, 2770999, 4.22519e-07
2773000, 2773999, 4.24474e-07
2776000, 2776999, 4.26437e-07
2779000, 2779999, 4.28409e-07
2782000, 2782999, 4.3039e-07
2785000, 2785999, 4.32381e-07
2788000, 2788999, 4.34381e-07
2791000, 2791999, 4.3639e-07
2794000, 2794999, 4.38408e-07
2797000, 2797999, 4.40436e-07
2800000, 2800999, 4.42473e-07
2803000, 2803999, 4.44519e-07
2806000, 2806999, 4.46575e-07
2809000, 2809999, 4.48641e-07
2812000, 2812999, 4.50716e-07
2815000, 2815999, 4.528e-07
2818000, 2818999, 4.54895e-07
2821000, 2821999, 4.56999e-07
2824000, 2824999, 4.59112e-07
2827000, 2827999, 4.61236e-07
2830000, 2830999, 4.63369e-07
2833000, 2833999, 4.65512e-07
2836000, 2836999, 4.67665e-07
2839000, 2839999, 4.69828e-07
2842000, 2842999, 4.72001e-07
2845000, 2845999, 4.74184e-07
2848000, 2848999, 4.76377e-07
2851000, 2851999, 4.7858e-07
2854000, 2854999, 4.80794e-07
2857000, 2857999, 4.83018e-07
2860000, 2860999, 4.85251e-07
2863000, 2863999, 4.87496e-07
2866000, 2866999, 4.89751e-07
2869000, 2869999, 4.92016e-07
2872000, 2872999, 4.94291e-07
2875000, 2875999, 4.96577e-07
2878000, 2878999, 4.98874e-07
2881000, 2881999, 5.01181e-07
2884000, 2884999, 5.03499e-07
2887000, 2887999, 5.05828e-07
2890000, 2890999, 5.08168e-07
2893000, 2893999, 5.10518e-07
2896000, 2896999, 5.12879e-07
2899000, 2899999, 5.15251e-07
2902000, 2902999, 5.17634e-07
2905000, 2905999, 5.20028e-07
2908000, 2908999, 5.22433e-07
2911000, 2911999, 5.2485e-07
2914000, 2914999, 5.27277e-07
2917000, 2917999, 5.29716e-07
2920000, 2920999, 5.32166e-07
2923000, 2923999, 5.34627e-07
2926000, 2926999, 5.371e-07
2929000, 2929999, 5.39584e-07
2932000, 2932999, 5.4208e-07
2935000, 2935999, 5.44587e-07
2938000, 2938999, 5.47106e-07
2941000, 2941999, 5.49636e-07
2944000, 2944999, 5.52178e-07
2947000, 2947999, 5.54732e-07
2950000, 2950999, 5.57298e-07
2953000, 2953999, 5.59875e-07
2956000, 2956999, 5.62465e-07
2959000, 2959999, 5.65066e-07
2962000, 2962999, 5.67679e-07
2965000, 2965999, 5.70305e-07
2968000, 2968999, 5.72943e-07
2971000, 2971999, 5.75593e-07
2974000, 2974999, 5.78255e-07
2977000, 2977999, 5.80929e-07
2980000, 2980999, 5.83616e-07
2983000, 2983999, 5.86315e-07
2986000, 2986999, 5.89027e-07
2989000, 2989999, 5.91751e-07
2992000, 2992999, 5.94488e-07
2995000, 2995999, 5.97238e-07
2998000, 2998999, 6.0e-07

