poscM Chromosome Start End GenDens
0 chr1H 1826751 1864377 37626
0.005 chr1H 6981030 7025198 44168
0.01 chr1H 16251941 16551699 299758
0.015 chr1H 23743100 23799171 56071
0.02 chr1H 30798022 31154093 356071
0.025 chr1H 40507209 40642644 135435
0.03 chr1H 26302995 26336446 33451
0.035 chr1H 82134192 82322337 188145
0.04 chr1H 71366734 71501561 134827
0.045 chr1H 49585895 49614025 28130
0.05 chr1H 63918497 64114869 196372
0.055 chr1H 62912840 63007825 94985
0.06 chr1H 45363014 45385844 22830
0.065 chr1H 47846226 47891030 44804
0.07 chr1H 89576088 89658043 81955
0.075 chr1H 26972438 26984785 12347
0.08 chr1H 49822456 49876870 54414
0.085 chr1H 44389830 44484893 95063
0.09 chr1H 54598117 54635310 37193
0.095 chr1H 40326138 40345299 19161
0.1 chr1H 100562894 100597396 34502
0.105 chr1H 104013703 104064928 51225
0.11 chr1H 35884164 35932649 48485
0.115 chr1H 82800720 82830581 29861
0.12 chr1H 57119812 57134899 15087
0.125 chr1H 48634744 48648176 13432
0.13 chr1H 50184287 50202972 18685
0.135 chr1H 71518329 71543296 24967
0.145 chr1H 32252697 32265135 12438
0.15 chr1H 21985287 21987493 2206
0.155 chr1H 89461765 89544611 82846
0.16 chr1H 34185958 34202743 16785
0.165 chr1H 80850034 80872543 22509
0.17 chr1H 47117119 47127392 10273
0.175 chr1H 59951379 60042153 90774
0.18 chr1H 36268585 36285405 16820
0.185 chr1H 24889853 24895383 5530
0.19 chr1H 112690301 112726004 35703
0.195 chr1H 12718452 12719313 861
0.2 chr1H 65062548 65253878 191330
0.205 chr1H 52813773 52823970 10197
0.21 chr1H 67561880 67593842 31962
0.215 chr1H 109215077 109242022 26945
0.22 chr1H 55887988 55893976 5988
0.225 chr1H 28429789 28437690 7901
0.23 chr1H 43131903 43147406 15503
0.235 chr1H 14636011 14636149 138
0.24 chr1H 15064462 15066976 2514
0.245 chr1H 45834565 45835836 1271
0.25 chr1H 109333911 109361434 27523
0.26 chr1H 32115442 32121725 6283
0.265 chr1H 82591944 82607783 15839
0.27 chr1H 67415735 67423650 7915
0.275 chr1H 85596007 85615929 19922
0.28 chr1H 87801772 87815817 14045
0.285 chr1H 89107266 89124310 17044
0.29 chr1H 54613809 54633138 19329
0.295 chr1H 277948712 277987177 38465
0.3 chr1H 113242202 113261267 19065
0.305 chr1H 58302310 58320175 17865
0.31 chr1H 99581668 99595732 14064
0.315 chr1H 324432696 324488379 55683
0.32 chr1H 187163860 187179871 16011
0.325 chr1H 192435232 192462066 26834
0.33 chr1H 198334305 198463542 129237
0.335 chr1H 181818228 181849081 30853
0.34 chr1H 280717007 280759578 42571
0.345 chr1H 168749605 168765188 15583
0.35 chr1H 197282273 197293638 11365
0.355 chr1H 176977153 177008904 31751
0.36 chr1H 233277278 233320826 43548
0.365 chr1H 397275267 397297514 22247
0.37 chr1H 327974766 328027611 52845
0.375 chr1H 448145484 448200930 55446
0.38 chr1H 289141236 289174208 32972
0.385 chr1H 359786514 359813625 27111
0.39 chr1H 430109728 430140056 30328
0.395 chr1H 504075217 504109255 34038
0.4 chr1H 518434239 518455131 20892
0.405 chr1H 335799175 335831032 31857
0.41 chr1H 104425206 104449856 24650
0.415 chr1H 430185291 430228698 43407
0.42 chr1H 556346312 556535952 189640
0.425 chr1H 774520654 774586306 65652
0.43 chr1H 362485864 362550383 64519
0.435 chr1H 414074244 414117320 43076
0.44 chr1H 432995742 433062857 67115
0.445 chr1H 450086454 450119928 33474
0.45 chr1H 1393137987 1393196465 58478
0.455 chr1H 4936501656 4936814648 312992
0.46 chr1H 2183677757 2183764329 86572
0.465 chr1H 3488869935 3489084200 214265
0.47 chr1H 9260171960 9260839366 667406
0.475 chr1H 28554198844 28555723863 1525019
0.48 chr1H 3090159902 3090335114 175212
0.485 chr1H 166895831156 166900417639 4586483
0.49 chr1H 62144817331 62145619524 802193
0.495 chr1H 7469279637 7469349302 69665
0.5 chr1H 6784452243 6784560690 108447
0.505 chr1H 15230114109 15230325096 210987
0.51 chr1H 11171412530 11171509244 96714
0.515 chr1H 33349957013 33350295070 338057
0.52 chr1H 12811004407 12811370799 366392
0.525 chr1H 12125712246 12125867199 154953
0.53 chr1H 8545662508 8545936153 273645
0.535 chr1H 9439569833 9439649442 79609
0.54 chr1H 7857940049 7858010306 70257
0.545 chr1H 8321505545 8321563558 58013
0.55 chr1H 13838759481 13838908720 149239
0.555 chr1H 8031657350 8031767453 110103
0.56 chr1H 10223355423 10223446485 91062
0.565 chr1H 10283998022 10284088302 90280
0.57 chr1H 8204780011 8204893611 113600
0.575 chr1H 18694395981 18694552208 156227
0.58 chr1H 17567012600 17567282579 269979
0.585 chr1H 14210433724 14210605318 171594
0.59 chr1H 13875125831 13875321370 195539
0.595 chr1H 9910239323 9910330798 91475
0.6 chr1H 7239725556 7239809897 84341
0.605 chr1H 8635289832 8635362070 72238
0.61 chr1H 7755777850 7755861148 83298
0.615 chr1H 4120462602 4120495555 32953
0.62 chr1H 5509365010 5509408293 43283
0.625 chr1H 4145691170 4145730562 39392
0.63 chr1H 5541781329 5541840302 58973
0.635 chr1H 7411961951 7412022364 60413
0.64 chr1H 1859999223 1860012479 13256
0.645 chr1H 5590865789 5590886919 21130
0.65 chr1H 7475859737 7475906048 46311
0.655 chr1H 7495538134 7495575907 37773
0.66 chr1H 4694826669 4694861879 35210
0.665 chr1H 4237000661 4237022631 21970
0.67 chr1H 2829812138 2829831276 19138
0.675 chr1H 8513513553 8513561738 48185
0.68 chr1H 5686928869 5687034768 105899
0.685 chr1H 3325519031 3325539863 20832
0.69 chr1H 1427874184 1427881844 7660
0.695 chr1H 1906754701 1906771071 16370
0.7 chr1H 4297881052 4297914685 33633
0.705 chr1H 8132875920 8132938804 62884
0.71 chr1H 5272058213 5272083866 25653
0.715 chr1H 7680418444 7680458761 40317
0.72 chr1H 4808480190 4808503727 23537
0.725 chr1H 10114832280 10114883591 51311
0.73 chr1H 8202658128 8202740413 82285
0.735 chr1H 5315199658 5315245469 45811
0.74 chr1H 968326585 968330789 4204
0.745 chr1H 2908540039 2908559540 19501
0.75 chr1H 5340068131 5340101011 32880
0.755 chr1H 5348717090 5348931251 214161
0.76 chr1H 4381820204 4381842262 22058
0.765 chr1H 2438953932 2438959019 5087
0.77 chr1H 2929564391 2929584792 20401
0.775 chr1H 6845446321 6845493225 46904
0.78 chr1H 2938266172 2938289424 23252
0.785 chr1H 3924214906 3924237702 22796
0.79 chr1H 3928689294 3928717091 27797
0.795 chr1H 8365436935 8365485290 48355
0.8 chr1H 7888144300 7888196242 51942
0.805 chr1H 3949917399 3949948622 31223
0.81 chr1H 5441967904 5442191876 223972
0.815 chr1H 5947216650 5947246409 29759
0.82 chr1H 6953268723 6953321756 53033
0.825 chr1H 5970583378 5970682301 98923
0.83 chr1H 10972255146 10972376983 121837
0.835 chr1H 2500641887 2500711775 69888
0.84 chr1H 7020322311 7020370080 47769
0.845 chr1H 6542097871 6542156215 58344
0.85 chr1H 7060788170 7060842226 54056
0.855 chr1H 2527395061 2527404812 9751
0.86 chr1H 2531486876 2531497140 10264
0.865 chr1H 5576692407 5576709566 17159
0.87 chr1H 8631619997 8631694758 74761
0.875 chr1H 3558494563 3558519832 25269
0.88 chr1H 4071386116 4071412793 26677
0.885 chr1H 6622631103 6622685851 54748
0.89 chr1H 2549333943 2549349465 15522
0.895 chr1H 3572206101 3572236134 30033
0.9 chr1H 1021670836 1021671939 1103
0.905 chr1H 3578551957 3578578400 26443
0.91 chr1H 3582037982 3582070466 32484
0.915 chr1H 3073078061 3073131067 53006
0.92 chr1H 4613419558 4613452281 32723
0.925 chr1H 8723765026 8723837826 72800
0.93 chr1H 2568228394 2568239915 11521
0.935 chr1H 3598928478 3598976150 47672
0.94 chr1H 3601984687 3602003983 19296
0.945 chr1H 4636192098 4636230293 38195
0.95 chr1H 6189815209 6189842257 27048
0.955 chr1H 6194667282 6194715639 48357
0.96 chr1H 6203421171 6203476189 55018
0.965 chr1H 5176105783 5176146130 40347
0.97 chr1H 2590699851 2590719850 19999
0.975 chr1H 10376837317 10377062370 225053
0.98 chr1H 7272268922 7272333342 64420
0.985 chr1H 7803735526 7803789146 53620
0.99 chr1H 9899856344 9899913090 56746
0.995 chr1H 9922064003 9922152381 88378
1 chr1H 8893619080 8893677640 58560
1.005 chr1H 6288830434 6288878946 48512
1.01 chr1H 9969125539 9969211946 86407
1.015 chr1H 6830342379 6830402407 60028
1.02 chr1H 6312068800 6312127145 58345
1.025 chr1H 7370964416 7371028726 64310
1.03 chr1H 5796760915 5796780483 19568
1.035 chr1H 6857107794 6857157562 49768
1.04 chr1H 8447702416 8447776634 74218
1.045 chr1H 6869741164 6869819600 78436
1.05 chr1H 6345819285 6345863558 44273
1.055 chr1H 529188673 529193349 4676
1.06 chr1H 5826214054 5826242162 28108
1.065 chr1H 7948039764 7948232447 192683
1.07 chr1H 1590801388 1590809589 8201
1.075 chr1H 3183697047 3183714760 17713
1.08 chr1H 3184777609 3184822968 45359
1.085 chr1H 3718637910 3718820567 182657
1.09 chr1H 5315163868 5315187665 23797
1.095 chr1H 4786541959 4786566837 24878
1.1 chr1H 4789294172 4789323640 29468
1.105 chr1H 3727210201 3727233395 23194
1.11 chr1H 3196674186 3196772915 98729
1.115 chr1H 6396730098 6396779720 49622
1.12 chr1H 2133309375 2133319168 9793
1.125 chr1H 1067529609 1067538529 8920
1.13 chr1H 4805520535 4805533922 13387
1.135 chr1H 8014508049 8014537795 29746
1.14 chr1H 4276814831 4276839647 24816
1.145 chr1H 4280173230 4280185369 12139
1.15 chr1H 6423721487 6423872994 151507
1.155 chr1H 5357835105 5357869879 34774
1.16 chr1H 4825403932 4825445975 42043
1.165 chr1H 8049663182 8049844679 181497
1.17 chr1H 8056790882 8056845745 54863
1.175 chr1H 4301040023 4301080475 40452
1.18 chr1H 7536280645 7536314972 34327
1.185 chr1H 8081083502 8081132451 48949
1.19 chr1H 8088868868 8088902516 33648
1.195 chr1H 5938597997 5938882776 284779
1.2 chr1H 8650647007 8650681843 34836
1.205 chr1H 5952496933 5952530134 33201
1.21 chr1H 7586428607 7586482572 53965
1.215 chr1H 2713009143 2713031045 21902
1.22 chr1H 4887503715 4887606859 103144
1.225 chr1H 4349473366 4349503615 30249
1.23 chr1H 6527864445 6527893385 28940
1.235 chr1H 9804497631 9804553034 55403
1.24 chr1H 9812559841 9812878541 318700
1.245 chr1H 7093285951 7093355331 69380
1.25 chr1H 3277511132 3277693139 182007
1.255 chr1H 6013227707 6013313560 85853
1.26 chr1H 10395898959 10395949793 50834
1.265 chr1H 6022105979 6022144285 38306
1.27 chr1H 5479660965 5479679555 18590
1.275 chr1H 9325416383 9325476564 60181
1.28 chr1H 10981685717 10981760289 74572
1.285 chr1H 6596678391 6596702819 24428
1.29 chr1H 9906861394 9906899441 38047
1.295 chr1H 6061305619 6061328579 22960
1.3 chr1H 9928822116 9928879697 57581
1.305 chr1H 6628583527 6628741764 158237
1.31 chr1H 8291795970 8292095408 299438
1.315 chr1H 13286261781 13286404851 143070
1.32 chr1H 12197373189 12197464079 90890
1.325 chr1H 10549834140 10549906813 72673
1.33 chr1H 6120149812 6120201252 51440
1.335 chr1H 16171488824 16171665541 176717
1.34 chr1H 1675260651 1675267554 6903
0 chr2H 1115874 1314050 198176
0.005 chr2H 13032132 13263035 230903
0.01 chr2H 31441870 31718003 276133
0.015 chr2H 55111726 55237171 125445
0.02 chr2H 51688607 52124951 436344
0.025 chr2H 62668997 62732092 63095
0.03 chr2H 81459955 81944275 484320
0.035 chr2H 56905810 56928096 22286
0.04 chr2H 134855908 135161137 305229
0.045 chr2H 129738393 129809351 70958
0.05 chr2H 64601485 64634967 33482
0.055 chr2H 240769666 240979202 209536
0.06 chr2H 220047544 220336396 288852
0.065 chr2H 92824278 92983017 158739
0.07 chr2H 266124522 266526175 401653
0.075 chr2H 311931251 312216656 285405
0.08 chr2H 281515747 281599828 84081
0.085 chr2H 270429473 270526766 97293
0.09 chr2H 300799462 301111408 311946
0.095 chr2H 226997810 227401242 403432
0.1 chr2H 187767455 187800068 32613
0.105 chr2H 332757134 332946824 189690
0.11 chr2H 259235653 259314836 79183
0.115 chr2H 416331517 416586919 255402
0.12 chr2H 374636038 374743159 107121
0.125 chr2H 253452158 253508308 56150
0.13 chr2H 220621021 220702413 81392
0.135 chr2H 124447362 125022333 574971
0.14 chr2H 321819455 321897197 77742
0.145 chr2H 266051107 266111048 59941
0.15 chr2H 386543387 386656762 113375
0.155 chr2H 209788198 209928938 140740
0.16 chr2H 118223084 118241297 18213
0.17 chr2H 175249979 175274615 24636
0.175 chr2H 461353443 461494462 141019
0.18 chr2H 548287353 548606095 318742
0.185 chr2H 240673496 240701390 27894
0.19 chr2H 217764852 217813478 48626
0.195 chr2H 55983472 56058422 74950
0.2 chr2H 198908701 198928666 19965
0.205 chr2H 635222748 635376455 153707
0.21 chr2H 501304182 501373028 68846
0.215 chr2H 299419558 299580313 160755
0.22 chr2H 366621033 366904384 283351
0.225 chr2H 311045164 311166362 121198
0.23 chr2H 475309082 475343815 34733
0.235 chr2H 160761850 160813188 51338
0.24 chr2H 360132049 360666594 534545
0.245 chr2H 199337533 199355978 18445
0.25 chr2H 269899961 269939560 39599
0.255 chr2H 514633162 514707857 74695
0.26 chr2H 279162384 279181197 18813
0.265 chr2H 105836472 105842236 5764
0.27 chr2H 358218930 358258311 39381
0.275 chr2H 181946481 181982300 35819
0.28 chr2H 259100738 259110022 9284
0.285 chr2H 150412313 150420234 7921
0.29 chr2H 342318603 342432471 113868
0.295 chr2H 423912546 423963895 51349
0.3 chr2H 195352063 195365225 13162
0.305 chr2H 276616932 276642023 25091
0.31 chr2H 160716076 160727938 11862
0.315 chr2H 121816096 121818612 2516
0.32 chr2H 82152460 82155000 2540
0.325 chr2H 83526457 83530812 4355
0.33 chr2H 253046061 253079702 33641
0.335 chr2H 128627710 128636007 8297
0.345 chr2H 87745003 87747241 2238
0.35 chr2H 356130563 356263308 132745
0.355 chr2H 179735301 179758248 22947
0.36 chr2H 869537790 869586536 48746
0.365 chr2H 512827673 512880294 52621
0.37 chr2H 521032489 521063397 30908
0.375 chr2H 771440906 771486870 45964
0.38 chr2H 341764391 341786771 22380
0.385 chr2H 498173973 498223558 49585
0.39 chr2H 809037545 809126179 88634
0.395 chr2H 463648734 463686813 38079
0.4 chr2H 787229752 787344928 115176
0.405 chr2H 479467992 479490123 22131
0.41 chr2H 382150830 382200654 49824
0.415 chr2H 558047202 558063255 16053
0.42 chr2H 398581119 398598793 17674
0.425 chr2H 752323469 752388194 64725
0.43 chr2H 709502245 709528165 25920
0.435 chr2H 1090042050 1090123202 81152
0.44 chr2H 1182250365 1182566905 316540
0.445 chr2H 956955159 957047854 92695
0.45 chr2H 1237348252 1237453286 105034
0.455 chr2H 862707978 862755288 47310
0.46 chr2H 1019946158 1020005576 59418
0.465 chr2H 694170947 694211467 40520
0.47 chr2H 1847700001 1847797244 97243
0.475 chr2H 1238015169 1238065210 50041
0.48 chr2H 1710537558 1710624336 86778
0.485 chr2H 1141288142 1141582960 294818
0.49 chr2H 1487418774 1487504025 85251
0.495 chr2H 1598308668 1598372111 63443
0.5 chr2H 1398126384 1398198356 71972
0.505 chr2H 2779840421 2779953457 113036
0.51 chr2H 1909885653 1910113006 227353
0.515 chr2H 2605796832 2606119972 323140
0.52 chr2H 3176042527 3176409701 367174
0.525 chr2H 3694199449 3694359874 160425
0.53 chr2H 2870583897 2870700572 116675
0.535 chr2H 7053794731 7053971523 176792
0.54 chr2H 4459611915 4459868557 256642
0.545 chr2H 10068935338 10069269800 334462
0.55 chr2H 27175546780 27176652240 1105460
0.555 chr2H 55088130919 55090171651 2040732
0.56 chr2H 44236931503 44237869473 937970
0.565 chr2H 264460811092 264468160434 7349342
0.57 chr2H 84809186463 84810556286 1369823
0.575 chr2H 28670739604 28670998811 259207
0.58 chr2H 19061959452 19062307226 347774
0.585 chr2H 16624407232 16624513946 106714
0.59 chr2H 23899252993 23899629922 376929
0.595 chr2H 44320415456 44320750631 335175
0.6 chr2H 27161613184 27161807276 194092
0.605 chr2H 30400009221 30400266588 257367
0.61 chr2H 17372302075 17372955159 653084
0.615 chr2H 18697540696 18697640122 99426
0.62 chr2H 23602029029 23602412690 383661
0.625 chr2H 18447533157 18447672398 139241
0.63 chr2H 18582822552 18582994877 172325
0.635 chr2H 19340574160 19341121162 547002
0.64 chr2H 17617992872 17618287986 295114
0.645 chr2H 17704757679 17704923225 165546
0.65 chr2H 11647511807 11647598222 86415
0.655 chr2H 6766715139 6766781031 65892
0.66 chr2H 9262866168 9262919972 53804
0.665 chr2H 11775395704 11775509270 113566
0.67 chr2H 12421773399 12421862969 89570
0.675 chr2H 13088320385 13088367722 47337
0.68 chr2H 10623089350 10623237343 147993
0.685 chr2H 11277151232 11277200819 49587
0.69 chr2H 5652499609 5652581601 81992
0.695 chr2H 7559150046 7559275799 125753
0.7 chr2H 17061577130 17061706610 129480
0.705 chr2H 6337482087 6337746441 264354
0.71 chr2H 12710253818 12710341728 87910
0.715 chr2H 8278275577 8278306463 30886
0.72 chr2H 5744336726 5744361617 24891
0.725 chr2H 2557222319 2557471190 248871
0.73 chr2H 9605814754 9605949989 135235
0.735 chr2H 5773614076 5773653236 39160
0.74 chr2H 3854279001 3854313669 34668
0.745 chr2H 6432450046 6432488600 38554
0.75 chr2H 2576232879 2576251344 18465
0.755 chr2H 6450433756 6450467346 33590
0.76 chr2H 3875360330 3875378468 18138
0.765 chr2H 7114993866 7115038087 44221
0.77 chr2H 5827791414 5827839297 47883
0.775 chr2H 5833380131 5833602071 221940
0.78 chr2H 2596382596 2596416808 34212
0.785 chr2H 7147416050 7147464669 48619
0.79 chr2H 5203491817 5203512484 20667
0.795 chr2H 5861218415 5861413945 195530
0.8 chr2H 2607493699 2607499189 5490
0.805 chr2H 5875100128 5875162783 62655
0.81 chr2H 6540745247 6540819942 74695
0.815 chr2H 14425091609 14425325932 234323
0.82 chr2H 19738037666 19738198646 160980
0.825 chr2H 13864381777 13864732760 350983
0.83 chr2H 7296997131 7297029537 32406
0.835 chr2H 16618954503 16619033437 78934
0.84 chr2H 8659799844 8659950445 150601
0.845 chr2H 9346742092 9346779906 37814
0.85 chr2H 4681103151 4681236365 133214
0.855 chr2H 4017611046 4017629341 18295
0.86 chr2H 7373389238 7373422095 32857
0.865 chr2H 671655215 671657441 2226
0.87 chr2H 5376475740 5376571508 95768
0.875 chr2H 5384297028 5384324359 27331
0.88 chr2H 7411176877 7411233077 56200
0.885 chr2H 6069784459 6069810336 25877
0.89 chr2H 4727041158 4727063122 21964
0.895 chr2H 2704115015 2704127454 12439
0.9 chr2H 8123108691 8123156944 48253
0.905 chr2H 6097672125 6097816932 144807
0.91 chr2H 7461001103 7461073507 72404
0.915 chr2H 4752204880 4752227450 22570
0.92 chr2H 10193843866 10193938633 94767
0.925 chr2H 4081987367 4082357225 369858
0.93 chr2H 2724001439 2724013184 11745
0.935 chr2H 7498999595 7499047234 47639
0.94 chr2H 9552428215 9552519760 91545
0.945 chr2H 4779280775 4779325002 44227
0.95 chr2H 2734728958 2734737296 8338
0.955 chr2H 3420591522 3420612797 21275
0.96 chr2H 2738594560 2738606151 11591
0.965 chr2H 1370866466 1370882546 16080
0.97 chr2H 8917294670 8917330192 35522
0.975 chr2H 4118824784 4118836391 11607
0.98 chr2H 10307634147 10307717314 83167
0.985 chr2H 13755528632 13755805192 276560
0.99 chr2H 9636185926 9636229325 43399
0.995 chr2H 3443477743 3443490918 13175
1 chr2H 3446895002 3446961044 66042
1.005 chr2H 2069315185 2069322139 6954
1.01 chr2H 3450864023 3450885844 21821
1.015 chr2H 3453217319 3453235270 17951
1.02 chr2H 5530511173 5530574882 63709
1.025 chr2H 7610063032 7610103212 40180
1.03 chr2H 11770217050 11770334308 117258
1.035 chr2H 4157518451 4157566556 48105
1.04 chr2H 6935263200 6935405765 142565
1.045 chr2H 17361674262 17361965400 291138
1.05 chr2H 15306519929 15306709549 189620
1.055 chr2H 14636788200 14636888277 100077
1.06 chr2H 6983084471 6983121626 37155
1.065 chr2H 36407086041 36407305898 219857
1.07 chr2H 18264146363 18264215264 68901
1.075 chr2H 17606004454 17606105667 101213
1.08 chr2H 9172390287 9172511662 121375
1.085 chr2H 9180191542 9180237039 45497
1.09 chr2H 6362052849 6362185480 132631
1.095 chr2H 9903092868 9903116359 23491
1.1 chr2H 2830493780 2830520680 26900
1.105 chr2H 5666163897 5666182678 18781
1.11 chr2H 5670187198 5670251905 64707
1.115 chr2H 3545744630 3545760153 15523
1.12 chr2H 12065177538 12065491520 313982
1.125 chr2H 4972264475 4972284622 20147
1.13 chr2H 15642523951 15642680801 156850
1.135 chr2H 11385319761 11385509498 189737
1.14 chr2H 10682814173 10682849376 35203
1.145 chr2H 2850919834 2850937022 17188
1.15 chr2H 9272020107 9272482429 462322
1.155 chr2H 11422859150 11422930159 71009
1.16 chr2H 12149523715 12149565601 41886
1.165 chr2H 10011834129 10011859392 25263
1.17 chr2H 12169403583 12169464909 61326
1.175 chr2H 12180516680 12180998936 482256
1.18 chr2H 2868819842 2868836725 16883
1.185 chr2H 12924836812 12924973325 136513
1.19 chr2H 10066147459 10066192810 45351
1.195 chr2H 5759195531 5759258311 62780
1.2 chr2H 7204681000 7204793350 112350
1.205 chr2H 5048085853 5048221738 135885
1.21 chr2H 9383979324 9384193630 214306
1.215 chr2H 11559732347 11559813275 80928
1.22 chr2H 6508087621 6508113273 25652
1.225 chr2H 2171668367 2171677474 9107
1.23 chr2H 11590066794 11590110455 43661
1.235 chr2H 7975379969 7975408640 28671
1.24 chr2H 8708696724 8708726963 30239
1.245 chr2H 6535276501 6535311825 35324
1.25 chr2H 10177313453 10177435795 122342
1.255 chr2H 8001680002 8001745160 65158
1.26 chr2H 5824287025 5824327371 40346
1.265 chr2H 7287462926 7287517803 54877
1.27 chr2H 6563796954 6563815642 18688
1.275 chr2H 2189673949 2189685199 11250
1.28 chr2H 4384579476 4384670123 90647
1.285 chr2H 12429166877 12429242582 75705
1.29 chr2H 5123521367 5123538622 17255
1.295 chr2H 13187881574 13187939686 58112
1.3 chr2H 11001662858 11001713783 50925
1.305 chr2H 5138942770 5139119529 176759
1.31 chr2H 11758620748 11758726016 105268
1.315 chr2H 5147574910 5147602242 27332
1.32 chr2H 10311794045 10311847252 53207
1.325 chr2H 8109487530 8109824685 337155
1.33 chr2H 13285888022 13286045863 157841
1.335 chr2H 10343542733 10343858181 315448
1.34 chr2H 11094568940 11094634175 65235
1.345 chr2H 14068143596 14068191762 48166
1.35 chr2H 14822448700 14822523617 74917
1.355 chr2H 15582876554 15582944692 68138
1.36 chr2H 10399245235 10399387093 141858
1.365 chr2H 14869599996 14869653637 53641
1.37 chr2H 7442574384 7442686999 112615
1.375 chr2H 9685901758 9686006957 105199
1.38 chr2H 5218778430 5218823107 44677
1.385 chr2H 8957253400 8957295611 42211
1.39 chr2H 7471823446 7471861081 37635
1.395 chr2H 3738754147 3738766772 12625
1.4 chr2H 8983455126 8983606621 151495
1.405 chr2H 2248925766 2248936234 10468
1.41 chr2H 12000562820 12000857671 294851
1.415 chr2H 15017793411 15017888932 95521
1.42 chr2H 31574338575 31574440477 101902
1.425 chr2H 8278225715 8278288281 62566
1.43 chr2H 15819043126 15819211925 168799
1.435 chr2H 7542184256 7542224469 40213
1.44 chr2H 16606287537 16606437693 150156
1.445 chr2H 3022961927 3022970022 8095
1.45 chr2H 10591934294 10591986069 51775
1.455 chr2H 9086579301 9086708964 129663
1.46 chr2H 10610121660 10610415590 293930
1.465 chr2H 22002626704 22002962344 335640
1.47 chr2H 9115368842 9115480128 111286
1.475 chr2H 20535825788 20535981269 155481
1.48 chr2H 12945980039 12946022878 42839
1.485 chr2H 14492309850 14492382749 72899
1.49 chr2H 12219721456 12219805417 83961
1.495 chr2H 9180191959 9180335119 143160
1.5 chr2H 16089814498 16089967474 152976
1.505 chr2H 19956702640 19956889588 186948
0 chr3H 2234602 2367107 132505
0.005 chr3H 9130692 9231239 100547
0.01 chr3H 33904900 33960101 55201
0.015 chr3H 45507411 45660991 153580
0.02 chr3H 42523818 42603789 79971
0.025 chr3H 45247306 45442857 195551
0.03 chr3H 77572248 77631307 59059
0.035 chr3H 42457300 42557784 100484
0.04 chr3H 37932596 37944242 11646
0.045 chr3H 42531611 42543230 11619
0.05 chr3H 80639064 80885063 245999
0.055 chr3H 88339367 88547040 207673
0.06 chr3H 70727148 70778918 51770
0.065 chr3H 42604214 42682975 78761
0.07 chr3H 53842446 53950436 107990
0.075 chr3H 28667633 28676015 8382
0.08 chr3H 81173070 81201204 28134
0.085 chr3H 118307322 118344263 36941
0.09 chr3H 223122190 223162620 40430
0.095 chr3H 378494159 378585946 91787
0.1 chr3H 148129908 148193894 63986
0.105 chr3H 128812473 128831297 18824
0.11 chr3H 172611742 172684636 72894
0.115 chr3H 151081638 151155331 73693
0.12 chr3H 84972106 84988610 16504
0.125 chr3H 118869064 118891015 21951
0.13 chr3H 321031273 321104110 72837
0.135 chr3H 63062554 63068048 5494
0.14 chr3H 162092967 162209573 116606
0.145 chr3H 149228271 149396236 167965
0.15 chr3H 120742644 120754293 11649
0.155 chr3H 262708524 262764313 55789
0.16 chr3H 287744796 287997379 252583
0.165 chr3H 167100058 167123942 23884
0.17 chr3H 132759610 132776250 16640
0.175 chr3H 58487988 58497300 9312
0.18 chr3H 159403063 159765058 361995
0.185 chr3H 121905691 122479210 573519
0.19 chr3H 62574500 62579449 4949
0.195 chr3H 126727546 126822967 95421
0.2 chr3H 21656953 21664169 7216
0.21 chr3H 134476908 134548800 71892
0.215 chr3H 113654426 113672570 18144
0.22 chr3H 69491128 69514361 23233
0.225 chr3H 258889892 258921564 31672
0.23 chr3H 71677698 71709594 31896
0.235 chr3H 72391473 72401099 9626
0.24 chr3H 319209709 319256266 46557
0.245 chr3H 273343680 273373463 29783
0.25 chr3H 277251784 277278932 27148
0.255 chr3H 153322558 153512500 189942
0.26 chr3H 51534900 51633976 99076
0.265 chr3H 261946850 261979407 32557
0.27 chr3H 158381213 158416438 35225
0.275 chr3H 186899111 186946005 46894
0.28 chr3H 351408593 351477196 68603
0.285 chr3H 82032599 82044452 11853
0.29 chr3H 277498476 277532505 34029
0.295 chr3H 84081116 84088326 7210
0.3 chr3H 113581476 113590984 9508
0.305 chr3H 373393100 373460830 67730
0.31 chr3H 145212360 145222159 9799
0.315 chr3H 58840829 58849204 8375
0.32 chr3H 59659332 59661859 2527
0.325 chr3H 332805183 332842741 37558
0.33 chr3H 305666713 305710429 43716
0.335 chr3H 92892500 92906412 13912
0.34 chr3H 93772455 93784929 12474
0.345 chr3H 126559145 126568157 9012
0.35 chr3H 192763923 192779557 15634
0.355 chr3H 325827928 325874330 46402
0.36 chr3H 331283390 331333793 50403
0.365 chr3H 371062630 371089344 26714
0.37 chr3H 205423871 205441798 17927
0.375 chr3H 730405220 730486573 81353
0.38 chr3H 282949270 282986228 36958
0.385 chr3H 289884632 289897337 12705
0.39 chr3H 405168761 405217138 48377
0.395 chr3H 487206729 487258356 51627
0.4 chr3H 497113129 497143602 30473
0.405 chr3H 393147643 393193656 46013
0.41 chr3H 279983374 280012028 28654
0.415 chr3H 449804051 449843003 38952
0.42 chr3H 1326759291 1327033380 274089
0.425 chr3H 719504075 719563065 58990
0.43 chr3H 694589886 694661719 71833
0.435 chr3H 857638745 857691165 52420
0.44 chr3H 1464255147 1464329619 74472
0.445 chr3H 609517132 609560826 43694
0.45 chr3H 366924071 366946897 22826
0.455 chr3H 537564236 537619139 54903
0.46 chr3H 1244345123 1244408197 63074
0.465 chr3H 5415234052 5416121940 887888
0.47 chr3H 10109030642 10109879674 849032
0.475 chr3H 4370150797 4370275397 124600
0.48 chr3H 7990731492 7990982215 250723
0.485 chr3H 7262338630 7262822197 483567
0.49 chr3H 7443490047 7443818712 328665
0.495 chr3H 7887984837 7888323780 338943
0.5 chr3H 11226524836 11226938155 413319
0.505 chr3H 14263599043 14263954189 355146
0.51 chr3H 17575758928 17576044069 285141
0.515 chr3H 28928185275 28928767021 581746
0.52 chr3H 108520808120 108523858956 3050836
0.525 chr3H 187513478743 187516112142 2633399
0.53 chr3H 21487629018 21487793292 164274
0.535 chr3H 20881029296 20881241057 211761
0.54 chr3H 9613290338 9613384320 93982
0.545 chr3H 9187057399 9187138182 80783
0.55 chr3H 9741142487 9741211419 68932
0.555 chr3H 13257513284 13257756319 243035
0.56 chr3H 7411778439 7411846679 68240
0.565 chr3H 14425503220 14425634820 131600
0.57 chr3H 7507533818 7507670079 136261
0.575 chr3H 11084638270 11084796282 158012
0.58 chr3H 10132964872 10133137483 172611
0.585 chr3H 9156533427 9156682387 148960
0.59 chr3H 7160796023 7160932385 136362
0.595 chr3H 7701307712 7701381221 73509
0.6 chr3H 8760925108 8760978740 53632
0.605 chr3H 12957494276 12957932118 437842
0.61 chr3H 13023497035 13023712363 215328
0.615 chr3H 15747231754 15747297345 65591
0.62 chr3H 13210622510 13210857254 234744
0.625 chr3H 12212539939 12212628419 88480
0.63 chr3H 13343564030 13343646256 82226
0.635 chr3H 8573482293 8573547018 64725
0.64 chr3H 15111014019 15111124625 110606
0.645 chr3H 9764107627 9764174594 66967
0.65 chr3H 11436054816 11436144159 89343
0.655 chr3H 6566475557 6566503074 27517
0.66 chr3H 6044213844 6044262719 48875
0.665 chr3H 3856187916 3856213252 25336
0.67 chr3H 11608310913 11608410971 100058
0.675 chr3H 4985548991 4985609308 60317
0.68 chr3H 6104444788 6104495216 50428
0.685 chr3H 13361616824 13361700584 83760
0.69 chr3H 23478700713 23478905666 204953
0.695 chr3H 14038905817 14038968588 62771
0.7 chr3H 9577214695 9577251732 37037
0.705 chr3H 6783016134 6783145983 129849
0.71 chr3H 14749078728 14749192128 113400
0.715 chr3H 10808282448 10808435449 153001
0.72 chr3H 6846031029 6846098028 66999
0.725 chr3H 10859955569 10860110064 154495
0.73 chr3H 7447166749 7447194871 28122
0.735 chr3H 7462214019 7462349801 135782
0.74 chr3H 8625653023 8625727228 74205
0.745 chr3H 575736925 575741321 4396
0.75 chr3H 4038851004 4039071183 220179
0.755 chr3H 9249801577 9249977794 176217
0.76 chr3H 17410098678 17410197413 98735
0.765 chr3H 9321062736 9321245759 183023
0.77 chr3H 7010072969 7010101081 28112
0.775 chr3H 6438485972 6438543703 57731
0.78 chr3H 8213095566 8213132362 36796
0.785 chr3H 4700247153 4700281673 34520
0.79 chr3H 5885470811 5885504290 33479
0.795 chr3H 7071716848 7071763668 46820
0.8 chr3H 4130427796 4130464046 36250
0.805 chr3H 4135653606 4135684800 31194
0.81 chr3H 2367193817 2367261163 67346
0.815 chr3H 2961911562 2961930676 19114
0.82 chr3H 1185200731 1185212602 11871
0.825 chr3H 2966785668 2966804393 18725
0.83 chr3H 5941135010 5941153855 18845
0.835 chr3H 7137840908 7138018691 177783
0.84 chr3H 3571853170 3571875960 22790
0.845 chr3H 4767031120 4767063251 32131
0.85 chr3H 2385842419 2385860446 18027
0.855 chr3H 2984467484 2984498292 30808
0.86 chr3H 4780581097 4780786424 205327
0.865 chr3H 4786598384 4786637268 38884
0.87 chr3H 9582807370 9582874016 66646
0.875 chr3H 4797769735 4797807102 37367
0.88 chr3H 6605371432 6605446464 75032
0.885 chr3H 4808760056 4808815051 54995
0.89 chr3H 3612657095 3612681729 24634
0.895 chr3H 12063310156 12063590341 280185
0.9 chr3H 18147485224 18147594343 109119
0.905 chr3H 7883465152 7883498108 32956
0.91 chr3H 6683327905 6683385627 57722
0.915 chr3H 6084326150 6084377087 50937
0.92 chr3H 2437688649 2437698773 10124
0.925 chr3H 3661234194 3661244144 9950
0.93 chr3H 6720879458 6720900114 20656
0.935 chr3H 6116999067 6117231782 232715
0.94 chr3H 6126062697 6126092452 29755
0.945 chr3H 4905085198 4905108554 23356
0.95 chr3H 4911635682 4911770540 134858
0.955 chr3H 5531211963 5531257346 45383
0.96 chr3H 3691181549 3691209208 27659
0.965 chr3H 5541612081 5541628017 15936
0.97 chr3H 8630992713 8631043888 51175
0.975 chr3H 4320789486 4320810765 21279
0.98 chr3H 4943246562 4943426527 179965
0.985 chr3H 3092381942 3092389578 7636
0.99 chr3H 7429714637 7429737202 22565
0.995 chr3H 8676233906 8676372781 138875
1 chr3H 3722232758 3722304985 72227
1.005 chr3H 6209632231 6209672019 39788
1.01 chr3H 8079410676 8079464813 54137
1.015 chr3H 4354384338 4354400446 16108
1.02 chr3H 9342325632 9342368177 42545
1.025 chr3H 6232274700 6232296715 22015
1.03 chr3H 4366289679 4366332294 42615
1.035 chr3H 8739408785 8739471974 63189
1.04 chr3H 2499442304 2499457535 15231
1.045 chr3H 9380083209 9380137958 54749
1.05 chr3H 6258663700 6258747917 84217
1.055 chr3H 5011039901 5011065917 26016
1.06 chr3H 5015588092 5015688296 100204
1.065 chr3H 6276734321 6276780178 45857
1.07 chr3H 5653519846 5653544214 24368
1.075 chr3H 4401273085 4401311918 38833
1.08 chr3H 9439167744 9439201680 33936
1.085 chr3H 8190342186 8190386087 43901
1.09 chr3H 13246062589 13246146829 84240
1.095 chr3H 5051163530 5051181401 17871
1.1 chr3H 6321094942 6321135738 40796
1.105 chr3H 3796803712 3796821201 17489
1.11 chr3H 6966694652 6966847758 153106
1.115 chr3H 4439458975 4439492090 33115
1.12 chr3H 8886577412 8886624016 46604
1.125 chr3H 5717884540 5717915514 30974
1.13 chr3H 7633527280 7633548714 21434
1.135 chr3H 8275405080 8275448698 43618
1.14 chr3H 12110707036 12110750923 43887
1.145 chr3H 7655049860 7655087593 37733
1.15 chr3H 7664213273 7664257367 44094
1.155 chr3H 1917250164 1917299175 49011
1.16 chr3H 5761225822 5761263888 38066
1.165 chr3H 13454090797 13454270032 179235
1.17 chr3H 3848497926 3848514333 16407
1.175 chr3H 7061136713 7061263809 127096
1.18 chr3H 5142815466 5142842432 26966
1.185 chr3H 10299389651 10299419849 30198
1.19 chr3H 11603366454 11603443671 77217
1.195 chr3H 13552125537 13552193938 68401
1.2 chr3H 6461333628 6461361999 28371
1.205 chr3H 3234627358 3234643883 16525
1.21 chr3H 3237936452 3237945845 9393
1.215 chr3H 5187610486 5187681810 71324
1.22 chr3H 5844406677 5844517469 110792
1.225 chr3H 9102713143 9102767093 53950
1.23 chr3H 12364381102 12364451342 70240
1.235 chr3H 4560912827 4560982102 69275
1.24 chr3H 7826132936 7826208967 76031
1.245 chr3H 4568860703 4568893032 32329
1.25 chr3H 9147917661 9147973594 55933
1.255 chr3H 3923308275 3923381976 73701
1.26 chr3H 7854897699 7854953706 56007
1.265 chr3H 9171342407 9171371281 28874
1.27 chr3H 8522440416 8522695633 255217
1.275 chr3H 7217690220 7217723114 32894
1.28 chr3H 6567155840 6567163918 8078
1.285 chr3H 7886825902 7886858559 32657
1.29 chr3H 3946283880 3946342438 58558
1.295 chr3H 6583118652 6583144380 25728
1.3 chr3H 3294023362 3294034261 10899
1.305 chr3H 5275771650 5275801855 30205
1.31 chr3H 3299862605 3299938484 75879
1.315 chr3H 6605096579 6605130422 33843
1.32 chr3H 9916619981 9916667003 47022
1.325 chr3H 8603128226 8603203626 75400
1.33 chr3H 9274936755 9275042785 106030
1.335 chr3H 13927798884 13927863691 64807
1.34 chr3H 12611749806 12611832425 82619
1.345 chr3H 9302825465 9302853012 27547
1.35 chr3H 7980131085 7980162140 31055
1.355 chr3H 4659501600 4659532701 31101
1.36 chr3H 13992421334 13992544726 123392
1.365 chr3H 3334972922 3334987845 14923
1.37 chr3H 10682568198 10682666147 97949
1.375 chr3H 5346980260 5347068853 88593
1.38 chr3H 3345066779 3345080785 14006
1.385 chr3H 3347751560 3347760341 8781
1.39 chr3H 14745781193 14745995969 214776
1.395 chr3H 6038701568 6038721878 20310
1.4 chr3H 8727990005 8728013583 23578
1.405 chr3H 5377697489 5377727429 29940
1.41 chr3H 24228374757 24228692708 317951
1.415 chr3H 12125665334 12125801113 135779
1.42 chr3H 12813434488 12813484391 49903
1.425 chr3H 8101051455 8101087881 36426
1.43 chr3H 14198239611 14198357616 118005
1.435 chr3H 11506341307 11506378523 37216
1.44 chr3H 12198630720 12198676611 45891
1.445 chr3H 9505264860 9505309390 44530
1.45 chr3H 10874377159 10874544742 167583
1.455 chr3H 8166325955 8166355009 29054
1.46 chr3H 19769085779 19769205357 119578
1.465 chr3H 17741802607 17741950561 147954
1.47 chr3H 6833913361 6833928446 15085
1.475 chr3H 6842317586 6842340069 22483
1.48 chr3H 8903537723 8903575712 37989
1.485 chr3H 11653535178 11653681499 146321
1.49 chr3H 6862646062 6862681079 35017
1.495 chr3H 10302585210 10302642257 57047
1.5 chr3H 13061739622 13061808914 69292
1.505 chr3H 6880189329 6880262560 73231
1.51 chr3H 16528101737 16528156334 54597
1.515 chr3H 8269441251 8269713972 272721
1.52 chr3H 4138086798 4138116627 29829
1.525 chr3H 8284668249 8284749062 80813
1.53 chr3H 5527217971 5527276282 58311
1.535 chr3H 3457061486 3457069950 8464
1.54 chr3H 5534697157 5534723343 26186
1.545 chr3H 4846348718 4846367088 18370
1.55 chr3H 9698974109 9699006794 32685
1.555 chr3H 7627310542 7627377088 66546
1.56 chr3H 4856368086 4856422937 54851
1.565 chr3H 4165783932 4165838198 54266
1.57 chr3H 4863416636 4863487953 71317
1.575 chr3H 4171393787 4171414002 20215
1.58 chr3H 7651618642 7651643253 24611
1.585 chr3H 12529120789 12529318383 197594
1.59 chr3H 6268927952 6268949013 21061
1.595 chr3H 1393536570 1393539080 2510
1.605 chr3H 4186197585 4186228644 31059
1.61 chr3H 4887130739 4887143448 12709
1.615 chr3H 2794368787 2794418295 49508
1.62 chr3H 7687857784 7687908979 51195
1.625 chr3H 5594351171 5594410194 59023
1.63 chr3H 4197506203 4197523126 16923
0 chr4H 175956 185956 10000
0.005 chr4H 3024817 3086907 62090
0.01 chr4H 7913484 8011326 97842
0.015 chr4H 10990572 11104215 113643
0.02 chr4H 24570137 24633140 63003
0.025 chr4H 24625762 24685026 59264
0.03 chr4H 7966511 7981136 14625
0.035 chr4H 13490348 13514377 24029
0.04 chr4H 34297560 34416177 118617
0.045 chr4H 8519681 8526505 6824
0.05 chr4H 25735873 25860399 124526
0.055 chr4H 32462338 32485153 22815
0.06 chr4H 19677339 19693218 15879
0.065 chr4H 55155698 55200956 45258
0.075 chr4H 48757621 48783500 25879
0.08 chr4H 51914513 51943290 28777
0.085 chr4H 48713477 48740707 27230
0.095 chr4H 79409352 79508547 99195
0.1 chr4H 64643121 64678130 35009
0.105 chr4H 6859278 6859996 718
0.11 chr4H 14224217 14241711 17494
0.115 chr4H 22020998 22040525 19527
0.12 chr4H 38045375 38056074 10699
0.125 chr4H 71329415 71367074 37659
0.13 chr4H 32787018 32796514 9496
0.135 chr4H 43373465 43413484 40019
0.14 chr4H 44303437 44331676 28239
0.145 chr4H 18173120 18177179 4059
0.15 chr4H 104666388 104726343 59955
0.155 chr4H 147848555 147987390 138835
0.16 chr4H 50707820 50747856 40036
0.165 chr4H 95240051 95275679 35628
0.17 chr4H 32731606 32740827 9221
0.175 chr4H 68124309 68226960 102651
0.18 chr4H 69792851 69811693 18842
0.185 chr4H 23853622 23859060 5438
0.19 chr4H 173369274 173412936 43662
0.195 chr4H 25199324 25206947 7623
0.2 chr4H 26548925 26554777 5852
0.205 chr4H 122963102 123112000 148898
0.21 chr4H 69907166 69945067 37901
0.215 chr4H 189113793 189246749 132956
0.22 chr4H 194662599 194692320 29721
0.225 chr4H 245773129 245887072 113943
0.23 chr4H 16018539 16023269 4730
0.235 chr4H 97407544 97434232 26688
0.24 chr4H 66681392 66685257 3865
0.245 chr4H 52055783 52067233 11450
0.25 chr4H 35515154 35520604 5450
0.255 chr4H 54770681 54782893 12212
0.26 chr4H 149459940 149488267 28327
0.265 chr4H 133070815 133100261 29446
0.27 chr4H 136209137 136264816 55679
0.275 chr4H 158626683 158660587 33904
0.28 chr4H 80445959 80460980 15021
0.285 chr4H 40993545 41002854 9309
0.29 chr4H 41769946 41770798 852
0.3 chr4H 128764966 128785849 20883
0.305 chr4H 152299939 152327265 27326
0.31 chr4H 44363819 44369529 5710
0.315 chr4H 89416306 89431975 15669
0.32 chr4H 182229174 182248886 19712
0.325 chr4H 45960484 45974606 14122
0.33 chr4H 70001873 70006945 5072
0.335 chr4H 117703063 117726918 23855
0.34 chr4H 95325464 95341621 16157
0.35 chr4H 72864678 72897815 33137
0.36 chr4H 99848552 99859528 10976
0.365 chr4H 25130337 25132764 2427
0.37 chr4H 127739897 127756265 16368
0.375 chr4H 128499335 128507306 7971
0.38 chr4H 261367576 261399390 31814
0.385 chr4H 158547380 158565975 18595
0.39 chr4H 186966082 186989346 23264
0.395 chr4H 108648200 108668185 19985
0.4 chr4H 219959431 219991313 31882
0.405 chr4H 27784054 27792183 8129
0.41 chr4H 57094049 57098542 4493
0.415 chr4H 261541638 261579451 37813
0.42 chr4H 236463165 236492212 29047
0.425 chr4H 302599256 302661117 61861
0.43 chr4H 308366283 308407108 40825
0.435 chr4H 222857045 222899794 42749
0.44 chr4H 362291422 362331347 39925
0.445 chr4H 508172128 508224566 52438
0.45 chr4H 279038389 279077183 38794
0.455 chr4H 285178564 285302996 124432
0.46 chr4H 402737566 402795833 58267
0.465 chr4H 376764664 376806685 42021
0.47 chr4H 503745247 503851198 105951
0.475 chr4H 518893528 518940515 46987
0.48 chr4H 790249738 790374465 124727
0.485 chr4H 519574351 519604160 29809
0.49 chr4H 539735527 539765168 29641
0.495 chr4H 752058514 752096959 38445
0.5 chr4H 2402966224 2403174990 208766
0.505 chr4H 1501626325 1501750515 124190
0.51 chr4H 2511561840 2511765305 203465
0.515 chr4H 9724329553 9724849957 520404
0.52 chr4H 10051772965 10052378741 605776
0.525 chr4H 10722902093 10723452832 550739
0.53 chr4H 12270170467 12270457207 286740
0.535 chr4H 18331470415 18332168101 697686
0.54 chr4H 23191407125 23192173061 765936
0.545 chr4H 45420987500 45422426324 1438824
0.55 chr4H 150122111117 150124622421 2511304
0.555 chr4H 2534296158 2534330238 34080
0.56 chr4H 847289184 847296399 7215
0.58 chr4H 423904609 423907000 2391
0.59 chr4H 10685233336 10685358051 124715
0.595 chr4H 1720750578 1720765126 14548
0.6 chr4H 4322132088 4322164610 32522
0.605 chr4H 3039378973 3039401344 22371
0.61 chr4H 1307617481 1307630777 13296
0.615 chr4H 5693072716 5693122091 49375
0.62 chr4H 3078878275 3079268071 389796
0.625 chr4H 2654418113 2654472357 54244
0.63 chr4H 5775318120 5775364500 46380
0.635 chr4H 5800235698 5800268490 32792
0.64 chr4H 8524815273 8524876002 60729
0.645 chr4H 5408740629 5408821439 80810
0.65 chr4H 4529670757 4529696765 26008
0.655 chr4H 5475310796 5475368894 58098
0.66 chr4H 6430680860 6430845614 164754
0.665 chr4H 8322503448 8322558197 54749
0.67 chr4H 7442548273 7442676198 127925
0.675 chr4H 14091620326 14091719720 99394
0.68 chr4H 10422081095 10422176847 95752
0.685 chr4H 18186121960 18186210574 88614
0.69 chr4H 63395442704 63396242672 799968
0.695 chr4H 22316392146 22316594209 202063
0.7 chr4H 16408561327 16408698214 136887
0.705 chr4H 8785558500 8785761059 202559
0.71 chr4H 16669438956 16669599766 160810
0.715 chr4H 16796644816 16796754251 109435
0.72 chr4H 6350284480 6350375081 90601
0.725 chr4H 11170129720 11170180439 50719
0.73 chr4H 10168874995 10169131487 256492
0.735 chr4H 10228072144 10228182715 110571
0.74 chr4H 16793454104 16793583864 129760
0.745 chr4H 21806509391 21806678426 169035
0.75 chr4H 21533715354 21534005430 290076
0.755 chr4H 12237352887 12237549477 196590
0.76 chr4H 10069714076 10069840991 126915
0.765 chr4H 3927255074 3927512649 257575
0.77 chr4H 10713766856 10713826609 59753
0.775 chr4H 11880327133 11880422895 95762
0.78 chr4H 6805909919 6805963151 53232
0.785 chr4H 9092379438 9092437085 57647
0.79 chr4H 5124167861 5124204053 36192
0.795 chr4H 3992665434 3992689633 24199
0.8 chr4H 5710263732 5710285577 21845
0.805 chr4H 2289245647 2289264866 19219
0.81 chr4H 7448926374 7448986346 59972
0.815 chr4H 2295694870 2295732663 37793
0.82 chr4H 9772712681 9772784766 72085
0.825 chr4H 2878043840 2878056466 12626
0.83 chr4H 6921418205 6921692336 274131
0.835 chr4H 4620902296 4620920171 17875
0.84 chr4H 6943482555 6943520726 38171
0.845 chr4H 2318861090 2318865411 4321
0.85 chr4H 9865439364 9865504283 64919
0.855 chr4H 9881859821 9882074053 214232
0.86 chr4H 5240812682 5240841813 29131
0.865 chr4H 2332764715 2332776266 11551
0.87 chr4H 7589325726 7589374155 48429
0.875 chr4H 7015532730 7015553196 20466
0.88 chr4H 3512720244 3512975067 254823
0.885 chr4H 10552857508 10552899595 42087
0.89 chr4H 3520795771 3520819656 23885
0.895 chr4H 7643254651 7643283897 29246
0.9 chr4H 4122516031 4122541079 25048
0.905 chr4H 7672913762 7672944265 30503
0.91 chr4H 7094468074 7094490257 22183
0.915 chr4H 7698609792 7698651295 41503
0.92 chr4H 9493734661 9493806012 71351
0.925 chr4H 8319014316 8319059525 45209
0.93 chr4H 10709797469 10710117360 319891
0.935 chr4H 8343131023 8343173722 42699
0.94 chr4H 7159085389 7159122356 36967
0.945 chr4H 2986446466 2986465904 19438
0.95 chr4H 2990098061 2990111786 13725
0.955 chr4H 4789324732 4789338848 14116
0.96 chr4H 11985235272 11985305033 69761
0.965 chr4H 5398977182 5399000817 23635
0.97 chr4H 9609378189 9609419475 41286
0.975 chr4H 5410635976 5410670437 34461
0.98 chr4H 4812715642 4812735915 20273
0.985 chr4H 6622721891 6622755337 33446
0.99 chr4H 3013253849 3013271795 17946
0.995 chr4H 1808818801 1808821537 2736
1 chr4H 3621212973 3621246290 33317
1.005 chr4H 2415624205 2415634505 10300
1.01 chr4H 3022417295 3022448336 31041
1.015 chr4H 1209739280 1209751320 12040
1.02 chr4H 4843354687 4843391424 36737
1.025 chr4H 3634591003 3634618804 27801
1.03 chr4H 6062235968 6062279365 43397
1.035 chr4H 4854473988 4854488906 14918
1.04 chr4H 6073597876 6073617301 19425
1.045 chr4H 6079356906 6079394817 37911
1.05 chr4H 3042132268 3042152276 20008
1.055 chr4H 1217853774 1217860529 6755
1.06 chr4H 4874663854 4874715341 51487
1.065 chr4H 5489533979 5489591914 57935
1.07 chr4H 1220747383 1220755903 8520
1.075 chr4H 4888074947 4888100930 25983
1.08 chr4H 9174243665 9174293106 49441
1.085 chr4H 2448704518 2448738963 34445
1.09 chr4H 5516017297 5516051199 33902
1.095 chr4H 9818553785 9818637056 83271
1.1 chr4H 5528815550 5528832323 16773
1.105 chr4H 5533893559 5533909308 15749
1.11 chr4H 4308757859 4308789609 31750
1.115 chr4H 1848448928 1848467204 18276
1.12 chr4H 4934337337 4934362947 25610
1.125 chr4H 16070027463 16070190320 162857
1.13 chr4H 9288441300 9288588490 147190
1.135 chr4H 14883575529 14883660028 84499
1.14 chr4H 8074451541 8074528245 76704
1.145 chr4H 3730764425 3730797006 32581
1.15 chr4H 6222088208 6222107396 19188
1.155 chr4H 7471993461 7472032407 38946
1.16 chr4H 8723841714 8723937606 95892
1.165 chr4H 6857580377 6857650232 69855
1.17 chr4H 3119110778 3119124146 13368
1.175 chr4H 4371066136 4371084060 17924
1.18 chr4H 6873965529 6874010196 44667
1.185 chr4H 8139847299 8140124911 277612
1.19 chr4H 11911050441 11911133487 83046
1.195 chr4H 4392664170 4392673068 8898
1.2 chr4H 6279932667 6279987121 54454
1.205 chr4H 3770314022 3770331615 17593
1.21 chr4H 3143776119 3143795416 19297
1.215 chr4H 1258435714 1258516552 80838
1.22 chr4H 6295548103 6295585378 37275
1.225 chr4H 1889417974 1889426867 8893
1.23 chr4H 2520798144 2520810509 12365
1.235 chr4H 3152192625 3152216578 23953
1.24 chr4H 6940009783 6940043543 33760
1.245 chr4H 6945678259 6945707539 29280
1.25 chr4H 2527187881 2527236507 48626
1.255 chr4H 10750060475 10750111635 51160
1.26 chr4H 7596909893 7596941541 31648
1.265 chr4H 8234072718 8234117834 45116
1.27 chr4H 7608792970 7608819200 26230
1.275 chr4H 10789500095 10789555821 55726
1.28 chr4H 8893938452 8893973364 34912
1.285 chr4H 9541451988 9541495928 43940
1.29 chr4H 3183413412 3183600435 187023
1.295 chr4H 8927301868 8927384268 82400
1.3 chr4H 10852321461 10852398245 76784
1.305 chr4H 7674419833 7674476055 56222
1.31 chr4H 26913284007 26913492758 208751
1.315 chr4H 22481108660 22481536187 427527
1.32 chr4H 52885436808 52885884247 447439
0 chr5H 564581 570350 5769
0.005 chr5H 2760172 2779610 19438
0.01 chr5H 2464745 2483731 18986
0.015 chr5H 840249 841042 793
0.02 chr5H 2117052 2123649 6597
0.025 chr5H 7704308 7725418 21110
0.03 chr5H 4246956 4250924 3968
0.035 chr5H 4943162 4944701 1539
0.04 chr5H 5454111 5456579 2468
0.045 chr5H 6375284 6388015 12731
0.05 chr5H 9136065 9154973 18908
0.055 chr5H 20033172 20151781 118609
0.06 chr5H 5232955 5233496 541
0.065 chr5H 14474102 14496979 22877
0.07 chr5H 9376171 9390595 14424
0.075 chr5H 20282276 20304071 21795
0.08 chr5H 14377088 14424389 47301
0.085 chr5H 22894161 22904244 10083
0.09 chr5H 44550303 44588766 38463
0.095 chr5H 29410969 29428038 17069
0.1 chr5H 18036456 18040062 3606
0.105 chr5H 18807417 18819118 11701
0.11 chr5H 19568112 19576082 7970
0.115 chr5H 20841005 20852718 11713
0.12 chr5H 26754998 26761954 6956
0.125 chr5H 28019355 28059276 39921
0.13 chr5H 5791250 5802408 11158
0.135 chr5H 48946472 49025277 78805
0.14 chr5H 31945394 31960893 15499
0.145 chr5H 26544456 26556116 11660
0.15 chr5H 54805027 54825850 20823
0.155 chr5H 21475603 21479372 3769
0.16 chr5H 7467691 7479956 12265
0.165 chr5H 15139264 15144198 4934
0.17 chr5H 23900288 24110915 210627
0.175 chr5H 156108775 156163548 54773
0.18 chr5H 76248166 76405610 157444
0.185 chr5H 69816977 69839755 22778
0.19 chr5H 160791851 160815924 24073
0.195 chr5H 46689285 46705442 16157
0.2 chr5H 67030384 67055750 25366
0.205 chr5H 69302824 69327441 24617
0.21 chr5H 30504365 30513293 8928
0.215 chr5H 10350186 10353997 3811
0.22 chr5H 32075825 32090291 14466
0.225 chr5H 66418534 66446896 28362
0.23 chr5H 22699449 22705904 6455
0.235 chr5H 46747623 46757122 9499
0.24 chr5H 119757989 119794783 36794
0.245 chr5H 86187139 86209319 22180
0.25 chr5H 101021755 101230790 209035
0.255 chr5H 78015353 78037807 22454
0.26 chr5H 13409656 13410231 575
0.265 chr5H 54531927 54550450 18523
0.27 chr5H 126408768 126608796 200028
0.275 chr5H 28654105 28672737 18632
0.285 chr5H 30438235 30453212 14977
0.29 chr5H 124587448 124603389 15941
0.295 chr5H 63246409 63262932 16523
0.3 chr5H 48701807 48717509 15702
0.305 chr5H 132601412 132634038 32626
0.31 chr5H 68184181 68206798 22617
0.315 chr5H 17332745 17334417 1672
0.32 chr5H 35848285 35851468 3183
0.325 chr5H 18254301 18254924 623
0.33 chr5H 113294429 113329980 35551
0.335 chr5H 216319973 216350192 30219
0.34 chr5H 341207630 341327249 119619
0.345 chr5H 124922514 125152103 229589
0.35 chr5H 192212976 192232054 19078
0.355 chr5H 131630747 131645220 14473
0.36 chr5H 67957122 67969357 12235
0.365 chr5H 185190376 185218305 27929
0.37 chr5H 71501263 71511012 9749
0.375 chr5H 145611480 145631316 19836
0.38 chr5H 274058144 274100017 41873
0.385 chr5H 357429766 357481502 51736
0.39 chr5H 209214150 209463290 249140
0.395 chr5H 188820382 188842546 22164
0.4 chr5H 194285500 194302066 16566
0.405 chr5H 396908081 396986030 77949
0.41 chr5H 466742801 466864623 121822
0.415 chr5H 211112318 211126524 14206
0.42 chr5H 185717029 185755319 38290
0.425 chr5H 384459403 384495855 36452
0.43 chr5H 397533967 397579552 45585
0.435 chr5H 344355038 344440100 85062
0.44 chr5H 357713039 357900242 187203
0.445 chr5H 561814226 562085125 270899
0.45 chr5H 592257235 592309676 52441
0.455 chr5H 663876355 663925237 48882
0.46 chr5H 474891230 474958171 66941
0.465 chr5H 737242869 737287529 44660
0.47 chr5H 6843810466 6845220827 1410361
0.475 chr5H 4441925783 4442214594 288811
0.48 chr5H 7972486757 7972916466 429709
0.485 chr5H 216111005400 216117859615 6854215
0.49 chr5H 16198742354 16198877194 134840
0.495 chr5H 8398155629 8398444796 289167
0.5 chr5H 12212349613 12212557706 208093
0.505 chr5H 13505550474 13506037902 487428
0.51 chr5H 12181810698 12181922219 111521
0.515 chr5H 18599150496 18599468863 318367
0.52 chr5H 67916002744 67917251705 1248961
0.525 chr5H 54004226692 54004769069 542377
0.53 chr5H 42552143916 42552583653 439737
0.535 chr5H 19655325305 19655475535 150230
0.54 chr5H 14321410412 14321493241 82829
0.545 chr5H 9329717581 9329866578 148997
0.55 chr5H 6106337972 6106443261 105289
0.555 chr5H 3306270850 3306298195 27345
0.56 chr5H 9970860366 9970948916 88550
0.565 chr5H 9076276044 9076334086 58042
0.57 chr5H 8631040090 8631229042 188952
0.575 chr5H 13485060813 13485237442 176629
0.58 chr5H 8218027529 8218139043 111514
0.585 chr5H 6797292311 6797348149 55838
0.59 chr5H 8284546935 8284633223 86288
0.595 chr5H 4401449720 4401489830 40110
0.6 chr5H 4907371650 4907409038 37388
0.605 chr5H 6894240561 6894319871 79310
0.61 chr5H 10369936315 10370009375 73060
0.615 chr5H 9408165899 9408253041 87142
0.62 chr5H 3972087912 3972112731 24819
0.625 chr5H 2489146147 2489189988 43841
0.63 chr5H 28927833591 28927908767 75176
0.635 chr5H 3503853666 3503876961 23295
0.64 chr5H 6020840994 6020881159 40165
0.645 chr5H 502713398 502717129 3731
0.65 chr5H 3529943511 3529976346 32835
0.655 chr5H 6569381230 6569407752 26522
0.66 chr5H 6077363293 6077415609 52316
0.665 chr5H 2535582830 2535593307 10477
0.67 chr5H 4576339170 4576372152 32982
0.675 chr5H 11211412174 11211536621 124447
0.68 chr5H 4084173412 4084201292 27880
0.685 chr5H 3582487401 3582509066 21665
0.69 chr5H 4619545116 4619565079 19963
0.695 chr5H 8744898879 8744948709 49830
0.7 chr5H 5667542386 5667569043 26657
0.705 chr5H 5165765878 5165794675 28797
0.71 chr5H 8282380213 8282425063 44850
0.715 chr5H 8306406148 8306476476 70328
0.72 chr5H 8319717618 8320076122 358504
0.725 chr5H 4690217999 4690237591 19592
0.73 chr5H 7312227105 7312292141 65036
0.735 chr5H 4189366670 4189395009 28339
0.74 chr5H 2099076592 2099087389 10797
0.745 chr5H 6839530069 6839593949 63880
0.75 chr5H 8431226370 8431290689 64319
0.755 chr5H 4224186758 4224226616 39858
0.76 chr5H 2644698320 2644726281 27961
0.765 chr5H 8475598696 8475707126 108430
0.77 chr5H 3714478129 3714502299 24170
0.775 chr5H 2125742709 2125853966 111257
0.78 chr5H 9583723049 9583815186 92137
0.785 chr5H 8533556062 8533600546 44484
0.79 chr5H 6942706623 6942732902 26279
0.795 chr5H 12842710448 12842779054 68606
0.8 chr5H 5892768345 5892798519 30174
0.805 chr5H 8048007905 8048036581 28676
0.81 chr5H 2687028848 2687078724 49876
0.815 chr5H 9686619129 9686672500 53371
0.82 chr5H 3234906739 3234933448 26709
0.825 chr5H 3779919191 3779939041 19850
0.83 chr5H 10271601825 10271660815 58990
0.835 chr5H 7037187232 7037224134 36902
0.84 chr5H 5420132566 5420153759 21193
0.845 chr5H 7058141547 7058218536 76989
0.85 chr5H 2174307156 2174326655 19499
0.855 chr5H 3811389079 3811466649 77570
0.86 chr5H 7629600968 7629640717 39749
0.865 chr5H 3818889061 3818903548 14487
0.87 chr5H 6554341540 6554395178 53638
0.875 chr5H 6562944189 6562988149 43960
0.88 chr5H 10949786720 10949879763 93043
0.885 chr5H 1643652556 1643657722 5166
0.89 chr5H 3292533733 3292627126 93393
0.895 chr5H 7692836981 7692889325 52344
0.9 chr5H 2750297375 2750323735 26360
0.905 chr5H 1101200849 1101208184 7335
0.91 chr5H 5513085393 5513117309 31916
0.915 chr5H 7726303008 7726350784 47776
0.92 chr5H 3867752396 3867795743 43347
0.925 chr5H 9955060361 9955135628 75267
0.93 chr5H 8857272401 8857324427 52026
0.935 chr5H 14966168311 14966408326 240015
0.94 chr5H 8876374686 8876436585 61899
0.945 chr5H 4997993388 4998023056 29668
0.95 chr5H 7227071101 7227107900 36799
0.955 chr5H 11685421822 11685464448 42626
0.96 chr5H 6125851435 6125916918 65483
0.965 chr5H 4460312952 4460333700 20748
0.97 chr5H 7252537536 7252717620 180084
0.975 chr5H 7262148134 7262322729 174595
0.98 chr5H 6709273783 6709332129 58346
0.985 chr5H 3916859397 3916878854 19457
0.99 chr5H 2240951572 2240955697 4125
0.995 chr5H 4485607780 4485617523 9743
1 chr5H 2807931607 2807942462 10855
1.005 chr5H 7866772092 7866827123 55031
1.01 chr5H 5624175238 5624213648 38410
1.015 chr5H 3941197595 3941220510 22915
1.02 chr5H 6763283213 6763323367 40154
1.025 chr5H 6204759235 6204790277 31042
1.03 chr5H 3388699096 3388711138 12042
1.035 chr5H 4522412947 4522446527 33580
1.04 chr5H 8489393707 8489547175 153468
1.045 chr5H 2265913701 2266004684 90983
1.05 chr5H 5104050356 5104320549 270193
1.055 chr5H 6811515897 6811555091 39194
1.06 chr5H 9092792677 9092840521 47844
1.065 chr5H 5689693272 5689721573 28301
1.07 chr5H 6834256268 6834297874 41606
1.075 chr5H 4560918463 4560933783 15320
1.08 chr5H 7991996167 7992054452 58285
1.085 chr5H 7428221299 7428251251 29952
1.09 chr5H 3432292121 3432301698 9577
1.095 chr5H 6297779048 6297814124 35076
1.1 chr5H 6876785512 6876823184 37672
1.105 chr5H 6882617850 6882789556 171706
1.11 chr5H 4018454812 4018492600 37788
1.115 chr5H 5745264324 5745305552 41228
1.12 chr5H 11506953423 11507060417 106994
1.125 chr5H 14401498153 14401651827 153674
1.13 chr5H 3459411670 3459428076 16406
1.135 chr5H 10967119296 10967429342 310046
1.14 chr5H 7511922845 7511965221 42376
1.145 chr5H 6941963169 6942005922 42753
1.15 chr5H 5791127113 5791164600 37487
1.155 chr5H 8118644390 8118693403 49013
1.16 chr5H 5805595603 5805665899 70296
1.165 chr5H 5230349758 5230381499 31741
1.17 chr5H 6399180824 6399224473 43649
1.175 chr5H 8150567676 8150659652 91976
1.18 chr5H 6993657484 6993687345 29861
1.185 chr5H 4667317647 4667335936 18289
1.19 chr5H 3504674857 3504766494 91637
1.195 chr5H 7601942810 7601981025 38215
1.2 chr5H 7023562525 7023737588 175063
1.205 chr5H 6443672831 6443718422 45591
1.21 chr5H 7624857592 7624891873 34281
1.215 chr5H 9980018390 9980077658 59268
1.22 chr5H 11164711157 11164762703 51546
1.225 chr5H 6469009790 6469058547 48757
1.23 chr5H 8242464137 8242587680 123543
1.235 chr5H 5893279395 5893321556 42161
1.24 chr5H 9439269281 9439339259 69978
1.245 chr5H 4725298413 4725434366 135953
1.25 chr5H 7689318107 7689384913 66806
1.255 chr5H 11255447850 11255524174 76324
1.26 chr5H 11274297253 11274366005 68752
1.265 chr5H 3565125135 3565278995 153860
1.27 chr5H 5946501788 5946540601 38813
1.275 chr5H 6549521790 6549579587 57797
1.28 chr5H 4769274103 4769297008 22905
1.285 chr5H 10743363998 10743711391 347393
1.29 chr5H 14936537239 14936769701 232462
1.295 chr5H 16149256921 16149343106 86185
1.3 chr5H 5988534795 5988738073 203278
1.305 chr5H 2998843066 2998894533 51467
1.31 chr5H 8405892691 8405985407 92716
1.315 chr5H 15033297781 15033591642 293861
1.32 chr5H 16266180509 16266287669 107160
1.325 chr5H 12071786077 12071841438 55361
1.33 chr5H 9069062666 9069111688 49022
1.335 chr5H 7266612947 7266655359 42412
1.34 chr5H 12734508685 12734560769 52084
1.345 chr5H 6071684279 6071712074 27795
1.35 chr5H 4864541975 4864568006 26031
1.355 chr5H 8521107586 8521334655 227069
1.36 chr5H 8530864992 8530945394 80402
1.365 chr5H 4880781385 4880799112 17727
1.37 chr5H 4884683125 4884710519 27394
1.375 chr5H 6723529341 6723577033 47692
1.38 chr5H 5506247693 5506265157 17464
1.385 chr5H 9799529163 9799571817 42654
1.39 chr5H 5517814199 5517841054 26855
1.395 chr5H 10435538325 10435766483 228158
1.4 chr5H 9834605924 9834743647 137723
1.405 chr5H 10464620814 10464707888 87074
1.41 chr5H 12337015505 12337097131 81626
1.415 chr5H 11739412078 11739740923 328845
1.42 chr5H 11138186913 11138244320 57407
1.425 chr5H 17356418660 17356597211 178551
1.43 chr5H 15525053631 15525123151 69520
1.435 chr5H 11200771382 11200941994 170612
1.44 chr5H 13715492569 13715574197 81628
1.445 chr5H 16227673108 16227755539 82431
1.45 chr5H 5627170085 5627203670 33585
1.455 chr5H 10013925084 10013980770 55686
1.46 chr5H 8145034339 8145112526 78187
1.465 chr5H 3763416067 3763434525 18458
1.47 chr5H 3766440380 3766446272 5892
1.475 chr5H 10057138327 10057201385 63058
1.48 chr5H 18250199848 18250323089 123241
1.485 chr5H 13236076681 13236149721 73040
1.49 chr5H 10103023475 10103059471 35996
1.495 chr5H 17705679323 17705750221 70898
1.5 chr5H 3799269946 3799285227 15281
1.505 chr5H 10779028427 10779054906 26479
1.51 chr5H 7616952289 7616999360 47071
1.515 chr5H 8263124332 8263219115 94783
1.52 chr5H 10178965657 10179031020 65363
1.525 chr5H 7641573325 7641626583 53258
1.53 chr5H 10197897784 10197952137 54353
1.535 chr5H 8294837824 8294914185 76361
1.54 chr5H 7666358383 7666408320 49937
1.545 chr5H 7036558588 7036637319 78731
1.55 chr5H 19214796916 19214984923 188007
1.555 chr5H 14110315237 14110383890 68653
1.56 chr5H 12848311703 12848369743 58040
1.565 chr5H 18652390042 18652554624 164582
1.57 chr5H 15462365089 15462669152 304063
1.575 chr5H 8386568520 8386728718 160198
1.58 chr5H 7105236162 7105277623 41461
1.585 chr5H 10344427089 10344469456 42367
1.59 chr5H 12298582787 12298656889 74102
1.595 chr5H 7125775904 7125806067 30163
1.6 chr5H 8430269271 8430456239 186968
1.605 chr5H 5192773807 5192798388 24581
1.61 chr5H 8445104630 8445149561 44931
1.615 chr5H 7154044185 7154069550 25365
1.62 chr5H 13669362267 13669451349 89082
1.625 chr5H 9120877543 9120955595 78052
1.63 chr5H 7173228880 7173328878 99998
1.635 chr5H 5876839849 5876864617 24768
1.64 chr5H 7189158089 7189294231 136142
1.645 chr5H 5886769163 5886810945 41782
1.65 chr5H 5891897435 5892172235 274800
1.655 chr5H 5897616893 5897640911 24018
1.66 chr5H 7214759333 7214957335 198002
1.665 chr5H 9191477400 9191523233 45833
1.67 chr5H 9201368542 9201412675 44133
1.675 chr5H 11838060454 11838138668 78214
1.68 chr5H 8558426587 8558461881 35294
1.685 chr5H 3953723927 3953754247 30320
1.69 chr5H 9231260573 9231582241 321668
1.695 chr5H 6598805238 6598856265 51027
1.7 chr5H 3963385940 3963467889 81949
1.705 chr5H 15207607885 15207702792 94907
1.71 chr5H 12578812392 12578886582 74190
1.715 chr5H 11928667667 11928965750 298083
1.72 chr5H 18578432367 18578743126 310759
1.725 chr5H 17940502027 17940721226 219199
1.73 chr5H 11977187964 11977255063 67099
1.735 chr5H 15331739402 15331924892 185490
1.74 chr5H 30066121735 30066320293 198558
1.745 chr5H 10043309792 10043432499 122707
0 chr6H 23395899 23484508 88609
0.005 chr6H 19755048 20110304 355256
0.01 chr6H 19884664 20839424 954760
0.015 chr6H 22199123 22232488 33365
0.02 chr6H 48198365 48228246 29881
0.025 chr6H 53847587 53886074 38487
0.03 chr6H 80758924 80873872 114948
0.035 chr6H 87728676 87785506 56830
0.04 chr6H 113186197 113273127 86930
0.045 chr6H 88330516 88468102 137586
0.05 chr6H 50329721 51038266 708545
0.055 chr6H 45562834 45583789 20955
0.06 chr6H 143477653 143546403 68750
0.065 chr6H 82745823 82781340 35517
0.07 chr6H 86770541 87173628 403087
0.075 chr6H 36071848 36076190 4342
0.08 chr6H 37041677 37166145 124468
0.085 chr6H 28722082 28730229 8147
0.09 chr6H 88721050 89260975 539925
0.095 chr6H 50426440 50431657 5217
0.1 chr6H 83273791 83292004 18213
0.105 chr6H 95862304 95928884 66580
0.11 chr6H 32692268 32701141 8873
0.12 chr6H 45146931 45172007 25076
0.125 chr6H 69143439 69180300 36861
0.13 chr6H 35822151 35968333 146182
0.135 chr6H 72348242 72363578 15336
0.14 chr6H 123721690 123782894 61204
0.145 chr6H 127101983 127273278 171295
0.15 chr6H 91161609 91169316 7707
0.155 chr6H 119144757 119169067 24310
0.16 chr6H 108091676 108140152 48476
0.165 chr6H 97284778 97297301 12523
0.17 chr6H 128006618 128034185 27567
0.175 chr6H 116313027 116332069 19042
0.18 chr6H 177288669 177310084 21415
0.185 chr6H 90199308 90220196 20888
0.19 chr6H 108319458 108334053 14595
0.195 chr6H 189470768 189576004 105236
0.2 chr6H 226160634 226342168 181534
0.205 chr6H 147867842 147896487 28645
0.21 chr6H 184701811 184792426 90615
0.215 chr6H 204555178 204735841 180663
0.22 chr6H 138634793 138653231 18438
0.225 chr6H 248215793 248443074 227281
0.23 chr6H 288335729 288515580 179851
0.235 chr6H 202706797 202740382 33585
0.24 chr6H 93595213 93603411 8198
0.245 chr6H 246804606 246841263 36657
0.25 chr6H 135300171 135321088 20917
0.255 chr6H 273671339 273707495 36156
0.265 chr6H 60949418 61129498 180080
0.27 chr6H 103556532 103596373 39841
0.275 chr6H 190149539 190221133 71594
0.28 chr6H 345358577 345396019 37442
0.285 chr6H 199271313 199290884 19571
0.29 chr6H 112209037 112220041 11004
0.295 chr6H 182737680 182775776 38096
0.3 chr6H 69967398 69972340 4942
0.305 chr6H 118958381 118986130 27749
0.31 chr6H 145346809 145368587 21778
0.315 chr6H 246905082 246965029 59947
0.32 chr6H 226076000 226203642 127642
0.325 chr6H 152229920 152295059 65139
0.33 chr6H 154910101 154920810 10709
0.335 chr6H 130535005 130543326 8321
0.34 chr6H 79447815 79456566 8751
0.345 chr6H 107350644 107385211 34567
0.35 chr6H 82119913 82134060 14147
0.355 chr6H 166069074 166094247 25173
0.36 chr6H 140889865 140898412 8547
0.365 chr6H 113651526 113716575 65049
0.37 chr6H 173074849 173098372 23523
0.375 chr6H 87848604 87870627 22023
0.38 chr6H 176926290 176938342 12052
0.385 chr6H 59897458 59904876 7418
0.39 chr6H 393711637 393841730 130093
0.395 chr6H 369480957 369527068 46111
0.4 chr6H 218711707 218809916 98209
0.405 chr6H 127166932 127183353 16421
0.41 chr6H 258359048 258377054 18006
0.415 chr6H 425255814 425337809 81995
0.42 chr6H 133415771 133418111 2340
0.425 chr6H 304865872 304891048 25176
0.43 chr6H 137181995 137193906 11911
0.435 chr6H 385835955 385868572 32617
0.44 chr6H 578119419 578176776 57357
0.445 chr6H 779279005 779360535 81530
0.45 chr6H 648831004 648913087 82083
0.455 chr6H 156650263 156657319 7056
0.46 chr6H 442591404 442626885 35481
0.465 chr6H 288384415 288411869 27454
0.47 chr6H 942568947 942995829 426882
0.475 chr6H 4604830517 4605152885 322368
0.48 chr6H 2271573014 2271856933 283919
0.485 chr6H 3218975524 3219524901 549377
0.49 chr6H 10374469872 10374868653 398781
0.495 chr6H 7416410089 7416803858 393769
0.5 chr6H 3792357416 3792504930 147514
0.505 chr6H 5760019169 5760202627 183458
0.51 chr6H 9546484938 9546794937 309999
0.515 chr6H 14816301807 14816862682 560875
0.52 chr6H 13192446502 13192820512 374010
0.525 chr6H 10124064216 10124284034 219818
0.53 chr6H 16934875284 16935202008 326724
0.535 chr6H 158239802933 158243470527 3667594
0.54 chr6H 39646611983 39647023205 411222
0.545 chr6H 9482009906 9482111381 101475
0.55 chr6H 10370904603 10370992660 88057
0.555 chr6H 3098777233 3098795045 17812
0.56 chr6H 7436597341 7436754459 157118
0.565 chr6H 9483233185 9483472155 238970
0.57 chr6H 5961437028 5961489927 52899
0.575 chr6H 6023735343 6023804283 68940
0.58 chr6H 6478908511 6478984317 75806
0.585 chr6H 13129188188 13129320081 131893
0.59 chr6H 36550924125 36551271443 347318
0.595 chr6H 38939959229 38940349536 390307
0.6 chr6H 12199078643 12199156239 77596
0.605 chr6H 7752637035 7752698352 61317
0.61 chr6H 17024891467 17025004223 112756
0.615 chr6H 12074188777 12074266780 78003
0.62 chr6H 8890386586 8890482578 95992
0.625 chr6H 18399687111 18400015652 328541
0.63 chr6H 6650832204 6650908057 75853
0.635 chr6H 16250346439 16250610769 264330
0.64 chr6H 10114814379 10114899488 85109
0.645 chr6H 14592249311 14592484669 235358
0.65 chr6H 20156318861 20156463219 144358
0.655 chr6H 13405912037 13406028119 116082
0.66 chr6H 12993343171 12993466215 123044
0.665 chr6H 9051758760 9051805346 46586
0.67 chr6H 10096048826 10096122758 73932
0.675 chr6H 12169741234 12169824449 83215
0.68 chr6H 11711054641 11711115783 61142
0.685 chr6H 6130066156 6130091678 25522
0.69 chr6H 8717060473 8717143817 83344
0.695 chr6H 7720454194 7720504244 50050
0.7 chr6H 8775111693 8775143166 31473
0.705 chr6H 8807161635 8807234049 72414
0.71 chr6H 6752657946 6752713074 55128
0.715 chr6H 7820935538 7820980720 45182
0.72 chr6H 5748535205 5748562146 26941
0.725 chr6H 6814472204 6814753661 281457
0.73 chr6H 8410255645 8410412724 157079
0.735 chr6H 14224258870 14224457846 198976
0.74 chr6H 4753052041 4753086734 34693
0.745 chr6H 6882970231 6883070008 99777
0.75 chr6H 3712430630 3712456881 26251
0.755 chr6H 3718586439 3718605591 19152
0.76 chr6H 7981950891 7981984645 33754
0.765 chr6H 5329097129 5329222505 125376
0.77 chr6H 4802748367 4802764128 15761
0.775 chr6H 4810408672 4810581290 172618
0.78 chr6H 4280702893 4280733632 30739
0.785 chr6H 6965002640 6965074670 72030
0.79 chr6H 6973790667 6973856109 65442
0.795 chr6H 1610333874 1610349116 15242
0.8 chr6H 2688272655 2688290709 18054
0.805 chr6H 3767208370 3767225281 16911
0.81 chr6H 3770884433 3770912941 28508
0.815 chr6H 2156876139 2156885493 9354
0.82 chr6H 3238398155 3238404301 6146
0.825 chr6H 3241401932 3241415843 13911
0.83 chr6H 1622110174 1622115591 5417
0.835 chr6H 2164815329 2165064288 248959
0.84 chr6H 7041538690 7041582676 43986
0.845 chr6H 4336814966 4336844894 29928
0.85 chr6H 5426082606 5426125029 42423
0.855 chr6H 2714994816 2715003593 8777
0.86 chr6H 3260932575 3260960908 28333
0.865 chr6H 3808903403 3808945980 42577
0.87 chr6H 3267431154 3267446418 15264
0.875 chr6H 2726389568 2726431009 41441
0.88 chr6H 7094932780 7095012464 79684
0.885 chr6H 8193745095 8193789814 44719
0.89 chr6H 6014715153 6014809836 94683
0.895 chr6H 6567816263 6567859842 43579
0.9 chr6H 3287797838 3287809989 12151
0.905 chr6H 6582619343 6582657879 38536
0.91 chr6H 4392545220 4392568576 23356
0.915 chr6H 2199117851 2199140738 22887
0.92 chr6H 7704610217 7704661374 51157
0.925 chr6H 5508906730 5508978703 71973
0.93 chr6H 4411296161 4411315264 19103
0.935 chr6H 5520979420 5521024843 45423
0.94 chr6H 6633242389 6633344222 101833
0.945 chr6H 6638874703 6639043881 169178
0.95 chr6H 2769696250 2769730974 34724
0.955 chr6H 6657434596 6657486323 51727
0.96 chr6H 3890026064 3890074476 48412
0.965 chr6H 3893866672 3893891228 24556
0.97 chr6H 2784415663 2784443093 27430
0.975 chr6H 7248495564 7248533910 38346
0.98 chr6H 6697544474 6697567539 23065
0.985 chr6H 3352946451 3352972912 26461
0.99 chr6H 5035563673 5035591842 28169
0.995 chr6H 4479893570 4479949601 56031
1 chr6H 5606360924 5606393902 32978
1.005 chr6H 6175271704 6175293142 21438
1.01 chr6H 8991337111 8991372815 35704
1.015 chr6H 5063995786 5064122491 126705
1.02 chr6H 6194187068 6194231138 44070
1.025 chr6H 5073370377 5073399735 29358
1.03 chr6H 10718965842 10719001924 36082
1.035 chr6H 564699476 564704186 4710
1.04 chr6H 7912949321 7913004643 55322
1.045 chr6H 7353618675 7353690398 71723
1.05 chr6H 3396961402 3396992647 31245
1.055 chr6H 7365617372 7365678658 61286
1.06 chr6H 2834488304 2834512167 23863
1.065 chr6H 6808453029 6808499086 46057
1.07 chr6H 5110187292 5110211617 24325
1.075 chr6H 3977444004 3977476427 32423
1.08 chr6H 1705391841 1705442341 50500
1.085 chr6H 569000917 569004158 3241
1.09 chr6H 2845636337 2845647016 10679
1.095 chr6H 569699491 569701349 1858
1.1 chr6H 6269608553 6269630542 21989
1.105 chr6H 2281502508 2281516213 13705
1.11 chr6H 3995414630 3995553206 138576
1.115 chr6H 7998627695 7998702892 75197
1.12 chr6H 6290181272 6290294422 113150
1.125 chr6H 4007228859 4007240358 11499
1.13 chr6H 3436558493 3436645391 86898
1.135 chr6H 4012994238 4013005303 11065
1.14 chr6H 9751183877 9751277691 93814
1.145 chr6H 2870772171 2870899977 127806
1.15 chr6H 4024342302 4024361800 19498
1.155 chr6H 9204630947 9204712843 81896
1.16 chr6H 9788738414 9788865738 127324
1.165 chr6H 5764763670 5764798916 35246
1.17 chr6H 8075263135 8075324555 61420
1.175 chr6H 7503653015 7503878578 225563
1.18 chr6H 8665377537 8665600787 223250
1.185 chr6H 4047633139 4047666530 33391
1.19 chr6H 6363702202 6363857071 154869
1.195 chr6H 4631367480 4631399002 31522
1.2 chr6H 11586984958 11587071513 86555
1.205 chr6H 8116589288 8116654957 65669
1.21 chr6H 5801674408 5801738422 64014
1.215 chr6H 4644658146 4644728961 70815
1.22 chr6H 4066703973 4066712456 8483
1.225 chr6H 7556625826 7556677883 52057
1.23 chr6H 3489967089 3489994309 27220
1.235 chr6H 1746059567 1746072189 12622
1.24 chr6H 4077349388 4077388291 38903
1.245 chr6H 4661403335 4661440392 37057
1.25 chr6H 6998152652 6998201574 48922
1.255 chr6H 5249771368 5249797214 25846
0 chr7H 18564914 20162134 1597220
0.005 chr7H 68053150 68414169 361019
0.01 chr7H 82050508 82160939 110431
0.015 chr7H 161653540 161814162 160622
0.02 chr7H 102100044 102271304 171260
0.025 chr7H 91656879 91706901 50022
0.03 chr7H 123236938 123353075 116137
0.035 chr7H 49495923 49517355 21432
0.04 chr7H 83638180 83657541 19361
0.045 chr7H 163765160 163963785 198625
0.05 chr7H 148304510 148358804 54294
0.055 chr7H 73533983 73571829 37846
0.06 chr7H 95083810 95130563 46753
0.065 chr7H 159311054 159348363 37309
0.07 chr7H 166683075 166766637 83562
0.075 chr7H 194004665 194191512 186847
0.08 chr7H 279321368 279475350 153982
0.085 chr7H 69380325 69491314 110989
0.09 chr7H 47383603 47389667 6064
0.095 chr7H 49454169 49457471 3302
0.1 chr7H 230486020 230785859 299839
0.105 chr7H 159242414 159286215 43801
0.11 chr7H 109003731 109036061 32330
0.115 chr7H 113554392 113572220 17828
0.12 chr7H 175814034 176025130 211096
0.125 chr7H 286329483 286763832 434349
0.13 chr7H 170909684 170933126 23442
0.135 chr7H 206381802 206414942 33140
0.14 chr7H 214331132 214377804 46672
0.145 chr7H 288594745 288642864 48119
0.15 chr7H 105642811 105659741 16930
0.155 chr7H 198108554 198155142 46588
0.16 chr7H 185373532 185489168 115636
0.165 chr7H 132830459 132860942 30483
0.17 chr7H 291749091 291913290 164199
0.175 chr7H 139521141 139745889 224748
0.18 chr7H 20406860 20411299 4439
0.185 chr7H 105088877 105101052 12175
0.19 chr7H 170873310 170909136 35826
0.195 chr7H 131696208 131718788 22580
0.2 chr7H 201362054 201379809 17755
0.205 chr7H 184374919 184395420 20501
0.21 chr7H 281821436 281955273 133837
0.215 chr7H 288845135 288917599 72464
0.22 chr7H 198101279 198124984 23705
0.225 chr7H 302626680 302752801 126121
0.23 chr7H 335370711 335395891 25180
0.235 chr7H 449254387 449369352 114965
0.24 chr7H 377875752 377922040 46288
0.245 chr7H 606315883 606369305 53422
0.25 chr7H 450627714 450860307 232593
0.255 chr7H 260564252 260575750 11498
0.26 chr7H 237314352 237338780 24428
0.265 chr7H 333156373 333184558 28185
0.27 chr7H 621960595 622039004 78409
0.275 chr7H 410519575 410674164 154589
0.28 chr7H 357372625 357397621 24996
0.285 chr7H 559907330 559958698 51368
0.29 chr7H 269504710 269514775 10065
0.295 chr7H 480736315 480782212 45897
0.3 chr7H 523566413 523771817 205404
0.305 chr7H 177302176 177305323 3147
0.315 chr7H 146443732 146466024 22292
0.32 chr7H 558138700 558389958 251258
0.325 chr7H 490858982 490918190 59208
0.33 chr7H 460088744 460112158 23414
0.335 chr7H 234591149 234606178 15029
0.34 chr7H 394016468 394055244 38776
0.345 chr7H 160640985 160651838 10853
0.35 chr7H 366809124 366915838 106714
0.355 chr7H 577342304 577608043 265739
0.36 chr7H 500842675 500881615 38940
0.365 chr7H 465500031 465514873 14842
0.37 chr7H 385521195 385606435 85240
0.375 chr7H 217492006 217501038 9032
0.38 chr7H 219557864 219568975 11111
0.385 chr7H 711129545 711173768 44223
0.39 chr7H 225302368 225310226 7858
0.395 chr7H 228153429 228181348 27919
0.4 chr7H 598386559 598639990 253431
0.405 chr7H 326614420 326886725 272305
0.41 chr7H 237122521 237148029 25508
0.415 chr7H 576020095 576095830 75735
0.42 chr7H 437102135 437123393 21258
0.425 chr7H 689638321 689691512 53191
0.43 chr7H 846203322 846286780 83458
0.435 chr7H 453050085 453102949 52864
0.44 chr7H 306061561 306082242 20681
0.445 chr7H 51526253 51528389 2136
0.45 chr7H 103996406 104010398 13992
0.455 chr7H 734671275 734711659 40384
0.46 chr7H 479361895 479414273 52378
0.465 chr7H 650502714 650758084 255370
0.47 chr7H 1100800708 1100862183 61475
0.475 chr7H 898155967 898204142 48175
0.48 chr7H 402533360 402571197 37837
0.485 chr7H 702309887 702345041 35154
0.49 chr7H 597621625 597777616 155991
0.495 chr7H 912301760 912361694 59934
0.5 chr7H 494675698 494696063 20365
0.505 chr7H 1251236872 1251452825 215953
0.51 chr7H 697819329 697887497 68168
0.515 chr7H 833739186 833790072 50886
0.52 chr7H 1042248985 1042290651 41666
0.525 chr7H 986740975 986780765 39790
0.53 chr7H 733224390 733244709 20319
0.535 chr7H 269720050 269730132 10082
0.54 chr7H 476865398 476973009 107611
0.545 chr7H 481723428 481963932 240504
0.55 chr7H 486834274 486853709 19435
0.555 chr7H 1407803380 1407897408 94028
0.56 chr7H 641085697 641234870 149173
0.565 chr7H 575855525 575893800 38275
0.57 chr7H 363790418 363806196 15778
0.575 chr7H 294068890 294073694 4804
0.58 chr7H 670288948 670318900 29952
0.585 chr7H 675439087 675463423 24336
0.59 chr7H 381285734 381299914 14180
0.595 chr7H 773089348 773139044 49696
0.6 chr7H 705406328 705441734 35406
0.605 chr7H 1273947754 1273996890 49136
0.61 chr7H 1137615604 1137732837 117233
0.615 chr7H 1156332359 1156625167 292808
0.62 chr7H 1348171845 1348479859 308014
0.625 chr7H 859130871 859321928 191057
0.63 chr7H 1934188521 1934245399 56878
0.635 chr7H 1885217242 1885416963 199721
0.64 chr7H 2116832580 2116928269 95689
0.645 chr7H 1134358765 1134405323 46558
0.65 chr7H 2742983305 2743223892 240587
0.655 chr7H 4632714774 4632938643 223869
0.66 chr7H 4202911865 4203058571 146706
0.665 chr7H 5037766466 5038408415 641949
0.67 chr7H 3498040081 3498169438 129357
0.675 chr7H 4548673935 4548865898 191963
0.68 chr7H 9685918528 9686646547 728019
0.685 chr7H 11101795801 11102316648 520847
0.69 chr7H 25745775511 25746397874 622363
0.695 chr7H 24101228077 24102024476 796399
0.7 chr7H 19861848251 19862456525 608274
0.705 chr7H 29619953218 29620513036 559818
0.71 chr7H 143568272605 143571077979 2805374
0.715 chr7H 71539883569 71540697216 813647
0.72 chr7H 20888530954 20888677342 146388
0.725 chr7H 15808213004 15808396525 183521
0.73 chr7H 27086219023 27086531317 312294
0.735 chr7H 13967851399 13967991013 139614
0.74 chr7H 23670466129 23670743875 277746
0.745 chr7H 35334673562 35334938133 264571
0.75 chr7H 21319981650 21320331937 350287
0.755 chr7H 28173708335 28174656524 948189
0.76 chr7H 21912851363 21913031352 179989
0.765 chr7H 24818867906 24819124308 256402
0.77 chr7H 34032293350 34032487916 194566
0.775 chr7H 11640642116 11640769091 126975
0.78 chr7H 10149059138 10149121605 62467
0.785 chr7H 28606013038 28606178330 165292
0.79 chr7H 20724974054 20725161388 187334
0.795 chr7H 10454958599 10455027455 68856
0.8 chr7H 17714829321 17714961101 131780
0.805 chr7H 11703007062 11703165540 158478
0.81 chr7H 10079505357 10079562476 57119
0.815 chr7H 6173749956 6173862523 112567
0.82 chr7H 6757835434 6757886790 51356
0.825 chr7H 9618822128 9618904643 82515
0.83 chr7H 8511301209 8511371552 70343
0.835 chr7H 11960585042 11960654655 69613
0.84 chr7H 17139609320 17139717484 108164
0.845 chr7H 6880337080 6880523097 186017
0.85 chr7H 8045388519 8045440250 51731
0.855 chr7H 6338090911 6338148233 57322
0.86 chr7H 6359096219 6359137688 41469
0.865 chr7H 4635388544 4635398666 10122
0.87 chr7H 4064757224 4064776813 19589
0.875 chr7H 7569613589 7569663503 49914
0.88 chr7H 8171870457 8171936058 65601
0.885 chr7H 6436483851 6436513295 29444
0.89 chr7H 7619849922 7619886422 36500
0.895 chr7H 3523373534 3523408099 34565
0.9 chr7H 11762352582 11762431743 79161
0.905 chr7H 8839839797 8839902876 63079
0.91 chr7H 7082999179 7083075621 76442
0.915 chr7H 6505460390 6505508409 48019
0.92 chr7H 6513814993 6513852265 37272
0.925 chr7H 8302894111 8302930342 36231
0.93 chr7H 5939955922 5939998647 42725
0.935 chr7H 4759111329 4759126291 14962
0.94 chr7H 2383544286 2383550201 5915
0.945 chr7H 2385702233 2385707936 5703
0.95 chr7H 3582857380 3582868440 11060
0.955 chr7H 5379558120 5379587591 29471
0.96 chr7H 9582566248 9582704546 138298
0.965 chr7H 7195941150 7195997916 56766
0.97 chr7H 6604574874 6604628803 53929
0.975 chr7H 1803833143 1803847439 14296
0.98 chr7H 5419247000 5419359446 112446
0.985 chr7H 7838576328 7838608327 31999
0.99 chr7H 5434080583 5434111538 30955
0.995 chr7H 7861958750 7862061979 103229
1 chr7H 12724768253 12724855463 87210
1.005 chr7H 6677578160 6677610281 32121
1.01 chr7H 6685731049 6685788988 57939
1.015 chr7H 1825820501 1825833756 13255
1.02 chr7H 4265158836 4265184529 25693
1.025 chr7H 4878629045 4878645524 16479
1.03 chr7H 9771741300 9771890282 148982
1.035 chr7H 10392199343 10392232794 33451
1.04 chr7H 1836666744 1836678965 12221
1.045 chr7H 4290344055 4290354054 9999
1.05 chr7H 6135146207 6135264104 117897
1.055 chr7H 7368825370 7368872229 46859
1.06 chr7H 1843846065 1843869589 23524
1.065 chr7H 3076102447 3076118489 16042
1.07 chr7H 1848110114 1848114037 3923
1.075 chr7H 4314274350 4314297001 22651
1.08 chr7H 9254994029 9255069256 75227
1.085 chr7H 6175272397 6175320466 48069
1.09 chr7H 5563675545 5563690217 14672
1.095 chr7H 4331366465 4331403532 37067
1.1 chr7H 2477594353 2477606775 12422
1.105 chr7H 4959613172 4959656277 43105
1.11 chr7H 6203331238 6203383964 52726
1.115 chr7H 4967523342 4967566242 42900
1.12 chr7H 1864459903 1864465358 5455
1.125 chr7H 4352849895 4352870578 20683
1.13 chr7H 3734498796 3734518040 19244
1.135 chr7H 3737254997 3737265939 10942
1.14 chr7H 9973056030 9973128369 72339
1.145 chr7H 6860698401 6860746143 47742
1.15 chr7H 14355077832 14355123881 46049
1.155 chr7H 6246678662 6246826862 148200
1.16 chr7H 8125109513 8125136657 27144
1.165 chr7H 4378972851 4378992352 19501
1.17 chr7H 5007108583 5007185493 76910
1.175 chr7H 6890367637 6890400384 32747
1.18 chr7H 1880986922 1881200888 213966
1.185 chr7H 8155228116 8155261588 33472
1.19 chr7H 6279414170 6279443879 29709
1.195 chr7H 7541034166 7541063787 29621
1.2 chr7H 8178494243 8178543173 48930
1.205 chr7H 10702486484 10702517138 30654
1.21 chr7H 3780115403 3780127616 12213
1.215 chr7H 8201742053 8201775708 33655
1.22 chr7H 10734996797 10735081911 85114
1.225 chr7H 6956475453 6956556351 80898
1.23 chr7H 5698851952 5698869630 17678
1.235 chr7H 8242546098 8242952770 406672
1.24 chr7H 10789010725 10789157842 147117
1.245 chr7H 10801201750 10801249911 48161
1.25 chr7H 12087164136 12087221495 57359
1.255 chr7H 11462323018 11462386275 63257
1.26 chr7H 4461751231 4461785270 34039
1.265 chr7H 4467014207 4467048634 34427
1.27 chr7H 8305263347 8305616181 352834
1.275 chr7H 10872882188 10872964631 82443
1.28 chr7H 5760686901 5760718599 31698
1.285 chr7H 11531814984 11532061156 246172
1.29 chr7H 9618031470 9618077608 46138
1.295 chr7H 10910590494 10910654901 64407
1.3 chr7H 14132010154 14132081832 71678
1.305 chr7H 7713544840 7713591436 46596
1.31 chr7H 9651231904 9651283179 51275
1.315 chr7H 11593148689 11593316236 167547
1.32 chr7H 10315190343 10315349724 159381
1.325 chr7H 7743173527 7743204853 31326
1.33 chr7H 9687514112 9687544080 29968
1.335 chr7H 8403447363 8403474951 27588
1.34 chr7H 7763755796 7763808258 52462
1.345 chr7H 6476249806 6476285860 36054
1.35 chr7H 7128473949 7128545818 71869
1.355 chr7H 9078355515 9078542190 186675
1.36 chr7H 6489913588 6489952001 38413
1.365 chr7H 8441862721 8441897764 35043
1.37 chr7H 8449518600 8449566822 48222
1.375 chr7H 5852859080 5852883401 24321
1.38 chr7H 11714725317 11715206039 480722
1.385 chr7H 7814819221 7814864953 45732
1.39 chr7H 4562659079 4562691816 32737
1.395 chr7H 3261254830 3261268041 13211
1.4 chr7H 7833497591 7833523860 26269
1.405 chr7H 9798138019 9799002389 864370
1.41 chr7H 7845625732 7845720497 94765
1.415 chr7H 15703083149 15703153868 70719
1.42 chr7H 4584857044 4584864429 7385
1.425 chr7H 5899672890 5899714981 42091
1.43 chr7H 6560830927 6560887945 57018
1.435 chr7H 11822541933 11822692001 150068
1.44 chr7H 1314325868 1314326584 716
