poscM Chromosome Start End Recombination nb_complete_site piSyn f0 div Ne
0 1 199187 203318.333333333 NA 2729 0.00152437322828875 0.289443774876806 0.316383333333333 57817.4537411316
0.01 1 1358536 1365524 1.95 1917 0.00162970389045383 0.148120266931831 0.108233333333333 180687.835098054
0.02 1 2193995 2197810.5 1.935 515 0.0252089121359223 0.0894157099896036 0.1429 2116913.54535387
0.04 1 4178075.2 4191900.6 1.906 1816 0.0325902751156388 0.0829864296355516 0.18118 2158534.61412775
0.05 1 4768668.5 4776719.25 1.895 1343 0.0244330388682055 0.134431237097412 0.17985 1630227.78103123
0.06 1 5502121 5508568 1.87 893 0.0318491 0.0327918214329447 0.1872 2041608.97435897
0.07 1 6298039.5 6303383 1.845 965 0.00820391060103627 0.318584359742716 0.1122 877423.593693719
0.08 1 7217840 7229089 1.81 1211 0.0238837 0.0400985609432374 0.1138 2518492.0913884
0.09 1 8048778 8051397 1.78 203 0.0666153 0 0.2462 3246887.08367181
0.1 1 8342823 8348788 1.77 927 0.0237680275080906 0.123827293030944 0.204 1398119.2651818
0.11 1 9058290 9069949.2 1.74 2214 0.0119734177958446 0.0432296387733638 0.1982 724929.432644478
0.14 1 10739577 10746629 1.7 349 0 NA 0.2357 0
0.16 1 11498084 11501301 1.67 177 0 Inf 0.2908 0
0.19 1 12440825 12445476 1.62 382 0 NA 0.1714 0
0.2 1 12970911 12980091 1.59 1207 0 Inf 0.171 0
0.21 1 13553518.6666667 13564019 1.55333333333333 1466 0.00390517735334243 0.15941957400799 0.1428 328166.164146423
0.22 1 13725749 13735135 1.56 232 0 NA 0.1118 0
0.25 1 15643139.5 15651540 1.63 1076 0.00287743198884758 0.074744839246731 0.1369 252221.942046538
0.28 1 17580274 17583426 1.47 306 0.00236803 0 0.4308 65961.8384401114
0.29 1 18141572.25 18148294.5 1.3775 1634 0.0054093502876377 0.128821171910752 0.0995 652383.954287964
0.3 1 18802466 18807666 1.3 312 0 NA 0.1327 0
0.31 1 19951023 19959238 1.21 954 0 NA 0.1357 0
0.33 1 22365094 22372460 1.045 1337 0.000595254186985789 0.579766249033392 0.0926 77138.7715316357
0.34 1 23489382 23492768.5 0.97 923 0.000927856702058505 0.261964175138301 0.30235 36825.7993209924
0.35 1 24655081 24658793 0.89 280 0 NA 0.1509 0
0.36 1 25352879.6666667 25359590.3333333 0.85 2855 0.00110068284658494 0.0730049911792903 0.1075 122866.922409482
0.37 1 27709950.6666667 27713448 0.706666666666667 727 0.00833431801925722 0.113096432687822 0.280933333333333 355998.396646013
0.38 1 28635461.6 28640995.8 0.658 1056 0.0120949316098485 0.183067001695766 0.1563 928593.597685104
0.39 1 30703156.5 30705676 0.545 472 0 NA 0.45335 0
0.4 1 32807614.5 32815807 0.45 719 0.00109414789986092 0.290181370013085 0.11465 114520.495406289
0.41 1 34763299.5 34767016.5 0.385 509 0.00648531510805501 0 0.1758 442683.625123209
0.42 1 37003009.6 37036197.2 0.42 2524 0.00063916860459588 0.371959597019047 0.13382 57315.9711190446
0.43 1 39516863.5 39527017.6666667 0.365 2183 0 Inf 0.124066666666667 0
0.44 1 42490639 42497130 0.27 176 0 NA 0.1762 0
0.45 1 53390185.6363636 53396082.0909091 0.0681818181818182 4459 0.000365445292666517 0.509742886582542 0.158254545454545 27710.6954457607
0.46 1 67506895.25 67513143.5833333 0.0625 4935 0.000322004303951368 0.38081653889175 0.109466666666667 35298.8883746932
0.47 1 98681097.8026316 98688098.7368421 0.0240789473684211 32574 0.000534014321452692 0.153857422789761 0.130621052631579 49059.2575111668
0.48 1 232781178.559524 232794882.630952 -0.00380952380952381 37066 0.000287374874979766 0.199782968874306 0.121720238095238 28331.3486214097
0.49 1 338403954.741935 338411686.860215 0.020752688172043 35211 0.000154506782170344 0.378439843226463 0.1487 12468.6038066183
0.5 1 378422532.454545 378429314.090909 0.0754545454545455 6026 0.000261974195154331 0.529098101455256 0.1254 25069.3009717063
0.51 1 384821563.588235 384826163.117647 0.0835294117647059 6244 0.000365906620755926 0.200063047962435 0.125917647058824 34871.0411259501
0.52 1 396800348.555556 396807834.444444 0.106296296296296 14046 6.03738594617685e-05 0.530832109381382 0.116685185185185 6208.8971482663
0.53 1 406738566.533333 406755393.733333 0.13 3971 0.000996546411483254 0.0363900474411022 0.1488 80366.6460873592
0.54 1 412598024 412603336.545455 0.146363636363636 4857 0.000495947504426601 0.18877599856091 0.139863636363636 42551.2320989999
0.55 1 419026578.272727 419035547.090909 0.157272727272727 6286 0.000245601777441934 0.298976978292476 0.1126 26174.2569209877
0.56 1 426190802.571429 426196280.714286 0.152857142857143 4810 0.000320856455301455 0.149926669431486 0.11595 33206.3601864378
0.57 1 433117685.4 433128468.6 0.121 6717 0.000354560193538782 0.538340629565534 0.10372 41021.2333442478
0.58 1 440158362 440172046.842105 0.162631578947368 7781 0.000911360170929186 0.0323130143073517 0.131136842105263 83396.2590190458
0.59 1 447645770.8125 447652554.8125 0.17875 5953 0.00102841891483286 0.222229807667461 0.1175875 104951.86119268
0.6 1 452080835.5 452088166.4 0.222 5256 0.000290813789954338 0.303126162891662 0.1536 22719.8273401826
0.61 1 456051456.444444 456059115.444444 0.284444444444444 4195 0.00171953834803337 0.0631349612024161 0.143844444444444 143449.823565274
0.62 1 458881499.2 458888329.8 0.338 1463 0.000599148838004101 0.536997955917756 0.13942 51569.2587580635
0.63 1 462411506.625 462418241.75 0.38125 3530 0.000670341515580736 0.25557749209522 0.12885 62429.9432438404
0.64 1 464988881.75 464993822.5 0.4125 1477 0 NA 0.130425 0
0.65 1 466843903 466853888 0.43 691 0 NA 0.1219 0
0.66 1 469431720 469437238.333333 0.45 1479 0 NA 0.161933333333333 0
0.67 1 471969568.5 471976576 0.465 623 0 NA 0.17995 0
0.68 1 473839623.333333 473853546 0.48 1628 0.00204378844594595 0.135907790585664 0.271066666666667 90477.5996729637
0.69 1 475492537.25 475497799.5 0.4925 1916 0.000395669138830898 0.306342175005537 0.135 35170.590118302
0.7 1 477439394.4 477446539.2 0.51 2535 0.00130301839053254 0.343193402971917 0.19788 79018.701669651
0.71 1 479306299.75 479312521 0.5275 816 0.00199328485294118 0.284195629290708 0.147 162717.130852341
0.72 1 481301681 481306855.5 0.54 662 0 NA 0.1586 0
0.73 1 482638448.5 482645864.5 0.55 993 0.000770718197381672 0.302577400080544 0.1309 70654.0746262801
0.74 1 483521236 483525244 0.56 430 0 NA 0.1433 0
0.75 1 486075925.5 486081095 0.57 787 0.00282036968233799 0.105424914017463 0.1498 225930.815674606
0.77 1 488539135.166667 488543483.833333 0.58 3230 0.000969481052631579 0.0729099951274561 0.1915 60750.7709220833
0.78 1 489498953.5 489502896.5 0.59 775 0 NA 0.13465 0
0.79 1 490950392 490954582.333333 0.593333333333333 925 0 NA 0.156 0
0.8 1 492670801.222222 492676922.111111 0.6 3310 0 Inf 0.192777777777778 0
0.81 1 494631572.4 494637320.2 0.606 4313 0 NA 0.1226 0
0.82 1 496455866.666667 496460229.333333 0.61 1100 0 NA 0.182116666666667 0
0.83 1 498887237.777778 498901817.666667 0.618888888888889 2776 0 NA 0.210644444444444 0
0.84 1 500878175 500883041.666667 0.626666666666667 840 0.000970143154761905 0 0.2079 55996.718889576
0.85 1 504263427.6 504269300.2 0.646 1724 0.00200282157772622 0.198340880111017 0.12696 189302.60659038
0.86 1 506686775 506691470.5 0.67 398 0 NA 0.28165 0
0.87 1 507917588.6 507921191.8 0.684 725 0 NA 0.19568 0
0.88 1 509021712.5 509027850.5 0.715 557 0 Inf 0.2742 0
0.89 1 509855882.5 509859069.833333 0.733333333333333 1421 0.00380321759324419 0 0.279583333333333 163237.953331494
0.9 1 511011270.6 511018042 0.74 2914 0.00190910853843514 0.246236395872615 0.15076 151958.758697411
0.91 1 511720502 511726837 0.74 617 0.00125687 0 0.1488 101360.483870968
0.92 1 512627377.5 512632406.5 0.795 1189 0.00136352214634146 0.974123099066066 0.18775 87149.2184079764
0.93 1 513374018.333333 513379428 0.836666666666667 2458 0.000941061529698942 0.0622792127257014 0.10495 107601.127740708
0.94 1 515128775 515132980.5 0.87 46 0 Inf 0.2267 0
0.95 1 515925045.166667 515929883.333333 0.856666666666667 1523 0 NA 0.179783333333333 0
0.96 1 516820924 516825880.5 0.816666666666667 1982 0.00237646027749748 0.149231784146603 0.16905 168692.83247542
0.97 1 518166973.142857 518172395.857143 0.75 3962 0.000846903912165573 0.342971275572666 0.182657142857143 55638.924309329
0.98 1 519508762.666667 519514573.222222 0.716666666666667 3493 0.00330242884340109 0.0403655679792089 0.197111111111111 201049.783025545
0.99 1 520201880 520206424 0.71 439 0.00182094 0 0.2214 98695.9349593496
1 1 522753828.666667 522760129.083333 0.765 3165 0.00902804238230648 0.0644784207553905 0.177791666666667 609345.255707585
1.01 1 524615690.888889 524620475.555556 0.883333333333333 2696 0.00144476287091988 0.297221394668408 0.209477777777778 82763.6928124687
1.02 1 525792739 525797729.25 0.9925 1774 0.000888098866967305 0.286680550962709 0.189375 56275.5717682253
1.03 1 527151611 527156254 1.06666666666667 983 0 NA 0.1538 0
1.04 1 528065850.4 528070272.2 1.066 2258 0.00138310080159433 0.14741525329853 0.16834 98593.3801778067
1.05 1 528530989 528536363 1.12 475 0.00473511073684211 0 0.22905 248073.908937373
1.06 1 529826734.5 529833449.5 1.28 476 0 NA 0.10705 0
1.08 1 530797118.5 530803971.5 1.355 599 0.00269390333889816 0.423921392774546 0.14065 229838.891338628
1.09 1 531709863.5 531712579 1.4 719 0.00101628422809458 0 0.1876 65007.5199207618
1.1 1 532235820.666667 532240102.333333 1.41666666666667 1291 0 Inf 0.1738 0
1.11 1 532816045 532819726 1.42 427 0.0257984098360656 0.0416997171639121 0.167 1853777.95229214
1.12 1 533214834.25 533219211.25 1.4175 767 0.00400201265971317 0.15072997934276 0.1071 448404.779799795
1.13 1 533969340.333333 533972002.333333 1.39666666666667 672 0.00123101322916667 0 0.165833333333333 89078.3442211055
1.14 1 534652330.75 534657408 1.3625 1240 0.014259864516129 0.0652107822134672 0.1856 921973.998887653
1.15 1 535399993.5 535405448 1.31 794 0.00341772891687657 0.172347230847052 0.1603 255849.950109288
1.16 1 535983217.5 535988267.75 1.255 1538 0.00579470179453836 0.132655836807547 0.18815 369579.705205742
1.17 1 537094256.8 537100034.2 1.156 3082 0.0012553022826087 0.180019641718935 0.13844 108809.790460159
1.18 1 538426316.333333 538431552 1.15 810 0.00301758716049383 0.281566158490783 0.097 373309.751813669
1.19 1 539265533.6 539272272.2 1.088 3170 0.00145399739148265 0 0.1738 100391.07421054
1.2 1 540842658.25 540847157 0.9675 1250 0.003840985456 0.146896041774546 0.189025 243839.838497553
1.21 1 541806736.2 541811406.6 0.92 1590 0.00320873735849057 0.249368127403079 0.18384 209447.608256564
1.22 1 542908491.333333 542913869.666667 0.893333333333333 1527 0.00103081367387033 0.292136109718527 0.1007 122837.776429434
1.23 1 544081994 544086842 0.893333333333333 1429 0.0124401133659902 0.0342598150568473 0.199766666666667 747278.627024274
1.24 1 545085967 545090227.333333 0.896666666666667 1970 0.0129123273096447 0.0635566167030532 0.280183333333333 553023.357500694
1.25 1 546120985.25 546165232.5 0.8825 1175 0.00260360077446809 0.227199883385069 0.185775 168177.68426116
1.26 1 547087739 547103675 0.866 1521 0.00652542958579882 0.0465702927818406 0.17244 454100.87583847
1.27 1 547982175 547987491.333333 0.853333333333333 893 0.00216043394176932 0 0.116733333333333 222089.154493705
1.28 1 548928179.428571 548934177.285714 0.834285714285714 3709 0.00680589888918846 0.080816982810074 0.132171428571429 617915.59305213
1.29 1 550405545 550412153.5 0.795 1749 0.000908479365351629 0 0.1502 72581.5737964018
1.3 1 551599670.25 551605053.75 0.7625 1649 0.011005794978775 0.0750345518399791 0.16795 786362.249153321
1.31 1 552808776.666667 552832736.777778 0.726666666666667 3515 0 Inf 0.139911111111111 0
1.32 1 554335129.571429 554341025.428571 0.677142857142857 3153 0.00870438832540438 0.0750453043771839 0.112728571428571 926585.501627129
1.33 1 556443814.636364 556450518.545455 0.617272727272727 7247 0.00835352467117428 0.0989195096559528 0.126518181818182 792315.338503273
1.34 1 558193343.666667 558200950 0.563333333333333 1384 0.00605156575144509 0.0276920555242534 0.194866666666667 372658.855716769
0 2 766021 832979 0.81 232 0 NA 0.5186 0
0.01 2 1552824.5 1565430.5 0.805 2430 0.000661483296296296 1.13462157914572 0.11505 68994.3464194312
0.02 2 3252295.33333333 3346521 0.8 1083 0.0191535609418283 0.099086625075901 0.151466666666667 1517447.60982794
0.03 2 4332309 4342474 0.8 572 0.0013289 0 0.1972 80866.1257606491
0.04 2 6297875.5 6345729.5 0.8 658 0.0236899978723404 0.0582389605308785 0.22275 1276228.84160757
0.05 2 7549642 7555019.66666667 0.81 1259 0.0130468667672756 0.0980455115841111 0.124133333333333 1261243.83357122
0.06 2 9500362 9517673 0.81 1695 0.011334321179941 0.0478161717127582 0.10315 1318583.17168485
0.07 2 11552496.3333333 11555993.3333333 0.81 804 0.00277394776119403 0.313009074302748 0.133033333333333 250218.289659196
0.08 2 12746308.8333333 12768989.5 0.81 2817 0.00495829855165069 0.032845967388721 0.157416666666667 377975.114577925
0.09 2 14590654 14600662 0.81 738 0.00867797 0.214098458510458 0.2576 404253.260869565
0.11 2 16960907 16967751 0.8 532 0.00156403 0 0.1212 154854.455445545
0.12 2 18761049.3333333 18770807.5 0.81 2533 0 NA 0.125483333333333 0
0.13 2 19672484 19679984.3333333 0.81 3472 0 Inf 0.124366666666667 0
0.14 2 21600994.6666667 21606716.3333333 0.806666666666667 3060 0.00210872435294118 0.280969149778022 0.241433333333333 104810.267438744
0.15 2 22870275 22906131 0.8 2159 0 Inf 0.186166666666667 0
0.16 2 23487783.75 23497246.75 0.8 2290 0 Inf 0.138775 0
0.17 2 24866053 24868251 0.79 103 0.008 0 0.1218 788177.339901478
0.18 2 25776379 25782473 0.79 255 0 NA 0.0974 0
0.19 2 27434976.5 27446066.5 0.77 1026 0 NA 0.1834 0
0.2 2 28695795 28699719.6666667 0.78 1383 0.00057363305856833 0 0.178766666666667 38506.0415969791
0.21 2 29572436.6666667 29591174.5 0.786666666666667 3328 0 NA 0.2049 0
0.22 2 30892369 30898664 0.79 484 0.00343716 0.135912497527028 0.2597 158821.409318444
0.23 2 31526253.25 31531906.5 0.79 1995 0.00120277288220551 0.253244368203648 0.147975 97538.6016993828
0.24 2 32441323.5 32467401.5 0.78 880 0.00348464531818182 0.0754774064197508 0.17425 239975.574279379
0.25 2 34192810 34201755 0.75 408 0 NA 0.132 0
0.26 2 34490417 34494150 0.75 107 0.0140969 0 0.2705 625370.794824399
0.27 2 36031447 36044411.6666667 0.756666666666667 2656 0.000296210421686747 0 0.122133333333333 29103.6440521913
0.28 2 37480982 37483961 0.77 430 0 NA 0.123 0
0.29 2 38278107.75 38285576.5 0.78 1583 0 NA 0.1233 0
0.3 2 39050126.5 39054545.75 0.785 2086 0.000784940306807287 0.275495199823074 0.13395 70319.4003858711
0.33 2 42014503.5 42016732 0.79 218 0 NA 0.59615 0
0.34 2 42963468 42967282 0.78 161 0 NA 0.3041 0
0.35 2 44657342 44666501.4 0.766 2936 0.00347293528814714 0.201626120040963 0.12288 339153.836733119
0.36 2 45685755 45696060 0.75 197 0 Inf 0.1471 0
0.37 2 47302675 47305128 0.725 537 0 Inf 0.18085 0
0.38 2 48473942 48476008 0.7 187 0 NA 0.1143 0
0.39 2 50730090.5 50735730.2 0.643 2723 0.00284651221814176 0.147337619790195 0.12235 279183.871006956
0.4 2 52482970.75 52487846.75 0.585 899 0 NA 0.14755 0
0.41 2 54193864 54198072.3333333 0.556666666666667 1014 0 NA 0.175466666666667 0
0.42 2 57402268.3333333 57413991.3333333 0.51 1241 0.00123148549556809 0.30114774482447 0.185933333333333 79479.1642890844
0.43 2 59094846 59098557.5 0.485 902 0.000828327272727273 0 0.12995 76490.3984049809
0.44 2 62598474.8333333 62653444.1666667 0.44 3663 0.00176306604968605 0.283604141368312 0.161466666666667 131028.855880879
0.45 2 65419843.6 65425340.4 0.405 5436 0.000862805126931567 0.292575628623364 0.14069 73592.0216303846
0.46 2 68040578.125 68046540 0.375 2783 0.00278620239310097 0.116787417184402 0.123125 271548.659632176
0.47 2 71445978.8 71454282.6 0.336 987 0.00146401090172239 0 0.16824 104423.03150659
0.48 2 74688058.25 74699072.5 0.3025 1873 0.000428273689268553 0 0.11765 43682.8242347865
0.49 2 78019818.1666667 78027451 0.273333333333333 8182 0.00510865974798338 0.136581484051727 0.1419 432021.966002823
0.5 2 82130785.5 82136057.6 0.236 2659 0.000300217946596465 0.860341991486892 0.14607 24663.622640909
0.51 2 88003071.625 88029057.25 0.1675 3135 0.000505979869218501 0.145337482742047 0.1052375 57695.768434465
0.52 2 93544866.9285714 93563427.8571429 0.124285714285714 4085 0.0038903391505508 0.114718687359483 0.178071428571429 262164.852504025
0.53 2 102905269.875 102910525 0.113125 7835 0.00150192304913848 0.175328297703379 0.15970625 112851.416833479
0.54 2 117019688 117025380.65 0.0945 9194 8.71767696323689e-05 0.579088604285333 0.133685 7825.27011697967
0.55 2 164449093.719101 164459438.337079 0.000561797752808989 38417 0.000202370013379493 0.295418281591658 0.130250561797753 18644.3737903004
0.56 2 312316414.02521 312341184.176471 0.000420168067226891 49914 0.000481650161798293 0.192205721370981 0.116119327731092 49774.6762275812
0.57 2 473121610.406977 473137279.569767 0.0133720930232558 34353 0.000282301222309551 0.132741512910078 0.125545348837209 26983.1953082326
0.58 2 528712154.222222 528723215.777778 0.0411111111111111 3037 0.000497948719130721 0.150587125875239 0.1205 49588.2541872917
0.59 2 543656105.208333 543662120.125 0.0558333333333333 9660 0.00033841947826087 0.0709429823112443 0.136704166666667 29706.7297811974
0.6 2 562931961.2 562940111.65 0.074 7902 0 NA 0.116205 0
0.61 2 578657327.785714 578686670.642857 0.0721428571428571 4461 0.000178283355749832 0.280199534264139 0.124492857142857 17184.923843004
0.62 2 589651476.045455 589656983.136364 0.085 7566 0 NA 0.136918181818182 0
0.63 2 599907891 599913726.166667 0.118333333333333 4917 0.00183566482814724 0.20198507805697 0.134733333333333 163493.156391145
0.64 2 607219159.833333 607231604 0.16 5642 0 Inf 0.240358333333333 0
0.65 2 612956150.8 612967868.8 0.201 3799 0 Inf 0.13748 0
0.66 2 617595969.142857 617602671.857143 0.24 2164 0.00249803396487985 0.128475504812426 0.1969 152241.785569112
0.67 2 620963632.615385 620969449.923077 0.276923076923077 3557 0.000597472729828507 0.175668697289045 0.162484615384615 44125.2406633751
0.68 2 625347961.375 625354118.625 0.3375 3514 0 NA 0.1274625 0
0.69 2 628140492.714286 628152837.571429 0.354285714285714 2876 0.000266240121696801 1.81294950589363 0.196585714285714 16251.8495912588
0.7 2 632014310.5 632020386.25 0.3675 3708 0.000653706868392665 0.248228236663984 0.1484875 52829.2443519621
0.71 2 635784905 635789118 0.408333333333333 1645 0.00236157313677812 0.290063327808887 0.170333333333333 166373.058559711
0.73 2 640525061.5 640538238.5 0.43 1165 0 Inf 0.14115 0
0.74 2 642084425 642094381.5 0.44 1450 0 NA 0.1842 0
0.76 2 645609679.75 645616183.75 0.4275 1306 0.000602399632465544 0 0.19405 37252.2318453312
0.77 2 647291181.666667 647296810.5 0.43 1831 0.000830667427635172 0.601535803830661 0.184116666666667 54139.6350047365
0.78 2 649590228.5 649593145.5 0.44 346 0.0209518800578035 0.162455629645718 0.2098 1198391.61436435
0.8 2 651774027 651778241.333333 0.44 1412 0.00172350926345609 0.183769076324727 0.126133333333333 163970.225910199
0.81 2 654550030.2 654562588.4 0.444 2054 0.000376435004868549 0.29857604299031 0.13208 34200.6364205223
0.82 2 657825229.5 657830326 0.4375 2203 0.00179233401724921 0.17367180795892 0.1615125 133166.214422973
0.83 2 663485778.5 663490385.25 0.4025 2420 0 Inf 0.1367625 0
0.84 2 666109605.5 666113289.5 0.4125 942 0 NA 0.115075 0
0.85 2 668749637.666667 668754313 0.45 782 0.000989508120204603 0 0.208533333333333 56941.0043595999
0.86 2 669976835 669987694 0.475 1461 0 NA 0.1571 0
0.87 2 672408814.4 672423432.4 0.548 2143 0.000378928119458703 0.281679112149436 0.10144 44825.8816394364
0.88 2 673663594.666667 673667918.666667 0.57 2586 0.00062038334996133 0.712528151089685 0.150883333333333 49340.1095738604
0.89 2 675753614 675755955 0.6 372 0 Inf 0.1695 0
0.9 2 676766781 676771605.666667 0.613333333333333 340 0.00289728352941176 0.373719672910649 0.1412 246228.061989668
0.91 2 677975280.666667 677979826.333333 0.623333333333333 753 0.00104832860557769 0 0.180466666666667 69707.8496505298
0.92 2 679249943 679253472 0.63 479 0 NA 0.08595 0
0.93 2 680611350.666667 680616429.666667 0.63 637 0 NA 0.126266666666667 0
0.94 2 682209605.333333 682216541.333333 0.626666666666667 1051 0 NA 0.1555 0
0.95 2 683770660 683774280 0.63 227 0.00336134 0 0.0896 450179.464285714
0.96 2 684451263.5 684456380 0.63 2196 0.00138007830601093 0.229930328258478 0.1399 118376.981216091
0.97 2 685723893.666667 685730632 0.63 923 0.00423889923076923 0.177864649794261 0.1305 389783.837312113
0.98 2 687452475.333333 687456945 0.64 621 0.00115320429951691 0 0.114933333333333 120404.161202461
0.99 2 688204149.6 688210019 0.64 2371 0 Inf 0.0996 0
1 2 689305308 689316868.666667 0.64 1450 0.00104405299310345 0 0.156033333333333 80294.6117319465
1.02 2 691249099.4 691254011.8 0.646 1535 0 NA 0.14364 0
1.03 2 692390744.75 692414779.5 0.65 2084 0 NA 0.158875 0
1.04 2 693928983 693934731 0.65 2594 0.00177976618350039 0.148855436443502 0.129671428571429 164702.390012154
1.05 2 695829755.625 695848361.125 0.6525 3950 0.00262451874177215 0.242438201687596 0.1338625 235272.947250095
1.06 2 698396911.333333 698400704 0.66 2340 0.00111102694017094 0.347170052159028 0.167266666666667 79706.9945120643
1.07 2 701722748.875 701732411.6875 0.66375 8668 0.00177241309736964 0.129802897409608 0.153475 138582.552001535
1.08 2 704935514.5 704940100.5 0.67 746 0 NA 0.1259 0
1.09 2 706744213.5 706750660 0.67 487 0.00159849219712526 0 0.1269 151157.654574492
1.1 2 707470869.5 707474190.5 0.67 630 0.0012017316031746 0.306876661615182 0.12705 113504.755907873
1.11 2 709032286.25 709036371.25 0.68 1287 0.000685903962703963 0.506509585182084 0.108625 75773.0499649947
1.12 2 709555529 709656861 0.69 1643 0 Inf 0.09315 0
1.13 2 710795159.666667 710802876 0.696666666666667 1188 0.00394892089225589 0.295649264042006 0.1455 325684.197299455
1.14 2 712127896.428571 712134052.857143 0.707142857142857 2899 0.000269019946188341 0 0.157342857142857 20517.2285090073
1.15 2 713460631.166667 713465656.166667 0.746666666666667 3120 0.000805138852564103 0.453490412041605 0.157916666666667 61182.055287193
1.16 2 714482051 714492080.666667 0.783333333333333 1673 0.00133603294082487 0.101595372201967 0.139433333333333 114982.514629919
1.17 2 716137477 716140892 0.82 460 0.023638952826087 0.0415232575363381 0.1649 1720239.13834471
1.18 2 717033251 717086934 0.826666666666667 574 0.00281161777003484 0.145386091531863 0.2015 167441.256776269
1.19 2 718680975 718711021 0.81 1236 0.000650101601941748 0 0.1608 48515.0449210259
1.2 2 720422314.5 720467355 0.76 688 0 Inf 0.1209 0
1.21 2 721824775.857143 721856045 0.76 3743 0 Inf 0.122185714285714 0
1.22 2 723013966 723018737.333333 0.75 831 0 NA 0.500466666666667 0
1.23 2 724537563 724542432 0.75 325 0 NA 0.1939 0
1.24 2 725922365.25 725926020 0.74 798 0.00192496165413534 0.150711917315802 0.201025 114908.791690705
1.25 2 726970528 727007334 0.74 182 0.0184438 0.13439204502326 0.2604 849944.700460829
1.26 2 728071090 728073996 0.735 787 0 NA 0.17575 0
1.27 2 729490688 729495437 0.73 1157 0 NA 0.1801 0
1.28 2 730651537.666667 730656770.666667 0.723333333333333 874 0.000983773638443936 0.260656369481659 0.112266666666667 105153.951852677
1.29 2 731632715 731636106 0.72 1208 0.000625990794701987 0.307351114699124 0.133933333333333 56086.7810086399
1.3 2 733026660.5 733032092 0.716666666666667 2711 0.000621027554407968 0.26954955070537 0.141933333333333 52505.852415892
1.31 2 734964606.375 734988768.75 0.7025 3815 0.00257085314023591 0.138981969515619 0.171925 179440.091219025
1.32 2 736954455 736960210.666667 0.693333333333333 1736 0.00179458089861751 0.297236703829197 0.247366666666667 87056.8822938019
1.33 2 738283881.25 738290195.25 0.685 1394 0.0005738881276901 0.64285743482141 0.18555 37114.8344504511
1.34 2 739038891 739324196 0.68 247 0.0221053 0.126515360569637 0.2302 1152317.98436143
1.35 2 741326905 741329569 0.67 482 0 NA 0.1745 0
1.36 2 742630041.222222 742633790.777778 0.665555555555556 2050 0.00418373631707317 0.107111677379239 0.184433333333333 272211.291188567
1.37 2 744249094.571429 744254889 0.66 2760 0.00719981222463768 0.081014094019946 0.251985714285714 342867.638114159
1.38 2 745576361.25 745580996.75 0.66 1190 0.0199086191596639 0.0682630254128181 0.134 1782861.41728333
1.39 2 747030285.4 747035028 0.656 2163 0.0035098673370319 0.367034133035719 0.12406 339500.306661154
1.4 2 748606764.333333 748615634.333333 0.65 1728 0.00846245360532407 0.0562250159034633 0.252066666666667 402867.402527991
1.41 2 750331212.333333 750343953.222222 0.635555555555556 3599 0.0109553005251459 0.0586079274835766 0.167344444444444 785586.91767861
1.42 2 751595276.5 751601323.75 0.625 822 0.00391291824817518 0.212881543908399 0.196425 239048.079308144
1.43 2 753788991 753829402 0.615 1128 0.0176332593085106 0 0.17105 1237059.99241232
1.44 2 754835510.6 754840245.2 0.61 2016 0.00190346019345238 0.359356007552818 0.18382 124260.267225702
1.45 2 756514760.5 756519825.5 0.6 1409 0 NA 0.1132 0
1.46 2 758052210.5 758119423.166667 0.591666666666667 3165 0.0173153871532385 0.0884207955728302 0.11255 1846154.11673801
1.47 2 759453344 759455902.5 0.585 419 0.0129977230310263 0.0856171163961626 0.7658 203672.860240683
1.48 2 761280426 761286094.666667 0.576666666666667 2254 0.0038148257054126 0.0270241209972049 0.219633333333333 208428.783419113
1.49 2 763729606 763738914.333333 0.56 2493 0.020283880866426 0.103606155824917 0.1387 1754913.98988545
1.5 2 767098449 767103044 0.5425 2059 0.0178042576493443 0.0939599407419192 0.1777 1202313.40344475
0 3 538526.5 544433.25 1.26 1661 0.000947703455749548 0 0.17415 65302.5637036726
0.01 3 1577193 1582789.33333333 1.26 2083 0 NA 0.271033333333333 0
0.02 3 2599475 2621964 1.26 620 0.00580987496774193 0.221837461229247 0.36755 189684.395627542
0.03 3 3840574.66666667 3845815.33333333 1.26 667 0.00225667637181409 0.154637406616093 0.1917 141262.996670679
0.05 3 7187668 7268427.5 1.24 652 0.0150295435582822 0.0469141138622842 0.1101 1638097.39054847
0.06 3 7625134.5 7631348.75 1.235 2327 0.0133887061452514 0 0.134725 1192536.45383572
0.07 3 8916546 8921174.5 1.225 439 0.0133033325740319 0.0402399727541851 0.4488 355704.079519569
0.08 3 10057865.5 10063847 1.21 821 0.00568810331303289 0.0493379898342949 0.1058 645153.494861953
0.09 3 11517104 11521893.4 1.194 2083 0.0110807578732597 0.201037778089763 0.14334 927648.210402656
0.1 3 12496736 12499940 1.18 31 0.0468293 0 0.6714 836984.807864164
0.11 3 13790763 13796275 1.16 616 0.00130399 0 0.2653 58981.8318884282
0.12 3 14158520 14161656.5 1.15 626 0.0169084650159744 0.150612478440696 0.16285 1245941.54247279
0.13 3 15293027 15297734.3333333 1.13666666666667 691 0.00110440382054993 0 0.1365 97090.445762631
0.15 3 17278649.6666667 17283040.3333333 1.13 773 0.0118938860284605 0.102810276631305 0.0856666666666667 1666069.63822794
0.16 3 17712449.5 17717382 1.125 497 0.00326977605633803 0.226922217982428 0.12905 304047.366726512
0.17 3 18836630.3333333 18840409.6666667 1.11666666666667 496 0.00645940161290323 0.333360504281207 0.189066666666667 409976.12493744
0.18 3 19885742 19888789 1.1 216 0.0262295 0 0.5698 552393.822393822
0.19 3 21035861 21040364 1.09 153 0 NA 0.1123 0
0.23 3 23653661 23657574 1.04 203 0 NA 0.1555 0
0.24 3 24616004.5 24620553.5 1.02 908 0.000859044933920705 0 0.1136 90744.1831606378
0.25 3 24943590 24947688.5 1.01 305 0.0565237567213115 0.0389744650411261 0.1247 5439335.04936438
0.27 3 26398468 26404973 0.97 591 0.0135249 0.0858076584669757 0.1021 1589606.26836435
0.29 3 27908508.5 27916358 0.985 1397 0.00180607614889048 0 0.11345 191034.938622175
0.3 3 28687190 28708130 1 2017 0.000778589 0 0.1076 86831.4869888476
0.31 3 28872007.5 28875317.5 1.005 511 0.0257803373776908 0.173834503675657 0.19685 1571572.50968905
0.33 3 30549964.6 30556462 1.016 1798 0.0017741962458287 0.143882807576296 0.1259 169105.281572235
0.34 3 31507003 31510846 1.005 675 0.00754756148148148 0.428755777681641 0.11845 764632.653252662
0.35 3 32521940 32526307.5 0.98 345 0.00229906782608696 0.288881593346465 0.12485 220975.682122895
0.36 3 33029060.6 33033781.8 0.966 1539 0.00209514198830409 0 0.18586 135272.268694981
0.37 3 34192935.8 34198112.8 0.916 2677 0 Inf 0.14748 0
0.38 3 35178760 35186553.3333333 0.863333333333333 1095 0.00071318002739726 0 0.115733333333333 73947.2378637712
0.39 3 37034583.3333333 37039848.3333333 0.75 1840 0.00856344141304348 0.0586668934438068 0.242666666666667 423466.88306259
0.4 3 38020262.6666667 38027654.3333333 0.726666666666667 1224 0.00770163553921569 0.340921196190619 0.0982666666666667 940498.234096895
0.41 3 39870302.75 39876455.25 0.6825 1626 0.000930349815498155 0.308978731961314 0.11365 98233.1525383005
0.42 3 43664675.3333333 43670004.8333333 0.576666666666667 2846 0 NA 0.1241 0
0.43 3 46265175.6363636 46270967.9090909 0.501818181818182 4730 0.000474447293868922 0.306484938499931 0.142254545454545 40022.3944214581
0.44 3 49391071 49395952.8 0.402 1847 0.000424445695722794 0 0.1084 46986.6083825971
0.45 3 52119198.7142857 52125349.5714286 0.317142857142857 3336 0.000487097014388489 0.28673925584824 0.141071428571429 41434.0751479829
0.46 3 57418536 57423250.3636364 0.174545454545455 3749 0 NA 0.146127272727273 0
0.47 3 78387701.8378378 78404096.8378378 0.00540540540540541 12480 0.000145844452804487 0.335210828273709 0.130521621621622 13408.7625629371
0.48 3 103937973.086957 103942623.652174 0.0352173913043478 7618 0.000832131433447099 0.217353398475562 0.168730434782609 59180.6523478147
0.49 3 131037362.178571 131051249.607143 0.0596428571428571 9821 0 Inf 0.141421428571429 0
0.5 3 154143139 154152349.15625 0.0446875 10416 0.00053353215437788 0.206750186474623 0.137178125 46672.0612527293
0.51 3 191811066.459459 191817310.540541 0.00297297297297297 13667 5.39152235311334e-05 1.55785028638301 0.128110810810811 5050.1802172577
0.52 3 325750967.848276 325765368.662069 0.0043448275862069 58952 6.73518282670647e-05 0.36103653200036 0.121184137931034 6669.37070315864
0.53 3 452052492.535714 452064865.875 0.0144642857142857 23851 0.000100173225441281 0.766286542083237 0.121671428571429 9879.71226613553
0.54 3 480296594.75 480302431.083333 0.0833333333333333 5702 0.0003963603532094 0.207142951938621 0.102033333333333 46615.3959997988
0.55 3 487486521.272727 487492980 0.116363636363636 4066 0.000770688775209051 0.147306689869306 0.128254545454545 72108.6747431207
0.56 3 494683335.571429 494690846.285714 0.151428571428571 2841 0.000314504361140444 0.50570298791988 0.113728571428571 33184.7334955373
0.57 3 501393349.5 501396734 0.18 561 0.00277368631016043 0 0.13225 251676.640619472
0.58 3 507150768.375 507157693.375 0.18 3809 0.000593809301653977 0.101272064740193 0.115825 61521.3608447894
0.59 3 510908333.666667 510928508.833333 0.18 4561 0.000712495802674852 0 0.134416666666667 63607.8087942831
0.6 3 515348823.142857 515356141.428571 0.18 2688 0 Inf 0.148042857142857 0
0.61 3 521341000.888889 521359406.111111 0.177777777777778 2768 0.00111965843569364 0.29816213724216 0.1281 104886.036130552
0.62 3 528655384.714286 528660774.142857 0.178571428571429 2991 0.000253220130391174 0.297815823073872 0.1669 18206.3604834876
0.63 3 533725896.352941 533732000.941176 0.164705882352941 6690 0.000340956361733931 0.265428921057478 0.140852941176471 29047.8587570357
0.64 3 539599888.538462 539604761.846154 0.196923076923077 5289 0.000305733976176971 0.565437223991931 0.1669 21982.0713848032
0.65 3 544482415.923077 544488722 0.220769230769231 5826 0 NA 0.120892307692308 0
0.66 3 549620023.666667 549624602.666667 0.241666666666667 1963 0 NA 0.166883333333333 0
0.67 3 552600308.714286 552613156.857143 0.257142857142857 2568 0 NA 0.121285714285714 0
0.68 3 555221347.2 555227387.4 0.268 1649 0.000462248708308065 0.306662192882811 0.13992 39643.9715530073
0.69 3 558827281.25 558836425.05 0.284 8701 0.00209326549592001 0.202939067666713 0.13972 179782.321436016
0.7 3 563242626.25 563264180.75 0.28 1832 0.000409519372270742 0.929941173851033 0.108025 45491.6220064699
0.71 3 567514119.076923 567521924.076923 0.276923076923077 6232 0.00163535138318357 0.112795610003151 0.120246153846154 163200.368332035
0.72 3 570575191.6 570581363 0.306 2040 0 Inf 0.12664 0
0.73 3 572881723 572919788.8 0.346 1252 0 NA 0.18316 0
0.74 3 574857479 574861876.4 0.386 1372 0 NA 0.11824 0
0.75 3 577501174.75 577506856.25 0.4175 1208 0 NA 0.24155 0
0.76 3 580146068.538462 580161436.076923 0.45 3716 0.000414129257265877 0 0.189876923076923 26172.4858748488
0.77 3 584282212.75 584287217.625 0.49 3949 0.000398678749050393 0.868487558276662 0.1421875 33646.7339857914
0.78 3 586677419.75 586685464.5 0.51 3073 0.000267759430523918 0.560248158802908 0.148875 21582.6241228347
0.8 3 590224460.5 590231289.75 0.5475 2274 0.000359798153034301 0.277602712602713 0.105225 41031.8634964277
0.82 3 592761132 592767665.333333 0.59 1194 0 NA 0.111066666666667 0
0.83 3 593976376 593978322 0.605 108 0 Inf 0.33755 0
0.84 3 595216957 595254099.333333 0.613333333333333 1272 0 Inf 0.0979 0
0.85 3 596434314 596438747.25 0.62 1727 0.000482020092646207 1.6312619504361 0.115375 50134.2674908298
0.86 3 597654380.666667 597688325.166667 0.62 1839 0.000892791375747689 0 0.1633 65606.2247946863
0.87 3 598522383.428571 598527874.571429 0.62 3811 0.00168157633954343 0.2151082580808 0.128057142857143 157577.434763106
0.88 3 600517145.333333 600530507 0.62 3162 0.000749534706198609 0.193385120640611 0.0957333333333333 93952.8183257309
0.89 3 602386545.8 602391924.6 0.618 1206 0.00185606801824212 0 0.18332 121496.924606729
0.9 3 605386782.5 605392487.25 0.625 642 0 Inf 0.223 0
0.91 3 607424890.2 607429745.8 0.64 1639 0.000438844777303234 0.196741030332022 0.10996 47891.3907569917
0.92 3 608934293.5 608941534.5 0.65 853 0.00257667737397421 0.108367068324766 0.23745 130217.428880566
0.93 3 611409665.5 611413471.5 0.67 1404 0 NA 0.11465 0
0.94 3 612684379.428571 612689927.857143 0.677142857142857 2021 0 NA 0.1151 0
0.95 3 614268537.666667 614272749.333333 0.686666666666667 893 0.000857226047032475 0 0.115533333333333 89036.7504130672
0.96 3 615096873.75 615104286.75 0.6975 1600 0 Inf 0.128075 0
0.97 3 616368455.666667 616372342 0.71 1720 0 NA 0.121916666666667 0
0.98 3 617355629 617361526 0.72 834 0.00962757 0.136511601577553 0.195 592465.846153846
0.99 3 619148424.333333 619159725.333333 0.77 647 0.00117664785162287 0.300651330300486 0.1326 106483.968472658
1 3 620053146 620067496.6 0.796 2577 0 NA 0.1487 0
1.01 3 621541927.090909 621547233.909091 0.819090909090909 3481 0.000224001950588911 1.74429584739504 0.121972727272727 22037.9052528406
1.02 3 622848565.2 622852318.2 0.826 1501 0 NA 0.1392 0
1.03 3 623740342.75 623751420.75 0.8175 1188 0 NA 0.136775 0
1.04 3 624882999.666667 624887106.333333 0.803333333333333 1206 0.000643210928689884 0 0.135533333333333 56949.3198053021
1.05 3 625919791.5 625926533 0.79 1262 0 NA 0.11515 0
1.06 3 626976767.875 626982572.5 0.82125 3082 0.00157628873134328 0.234729231278012 0.135375 139726.424939017
1.07 3 628061829.6 628068207.6 0.838 2932 0.000284362482946794 0.550229251953941 0.1159 29442.189778788
1.08 3 629038741.5 629042666.5 0.84 672 0 NA 0.1505 0
1.09 3 630587372.444444 630592027.111111 0.822222222222222 2379 0.0127223451408155 0.0533632829396166 0.1441 1059459.69250372
1.1 3 631968260.25 631973859.5 0.7825 1647 0 NA 0.116375 0
1.11 3 633134606.6 633138963.8 0.76 1384 0.00110543040462428 0 0.15282 86802.5445327269
1.12 3 634649922.6 634656194.4 0.744 2288 0.000713382023601399 0.138505123276818 0.12844 66650.45377777
1.13 3 636156413 636161216 0.73 1269 0.000651292009456265 0 0.144575 54058.4756249364
1.14 3 637519430 637523852 0.72 333 0 NA 0.1457 0
1.15 3 638654195.5 638668473.75 0.7125 2772 0.000554164875541125 0.606983991586445 0.1773 37506.9289706345
1.16 3 640189426 640197303.666667 0.71 1556 0 Inf 0.123466666666667 0
1.17 3 641524410.142857 641542301 0.71 3010 0.000531609916943522 0.286110709220663 0.142628571428571 44726.7958966905
1.18 3 642582131 642585604 0.71 463 0.00170213 0 0.1942 105177.960865088
1.19 3 645017109.75 645021747.5 0.715 1111 0.00143864265526553 0.0906169437301946 0.17325 99646.2445205559
1.2 3 646002524.75 646008336 0.72 1600 0.00201815826875 0.212288908907209 0.1538 157463.584037711
1.21 3 648205455 648211793.333333 0.74 2041 0.000391876384125429 0.285796913979488 0.1166 40330.3311278314
1.22 3 649351389 649362433 0.75 1689 0.000469285135583185 0.867426940897927 0.126 44693.8224364938
1.23 3 650452438 650456399.75 0.765 1535 0.00105145507491857 0 0.190275 66311.7114651047
1.24 3 652174942.7 652180243.1 0.79 3568 0 NA 0.21542 0
1.25 3 653414009.166667 653418003 0.798333333333333 1542 0.000541058326848249 0.549898174776212 0.147416666666667 44043.1877140463
1.26 3 654578239.5 654583493.333333 0.8 2314 0.00587436046672429 0.201919324766571 0.1619 435406.581844913
1.27 3 655319292.666667 655323397.333333 0.8 1191 0.000686103240973971 0.278051007982682 0.1618 50885.2836321858
1.28 3 656335494 656341387 0.79 747 0 NA 0.1233 0
1.29 3 657615534.5 657621263.75 0.795 2164 0.00992087670055453 0.0749765869524945 0.2257 527472.398788898
1.3 3 658801310.5 658804088.5 0.82 525 0 Inf 0.253175 0
1.31 3 659958993 659983035.666667 0.84 842 0.00269772978622328 0.101606027075251 0.238166666666667 135924.803784518
1.32 3 661269420.666667 661283122.666667 0.846666666666667 992 0.00729144758064516 0.315593774522626 0.126 694423.579109063
1.33 3 662653670 662656927 0.84 369 0.00139308 0.275754443391621 0.1146 145872.251308901
1.35 3 664631331.5 664636128 0.7875 1419 0.00381261462297393 0.128407557852695 0.09735 469967.904218666
1.36 3 666251135.5 666279526 0.76 1049 0.0121243576739752 0 0.13515 1076524.54374919
1.37 3 667678838.5 667713023.5 0.755 476 0.0064154275210084 0.151900797169114 0.1771 434698.646256922
1.39 3 670304546.5 670362096.5 0.725 421 0.00185968111638955 0.587553992188914 0.12995 171728.921867446
1.4 3 671441262.5 671445441.25 0.705 1243 0.00529964424778761 0.139384701333495 0.14625 434842.604946676
1.41 3 673165127.5 673169240.75 0.67 2149 0.00986942868310842 0.0652520513468276 0.15985 740901.746620589
1.42 3 674440191.6 674446335.2 0.66 2649 0.00399205531143828 0.162201388644837 0.15718 304775.822224579
1.43 3 676203662.333333 676207880 0.66 786 0.00194770442748092 0 0.1597 146352.242515786
1.44 3 677411905 677416668.333333 0.666666666666667 592 0.0113570200168919 0.0515133019472709 0.306033333333333 445324.823666385
1.45 3 679681308.833333 679686989.5 0.696666666666667 2230 0.00876650787892377 0.0707825968327642 0.158883333333333 662109.060403348
1.46 3 681876593 681886419.25 0.69 1530 0.0190162166797386 0.0988660085672897 0.136975 1665958.02268197
1.47 3 683314554.5 683316980 0.69 219 0.0204967205479452 0 0.2814 874060.577737536
1.48 3 684568374 684573864 0.69 588 0.0318971039115646 0.0976480639374789 0.161333333333333 2372511.86119076
1.49 3 686656884.75 686662765.5 0.69 1827 0.0132330935960591 0.0345255289954503 0.169275 938101.451204899
1.5 3 687480275.8 687485166.4 0.696 2138 0.00337095383536015 0.379828063837 0.20544 196901.509074775
1.51 3 688570109.666667 688575435.333333 0.7 1229 0 Inf 0.1493 0
1.52 3 689497290 689544691.666667 0.7 1512 0.00624028042989418 0.0487387475287084 0.152833333333333 489967.492859739
1.53 3 690830831.25 690834398.75 0.7 1482 0.0025944971120108 0.180414484229978 0.235775 132049.47659476
1.54 3 692313114 692319961 0.71 732 0.00327496 0.190755001587806 0.1088 361208.823529412
1.55 3 692797735 692801414 0.71 242 0 NA 0.1062 0
1.56 3 693391092 693396465 0.71 600 0.00128928 0.298389798957558 0.1247 124068.644747394
1.57 3 694406518 694410988.333333 0.71 1515 0 Inf 0.164766666666667 0
1.58 3 695629335 695638266 NA 1425 0.00142105263157895 0.2249568 0.09765 174630.123696338
1.59 3 696419363 696425501 NA 844 0 NA 0.11515 0
1.6 3 697569825 697576260 NA 753 0.00647336 0 0.1206 644115.422885572
1.62 3 699042949.5 699059082 NA 848 0.00717226964622642 0.114452916214422 0.24115 356903.320566938
1.63 3 699472353.666667 699479715.666667 NA 1929 0.00117515085536547 0.307656791358642 0.2459 57347.7440601289
0 4 351572 355839 1.63 956 0.00681218539748954 0.0703170664559375 0.2204 370899.386433187
0.01 4 531798 535120.5 1.63 170 0.0316380275294118 0 0.20885 1817842.13719388
0.02 4 1208591 1212385 1.62 1525 0.00212791160655738 0.0701583191610449 0.280125 91155.5172822437
0.03 4 1967809.75 1974913.25 1.6075 1399 0.0149922798427448 0.0990084985126607 0.2411 746193.936594516
0.05 4 3363625 3369448 1.585 2520 0.00664613805952381 0.0840011658256307 0.11855 672742.781225523
0.06 4 4191773 4196935 1.57 1492 0.0229876759048257 0.0235411189095759 0.179466666666667 1537065.99660796
0.07 4 4778106 4784175 1.56 598 0.00263519 0 0.1093 289316.37694419
0.08 4 5289126.25 5293678.5 1.5525 2185 0.0124523507322654 0.0168261102334722 0.247125 604666.499897563
0.09 4 6008216 6012414.66666667 1.54 913 0.0071567269550931 0.0532928929459425 0.168366666666667 510081.509371118
0.1 4 6313217.8 6318354.8 1.536 1698 0.00284901813309776 0 0.23786 143732.521639507
0.12 4 7710476.66666667 7715903.66666667 1.51 1267 0.00797708784530387 0.0682392515786853 0.150833333333333 634641.242941302
0.14 4 8767076.5 8773663.5 1.49 451 0 NA 0.1636 0
0.15 4 9619284.125 9625639.25 1.47375 4544 0.0032752427090669 0.280739475517057 0.110775 354799.481009278
0.16 4 10314792 10329131.75 1.4575 2405 0.00461680771725572 0.0950658439139869 0.14105 392780.521850894
0.17 4 10898651 10905209 1.45 952 0.00185579 0.755882939341197 0.198 112472.121212121
0.18 4 11582128.8 11587154.2 1.434 1725 0.00856422890434783 0.107670350796748 0.33142 310092.169610084
0.19 4 12371990.5 12376118.5 1.42 687 0 NA 0.1579 0
0.2 4 13299705 13303311 1.4 120 0 NA 0.2842 0
0.21 4 13880595.2222222 13897282.4444444 1.38777777777778 3099 0.00512088881252017 0.0575257964527668 0.154088888888889 398800.109426145
0.22 4 15071036.7777778 15075215.5555556 1.37444444444444 3298 0.00471498843238326 0.0881655380660844 0.139477777777778 405655.023259295
0.23 4 15682811.6666667 15687653.3333333 1.36666666666667 958 0.00142855590814196 0.33114636051286 0.121733333333333 140821.502445538
0.24 4 16464203 16474102 1.35 528 0 NA 0.1208 0
0.25 4 17570576.6666667 17575592.6666667 1.32666666666667 928 0.000850364439655172 0.298118904901575 0.140966666666667 72388.5548063046
0.26 4 18473587.5 18477927 1.305 469 0.00329790187633262 0.148032142268292 0.12805 309057.575290835
0.27 4 19321789.3333333 19330345.2222222 1.28111111111111 4461 0.00247535964806097 0.0128550161141291 0.135188888888889 219724.535210475
0.28 4 19974847.6 19978195.4 1.27 1028 0.00170375003891051 0.125049341831806 0.18224 112187.228198672
0.3 4 21623779 21629873.8571429 1.25 3099 0.00627507080671184 0.0478631364900879 0.106685714285714 705819.426571766
0.31 4 22320174.6666667 22324947.3333333 1.23 1147 0.00329440285091543 0.184275240851497 0.153433333333333 257654.796074203
0.32 4 22798860.5 22802856 1.215 524 0.00152269076335878 0 0.09775 186928.789363737
0.33 4 23469137 23474563.5 1.19 1134 0 NA 0.13965 0
0.34 4 23737236 23743730.5 1.19 1497 0.0015872839011356 0 0.2476 76928.1373732926
0.35 4 24289724 24315017 1.19 2546 0 Inf 0.0746 0
0.36 4 24979535 24985488 1.2 822 0.00387175 0.215796216181313 0.1127 412253.771073647
0.37 4 25535830 25543683 1.2 412 0.0113879 0 0.1018 1342385.06876228
0.38 4 26204201 26208894 1.19 516 0 NA 0.18425 0
0.39 4 26718512.25 26725273.5 1.1775 2130 0.000770520174647887 0.276068632208667 0.140675 65727.6850597096
0.4 4 27451857 27457992.6666667 1.15333333333333 967 0 NA 0.121433333333333 0
0.42 4 29096350.5 29103081.5 1.075 1024 0.000708705888671875 0 0.1029 82647.9170462828
0.43 4 30710445.25 30719505.375 0.95875 2921 0.000264770198562136 0 0.1254875 25319.1942045673
0.44 4 32761844.6 32766856.4 0.902 1952 0 NA 0.10644 0
0.45 4 34917558.5 34931947.25 0.81 3674 0.000876912399292324 0.212500931493175 0.121575 86555.2028912843
0.46 4 36891311.6 36898006.2 0.626 1219 0 Inf 0.20094 0
0.47 4 38136326.3333333 38142609.6666667 0.543333333333333 1151 0 NA 0.162833333333333 0
0.48 4 41895386 41901414 0.334 1679 0 NA 0.19902 0
0.49 4 45037095.2857143 45042220.2857143 0.202857142857143 1583 0 Inf 0.173885714285714 0
0.5 4 50213883.2857143 50222103.2857143 0.0771428571428571 2004 0.000403509750499002 0.849061086434777 0.116971428571429 41395.7242817735
0.51 4 57405650.047619 57414099.5714286 0.0552380952380952 9496 0.000331308981676495 0.366372603636384 0.126133333333333 31519.8819776793
0.52 4 87631397.8727273 87638237.1090909 -0.0127272727272727 22468 0.000499924102189781 0.195040653495217 0.152894545454545 39236.777273136
0.53 4 132294214.969697 132306953.515152 -0.0281818181818182 13929 0.000166009619498887 0.300645118298133 0.126639393939394 15730.6140847454
0.54 4 204459798.22449 204478081 0.01 20948 0.000152077366335688 0.143494657357586 0.118889795918367 15349.7479067194
0.55 4 366678202.092105 366691985.592105 0.00131578947368421 36031 7.90703611334684e-05 0.484637793612011 0.111617105263158 8500.88641310438
0.59 4 427823599.142857 427828978.285714 0.0285714285714286 2454 0 NA 0.103471428571429 0
0.6 4 432811331.8 432816143.2 0.03 2235 0.000352268751677852 0 0.16908 25001.330850096
0.61 4 436531443 436534775.333333 0.0366666666666667 770 0 Inf 0.107 0
0.62 4 438634259 438638896.666667 0.04 1566 0 NA 0.0760666666666667 0
0.63 4 444367303.75 444374000.5 0.045 1503 0 NA 0.0858 0
0.64 4 447485756.25 447491409.75 0.05 2263 0 NA 0.098075 0
0.65 4 453169981 453183100.25 0.055 760 0 Inf 0.2003 0
0.66 4 458846166.222222 458851260.555556 0.0611111111111111 3549 0.000235867878275571 0.818473111358554 0.1514 18694.9441169541
0.67 4 464147638.857143 464158539 0.0685714285714286 1223 0 NA 0.145157142857143 0
0.68 4 472732918.166667 472737204 0.0572222222222222 6503 0.000239125556204829 0 0.15155 18934.3891419198
0.69 4 492078576.520833 492087048.375 0.0514583333333333 18971 0.000372990533762058 0.377880283798891 0.135964583333333 32919.5022366341
0.7 4 512593321.2 512598429 0.098 9806 8.00993024678768e-05 0.586038134186282 0.127732 7525.06521165034
0.71 4 522131762.8 522136743.2 0.124 4112 0.000178181439688716 0.311410307728558 0.12788 16720.18514439
0.72 4 527743085.363636 527749924.545455 0.142727272727273 5672 0.000323169747884344 0 0.134981818181818 28730.0691815284
0.73 4 536213997.8 536219436.5 0.15 3822 0.000201291522762951 0 0.12159 19865.9287207453
0.74 4 542884459.307692 542892948.076923 0.119230769230769 5377 0 Inf 0.129592307692308 0
0.75 4 550627342.941176 550632638.941176 0.111764705882353 6900 0 Inf 0.120705882352941 0
0.76 4 559088154.090909 559101111.909091 0.197272727272727 4242 0 NA 0.228372727272727 0
0.77 4 564282493 564290667.636364 0.312727272727273 6877 0 Inf 0.119390909090909 0
0.78 4 567385619.333333 567390890.666667 0.376666666666667 3786 0.000209017749603803 0.288677187539332 0.165555555555556 15150.2798370542
0.79 4 569391453.428571 569397350 0.44 2935 0.00054949998637138 0.0892264800548488 0.113828571428571 57929.2154307178
0.8 4 570962477 570967090.8 0.48 1320 0 Inf 0.1641 0
0.81 4 572873207 572881075.5 0.5 2985 0.000568803574539363 0.403915265040699 0.12925 52809.6162048152
0.82 4 574950392.875 574956290.375 0.49125 4046 0.000201845605536332 0.558591476392125 0.1217375 19896.4761592442
0.83 4 576813553 576818598.333333 0.493333333333333 608 0 NA 0.178033333333333 0
0.84 4 578713908 578719289 0.505 634 0 NA 0.13235 0
0.85 4 580412308.2 580418494.4 0.518 2139 0.00185493677419355 0 0.13178 168912.136062548
0.86 4 581871901 581914310.25 0.5325 2501 0 Inf 0.128975 0
0.87 4 583308807.5 583312962 0.545 488 0.00331681260245902 0 0.1359 292875.284985344
0.88 4 585971664.25 586008348.25 0.58 1374 0.00165145036390102 0.40202380440324 0.11555 171505.013992317
0.89 4 587219545.5 587227067.25 0.585 1291 0.00126149985282727 0.279698042543152 0.145325 104166.511157249
0.9 4 589015640.25 589022656.75 0.5825 4349 0.000366853223269717 0.140296072743527 0.1098 40093.2484447778
0.91 4 591010394 591013722.8 0.6 677 0.00127105701624815 0.786672100681274 0.2518 60574.5996623425
0.92 4 593286393.2 593293069.4 0.638 2465 0.000976486296146045 0.288051918001552 0.12922 90681.284272965
0.93 4 595437707.5 595442346.75 0.7025 1026 0.00155278127680312 0.145158245539904 0.206875 90070.6964187912
0.94 4 596356505.111111 596361033.666667 0.738888888888889 2471 0.00157009282072036 0.295656439729907 0.167933333333333 112194.008626306
0.95 4 597907220.5 597911542 0.805 1211 0.000681455739058629 0.280302452768754 0.13805 59235.5586287834
0.96 4 599133401 599138194.8 0.846 1666 0.00088634144057623 0.152183359134618 0.1647 64578.6113352445
0.97 4 600335187 600339063.5 0.875 560 0 NA 0.09135 0
0.98 4 601352425.6 601357978 0.888 2206 0.000233112923844062 2.20493305251633 0.13394 20885.1357781749
0.99 4 602590230.5 602594596.75 0.8975 1910 0.000883537759162304 0.815176756802164 0.111975 94685.895154701
1 4 603599889 603603383 0.89 235 0 NA 0.1486 0
1.01 4 604527739.333333 604533731.666667 0.89 1618 0 NA 0.213033333333333 0
1.02 4 605428509 605438917 0.896666666666667 2232 0.00171929903225806 0.0979855050225416 0.113166666666667 182311.532139294
1.03 4 606188813.5 606194675.75 0.91 1998 0.000411679079079079 0 0.153275 32230.6243611088
1.05 4 608230023.666667 608235563.5 0.91 2739 0.00146646884994524 0.280523913538493 0.15825 111201.429379733
1.06 4 609258726 609270189.666667 0.9 2589 0 Inf 0.135366666666667 0
1.07 4 610617510 610621897.5 0.89 646 0 NA 0.1306 0
1.08 4 611654733.8 611658162 0.872 803 0 Inf 0.14354 0
1.1 4 613778288 613782704.5 0.8175 1707 0 NA 0.1531 0
1.11 4 615383587 615388493 0.77 601 0 NA 0.1255 0
1.12 4 617284643.6 617291137.6 0.668 1914 0.000417972831765935 0 0.15028 33375.5255602291
1.13 4 618752690.333333 618756814.5 0.7 1886 0.00169036794803818 0.0726205641567901 0.145983333333333 138950.2137901
1.14 4 621064303.625 621072983.75 0.67625 2817 0.00450909897408591 0.0567696122813262 0.142675 379247.854838135
1.15 4 622232008.666667 622236825 0.74 1257 0.00310575069212411 0.295268615848821 0.129 288907.041127824
1.16 4 623231199.75 623238296.25 0.8075 2243 0.00449893613018279 0.0678204667624725 0.133325 404929.55981394
1.17 4 623744831 623750459 0.85 422 0 NA 0.1299 0
1.18 4 625052776.333333 625058413.333333 0.928333333333333 2595 0.00119040665895954 0.0748441179706248 0.1227 116421.189140297
1.19 4 626970938.333333 626976801 0.935 2274 0.00186015204485488 0.123696056422885 0.216433333333333 103134.873886918
1.2 4 628101367 628106187 0.97 1712 0.0115813075584112 0.0461841912841409 0.1326 1048082.13198292
1.21 4 628636215 628639479 0.98 19 0 NA 0.2422 0
1.22 4 629601122 629604236 0.99 155 0.0256137 0.115394105498229 0.1634 1881055.07955936
1.23 4 630250577 630260199 1 2179 0.0014522927925654 0.14504265089691 0.1147 151939.960861245
1.24 4 630735237.5 630739607.5 1 592 0.0013116039527027 0.299468337161043 0.18565 84779.140492499
1.25 4 632235646.75 632249749.5 1 2762 0.00644223411658219 0.0512241169491474 0.1387 557367.046856426
1.26 4 632893754 632897946.2 1 1455 0.00264475297594502 0 0.15678 202430.384687717
1.27 4 634109228.75 634113822.5 1 1625 0.00145808204553846 0 0.2044 85601.6856480506
1.28 4 634768494 634773415 1 752 0 NA 0.1313 0
1.29 4 636629536.4 636635728.6 1 3465 0.0025345277950938 0.312850578252247 0.17768 171174.772293593
1.3 4 639213994 639219642 NA 599 0 NA 0.1943 0
1.31 4 640977641.777778 640991949.666667 NA 10997 0.00382008704192052 0.127922119620132 0.154294444444444 297101.069763739
1.32 4 645053666.625 645063938.375 NA 2722 0.000820416230712711 0.208302591051411 0.251875 39086.827865221
0 5 320459 326008.5 NA 801 0.00585836313358302 0.196300568309265 0.1665 422224.369987965
0.01 5 545628.5 550170 1.45 1019 0.00296419655544652 0.151873754337541 0.1668 213251.550751548
0.02 5 1070502 1071965 1.44 99 0 NA 0.4809 0
0.05 5 2253519 2257114 1.41 437 0 NA 0.1843 0
0.06 5 2730539.5 2736143 1.405 984 0.0016869918699187 0 0.20645 98057.1685106534
0.07 5 3141079 3152916 1.39 745 0.00108254 0.282763685406544 0.1381 94065.7494569153
0.08 5 3599882.5 3604590 1.38 1137 0.00893608592788039 0.115870124765735 0.23135 463509.968163236
0.09 5 4058167.33333333 4061779 1.37 1393 0.0107342216941852 0.0153056906144703 0.247166666666667 521148.99661587
0.11 5 4723603 4727771 1.35 679 0.00112045 0 0.1311 102558.352402746
0.12 5 5372730.5 5376918.5 1.33 682 0.00310701818181818 0.336349671710965 0.32195 115807.479987011
0.13 5 5937517.33333333 5965671.33333333 1.31333333333333 1889 0.000704778242456326 0.171490606997039 0.1466 57689.8970632736
0.14 5 6257175.5 6263688 1.305 677 0 NA 0.1039 0
0.15 5 6845355.33333333 6850927.33333333 1.28333333333333 1328 0.000627899811746988 0.562463392288514 0.1954 38560.8891553933
0.16 5 7512955 7521181 1.26 1744 0 Inf 0.1396 0
0.19 5 9267598 9272847 1.22 1023 0.00764466372434018 0.0294017915619387 0.1325 692346.903336469
0.2 5 9866256 9870141 1.21 138 0 NA 0.1206 0
0.21 5 10156146 10160096 1.2 495 0.00743955 0.127271004294615 0.1477 604431.956668923
0.24 5 12058959 12064320 1.15 281 0 NA 0.1658 0
0.25 5 12329704 12334680 1.15 375 0 Inf 0.1327 0
0.26 5 13063879 13068538.5 1.13 1186 0.00132947664418212 0.437566759872607 0.11435 139516.569568741
0.27 5 14012962 14017702 1.11 906 0.000792079 0.32931184894436 0.1034 91924.0618955513
0.29 5 15466011.5 15475324.5 1.075 1266 0.00192958957345972 0.37263141274876 0.10265 225573.062654813
0.3 5 16251029.5 16257552 1.055 899 0 NA 0.15435 0
0.31 5 16903593 16909338.3333333 1.04333333333333 1198 0 Inf 0.111 0
0.33 5 19092716.5 19098294 0.995 423 0.00513309163120567 0.109661007525748 0.1073 574064.301719181
0.34 5 19915155.1666667 19927026.3333333 0.976666666666667 1348 0.00366488491097923 0.247834873776383 0.1619 271640.63577363
0.35 5 21488062 21493613.5 0.925 1182 0 NA 0.1378 0
0.36 5 22940699 22945576 0.89 183 0 NA 0.075 0
0.37 5 23608568.3333333 23612972.3333333 0.87 1679 0.00323571672424062 0.0427050530727761 0.123233333333333 315081.963950939
0.38 5 24670203 24672875.5 0.84 641 0.00252008018720749 0.139009699565066 0.10865 278333.752843901
0.39 5 26354880.5 26478186 0.8 569 0.0311466242530756 0.065118821295672 0.10665 3504542.81328558
0.4 5 27948136.6666667 27955840 0.763333333333333 1467 0 Inf 0.235766666666667 0
0.41 5 28849673.75 28853828.75 0.745 1233 0.000656944720194647 0.274294195138931 0.1019 77363.460670616
0.42 5 31030645.75 31039712.25 0.7025 1768 0.000457765226244344 0.847048046917686 0.122725 44760.0954567702
0.43 5 33083955 33091011.6 0.668 2642 0.000926036756245269 0.375799924982091 0.1393 79773.4463384295
0.44 5 34729815.3333333 34734499 0.646666666666667 907 0.000905171686879823 0.283127926220652 0.152966666666667 71009.3282363775
0.45 5 39561644.25 39568582.75 0.435 1652 0 Inf 0.0973 0
0.46 5 42529913.5 42534754.5 0.325 2573 0 Inf 0.110016666666667 0
0.47 5 58212418.4375 58228562.75 0.003125 5290 0.000292882920604915 0.44685393200048 0.12433125 28267.994146757
0.48 5 191923616.226744 191935960.034884 0.00680232558139535 75204 0.000212674021661082 0.339337888493794 0.119288953488372 21394.1709211302
0.49 5 356809036.346154 356816833.076923 0.03 8516 0.000750562247534053 0.213415153265172 0.130942307692308 68784.0861303054
0.5 5 370297420.25 370303410.75 0.0383333333333333 4667 0.00138943088236555 0.349704148583015 0.1364 122237.321029227
0.51 5 382636649.230769 382651518.230769 0.04 6623 0.000610463310584327 0.340569526801433 0.1053 69568.4684426584
0.52 5 409314583.328358 409323952.925373 0.0441791044776119 26974 0.000485306198672796 0.299787297038193 0.115870149253731 50260.3511049332
0.53 5 445205836.939394 445215233.060606 0.0396969696969697 14106 0.00075749419679569 0.283171276544138 0.125178787878788 72615.5806073962
0.54 5 462334241.583333 462338911.083333 0.106666666666667 4182 0.000740563634624582 0.295173007161115 0.105891666666667 83923.1631273627
0.55 5 469030714.769231 469043593.538462 0.156153846153846 5005 0.00120945251548452 0.191098792821747 0.0980846153846154 147968.467112842
0.56 5 475126852.8 475133162.2 0.214 2917 0.000830977792252314 0.188897614089051 0.24774 40250.8012716064
0.57 5 479552309.555556 479559124.666667 0.26 4355 0.000749329971067738 0.211748281792365 0.120633333333333 74539.5936956026
0.58 5 483589766.1 483599834.9 0.277 3288 0.000471031161800487 0.59180004117642 0.10744 52609.586202586
0.59 5 487787087 487792297.75 0.295 977 0 Inf 0.107025 0
0.6 5 490107122 490115847.333333 0.303333333333333 1602 0.000488822971285893 0 0.131933333333333 44460.9069385855
0.61 5 494339173.4 494343983.4 0.322 1232 0.0026786599025974 0.202257758758877 0.26618 120760.082767935
0.62 5 495773020 495782318.285714 0.331428571428571 3326 0.000976386168370415 0 0.165328571428571 70868.779178359
0.63 5 499151105.666667 499156285.333333 0.348333333333333 1310 0 NA 0.16485 0
0.64 5 501888058.8 501892970.6 0.36 1777 0.000445990377039955 0 0.12336 43384.2779221746
0.65 5 504159106 504169851.5 0.375 1119 0 Inf 0.1213 0
0.66 5 506500881.666667 506510582.333333 0.39 915 0 NA 0.1851 0
0.67 5 509319948 509323653 0.41 148 0 Inf 0.1357 0
0.68 5 510054574 510061225.333333 0.41 2368 0.00159081912162162 0.12351634577767 0.124866666666667 152881.709499141
0.69 5 513102937 513106584.4 0.436 1222 0.000626292602291326 0 0.13032 57669.6687192749
0.7 5 514979503.222222 514984105.555556 0.448888888888889 2089 0.0007180765581618 0 0.149966666666667 57458.8932958986
0.71 5 517604097 517610047 0.47 426 0.00198102 0.80063805514331 0.1647 144336.612021858
0.72 5 520522410 520535261 0.4925 1974 0.00366493532421479 0.125929505456329 0.12425 353957.536342676
0.73 5 522585353.25 522589090.75 0.5075 741 0.000983002105263158 0.321481559643174 0.192075 61413.6418750899
0.75 5 526957733 526964710.375 0.545 2366 0.002695602227388 0.072861105518748 0.137625 235038.88631176
0.76 5 529069982.75 529077739.5 0.565 1979 0.000409499819100556 0.283474283991426 0.09885 49711.6624097792
0.77 5 530408187 530416228.333333 0.573333333333333 1214 0.0010816137339374 0.347293487023687 0.094 138078.349013285
0.78 5 532281404.5 532291367 0.59 920 0.00487776978260869 0.112778264977744 0.13295 440265.042431774
0.79 5 534095222.2 534099118.6 0.612 2155 0.00111197152204176 0 0.17154 77787.4447038659
0.8 5 535718182.6 535723854.2 0.63 2003 0.00207424896655017 0 0.14146 175957.780281366
0.81 5 537881702.666667 537886465.666667 0.66 1212 0.00061086803630363 0.315996973197503 0.0914666666666667 80143.0368328378
0.82 5 538518005 538521645.25 0.67 1767 0.000906421445387663 0 0.160825 67632.8763852134
0.83 5 540557382 540560810.75 0.6925 836 0.00100559476076555 0 0.19025 63427.7904293645
0.84 5 542057159 542062564 0.705 2218 0.00106105006762849 0.486845391369596 0.199025 63974.8816055366
0.86 5 544890718 544896237 0.735 650 0 NA 0.0851 0
0.87 5 546255767.25 546262947 0.745 1696 0.0027525870990566 0.0496009669479638 0.1878 175884.159684128
0.88 5 547178576.5 547182018.75 0.75 1239 0 NA 0.1254 0
0.89 5 548970510.666667 548993638.666667 0.763333333333333 1545 0.000507255210355987 0 0.117 52026.1754211269
0.9 5 549629259.833333 549633974.5 0.77 2348 0.00213319652896082 0.0909844312411604 0.131083333333333 195283.089745936
0.91 5 551393132 551402919.666667 0.776666666666667 588 0 Inf 0.0982 0
0.92 5 552595407.571429 552600938.285714 0.78 2869 0.00081203650052283 0.298475938475895 0.133828571428571 72812.8373654118
0.93 5 553601196 553607518.25 0.79 2121 0 NA 0.1492 0
0.94 5 554673243.666667 554678791.888889 0.813333333333333 3259 0.00142848749002762 0.271557992748841 0.124055555555556 138178.816769353
0.95 5 556006492 556011229 0.835 1392 0 NA 0.0973 0
0.96 5 556677998.666667 556692827.666667 0.843333333333333 1036 0.000804680154440154 0.557360568596381 0.1467 65822.507520667
0.97 5 557786401.666667 557792531 0.85 980 0.0129749780612245 0.179715047294524 0.152666666666667 1019867.27118795
0.98 5 559177471.5 559184490.666667 0.86 1636 0.00139574292787286 0.0991410035185449 0.133533333333333 125428.720427916
1 5 561644311 561648315.666667 0.86 868 0.00182352400921659 0.144857233314205 0.155366666666667 140842.875631404
1.01 5 562259948 562266078 0.853333333333333 656 0.00677290594512195 0 0.138233333333333 587954.217565445
1.02 5 563508207.25 563513895.5 0.84 1987 0.000797907986914947 0 0.16565 57801.9670569234
1.03 5 565028777.5 565032839.5 0.85 1200 0.000695891208333333 0.27047001300311 0.13265 62952.8420655861
1.04 5 565945036.75 565968550.25 0.86 1222 0.000431119738134206 0 0.155425 33285.7446203022
1.05 5 567489988.25 567493577.25 0.86 960 0.012633350375 0 0.255075 594335.801234931
1.06 5 568198891.625 568203661.625 0.87 2011 0.00157991081054202 0.217832674552149 0.1544125 122781.055461859
1.07 5 569768908 569772294.5 0.87 499 0.00309952929859719 0 0.1986 187282.737075359
1.08 5 570993297.857143 570999059 0.87 1918 0.00121059778936392 0.300877061331345 0.207571428571429 69986.3828675632
1.1 5 572716099.333333 572719249 0.87 637 0 Inf 0.273833333333333 0
1.11 5 574280698 574296891.5 0.87 1407 0.00518147843638948 0.124968145244954 0.19275 322582.31510596
1.12 5 575074648 575080916.5 0.87 559 0.0318956747763864 0.0129379537118166 0.1828 2093807.97219167
1.13 5 576707262 576723222.4 0.86 1954 0.00205653987205732 0.284072159034922 0.20664 119427.402558497
1.14 5 577524230 577528933 0.855 475 0 NA 0.1147 0
1.15 5 579610186 579614910.25 0.84 825 0.00189489581818182 0.147911980832975 0.211825 107346.865658831
1.16 5 580869100.75 580879452 0.83 1053 0.00075997603988604 0.285597724084794 0.16435 55489.5800342712
1.17 5 581662762.222222 581668036.111111 0.823333333333333 4726 0.00597863952687262 0.112712793906365 0.130266666666667 550744.685177621
1.18 5 582853700.2 582858637.8 0.812 3444 0.0028408306358885 0.0468208798564543 0.11852 287630.50650238
1.19 5 584644735.5 584649186.5 0.79 975 0.0127452605128205 0.204549140398414 0.11705 1306647.80994315
1.2 5 585461739.5 585489274.5 0.781666666666667 2067 0.00410465095307209 0.0272211911376891 0.142816666666667 344888.398437612
1.21 5 586934110 586937365 0.77 115 0.00689655 0.288916922229231 0.1163 711595.872742906
1.22 5 587527004.8 587531334.9 0.77 3047 0.00491241509681654 0.0931019769151105 0.17843 330375.952260262
1.23 5 588812322.5 588817888.5 0.755 2160 0.00108825414814815 0.293592798244092 0.14685 88927.8159875913
1.24 5 589900816.571429 589907707.142857 0.741428571428571 4343 0.00420100913585079 0.0125307872880695 0.143728571428571 350745.221559951
1.25 5 591533393.545455 591539324.181818 0.738181818181818 4776 0.000651666568257956 0.0743164958194917 0.147090909090909 53164.3924660385
1.26 5 593204729 593209665.333333 0.723333333333333 1629 0 NA 0.127266666666667 0
1.27 5 595201959.5 595207182.25 0.6725 2134 0.00112543330834114 0.379800880442309 0.1085 124471.886636809
1.28 5 596194800.666667 596200277 0.62 1096 0.00215434620437956 0 0.2343 110337.83377104
1.29 5 597552493.25 597582730.25 0.5825 6828 0.00106101982513181 0.194230363581986 0.125808333333333 101203.45420877
1.3 5 598311673 598315552.5 0.57 608 0.00137744284539474 0 0.4223 39141.1653912783
1.31 5 600482246.142857 600487241.571429 0.611428571428571 2836 0.000277449319464034 0.576270876902041 0.112428571428571 29613.3962325017
1.32 5 602662543.461538 602667313.846154 0.595384615384615 3484 0.000866251572904707 0.352856843436662 0.195861538461538 53073.3035005633
1.33 5 604832385 604837212 0.6 2317 0.000714625882606819 0.41462121148021 0.10935 78422.5934273601
1.34 5 606384787.666667 606389701.833333 0.625 1903 0 NA 0.171383333333333 0
1.35 5 607765882.5 607769660.5 0.655 1147 0.000733309820401046 0 0.0977 90068.7599264335
1.36 5 609199138.666667 609224415.777778 0.655555555555556 3413 0.00231503447992968 0.088058328534956 0.188244444444444 147576.274248852
1.37 5 610351960.75 610356550.25 0.62 1551 0.00778751096067054 0.132544506717533 0.082625 1131015.20760117
1.38 5 611583515.666667 611588588.666667 0.61 1032 0.00429902131782946 0 0.242133333333333 213057.22390124
1.39 5 612925016.5 612931761 0.61 409 0 Inf 0.0918 0
1.4 5 614905055.2 614910021.8 0.603 3698 0.00169358933477555 0.181922863524536 0.13679 148571.328439993
1.41 5 616451183.5 616460946.166667 0.593333333333333 1793 0.00459488680981595 0 0.212866666666667 259029.009009355
1.42 5 619034337.8 619038336 0.538 2227 0.000370717557251908 0.548857359845347 0.11394 39043.4499475417
1.43 5 621129847.5 621135214 0.51 2917 0 NA 0.1567375 0
1.44 5 623553971.333333 623560403.833333 0.548333333333333 1618 0.00156486580964153 0.449228106093349 0.13985 134275.221420797
1.45 5 625321467.222222 625325391.444444 0.563333333333333 2107 0.00874046298054105 0.0759479154050366 0.167511111111111 626140.887435947
1.46 5 626464581.166667 626475208.666667 0.571666666666667 3592 0.0024337448830735 0.209639719055876 0.115516666666667 252820.129247283
1.47 5 628402196.5 628405931.5 0.6 544 0 NA 0.2009 0
1.48 5 629512501.222222 629518721.555556 0.635555555555556 4811 0.000638654252754105 0.14802383243494 0.250066666666667 30647.2315371205
1.49 5 631311004 631315238.727273 0.649090909090909 2927 0.000555562350529552 0.847894277890281 0.183936363636364 36244.8624869772
1.51 5 634584920 634590431.5 0.62 657 0.0103491652968037 0.033061482645767 0.13355 929913.766841212
1.52 5 636451695 636458992.25 0.62 2378 0.000342253355761144 0.839898503029592 0.16415 25020.0442834829
1.53 5 637150557.75 637154503 0.625 1234 0.0144953645705024 0.140939108680173 0.20115 864749.56423579
1.54 5 639051578.75 639055754.5 0.64 1019 0 Inf 0.1655 0
1.55 5 640620209.2 640624984 0.644 1099 0.00338511895359418 0.0621423015516773 0.23488 172945.450626405
1.56 5 642520776.166667 642527244.75 0.650833333333333 4389 0.00383523795169743 0.138786899875348 0.153475 299872.001435863
1.57 5 644365115.222222 644372406.555556 0.686666666666667 3914 0.0108212211599387 0.0594441115153178 0.142944444444444 908427.427340363
1.58 5 645431427 645435768 0.71 365 0.0154208084383562 0 0.14155 1307309.79343182
1.59 5 646998597 647003408.5 0.725 750 0.0106239352 0.20128778784971 0.0994 1282567.62977867
1.6 5 648252180.714286 648256671.571429 0.734285714285714 2870 0.00139194216724739 0.17258591598841 0.163771428571429 101991.575408915
1.61 5 649499738 649505398.333333 0.74 1266 0.00064711429699842 0.55428405143408 0.134633333333333 57677.9269421716
1.62 5 651157536.666667 651166688.666667 0.74 3965 0.00100272339470366 0.230130180448341 0.0971 123920.501920122
1.63 5 651777167.333333 651782052.666667 0.743333333333333 711 0.00294455428973277 0.563151869041809 0.1779 198620.862713846
1.64 5 653512342 653540850 0.766666666666667 612 0.00123876816993464 0 0.167766666666667 88606.505300312
1.65 5 655259340 655263278 0.78 517 0 NA 0.1208 0
1.66 5 656200305.5 656203332 0.78 682 0.00936927064516129 0.107215692941218 0.12685 886332.264422038
1.67 5 657498456.6 657505434 0.768 1933 0.0128548464045525 0.120857887126424 0.12954 1190814.85915262
1.68 5 658104061.333333 658109974.833333 0.756666666666667 2031 0.000967448252092565 0 0.147533333333333 78689.8713857486
1.69 5 659444164 659450437.166667 0.733333333333333 2230 0.00373364083408072 0.192589478410346 0.217983333333333 205537.227657934
1.71 5 661857661.5 661861560.25 0.7275 957 0.00408049383490073 0.235768446593762 0.1817 269487.760147544
1.72 5 663299370.4 663344500.8 0.72 815 0.00568994939877301 0.10062366647331 0.21048 324398.483396409
1.73 5 664921835.25 664927590.75 0.70875 4729 0.00773530122436033 0.156796906470992 0.2060875 450408.756922783
1.74 5 668405394.4 668410827.2 0.683333333333333 3523 0.0106357674425206 0.0223462987682667 0.19194 664943.259926263
0 6 810667.833333333 816085.166666667 1.40333333333333 1887 0.00249221852146264 0.247739187178764 0.228566666666667 130844.198297586
0.02 6 4785898 4791138 1.42 817 0.0255176750305998 0.0891179740272187 0.21845 1401749.14336094
0.03 6 5146749.75 5153147 1.42 3001 0.00661605724091969 0.11679122943514 0.146925 540362.000279301
0.04 6 6360474.4 6366240.8 1.43 1928 0.0164073246369295 0.200783377575025 0.18126 1086218.1156524
0.05 6 7502791.5 7506439 1.44 266 0 NA 0.18615 0
0.06 6 8009379 8015945.33333333 1.44 2107 0.00695665364973897 0.031479624382628 0.104233333333333 800893.928335794
0.07 6 8580377.66666667 8586867.66666667 1.44 1504 0.00613452152260638 0.0498891324537867 0.2406 305961.173197326
0.08 6 9181532 9242639 1.44 225 0.02205084 0.45645245260498 0.15035 1759960.62520785
0.09 6 9730002 9736746.5 1.44 2289 0.00629701608562691 0.0416711917410671 0.1037 728680.742791928
0.1 6 10437004 10439223 1.44 135 0.0174545 0 0.7982 262407.917815084
0.11 6 10698522 10705711 1.44 1665 0.000438373933933934 2.15929370978689 0.16325 32223.5050977471
0.12 6 11538240 11544639.5 1.43 685 0.000746860861313869 0 0.187 47926.9001912643
0.13 6 11581144 11596995 1.43 63 0 NA 0.0373 0
0.14 6 12617685 12619508 1.45 150 0.0215973 0.140619892301352 0.1133 2287445.71932921
0.17 6 14328002 14332255 1.52 411 0.00420499 0 0.1834 275135.659760087
0.18 6 14499363.5 14504697 1.52 539 0.00887365009276438 0.0962547781183849 0.2513 423731.799097384
0.19 6 15689517 15694661 1.54 687 0 NA 0.1294 0
0.2 6 16416655 16422215 1.54 240 0 Inf 0.1505 0
0.21 6 16779868.8 16795579.2 1.54 1515 0.0140293293069307 0.194712097695531 0.1777 947394.213186091
0.22 6 17459394.3333333 17463644.6666667 1.53333333333333 891 0.00872819029180696 0.0587828011986728 0.2371 441747.294397653
0.24 6 18617841.6666667 18621743 1.50666666666667 1392 0.0254218929597701 0.142817983300494 0.159333333333333 1914619.55345549
0.26 6 19602630.5 19607605 1.47 1117 0.000708947323187108 0 0.235675 36097.880039229
0.27 6 20284940 20461422 1.43 232 0 NA 0.1152 0
0.29 6 22610898.4 22615861.8 1.34 1180 0.00660887686440678 0.0283293860015985 0.1472 538767.135685335
0.3 6 23621073 23626364 1.35 288 0.00261438 0 0.135 232389.333333333
0.31 6 24329486.2 24339958.8 1.342 1583 0.00203752429564119 0.271964636607537 0.2539 96298.9032993078
0.32 6 25179187 25181691 1.325 405 0 NA 0.14835 0
0.33 6 25865551 25867372 1.31 79 0 Inf 0.3573 0
0.35 6 27651059 27657144 1.22 157 0 Inf 0.0992 0
0.36 6 28189351.5 28191230 1.19 416 0.00743061096153846 0 0.1527 583937.993048209
0.37 6 28762532 28767404.5 1.15 1037 0.00155419238187078 0.143065577752649 0.15345 121539.971211791
0.38 6 29453673 29459393 1.1 429 0.00362127 0 0.1216 357362.171052632
0.39 6 30600779.25 30626107.75 0.9925 1342 0.000524906244411326 0 0.12715 49538.929869728
0.4 6 31321203.5 31364363 0.925 660 0.00599756166666667 0 0.11755 612256.401531263
0.41 6 32120972.3333333 32124853.3333333 0.876666666666667 577 0.00593811057192374 0.140125665960889 0.0887 803352.050316628
0.42 6 33016538.75 33020959.75 0.82 1410 0.00058909785106383 0.279029216894779 0.13005 54357.356499546
0.43 6 34273481 34277747.5 0.755 1095 0.0012901082739726 0.167936292147678 0.08845 175028.821793909
0.44 6 36230956 36238643.6 0.658 1412 0.00105701779036827 0.149045931458027 0.11458 110701.810825792
0.45 6 38030386 38033675 0.58 581 0.00260923211703959 0.459608700698181 0.37565 83350.952760482
0.46 6 40348108.3333333 40356806.3333333 0.396666666666667 2366 0.00167115021555368 0.347320240134767 0.111566666666667 179747.259515782
0.47 6 45405683.4347826 45412955.7826087 0.257391304347826 10382 0.00131361025871701 0.167895752540336 0.116826086956522 134929.821885335
0.48 6 55066356.0588235 55073949.0588235 0.0876470588235294 10786 0.000979620435379195 0.323986376713056 0.125123529411765 93950.7163825658
0.49 6 73913488.3214286 73919239.2142857 0.0414285714285714 11411 0.0018261898587328 0.139209585219707 0.139253571428571 157369.596197641
0.5 6 105451376.857143 105457642.5 0.0128571428571429 4634 0.00238907330384117 0.0415497235634555 0.139778571428571 205102.107948959
0.51 6 123968306.424242 123975856.090909 0.033030303030303 12249 0.000584557438158217 0.159783847228247 0.147733333333333 47482.1023774725
0.52 6 154163163.972222 154170112.861111 0.03 16251 0.000197254512337702 0.260299781717091 0.123422222222222 19178.5085816275
0.53 6 229876025.054054 229894442.243243 0.00945945945945946 28211 0.000568172173017617 0.137382634232323 0.110102702702703 61924.602292656
0.54 6 343015792.457627 343023964.711864 0.0244067796610169 25471 0.000915523445644066 0.325617364334685 0.107040677966102 102636.507507996
0.55 6 381635289.4 381644252 0.08 2132 0 NA 0.08562 0
0.56 6 391867854.555556 391877398.777778 0.0833333333333333 4978 0.000487049722780233 0.0936777430076529 0.152355555555556 38361.5592621537
0.57 6 396456470.25 396460934 0.0875 2613 0.000614594381936471 0.710975471412569 0.1223875 60260.505225106
0.58 6 405653337.571429 405658893.285714 0.08 2154 0.000818825557103064 0.342448807590531 0.137814285714286 71298.1722780734
0.59 6 424245609.931035 424252101.551724 0.0737931034482759 8242 0.00083817440305751 0.3911655495405 0.134093103448276 75008.2784128407
0.6 6 449611640.888889 449616845.888889 0.0522222222222222 3874 0.000820542937532266 0.216315088652755 0.0981111111111111 100360.857591715
0.61 6 461050076.636364 461055247 0.0672727272727273 3428 0.000218871645274212 0.5983734199485 0.130909090909091 20063.2341501361
0.62 6 468055652.428571 468062217.142857 0.0885714285714286 2614 0.000312649613618975 0.556000500400059 0.1024 36638.6265959736
0.63 6 474587948.8 474595032.8 0.116 1137 0.00068705854001759 0 0.15452 53356.8630611641
0.64 6 480480617.928571 480496258.428571 0.130714285714286 8886 0.000643171494710781 0.238190779175804 0.146228571428571 52780.779167356
0.65 6 491226707.133333 491233303.133333 0.137333333333333 6079 0.000384305183418325 0.200678625530827 0.14594 31599.7135879122
0.66 6 500327770.2 500332654.8 0.192 5346 0.000297683510662177 0.14593003777476 0.1218 29328.424695781
0.67 6 505082162.25 505086221.5 0.188333333333333 3918 0.00099467971669219 0.177169033556024 0.129816666666667 91946.257031503
0.68 6 509009964.125 509016158.75 0.25 2877 0 NA 0.131825 0
0.69 6 512999161.142857 513004492.571429 0.251428571428571 2741 0.00056441692812842 0 0.349842857142857 19360.1298390246
0.7 6 517070978 517073830.5 0.295 277 0 Inf 0.1397 0
0.71 6 519162925.1 519168309.7 0.345 3901 0.00060537327351961 0.194874334695396 0.14864 48872.9768718738
0.72 6 522303497.8 522307856.2 0.444 2551 0.000613566680517444 0.147605941920322 0.15956 46144.3981336759
0.73 6 525506960.090909 525525529.090909 0.513636363636364 7297 0.000442856144579964 0.142467815345077 0.125145454545455 42464.7763217749
0.74 6 527752229.4 527757738.2 0.562 2584 0 NA 0.1568 0
0.75 6 530121169.571429 530126578.857143 0.604285714285714 2702 0.000585990804589193 0 0.101442857142857 69318.7263561361
0.77 6 533432790.666667 533439962.666667 0.67 1701 0 Inf 0.102633333333333 0
0.78 6 535104809.5 535124185.5 0.7 1597 0 Inf 0.0738 0
0.79 6 536148360.75 536153170.25 0.715 844 0 NA 0.19555 0
0.8 6 537684456 537693785 0.74 948 0.000869093 0.27514546774626 0.0625 166865.856
0.81 6 538801564 538806092.5 0.79 768 0.001050295234375 0 0.1533 82214.8911448141
0.82 6 540207325 540211438 0.85 209 0 NA 0.1604 0
0.84 6 541751100 541753932 0.885 423 0.00175286543735225 0 0.2198 95697.840073826
0.85 6 542662479.75 542667436 0.89 856 0 Inf 0.1895 0
0.86 6 543914394 543945473 0.88 148 0 NA 0.4606 0
0.87 6 545087315 545098824 0.86 829 0 Inf 0.0798 0
0.88 6 545766425.666667 545775495.666667 0.836666666666667 2947 0.00107857432643366 0.433691782816748 0.145766666666667 88791.8494205621
0.89 6 546752238 546757528 0.85 596 0.00125261 0.937682119733995 0.0966 155603.726708075
0.9 6 548251132 548255470 0.88 235 0 NA 0.0832 0
0.91 6 548931587 548941023 0.89 758 0.00761559 0.196301271470759 0.0892 1024518.83408072
0.92 6 550289619.75 550295173.5 0.87875 3783 0.00355212059212265 0.108695703412084 0.1982625 214995.004630083
0.93 6 551178718.75 551185217.5 0.8625 2268 0 Inf 0.093725 0
0.94 6 552644796.5 552650020 0.793 2921 0.000536470178021226 0.300488231430044 0.2494 25812.5185896339
0.95 6 554763400 554767114 0.73 336 0.0135211 0.0511380730857697 0.1233 1315922.14111922
0.96 6 555316450.5 555325538.25 0.73 3386 0.000697838188718252 0.190417583044978 0.10835 77287.1090412461
0.97 6 556367797 556374394 0.73 342 0 NA 0.2447 0
0.98 6 557994616.5 557996994.5 0.765 556 0.00143717165467626 0.572287865965356 0.1498 115127.235354573
0.99 6 559282668.666667 559289123.833333 0.823333333333333 2930 0.00165136596587031 0.047581599568865 0.154116666666667 128580.45803251
1 6 560486117.5 560491613 0.895 903 0.0255499344739756 0 0.1248 2456724.4686515
1.01 6 561690898 561695592.25 0.94 1652 0.0131069054237288 0.116289041389812 0.140825 1116867.49571983
1.02 6 563137687.714286 563143134.285714 0.977142857142857 2346 0.00135476439045183 0.21761269499817 0.156171428571429 104098.251736145
1.03 6 564079807 564084232 0.99 637 0.00724596043956044 0.0500922408605386 0.1293 672478.927105377
1.04 6 565102932.4 565108455.2 1 2225 0.000693601793258427 0.243736782842966 0.17594 47307.1587990288
1.05 6 565852974 565858623.666667 1.00333333333333 1360 0.00111902230882353 0.247693697743002 0.116433333333333 115330.09767434
1.06 6 566964660.666667 566969992.666667 1.03 1915 0.00157511895561358 0.153534754953068 0.152366666666667 124052.247652787
1.07 6 567961258.333333 567965740 1.05 1491 0.00322248130784708 0.047513372596103 0.183 211310.249694891
1.08 6 568471093 568476958 1.06 726 0.00108696 0 0.2327 56052.9437043404
1.11 6 570757362 570762009 1.104 1400 0.00412915531428571 0.0786382522399808 0.28762 172275.445975344
1.12 6 571856022.5 571860277.5 1.12 1415 0.00322774566077739 0.0504373813734905 0.131475 294603.140744085
1.13 6 572791739.5 572798365 1.13 898 0.0288130102449889 0.0621991800660207 0.1657 2086639.24526172
1.14 6 573826809.666667 573865283.666667 1.14666666666667 2415 0.00102431772256729 0.18323922770307 0.108166666666667 113637.71344352
1.15 6 574889680 574894367.5 1.17 3013 0.00428169426817126 0.0535623832658971 0.17845 287925.644259205
1.16 6 575665028.8 575670231.6 1.184 2634 0.00473696791078208 0.0721318271048353 0.17334 327931.319541854
1.17 6 576634980.4 576640040.8 1.2 2146 0.0144612752096925 0.0590374909607709 0.17856 971859.893124493
1.18 6 577506123.5 577511522 1.21 639 0.00922080887323944 0.156274289156417 0.14945 740379.434452146
1.19 6 578680196.125 578686675.625 1.22625 4811 0.00569039970692164 0.184666110393484 0.12355 552689.570886764
1.2 6 579529649.5 579534117.5 1.24 1341 0.0139887938777032 0.0499431770852649 0.133425 1258126.48703345
1.21 6 580170847.666667 580175338 1.25 1199 0.0115067544620517 0.241241260726394 0.1704 810334.821271247
1.22 6 581191755.5 581195932.5 1.27 824 0.0316950400485437 0.0175582497690272 0.34305 1108702.75639856
1.23 6 581569096.333333 581576580 1.27 725 0.00108159056551724 1.17272643522855 0.174233333333333 74492.5585586774
1.25 6 583043562.75 583049977 1.2975 2354 0.0355140529736618 0.0153155655386825 0.15715 2711858.96076323
0 7 775912.666666667 781116.555555556 0.95 3584 0.00424281091238839 0.134433983083876 0.203088888888889 250696.782217938
0.01 7 3094665.16666667 3108906.58333333 0.963333333333333 5907 0.00707660284442187 0.0929549816274287 0.240708333333333 352788.924907997
0.02 7 5399092 5423750.8 0.97 2178 0.00190242068870523 0.110262325974882 0.11332 201456.479566386
0.03 7 6507605.16666667 6512127.83333333 0.97 1568 0.00316488612244898 0.0927513362991685 0.221166666666667 171719.518324285
0.04 7 7752330.33333333 7800870.33333333 0.97 1290 0 Inf 0.164833333333333 0
0.05 7 8633283 8635972 0.97 55 0.0288288 0.289062673437673 0.1373 2519632.9206118
0.06 7 9750483 9757113.5 0.97 857 0.0376400777362894 0.0354395002033791 0.2388 1891461.19277836
0.07 7 10480356 10487030.25 0.97 2211 0.00908030269561285 0.0567939520499052 0.15795 689861.553322913
0.08 7 11322698.5 11350168.25 0.97 1385 0.00118758355956679 0.140270135534693 0.1448 98418.5270359216
0.1 7 12704624 12710290 0.97 377 0.0333768 0.0182549555379785 0.0753 5319011.95219123
0.12 7 14465413 14509873.3333333 0.96 782 0 NA 0.3057 0
0.13 7 15901132.3333333 15904388 0.976666666666667 756 0.00529682936507936 0.170437166289207 0.205633333333333 309103.350855661
0.14 7 16775990.5 16781179 0.98 666 0 NA 0.18575 0
0.15 7 17084707 17089047 0.98 197 0.0119502 0 0.1061 1351577.75683318
0.16 7 18480411.1666667 18485292 0.97 2035 0.00337168945945946 0.0674572559702406 0.15765 256646.20052974
0.17 7 19653248 19656980 0.95 434 0 Inf 0.2266 0
0.18 7 20819709 20823800 0.96 521 0.0352941 0.0382488857911096 0.1847 2293065.5116405
0.19 7 21520640 21526368.5 0.97 1115 0.00284672421524664 0 0.12995 262875.648964676
0.21 7 23638838 23644850.6666667 0.96 1573 0.000514840019071837 0 0.0911666666666667 67766.8763677738
0.22 7 24755468 24771924.6666667 0.926666666666667 1076 0.00857826022304833 0.049005638876177 0.123466666666667 833740.19446474
0.23 7 25819228 25863844 0.89 818 0.0115545759779951 0.0728047543775497 0.1211 1144962.11177491
0.24 7 27038055.5 27043838.5 0.86 446 0.00159054849775785 0.319209927060303 0.28165 67767.0228052341
0.25 7 27924018.5 27928259.5 0.845 357 0.00718585546218487 0 0.17535 491760.852844132
0.26 7 29958365.25 29962082.5 0.82 961 0.0353233410509886 0.0536698801218177 0.145425 2914767.69889539
0.27 7 30981356.3333333 30988387.3333333 0.82 1466 0.00462252772851296 0.0688876004239662 0.111233333333333 498684.441793427
0.28 7 32586279.4 32591152.6 0.82 1788 0 Inf 0.10872 0
0.3 7 34826074 34879456.3333333 0.85 818 0 NA 0.151033333333333 0
0.32 7 36999871.25 37006743.25 0.87 891 0.00352672076318743 0.0738215462124307 0.164775 256839.017801542
0.33 7 37938733.75 37943211.5 0.87 1394 0.00878114113342898 0.189368318357658 0.222925 472686.749360313
0.34 7 39115705 39126858 0.87 153 0 NA 0.0823 0
0.35 7 40421378.5 40424460.5 0.87 418 0 NA 0.36485 0
0.36 7 41766864 41772616 0.86 721 0 NA 0.1812 0
0.37 7 42844806.25 42850851.25 0.85 1283 0.00115546747466875 0.571189122423462 0.17145 80872.6141500434
0.38 7 44204798 44210957 0.83 1937 0.00763322471347445 0.139850115290928 0.17938 510640.5204688
0.39 7 44992987.5 44996467.5 0.815 857 0.00454019686114352 0.0593574079777577 0.14525 375093.716583286
0.4 7 45824334 45830810.3333333 0.796666666666667 1278 0.00295487258215962 0.0615693064051156 0.138566666666667 255894.666725394
0.41 7 47352430.8 47359771 0.764 2341 0.00203718766595472 0.237567449942507 0.13434 181972.99383249
0.42 7 48633308.3333333 48639738.5 0.735 1452 0.00472945066115702 0.101523503807182 0.141483333333333 401131.402524804
0.43 7 49735465.8 49744619.2 0.718 2076 0.00311716267581888 0.106112356575492 0.1559 239935.549132948
0.44 7 51019630.25 51022385.25 0.7 978 0.000802716584867076 0 0.1112 86624.0918921305
0.45 7 52268184.8 52272308.4 0.684 1763 0.0046495611514464 0.199514102924059 0.21166 263605.470175549
0.46 7 53412800.25 53472566.25 0.6725 929 0.00261364079655544 0.375308334105208 0.116075 270201.934599744
0.47 7 54966833.6 54970563.4 0.66 1431 0.00316131060796646 0.0521485635459051 0.18234 208049.398352514
0.48 7 57380079 57385192 0.62 1951 0.0011618091235264 0.203987637301552 0.1284 108580.291918355
0.49 7 59586332.8 59615224.4 0.624 2590 0.00634271942084942 0.209362297694886 0.18584 409560.014260617
0.5 7 62440620 62482257.6666667 0.603333333333333 1136 0.00563538507042253 0.0358394319955241 0.142333333333333 475114.432166771
0.51 7 63370168.2857143 63376896 0.594285714285714 3595 0.00216729904589708 0.411576322372971 0.110885714285714 234544.086389274
0.52 7 65340128.8333333 65345634.1666667 0.571666666666667 2541 0.00213743616450216 0.126920638287924 0.166183333333333 154342.998539922
0.53 7 66459308.8 66463462.8 0.558 1556 0 Inf 0.17116 0
0.54 7 68453204.4285714 68469607.7142857 0.535714285714286 2132 0.00226946939493433 0.0955255492717669 0.195857142857143 139048.453081316
0.55 7 69903335.3333333 69910050.6666667 0.523333333333333 2498 0.00131251833466773 0.207719791813195 0.117333333333333 134234.829681927
0.56 7 70779790.6666667 70791241.1666667 0.51 2185 0.00217746029290618 0.0478381833008763 0.116733333333333 223839.43616397
0.57 7 72502226 72508939.6666667 0.493333333333333 1099 0 NA 0.102833333333333 0
0.58 7 74215714.6666667 74222520 0.473333333333333 1492 0.000539678699731904 0.283804908148233 0.114633333333333 56494.4262586465
0.59 7 76167917.5 76174447 0.45 1583 0.000492611422615287 0 0.13555 43610.0115926481
0.6 7 78011001.6666667 78017712.8333333 0.426666666666667 2296 0 Inf 0.112833333333333 0
0.61 7 80289226.75 80295079.25 0.4 1106 0.00219006404159132 0.660194594621642 0.082475 318651.330695312
0.62 7 83637884.8 83642795.8 0.36 1309 0.000597263101604278 0 0.16648 43051.1606153973
0.63 7 87502936.6 87528568.2 0.314 917 0.00165398067611778 0.151578773361867 0.27404 72426.5366859338
0.64 7 91573766.4545455 91580742.5454545 0.264545454545455 5360 0.000583122292537313 0.582392056973502 0.135718181818182 51558.8067619568
0.65 7 98813280.8571429 98819592.2857143 0.193571428571429 3928 0.000414477036659878 0 0.137842857142857 36082.5692604723
0.66 7 107135093.117647 107153920.588235 0.131764705882353 7185 0 NA 0.117411764705882 0
0.67 7 115339986.307692 115346456.923077 0.09 3645 0.000225128910836763 0.173719363201486 0.140946153846154 19167.2270318916
0.68 7 129807946.736842 129816834.263158 0.0426315789473684 6713 0.000306246003277223 0.221528747263477 0.146852631578947 25024.7612168328
0.69 7 162289577.115942 162297429.362319 0.0273913043478261 30539 0.000693134555486427 0.255729349957238 0.12864347826087 64656.3259815648
0.7 7 207133913 207145929.351852 0.00666666666666667 20578 0.00011208208105744 0.862798074847837 0.136916666666667 9823.38385409091
0.71 7 336880497.29078 336890894.510638 0.0156028368794326 57289 9.8061938941158e-05 0.269368221561792 0.113643971631206 10354.647504864
0.72 7 444460386.1 444465394.15 0.038 6601 0.00046802133767611 0.222888022412443 0.134495 41758.1029191666
0.73 7 459557475.521739 459567104.695652 0.0491304347826087 10492 0.000391817220739611 0.333674863540177 0.127026086956522 37014.4964827946
0.74 7 477380121.941176 477393904.235294 0.0411764705882353 5931 0 NA 0.153929411764706 0
0.75 7 496302116.769231 496327366.346154 0.0580769230769231 11242 0.000207267341398328 0.158929851548671 0.146261538461538 17005.2094552115
0.76 7 509488661.2 509494537.733333 0.082 4002 0.000569023205897051 0.504272924685937 0.134806666666667 50652.3797346666
0.77 7 522198574.8125 522211715.4375 0.0975 6438 0.00174067291239515 0.368626758013007 0.139775 149440.707914447
0.78 7 533668731.3 533677469.3 0.106 3841 0 Inf 0.11653 0
0.79 7 544519013.130435 544525652 0.130434782608696 6047 0.000121599016041012 0.312708714054665 0.144404347826087 10104.8771346519
0.8 7 553984945.666667 553989984.666667 0.142666666666667 4805 0 Inf 0.128913333333333 0
0.81 7 560213627.333333 560226654.333333 0.174444444444444 3120 0 Inf 0.139888888888889 0
0.82 7 563263592.4 563273813.4 0.196 1432 0 NA 0.11386 0
0.83 7 566705170.625 566711221.75 0.23 4149 0.000562931831766691 0.597917308907699 0.111625 60516.7478718951
0.84 7 570629895.4 570635244 0.274 1799 0 Inf 0.18262 0
0.85 7 574618605.2 574623832.4 0.326 1066 0 NA 0.2283 0
0.86 7 577732716 577739524 0.37 1776 0 NA 0.0969 0
0.87 7 581423182 581432984.333333 0.393333333333333 553 0 NA 0.156533333333333 0
0.88 7 583733402.5 583738449.25 0.4075 871 0.000913616854190586 0.575348812333282 0.083175 131811.26841343
0.89 7 586453072.333333 586459463.333333 0.433333333333333 1929 0 NA 0.148766666666667 0
0.9 7 587927499.6 587935847.6 0.446 2284 0 NA 0.1502 0
0.91 7 590166571.2 590176027.6 0.474 2573 0 NA 0.11076 0
0.92 7 592385689.6 592390798 0.5 2014 0 Inf 0.13554 0
0.93 7 593919772.333333 593924295.833333 0.521666666666667 1800 0 NA 0.128116666666667 0
0.94 7 595291648 595293840 0.54 211 0 NA 0.4329 0
0.95 7 597525916 597529200 0.56 140 0 NA 0.356 0
0.96 7 598896777 598913142.5 0.575 1127 0 NA 0.128 0
0.97 7 600503507 600508287 0.6 447 0 NA 0.1742 0
0.98 7 602531933 602547153 0.625 1037 0.00075712087753134 0 0.0988 91958.001319596
0.99 7 603965361.25 603975950 0.6425 1342 0.00117109260804769 0 0.103925 135223.587169327
1 7 605148867 605154984 0.66 106 0 NA 0.2529 0
1.01 7 607606257.833333 607611647.333333 0.696666666666667 1748 0.0026350341819222 0.0490531628607851 0.12265 257810.111561895
1.02 7 609357141 609362340 0.716666666666667 1109 0.00212057096483318 0 0.135166666666667 188262.773696657
1.03 7 611003772.75 611007177.75 0.74 1297 0.00346684181958365 0.103715183116986 0.182425 228050.441743203
1.04 7 611405013 611412622 0.75 589 0.00674916 0.115202039957565 0.08 1012374
1.05 7 613714240 613719279 0.78 285 0 NA 0.1127 0
1.06 7 614677851 614686465 0.79 839 0.000905831 0.305347244684715 0.0923 117767.843986999
1.07 7 616341409 616346260 0.81 226 0 NA 0.1835 0
1.08 7 616980205.75 616988438.25 0.8225 1838 0.00208620322089227 0.301541661274312 0.189725 131951.185403649
1.1 7 619166659.333333 619172361.333333 0.886666666666667 1534 0.00202742379400261 0.0751068167928542 0.1158 210095.729948457
1.11 7 620211043 620218092.75 0.9175 2536 0.000313737123028391 0.575463343259061 0.148925 25280.1442091032
1.12 7 621387062 621389879.5 0.95 437 0.0283349368421053 0.397038897424413 0.47335 718325.218348501
1.13 7 621996423 621999640 0.96 450 0 NA 0.1459 0
1.14 7 623381978.5 623387643 0.97 2689 0.00202340016734846 0.127960277989964 0.147316666666667 164820.468434313
1.15 7 623971502.5 623978819 0.97 1313 0.00474405762376238 0.110829381090032 0.0629 905066.63728376
1.16 7 624778225 624843357 0.97 453 0.00937412629139073 0.218650631283792 0.44285 254012.680358335
1.17 7 625873866.75 625881766.5 0.9575 1788 0.0132411604082774 0.0668559356196487 0.114175 1391670.02320411
1.18 7 626905022 626909580 0.94 1259 0.0261452355758539 0.0776989859740106 0.121275 2587036.2969305
1.19 7 628318487.25 628322147.25 0.905 1312 0.000601964557926829 0 0.1454 49680.7062938236
1.2 7 629068448 629075632.5 0.8775 1867 0.00625190466523835 0.0391401689270825 0.110375 679708.77447665
1.21 7 629629663 629634738.666667 0.856666666666667 784 0.00810765350765306 0 0.141033333333333 689849.979379603
1.22 7 632114491.333333 632120815 0.776666666666667 1648 0.00266413229126214 0.363340570684947 0.1139 280681.189597416
1.23 7 632864676.75 632871142.75 0.7675 1621 0.00183287474398519 0.0787900949320296 0.153275 143496.962504142
1.24 7 634857503.666667 634860736.333333 0.763333333333333 725 0 NA 0.153466666666667 0
1.25 7 636361152 636364251.8 0.794 1221 0.00309366204750205 0.370714897660731 0.3692 100552.395910142
1.26 7 637568085.6 637576709.4 0.804 1321 0.00116897057532173 0.149418207740937 0.1278 109762.495335373
1.28 7 640112356.333333 640117169 0.82 1446 0.00249159461618257 0 0.175833333333333 170042.476175493
1.29 7 641287095.5 641294079.833333 0.85 4033 0.00061069262831639 0.46555427666432 0.208116666666667 35212.5164080885
1.3 7 642251127.2 642256292.4 0.862 4654 0.00508727175118178 0.192726588934034 0.18546 329166.726055113
1.31 7 643630605.833333 643634558.166667 0.876666666666667 1928 0.000414483029045643 1.14446902360297 0.114016666666667 43623.4148388924
1.32 7 644618121.5 644670283 0.895 389 0.00618575272493573 0.0944623718436887 0.13495 550048.408293655
1.33 7 645695976.5 645700311.333333 0.911666666666667 2093 0.00483418712852365 0.114414902350917 0.205483333333333 282311.195760972
1.34 7 647183877 647190478 0.93 311 0.00250784 0 0.1818 165533.99339934
1.35 7 648196613 648223154.5 0.94 539 0.00138009751391466 0 0.2098 78937.8940275304
1.36 7 649045994 649048899 0.96 98 0.0175824 0 0.0649 3250983.05084746
1.37 7 650006058.5 650009628.5 0.97 374 0.00454985737967914 0 0.217 251605.016387787
1.38 7 650703230 650707734.5 0.985 974 0.022843236550308 0.0308771034200589 0.14525 1887220.91981891
1.39 7 651858888.333333 651863567.333333 1.00333333333333 1861 0.00127260709833423 0.19340815427444 0.258833333333333 59000.457875122
1.4 7 652853918 652868651 1.02 1836 0.000904551 0.272414711829405 0.107 101444.971962617
1.41 7 653588910 653593790.666667 1.03333333333333 1379 0.011341480493111 0.176536427825096 0.145766666666667 933668.643384391
1.42 7 654460948 654465232.666667 1.04333333333333 1161 0.00140970286821705 0 0.2435 69472.009932668
1.43 7 656247384.666667 656257715.666667 NA 2447 0.000337296203514508 0 0.155433333333333 26040.4531986324
1.44 7 656932501 656941539 NA 375 0 NA 0.2288 0
