poscM Chromosome Start End Recombination nb_complete_site piSyn f0 div Ne
0 1 211511.5 216575.25 NA 1636 0.0240355115525672 0.0156546025906365 0.23475 1228652.34773507
0.01 1 1326912.75 1332365.25 1.95333333333333 1836 0.0231046583333333 0.0718688080064361 0.107 2591176.63551402
0.02 1 2193995 2197810.5 1.935 500 0.0290949212 0.0383819097609379 0.15835 2204856.67445532
0.04 1 4107643 4126946.66666667 1.90666666666667 884 0.023766450678733 0.0499705962182213 0.193933333333333 1470595.09184323
0.05 1 4865617.25 4873004 1.8925 1033 0.0290841144627299 0.0576131218751251 0.274475 1271552.50406324
0.06 1 5502121 5508568 1.87 33 0.036999 0.305494743101165 0.197 2253746.1928934
0.07 1 6467087.5 6472859.5 1.84 410 0.0296583870731707 0.0306744055379161 0.1541 2309543.44502303
0.08 1 7217840 7229089 1.81 1209 0.0365028 0.0352227774307724 0.1075 4074731.1627907
0.09 1 7945074.5 7953901.5 1.785 260 0.0493280030769231 0 0.18735 3159519.81277329
0.1 1 8342823 8348788 1.77 147 0.0146571373469388 0.160275972256353 0.1835 958504.894622699
0.11 1 9026890.33333333 9033266 1.74 1009 0.0308148325074331 0.0267825354463887 0.152866666666667 2418957.63250674
0.14 1 10739577 10746629 1.7 349 0.00436999 0.239735102368655 0.2563 204603.511509949
0.16 1 11188338 11195149 1.68 25 0 NA 0.0512 0
0.2 1 12950868 12954667 1.59 207 0.0122741 0 0.284 518623.943661972
0.21 1 13552832.3333333 13562799.6666667 1.55333333333333 1123 0.01556559269813 0.0315202504489576 0.2395 779904.435814447
0.22 1 13725749 13735135 1.56 200 0.0161117 0 0.0907 2131647.18853363
0.25 1 15598792 15607504 1.63 768 0.0203307 0.166077901892212 0.0955 2554642.93193717
0.28 1 17566211 17571933 1.47 142 0.0313316 0.0414188870022597 0.1634 2300974.29620563
0.29 1 18224960.2 18231436.4 1.366 1768 0.00531678933257919 0.0978185659826594 0.1096 582130.218895531
0.3 1 18802466 18807666 1.3 312 0.0396173 0.0797717158917947 0.1234 3852573.7439222
0.31 1 20234720 20239868 1.19 482 0.0448949 0.0114719712038561 0.1045 5155395.21531101
0.33 1 22166621 22176854 1.06 792 0.000820494 0.657495362549879 0.0621 158549.565217391
0.34 1 23812071 23816472 0.95 775 0.0571084 0.0937259667579551 0.1699 4033553.85520895
0.35 1 24655081 24658793 0.89 55 0.0267857 0 0.1574 2042111.81702668
0.36 1 25352879.6666667 25359590.3333333 0.85 2786 0.00388422832376167 0.0341317510987896 0.108233333333333 430650.507100154
0.37 1 27535222.5 27539107.5 0.715 323 0.00948862352941176 0.364657327624601 0.2816 404344.752673797
0.39 1 30710833.25 30713962.5 0.5475 795 0.00415813397484277 0.224951740341461 0.347875 143435.451521705
0.41 1 33943225 33946827 0.395 492 0 NA 0.16645 0
0.42 1 37430594.6 37467732.6 0.424 3228 0.00425338397459727 0.125770436359177 0.097 526191.831908941
0.43 1 39894060 39907165.5 0.3525 2032 0.00151806585137795 0.401610086622702 0.11955 152378.002647724
0.45 1 52888658.3157895 52894499.1052632 0.0842105263157895 7599 0.00146840695354652 0.192904071768756 0.128047368421053 137612.226317813
0.46 1 67058740.75 67064813.5 0.0575 4033 0 Inf 0.112108333333333 0
0.47 1 100961931.03125 100969702 0.02328125 25960 0.000773223726502311 0.272951832211544 0.11676875 79462.0540001305
0.48 1 221867468.552083 221880363.270833 -0.0046875 38683 0.000385414964299563 0.240561025197996 0.120034375 38530.4590588717
0.49 1 335372719.544444 335381882.688889 0.0173333333333333 31518 0.000673451908115997 0.354177296775223 0.126192222222222 64040.5783738456
0.5 1 378140222.454545 378145524.181818 0.0745454545454546 5235 0.000575069499331423 0.436039722305178 0.149454545454545 46173.4634499683
0.51 1 385191319 385196627.2 0.0846666666666667 5082 0.000616426962416372 0.118311575813041 0.12214 60562.6621008389
0.52 1 397094164.45 397100338.1 0.1065 8687 0.00105324144963739 0.260541404932802 0.107255 117839.703469756
0.53 1 406919753.470588 406935247.235294 0.130588235294118 3930 0.00130137802290076 0.167113689584904 0.142447058823529 109630.45782613
0.54 1 412897458.142857 412902339.714286 0.145714285714286 3421 0.000351690766442561 1.39718009840619 0.1456 28985.5027287825
0.55 1 419180655.666667 419189060.083333 0.1575 5451 0.000728991452944414 0.387966968314306 0.146716666666667 59624.4287311119
0.56 1 425155511.615385 425160955 0.155384615384615 4589 0.0004060365395511 0 0.123269230769231 39526.8019781414
0.57 1 433136362 433147763.5 0.1225 5107 0.00152909223614647 0.0699264786713093 0.1469875 124834.471188078
0.58 1 439247857.933333 439260664.466667 0.16 5497 0.00135807216936511 0.197217475011728 0.133426666666667 122140.996545278
0.59 1 446728425.5 446735546.428571 0.172857142857143 4123 0.00060179550400194 0.27462476735019 0.137842857142857 52389.7008354886
0.6 1 452423010.8 452430317.5 0.227 5125 0.000941840356682927 0.304356316258295 0.12512 90329.9574823779
0.61 1 455960843.666667 455967747.166667 0.283333333333333 2766 0.00273634383586406 0.0809062526571096 0.1896 173186.318725574
0.62 1 458728741.5 458735139.333333 0.335 1760 0.00152228670454545 0.303106100175401 0.132666666666667 137694.274783006
0.63 1 462595828 462601745 0.384 1623 0.000537259186691313 1.54779001418463 0.09076 71034.709566943
0.64 1 464860405.25 464865102.25 0.41 1737 0.00154777736787565 0 0.198375 93627.3644083567
0.65 1 467879121 467884272 0.44 609 0 NA 0.1835 0
0.66 1 469543041 469552480 0.45 747 0 Inf 0.1225 0
0.67 1 472210726 472213751.5 0.465 219 0 NA 0.2991 0
0.68 1 473839623.333333 473853546 0.48 1492 0.00331151184986595 0.233165947335622 0.2222 178839.523845146
0.69 1 475301373 475306271 0.49 271 0.00463974553505535 0 0.16655 334295.685503838
0.7 1 477131569.5 477143804.5 0.51 821 0.0033346387088916 0.0879265264199569 0.10855 368638.088500222
0.71 1 479606184.666667 479609943.333333 0.53 377 0.00169262336870027 0.379919665768929 0.198233333333333 102462.487427627
0.72 1 481644427 481650694 0.54 379 0 NA 0.0948 0
0.73 1 482611561.5 482616990.25 0.55 1598 0.00159321604505632 0.145342799753542 0.136925 139628.209170538
0.74 1 483521236 483525244 0.56 423 0 NA 0.1411 0
0.75 1 486111096.333333 486116200.666667 0.57 1011 0.000578344310583581 0.323316282567657 0.1912 36297.7600784674
0.77 1 488625377.666667 488630642.333333 0.58 1404 0.0004455375 0.588767816459088 0.150166666666667 35603.4406215316
0.78 1 489383278.333333 489386412.666667 0.59 786 0.00100903575063613 0 0.1965 61620.5038556417
0.79 1 491205676.5 491210938.75 0.595 984 0.0100376930894309 0.150391334694733 0.191625 628583.520277473
0.8 1 492888306.5 492893682.25 0.6 2774 0.0011075781074261 0.118119741356986 0.1648375 80630.5439545807
0.81 1 494609616.8 494616060.8 0.606 3942 0.00104126958244546 0.416553077389676 0.13628 91687.9585364361
0.82 1 496195054.5 496198948.75 0.61 581 0.00217287963855422 0 0.116275 224249.027414755
0.83 1 498495655.125 498506339.625 0.6175 2816 0.00396015730255682 0.0782368775539281 0.1543875 307809.166096231
0.84 1 501390400.2 501394837.6 0.628 1271 0.000480811990558615 0 0.19552 29509.7375547432
0.85 1 504396857.6 504402504.2 0.648 1912 0.000841383525104603 0.151166162426861 0.14838 68045.5742098344
0.86 1 506686775 506691470.5 0.67 322 0.0225894667080745 0 0.28 968120.001774623
0.87 1 507977717.5 507980471 0.685 518 0.00123425513513513 0 0.22305 66402.4282520584
0.88 1 509021712.5 509027850.5 0.715 731 0.0140414784131327 0.157587171535692 0.32615 516626.524475218
0.89 1 509925787.8 509929122.8 0.736 1075 0.00283052642790698 0.121427942053846 0.32746 103726.614349489
0.9 1 510995922.5 511003511.25 0.74 2666 0.00643147809452363 0.096208439669558 0.1288 599206.03365127
0.92 1 512673191 512675905 0.8 13 0 NA 0.3785 0
0.93 1 513494919.6 513502336.4 0.84 3215 0.0046300548118196 0.0696702532142447 0.14404 385730.753553424
0.94 1 514436142 514439562.5 0.865 88 0.00472027909090909 0 0.16125 351276.583509514
0.95 1 516065277.4 516069972 0.854 1010 0.0178429354455446 0.0444023844409387 0.19864 1077905.88676266
0.96 1 516869257 516875232.666667 0.81 1281 0.00337248039812646 0 0.1096 369249.678626985
0.97 1 518133943.2 518139515.4 0.75 1589 0.00318617514159849 0.184457859684588 0.1486 257295.435391533
0.98 1 519510158 519515686.857143 0.717142857142857 2454 0.00352699947840261 0.0626814179579875 0.218671428571429 193550.634471692
0.99 1 521012034.333333 521023113.666667 0.713333333333333 1442 0.0119229515672677 0.0882424197692589 0.1598 895340.543224106
1 1 522670875.7 522677347.7 0.762 2446 0.00396141545380213 0.152296623597977 0.19512 243629.486703698
1.01 1 524735499.444444 524740535 0.893333333333333 3120 0.00437049568589744 0.274490377695482 0.175211111111111 299330.036195652
1.02 1 525906112.6 525911346.2 1.004 1186 0.0168943376559865 0.0619279133969054 0.22046 919586.554802858
1.03 1 527071454.4 527079155 1.066 1810 0.00726192973480663 0.032294525442951 0.1418 614549.765992098
1.04 1 528064677.8 528069310.8 1.066 1725 0.00838900657391304 0.0650433623332329 0.13588 740860.162547517
1.05 1 528529528 528531838.5 1.12 421 0.01549944152019 0.0570302488624799 0.21305 873003.042676744
1.06 1 529763125.5 529769948.5 1.27 672 0.00659594642857143 0.307824735430039 0.11 719557.792207792
1.07 1 530175208 530180789 1.31 388 0.00997967 0.126353877432821 0.1387 863417.736121125
1.08 1 530797118.5 530803971.5 1.355 194 0.0243188371134021 0 0.1847 1580000.2455919
1.09 1 531666080.75 531669523 1.3975 437 0.0408684038901602 0.190319561432107 0.152775 3210085.72529486
1.1 1 532241454.5 532249244.75 1.415 1225 0.0177644935510204 0.0926933581605382 0.1681 1268137.55272008
1.12 1 533218316.333333 533222546.333333 1.41666666666667 654 0.0231194875993884 0.0741593499372875 0.1518 1827627.47821252
1.13 1 533969340.333333 533972002.333333 1.39666666666667 341 0.0326666958944282 0.0722008944638595 0.278433333333333 1407878.6689805
1.14 1 534546686.5 534553326 1.37 888 0.0245855358108108 0.0422675269432343 0.11415 2584550.41375147
1.15 1 535331525.333333 535335913.333333 1.31666666666667 624 0.00584056737179487 0.154577184726664 0.232966666666667 300844.792366026
1.16 1 536150811.4 536156673.6 1.238 1846 0.0132687750216685 0.152410697474746 0.16084 989960.832255793
1.17 1 537107202.666667 537111336 1.15333333333333 601 0.0157149617304493 0.0845252599025993 0.1375 1371487.56920284
1.18 1 538530550.333333 538537156.666667 1.14333333333333 412 0.011876172815534 0.114486959611878 0.103866666666667 1372086.71809764
1.19 1 539296914.333333 539302984.166667 1.085 3253 0.0103942132984937 0.11082865710224 0.233866666666667 533340.477117693
1.2 1 540897343.5 540903838 0.965 752 0.0253190700664894 0.115860281600489 0.30825 985657.228865766
1.21 1 542006524 542012246.75 0.9125 1149 0.0211622767624021 0.149108200973077 0.1304 1947448.78181614
1.22 1 542908491.333333 542913869.666667 0.893333333333333 1655 0.0086804766223565 0.0684841928511449 0.110133333333333 945814.644082427
1.23 1 544099996.666667 544104158 0.893333333333333 1237 0.0410097997574778 0.0144920816617401 0.1922 2560445.354265
1.24 1 545237191.75 545244913.75 0.895 568 0.0274929 0.0590104767894236 0.17425 1893341.75035868
1.25 1 546150867.6 546186928.2 0.882 1546 0.0115833876326003 0.0312242888023883 0.33636 413249.647970041
1.26 1 547086616 547102476.2 0.866 1838 0.0256957160500544 0.0275453006554839 0.19074 1616591.13243501
1.27 1 548235518 548239843.666667 0.846666666666667 718 0.0346971093314763 0.00988761496250611 0.129266666666667 3220979.72133354
1.28 1 549001711.166667 549007688.166667 0.833333333333333 3004 0.0251668577063915 0.0780563589574589 0.136366666666667 2214634.26406769
1.29 1 550405545 550412153.5 0.795 1203 0.0283732902743142 0.0663742042386919 0.13075 2604049.58540551
1.3 1 551605270 551610914.5 0.763333333333333 1879 0.0360972464076637 0.0571770832636091 0.172 2518412.54006956
1.31 1 552884405.5 552890503.833333 0.725 2812 0.00986714625889047 0.0510819694975747 0.139433333333333 849192.601769201
1.32 1 554401285 554407528.666667 0.676666666666667 2328 0.0151751204381443 0.0427704586813294 0.1208 1507462.2951799
1.33 1 556493934.846154 556500221.538462 0.615384615384615 7509 0.0102348386802504 0.0565196046069978 0.136615384615385 899006.100292262
1.34 1 558180860 558188561 0.565 1223 0.00838115257563369 0.0426050269549237 0.18745 536536.841331578
0 2 24516 32449 NA 548 0.00119213 0.83963158380378 0.1194 119812.060301508
0.01 2 1552824.5 1565430.5 0.805 2311 0.0116913180700995 0.221513334970322 0.1216 1153748.49375982
0.02 2 3372128.75 3443740.25 0.8 1146 0.0411935703315881 0.0691119530260314 0.166475 2969351.81846558
0.03 2 4332309 4342474 0.8 562 0.0130973 0.0253006344819161 0.1867 841818.960899839
0.04 2 6177034 6270249 0.8 321 0.064019 0.04684499914088 0.1395 5507010.75268817
0.05 2 7650482.5 7655367.5 0.81 844 0.0117375818957346 0.112481240938644 0.1369 1028860.35609069
0.06 2 9500362 9517673 0.81 1286 0.0127155952799378 0.0566226154123706 0.10635 1434763.92439354
0.07 2 11376352 11379566 0.81 409 0.0443653048899756 0.0444734681300693 0.1353 3934838.571173
0.08 2 13049155.3333333 13075206 0.81 1828 0.0225094298577681 0.0978220231822327 0.155783333333333 1733902.80278089
0.09 2 14206972.6666667 14215620 0.81 1140 0.0261528858421053 0.0963061576674428 0.177066666666667 1772409.43207039
0.1 2 16406629 16411125 0.8 524 0.0590877 0 0.1483 4781202.96695887
0.11 2 17231510 17272659 0.8 217 0.00565771 0.151651639974477 0.2025 335271.703703704
0.12 2 18760077.25 18772740.5 0.81 1976 0.0172580768218623 0.0344401180720411 0.104075 1989881.5456387
0.13 2 19833623.3333333 19841393 0.81 3460 0.0136573786416185 0.036573042126177 0.1268 1292496.401415
0.14 2 21733650.3333333 21742865 0.803333333333333 2580 0.00463159696124031 0.108267622187099 0.112633333333333 493452.176989201
0.15 2 22580046 22615200.6666667 0.8 1476 0.0118448413075881 0.042221965212982 0.0985666666666667 1442050.34519165
0.16 2 23520780.5 23533841 0.8 707 0.0157101166760962 0.0841764112343724 0.1905 989613.648887949
0.18 2 25776379 25782473 0.79 242 0.0269683 0.0373646095601132 0.0981 3298874.617737
0.19 2 27434976.5 27446066.5 0.77 739 0.0217568338971583 0.056236298983159 0.20475 1275125.79617045
0.2 2 28465237.3333333 28491560.3333333 0.776666666666667 504 0.0119747141269841 0.19228559772491 0.1867 769665.610732778
0.21 2 29502129.1666667 29521182.3333333 0.785 2077 0.015158194939817 0.0730113543991324 0.18995 957611.683484098
0.22 2 30892369 30898664 0.79 713 0.01127 0 0.1775 761915.492957746
0.23 2 31784211 31788110 0.79 320 0.0123143 0 0.12 1231430
0.24 2 32347378 32389420 0.78 382 0.0129299 0 0.0842 1842741.09263658
0.27 2 36171341.5 36185640.5 0.76 1349 0.00234388332171979 0.252928241831371 0.1363 206358.032726614
0.29 2 38247397 38252320.6666667 0.78 1079 0.00426191271547729 0.0532218146158979 0.128766666666667 397175.401908316
0.3 2 38733776 38739763 0.78 279 0 NA 0.12505 0
0.31 2 40284521 40288387 0.79 464 0.00133929 0 0.1276 125952.037617555
0.33 2 42198279 42200868 0.79 12 0 NA 0.2189 0
0.34 2 42963468 42967282 0.78 246 0 Inf 0.224 0
0.35 2 44741995.6 44768994 0.766 2401 0.00211315496459808 0.108503978351971 0.14106 179766.47933629
0.36 2 45685755 45696060 0.75 113 0 NA 0.1462 0
0.38 2 48298128.6666667 48303648.3333333 0.706666666666667 1090 0 Inf 0.127266666666667 0
0.39 2 50726100.8571429 50731916 0.642857142857143 2357 0.00241712138311413 0.150256768680916 0.145271428571429 199663.876665932
0.4 2 52353392.75 52357382.5 0.59 703 0.000865893314366998 1.83880520368049 0.1952 53231.1463750204
0.41 2 54291431.25 54295760 0.555 1429 0.00482644041287614 0.106633189131883 0.181175 319675.920819725
0.42 2 57402268.3333333 57413991.3333333 0.51 1116 0.00301390848566308 0 0.1998 181015.524664449
0.43 2 59487106.75 59490646.25 0.4775 1096 0.00175636899635037 0.287041163774539 0.13455 156643.834680077
0.44 2 62029484.3333333 62134518 0.446666666666667 2081 0.00451140112445939 0.0981112556843994 0.133933333333333 404207.168941111
0.45 2 65483861.5 65488963.4 0.403 2738 0.00140978849525201 0.362423405652574 0.1124 150511.227251104
0.46 2 67666399.6666667 67675608.3333333 0.38 1826 0.000344419846659365 0 0.0934666666666667 44219.38116882
0.47 2 70681193.8333333 70689921.1666667 0.345 2104 0.00325888615019011 0.116363389083145 0.168816666666667 231651.498483254
0.48 2 74638363 74647527.75 0.3025 1967 0.00139101208439248 0.470911307763656 0.112125 148870.858530298
0.49 2 77939326.2222222 77946212.6666667 0.274444444444444 4543 0.00206159570107858 0.107949535855676 0.151577777777778 163210.919012232
0.5 2 82313965 82318977.6666667 0.234444444444444 2342 0.0019484603970965 0.175412496575254 0.137677777777778 169827.877400066
0.51 2 87873495 87919060.5 0.1675 1217 0 Inf 0.102925 0
0.52 2 94433391.1818182 94441813.7272727 0.119090909090909 2842 0.00371836736805067 0.110504731762152 0.168945454545455 264111.32833765
0.53 2 103914717.5 103919542.833333 0.114166666666667 4446 0.00140229371120108 0.255949912400444 0.125166666666667 134440.941686388
0.54 2 117406479.9 117412517.866667 0.092 10627 0.000662122124400113 0.233116036345627 0.118693333333333 66941.1269332848
0.55 2 163232422.632911 163242549.721519 -0.000379746835443038 29912 0.000954274546670233 0.219319675737373 0.124250632911392 92162.867035125
0.56 2 314801556.598214 314829672.75 0.000446428571428571 47490 0.000966185571299221 0.294018096169062 0.105977678571429 109402.536570719
0.57 2 472892245.611765 472905492.505882 0.0136470588235294 34560 0.000529208749479167 0.326452218546013 0.120170588235294 52845.7510860786
0.58 2 529623254.545455 529632595.909091 0.0409090909090909 2335 0.00078023026124197 0.443620066565097 0.127481818181818 73443.9096369821
0.59 2 543579053.388889 543584597.166667 0.0561111111111111 5488 0.000833764314868805 0.230668383015161 0.112522222222222 88917.2963422839
0.6 2 563095858.409091 563103308.681818 0.0736363636363636 8759 0.00117753329261331 0.225165940654312 0.13305 106203.679153399
0.61 2 579001547 579028068.625 0.07125 4145 0.00105955991556092 0.269637786323127 0.14199375 89544.2157611233
0.62 2 589684747.333333 589690484.466667 0.0846666666666667 5334 0.00182958002249719 0.254097069535498 0.142453333333333 154120.368798902
0.63 2 600422167.7 600428260.4 0.121 3622 0.00206010200165654 0.221664561234185 0.13199 187296.189255841
0.64 2 607792947.076923 607805305 0.164615384615385 4350 0.00650911234482759 0.239414885629461 0.242369230769231 322274.192520345
0.65 2 612833943 612847142.666667 0.2 1091 0.00186828221814849 0.362614216120437 0.12005 186750.409144372
0.66 2 618276291.333333 618282221.333333 0.246666666666667 895 0.00216449135195531 0.0946920797462855 0.0980666666666667 264859.580796706
0.67 2 620961211.714286 620966374.142857 0.277142857142857 2251 0.00134780934295869 0.36411448345699 0.137771428571429 117395.255919255
0.68 2 625281262.8 625287237.1 0.337 4313 0.00149899535126362 0.181880995199977 0.1335 134741.155169764
0.69 2 627870880.6 627886410.8 0.352 2092 0.00150165305449331 0.567079910428475 0.1824 98792.9641114018
0.7 2 632038119.555556 632049305.444444 0.367777777777778 5189 0.00236435516245905 0.353134452476296 0.140944444444444 201301.030780904
0.71 2 635550283.25 635555252.25 0.405 1214 0.00104352443163097 1.35898475027593 0.142125 88107.6037260979
0.73 2 640521724.5 640545188.5 0.43 954 0 NA 0.22055 0
0.74 2 642440685 642448322.666667 0.436666666666667 1290 0.0059376543255814 0.302175160110208 0.174933333333333 407308.604651163
0.75 2 643763559 643770161.333333 0.43 937 0.00132576230843116 0.348623095346116 0.145366666666667 109441.511358684
0.76 2 645667159 645674503.6 0.424 1605 0.000830017906542056 0.36175335150597 0.12908 77163.1149558775
0.77 2 647342869.25 647349746.375 0.43 1986 0.00149031584592145 0.496416833814099 0.1390625 128602.535917716
0.78 2 649689087 649692950.5 0.44 260 0.0163338686538462 0.102717245715389 0.2092 936933.192381233
0.8 2 651630696 651635773.2 0.44 2535 0.00135133685167653 0.21692823341023 0.13822 117320.519607281
0.81 2 654291357.333333 654313436.333333 0.441666666666667 2658 0.00602765701241535 0.057472555806019 0.139633333333333 518013.016106356
0.82 2 657936940.777778 657954612.111111 0.436666666666667 2805 0.000701889429590018 0.595003759777816 0.153022222222222 55042.1568368588
0.83 2 663564364.5 663569107.833333 0.401666666666667 1570 0.00159727270700637 0.319615883068837 0.153783333333333 124638.165063898
0.84 2 665983492 665987945.25 0.41 929 0.00324651797631862 0 0.122025 319264.21402027
0.85 2 667723543.5 667727642 0.43 584 0 NA 0.20055 0
0.86 2 669741373 669745253 0.47 250 0 NA 0.236 0
0.87 2 672462526.75 672468491.25 0.55 848 0.00209225067216981 0.102359278320042 0.094225 266458.032008891
0.88 2 673714625.714286 673719726.285714 0.571428571428571 2775 0.00275454432792793 0.183944362035461 0.127685714285714 258874.159259282
0.89 2 675753614 675755955 0.6 266 0 Inf 0.1116 0
0.9 2 676738290.666667 676746001.666667 0.613333333333333 1177 0.00981592948173322 0.182259402014083 0.133266666666667 883875.591151566
0.91 2 677890053 677894114.5 0.625 590 0 Inf 0.2031 0
0.92 2 679546073 679549952 0.63 276 0 NA 0.1412 0
0.93 2 680332013 680337386 0.63 182 0.00484262 0 0.1205 482252.614107884
0.95 2 683901830 683905714.5 0.63 727 0.00172115452544704 0.728818978182761 0.09925 208099.287711481
0.96 2 684451263.5 684456380 0.63 1951 0.0131444711481292 0.0623524634507107 0.135725 1162156.22602726
0.97 2 685637041.75 685644470 0.63 3216 0.00460930200870647 0.372305429798573 0.133175 415330.385616502
0.98 2 687376791 687380840.5 0.64 1030 0.0121142836796116 0.02943733325524 0.1155 1258626.87580381
0.99 2 688264723.833333 688270151.666667 0.64 1809 0.0031152389076838 0.130387883561137 0.192933333333333 193760.540215302
1 2 689305308 689316868.666667 0.64 1877 0.00112096182738412 0 0.149566666666667 89936.7635075294
1.02 2 691217193 691223434.5 0.645 680 0.00210004523529412 0.473452404484621 0.14265 176659.956701924
1.03 2 692347093.5 692351745 0.65 1585 0.00386236123028391 0.47240499349334 0.165225 280516.476098695
1.04 2 694108543.2 694113630.2 0.65 1881 0.00110959704093567 0.296063650339715 0.12404 107345.731145018
1.05 2 695434465.333333 695456878.833333 0.651666666666667 1420 0.00551355146478873 0.359452817372481 0.14155 467415.171864817
1.06 2 698237999.625 698241902.875 0.66 2079 0.00334990575276575 0.132736142422052 0.2290625 175493.016243117
1.07 2 701703998.636364 701708541.545455 0.664545454545455 4068 0.00259947011946903 0.16211857672893 0.117272727272727 265992.291294505
1.08 2 704919124.666667 704923938.666667 0.67 691 0.000942843545586107 0 0.1194 94758.1452850359
1.09 2 706965478 706967453 0.67 68 0.0197802 0 0.0638 3720413.79310345
1.1 2 707793567.4 707800022.6 0.674 1415 0.00672624226855124 0.0837549291839091 0.13192 611847.386466153
1.11 2 708860108 708864477 0.68 345 0 Inf 0.0805 0
1.12 2 709558335.5 709564212 0.69 1400 0.000953781071428571 0.68054504496577 0.1055 108486.946513202
1.13 2 710941395 710965185.833333 0.696666666666667 1826 0.000332636204819277 1.85349150882712 0.149216666666667 26750.5939316296
1.14 2 712309122 712315933 0.71 2307 0.00610771764629389 0.2428148422429 0.11595 632105.319150726
1.15 2 713199995 713206255 0.735 1425 0.00250061226666667 0.103451469378806 0.14305 209768.243271583
1.16 2 715153411 715164148 0.8 1215 0.00378947 0.0396361496462566 0.1417 320914.890613973
1.17 2 716034140 716041373.333333 0.816666666666667 1183 0.00658481836010144 0.150601166895323 0.2445 323181.269207433
1.18 2 716674803 716826451 0.83 203 0 NA 0.157 0
1.19 2 718270781.5 718277879 0.82 1271 0.0101594589299764 0.0995739975527761 0.1307 932773.581941215
1.2 2 720381018 720405685.5 0.76 994 0.0191459694567404 0.05512053525895 0.1185 1938832.35004967
1.21 2 721654244 721695097.2 0.76 2952 0.00330990600271003 0.0879074575444084 0.12952 306662.075606241
1.22 2 723107600.333333 723113184.333333 0.75 1529 0.00381315591890124 0.0950962189798514 0.1322 346126.104590128
1.23 2 724706982 724710722 0.75 301 0.00921659 0 0.0718 1540377.15877437
1.24 2 725955582 725959335 0.74 662 0.00695019089123867 0 0.140733333333333 592626.414222151
1.25 2 727113898.5 727119039 0.74 711 0.0353431261603376 0.0349381353492956 0.1849 2293766.97633343
1.26 2 728071090 728073996 0.735 592 0.026049902027027 0.016403363360162 0.17705 1765596.29666379
1.27 2 729335265 729340557.5 0.73 586 0.0121751414675768 0.0951960709849556 0.12515 1167412.68566457
1.28 2 730539874 730544480 0.725 624 0.00842421150641026 0.187567542985334 0.23225 435266.041235406
1.29 2 731944704.333333 731949229.333333 0.72 1324 0.0326619866691843 0.0259587670496235 0.133633333333333 2932979.59613528
1.3 2 733053233.142857 733058630.571429 0.715714285714286 2756 0.0123064756386067 0.0759968640366945 0.147057142857143 1004219.88890904
1.31 2 734822486.4 734856022.6 0.704 1423 0.0254129537596627 0.0345031427357452 0.19042 1601488.52597391
1.32 2 736959971.5 736967936.5 0.695 1617 0.00294590321273964 0.260288981616965 0.11335 311873.299981259
1.33 2 738105246.5 738112224 0.6875 861 0.0136792119628339 0.0209886219427284 0.3257 503993.072011075
1.36 2 742636783.3 742640290.8 0.665 1478 0.0245784613870095 0.0880197891054647 0.19207 1535593.9847145
1.37 2 744373096.333333 744379527.333333 0.66 997 0.043212803109328 0.0085976185031737 0.1726 3004366.38071805
1.38 2 745691966.333333 745696505.666667 0.66 701 0.0215209015691869 0.0246684132574032 0.1392 1855250.13527473
1.39 2 747100277.25 747104891.75 0.655 901 0.0176710446170921 0.0818881703379366 0.12725 1666424.63972578
1.4 2 748521916 748524357 0.65 96 0.014160825 0.133835334452618 0.1314 1293226.02739726
1.41 2 750339216.444444 750354042 0.635555555555556 2606 0.0255073323062164 0.0487181422392559 0.167566666666667 1826663.94076744
1.42 2 751720986.5 751725574 0.625 322 0.0585966198757764 0 0.1822 3859272.43967792
1.43 2 753566528 753594585.666667 0.616666666666667 854 0.0121546396721311 0.11258215495023 0.164033333333333 889183.150166066
1.44 2 754808704.333333 754813916 0.61 1225 0.0104875495183673 0.0289738872764173 0.0966333333333333 1302351.78565445
1.45 2 756514760.5 756519825.5 0.6 1382 0.0207487714905933 0.0129120689802003 0.11845 2102028.34856159
1.46 2 757835275.5 757931023.25 0.5925 1903 0.0245077305937993 0.0388217104120279 0.08665 3394030.78044537
1.47 2 759279572 759283062 0.59 268 0.00448766 0.155791214129413 0.2129 252944.668858619
1.48 2 761539850 761545711 0.575 1691 0.0130272406859846 0.0511482305376207 0.20325 769135.981460347
1.49 2 763729606 763738914.333333 0.56 1616 0.021903266720297 0.0633937351712373 0.124966666666667 2103274.47834274
1.5 2 767098449 767103044 0.5425 1097 0.0366009812215132 0.0584708487623572 0.1851 2372835.08729421
0 3 487687.333333333 494300.666666667 NA 1239 0.023048683535109 0.045124962413751 0.131166666666667 2108647.03243691
0.01 3 1577193 1582789.33333333 1.26 1796 0.0190028218819599 0.0855873260717599 0.1918 1188914.82056058
0.02 3 3242648 3407139 1.26 438 0 Inf 0.1554 0
0.03 3 3809560.66666667 3814405.66666667 1.26 628 0.0213578184713376 0.0139772417356373 0.1999 1282110.16336194
0.04 3 4992532 5000834 1.26 982 0.0287529 0.0151862594729575 0.1039 3320835.4186718
0.05 3 6993270.5 7072289 1.24 507 0.0165961193293886 0 0.28105 708604.988267791
0.06 3 7760374.75 7770686.5 1.235 2714 0.0207955749373618 0.0609406193080121 0.2078 1200899.41890444
0.07 3 9091752 9096242 1.22 297 0.0411775 0.105092344119968 0.5417 912183.86560827
0.08 3 10190962.5 10197977 1.21 939 0.0278500881789137 0.0793776528959659 0.29975 1114932.63768796
0.09 3 11561670.3333333 11567480 1.19333333333333 1448 0.00705568227900552 0.163919588717058 0.107733333333333 785905.204344675
0.11 3 13790763 13796275 1.16 26 0.0257143 0 0.2602 1185901.61414297
0.12 3 14422343.5 14426230 1.145 261 0.0245201183908046 0.0287198078287703 0.16625 1769873.20715582
0.13 3 15450144 15455848.3333333 1.13 1089 0.0205194393939394 0.085051120083916 0.123466666666667 1994329.96269389
0.15 3 17404854 17410640 1.13 451 0.0230866 0.0183314563426403 0.1584 1748984.84848485
0.16 3 17770428.3333333 17774638.6666667 1.12333333333333 452 0.0320573451327434 0.0755560320553875 0.1997 1926330.20326951
0.18 3 19885742 19888789 1.1 159 0.0311898 0 0.471 794644.585987261
0.2 3 21178252 21186063 1.09 158 0.00765306 0.154696291418073 0.1438 638642.002781641
0.22 3 23382059 23384550 1.05 139 0.00451128 0.295031565320707 0.2299 235473.510221836
0.23 3 23653661 23657574 1.04 213 0.0332871 0 0.1567 2549107.84939375
0.24 3 24616004.5 24620553.5 1.02 746 0.011703208847185 0.0423682398326675 0.1151 1220143.40717828
0.25 3 24938037 24942947 1.01 232 0.0132139 0.0607556436782479 0.0856 1852415.88785047
0.27 3 26541692 26546375.5 0.965 636 0.0048027429245283 0.119652021766257 0.11955 482082.100329064
0.28 3 26934253 26955710 0.96 652 0.00685166 0 0.1075 764836.465116279
0.29 3 27908508.5 27916358 0.985 1298 0.00104462089753467 0 0.113 110933.192658549
0.3 3 28687190 28708130 1 1978 0.00169323 0.220858950054039 0.1049 193696.472831268
0.31 3 28841523.5 28848417 1 926 0.0019843913887689 0 0.18405 129381.671639374
0.33 3 30442509.25 30447934.375 1.0175 2733 0.00869339574094402 0.0786802923491906 0.1374125 759179.469781339
0.34 3 31376497 31381204 1.01 282 0.00300752 0 0.1577 228853.772986684
0.35 3 32349242 32354202.5 0.985 419 0 Inf 0.22475 0
0.36 3 32951283.6 32956006.4 0.968 993 0.00241803229607251 0.199629889736608 0.18844 153982.103337243
0.37 3 34052237.6666667 34055582.3333333 0.923333333333333 748 0.000757927058823529 0.66450311700165 0.175466666666667 51833.9173967459
0.38 3 35315116.6666667 35321163.6666667 0.853333333333333 1006 0.000588080218687873 0.318343208948753 0.162533333333333 43418.5559326567
0.39 3 36949189 36956257.6666667 0.753333333333333 778 0.000826992133676093 0.285404759478662 0.126266666666667 78594.8173504206
0.4 3 38020262.6666667 38027654.3333333 0.726666666666667 875 0.0222845288457143 0.089473361904583 0.0963 2776888.32968402
0.41 3 39639408.3333333 39644447 0.686666666666667 1325 0.000924514641509434 0 0.116933333333333 94876.0749553581
0.42 3 43511093.6666667 43515497.8333333 0.581666666666667 1334 0.00659016065967017 0.120343416607207 0.1895 417318.880823441
0.43 3 46229984.3 46234926.1 0.503 2896 0.000424693404696133 1.25799199308634 0.12076 42202.0607515203
0.44 3 49526087.1666667 49530687.3333333 0.398333333333333 1748 0.00107259866132723 0.297399272706699 0.14095 91317.3745010768
0.45 3 51908326.3333333 51916129.1666667 0.323333333333333 2573 0 Inf 0.11215 0
0.46 3 57061213.3 57066622.3 0.183 3714 0.000994626838987615 0 0.15658 76226.3511805555
0.47 3 76928884.3529412 76941804.4705882 0.00529411764705882 14804 0.00140981964057012 0.315983589644148 0.130858823529412 129283.110076555
0.48 3 103515910.947368 103520800.842105 0.0347368421052632 7298 0.000934982441764867 0.190211300389387 0.135352631578947 82893.0266836683
0.49 3 129288365 129302344.761905 0.059047619047619 5951 0.000312942984036296 0.793700474083749 0.157228571428571 23884.4363611202
0.5 3 156177269.791667 156187802.208333 0.0416666666666667 7127 0.000638178088957486 0.403791636006461 0.127841666666667 59903.294967654
0.51 3 190553646.878788 190560385.121212 0.00272727272727273 11943 0.000633068493678305 0.195232931273147 0.120018181818182 63297.2588740618
0.52 3 323161461.087838 323173985.466216 0.00432432432432432 60473 0.000502295030046467 0.211626733189628 0.111260810810811 54174.8735842569
0.53 3 452553035.807692 452565876.25 0.0155769230769231 21388 0.000639478066532635 0.334887697336684 0.119725 64094.6903185769
0.54 3 480704606.75 480709629.583333 0.0841666666666667 5337 0.00238129137492974 0.218987871628504 0.1249 228787.00159453
0.55 3 487921358 487927259.625 0.11875 2835 0.00133875396119929 0.289866031628642 0.1396625 115027.638302275
0.56 3 494167315.111111 494176510.666667 0.148888888888889 3318 0.00157886779385172 0.33034054469114 0.121011111111111 156567.552783019
0.57 3 501684399 501689819.5 0.18 1850 0.00101947697297297 0.294733654098413 0.084075 145509.648238783
0.58 3 506799389.384615 506810822.230769 0.18 4251 0.000752684013173371 0.401745930646988 0.131138461538462 68875.3554992057
0.59 3 510988795.166667 510994946.833333 0.18 1568 0 Inf 0.140433333333333 0
0.6 3 514961869.857143 514968701.714286 0.18 2491 0.00104100441589723 0.072156048531087 0.167357142857143 74643.0823178552
0.61 3 520764282.454545 520796635.636364 0.18 3088 0.00247915095207254 0.0484931739293883 0.151936363636364 195804.419118994
0.62 3 527472635.6 527478564.7 0.175 2436 0.00242428903940887 0.0730908384580308 0.17471 166512.898362466
0.63 3 534006722.461538 534013134.384615 0.165384615384615 4355 0.00138094671871412 0.133451701687551 0.130292307692308 127186.024394499
0.64 3 540239917.333333 540245030.888889 0.203333333333333 3483 0.000568862167671547 1.1385742082029 0.131566666666667 51885.072298393
0.65 3 544456453.071429 544463340.285714 0.220714285714286 4818 0.000745639503528435 0.256376851099631 0.1187 75380.5732294964
0.66 3 549503966.2 549508781.8 0.24 1100 0.000553728636363636 0.306399600066656 0.1845 36014.8706577975
0.67 3 552472191.666667 552483270 0.256666666666667 3333 0.00131057713921392 0.295383490297384 0.125111111111111 125703.668770074
0.68 3 555572211.142857 555576568 0.27 1711 0.000380753056691993 0 0.141871428571429 32205.4745364288
0.69 3 558627249.428571 558637396.785714 0.282857142857143 6427 0.0040356230558581 0.150022962029623 0.130164285714286 372048.879648884
0.7 3 562888914 562908886 0.2825 930 0 Inf 0.07795 0
0.71 3 567306522.545455 567314992.454545 0.276363636363636 3889 0.00164539565183852 0.144326486173533 0.111918181818182 176421.27044325
0.72 3 570568273 570573739.5 0.305 445 0 NA 0.11695 0
0.73 3 573021243.666667 573059633.666667 0.35 933 0.00158197766345123 0 0.127733333333333 148620.031013164
0.74 3 574962220.75 574966576 0.3875 883 0 Inf 0.127625 0
0.75 3 577373838.5 577376432.5 0.42 520 0.00777100307692308 0.229414398933154 0.31815 293107.141043775
0.76 3 580127274.75 580143353 0.448333333333333 3389 0.00169659784892299 0.109314861459739 0.195775 103992.717083774
0.77 3 584088357.166667 584093449.333333 0.488333333333333 3057 0.000413099364082434 0.586547498004577 0.112333333333333 44129.3089227526
0.78 3 586724572.333333 586733314.333333 0.51 1870 0.00235258513368984 0.084116267184248 0.162066666666667 174193.880733925
0.79 3 588556425 588560462 0.53 29 0 NA 0.0822 0
0.8 3 590361762.2 590367956.4 0.55 2319 0.000518833290211298 0 0.1211 51412.0518789065
0.81 3 591990994 592047518 0.58 188 0.00419535 0.356787872287175 0.2998 167925.950633756
0.82 3 592711565.25 592717445.75 0.59 1358 0 Inf 0.131225 0
0.84 3 595245827.5 595250627.5 0.615 1125 0.00423907977777778 0.0389684731890711 0.136 374036.450980392
0.85 3 596536668.666667 596541851.333333 0.62 860 0.0051803478372093 0.164354283258442 0.127666666666667 486925.645272937
0.86 3 597607647.75 597639930 0.62 1383 0.0014115252494577 0.406493398919223 0.137875 122852.605573834
0.87 3 598509139.833333 598515129.333333 0.62 2891 0.00205361694223452 0.204741049992234 0.101966666666667 241680.973914491
0.88 3 600441448 600450680.5 0.62 1241 0.00249596909750201 0 0.0905 330957.228398057
0.89 3 602023675.25 602029577 0.615 938 0.00666609652452026 0.0303022332780931 0.14195 563530.526905552
0.9 3 604856877.333333 604859506.666667 0.623333333333333 466 0.00546357223175966 0.145958429169339 0.2062 317957.646853132
0.91 3 607059928 607064989.5 0.6375 1153 0.00377892477883781 0.214241668117498 0.1059 428206.773805985
0.92 3 608934293.5 608941534.5 0.65 757 0 NA 0.24135 0
0.93 3 611363513.2 611405171.2 0.668 1872 0.000627886063034188 0.479727924057619 0.18974 39710.3022895028
0.94 3 612508880.75 612515702 0.675 1633 0.00252523358236375 0.0442434134569482 0.127525 237622.450408665
0.95 3 614240059.25 614245430.25 0.6875 1585 0.00348528264984227 0.0779408809246199 0.11925 350720.266650795
0.96 3 615279306 615284272.333333 0.696666666666667 694 0.000267476844380403 3.34015234586549 0.153066666666667 20969.4390193696
0.97 3 616245303.5 616249141 0.71 1526 0.00301301339449541 0.148992529878758 0.1512 239128.047182176
0.98 3 617694977.5 617698620.5 0.725 515 0.00368451077669903 0 0.2193 201614.816782437
0.99 3 619279750 619288007.6 0.776 859 0.00073331091967404 0 0.10558 83346.5716621375
1 3 620188181.5 620193616.75 0.7975 1708 0.00138304084309133 0.0771723472447536 0.15365 108014.904764699
1.01 3 621544192.777778 621549730.888889 0.818888888888889 2517 0.002906238780294 0.0748033171349303 0.111022222222222 314125.088342426
1.02 3 622848565.2 622852318.2 0.826 1202 0.00147945521630616 0.211312212515246 0.14394 123339.326078046
1.03 3 623914587 623932493.5 0.815 694 0.00266295360230548 0 0.15905 200914.449718112
1.04 3 624965297.75 624969668 0.8 1685 0.00275503004154303 0.0931864470645871 0.157475 209940.374653223
1.05 3 625618540 625628047 0.78 230 0 NA 0.082 0
1.06 3 626962767.142857 626976733.428571 0.82 2462 0.00318353007311129 0.0839631716195515 0.148971428571429 256440.857442797
1.07 3 628092987.6 628099710 0.838 2975 0.00224902807058824 0.136632788697246 0.09892 272829.931733308
1.08 3 629197784.4 629201758.4 0.84 1207 0.013954196031483 0.0332989179586888 0.1586 1055802.97842242
1.09 3 630381160 630385741.166667 0.826666666666667 1330 0.00751998609022556 0.154805643487482 0.127966666666667 705182.33719229
1.1 3 631968260.25 631973859.5 0.7825 1586 0.00321368744640605 0.0358055849970963 0.115075 335122.740446427
1.11 3 633095302 633099495.857143 0.76 1988 0.00941107098088531 0.033311226430565 0.140185714285714 805594.581060192
1.12 3 634602224.6 634608174.2 0.744 1668 0.00866014606714628 0.0890065828470818 0.13654 761108.48693244
1.13 3 636216173.8 636221630.4 0.732 1545 0.0065951563236246 0.20761376556461 0.13766 574908.294954926
1.14 3 637527442 637533043.5 0.72 935 0.000666201677005348 0.59518627758348 0.1321 60517.9418929915
1.15 3 638799666.8 638812353.6 0.712 3083 0.00238584407395394 0.352465508908388 0.16226 176446.00571581
1.16 3 640327974.666667 640333512 0.71 885 0.00304572 0.474263705126342 0.188866666666667 193515.56653724
1.17 3 641674088.857143 641679465.142857 0.71 2943 0.00258972879034998 0.0321543397433282 0.143014285714286 217298.190379981
1.18 3 643013057.666667 643016981.333333 0.71 315 0.00938723574603175 0 0.163166666666667 690378.931270976
1.19 3 644906542.833333 644911067.5 0.715 1803 0.00293541414864115 0.111345015465139 0.18115 194451.944707115
1.2 3 645855605 645861255.833333 0.72 2317 0.00169418145015106 0 0.1262 161094.908096772
1.21 3 647801877 647805829.333333 0.733333333333333 674 0.00158079074183976 0 0.116966666666667 162178.588504507
1.22 3 649490752.333333 649498785 0.753333333333333 2010 0 Inf 0.0968666666666667 0
1.23 3 650658826.25 650663328.25 0.77 1224 0.00211577275326797 0.0691244625330711 0.192875 131635.893916867
1.24 3 652084822.25 652088953.25 0.79 995 0.0253108860904523 0.0435340317464672 0.175475 1730905.44570695
1.25 3 653443300.75 653448966.25 0.8 1272 0.00892158871855346 0.0327119988610413 0.109625 976593.519932876
1.26 3 654628539.2 654633784 0.8 1816 0.00105038676211454 0.311805664030738 0.15162 83133.1034518827
1.27 3 655276795.5 655281181.5 0.8 1003 0.00867190777666999 0.0702098243333596 0.1528 681039.877748952
1.28 3 656335494 656341387 0.79 730 0.00260838 0.290449244358567 0.1039 301256.592877767
1.29 3 657644938.333333 657650673.333333 0.796666666666667 756 0.00679481206349206 0 0.208266666666667 391506.456923358
1.3 3 659169793 659174471 0.83 288 0 NA 0.0982 0
1.31 3 659988383.5 659991780.5 0.84 604 0.00552228418874172 0.184804831322124 0.12115 546986.46524887
1.32 3 661623406 661640268.666667 0.843333333333333 439 0.0142631487471526 0.127218008949677 0.1118 1530928.30917559
1.33 3 662568898.333333 662584511 0.836666666666667 917 0.00438444295528899 0.198257153734091 0.136433333333333 385633.878305408
1.34 3 663492230 663515992 0.82 100 0.00605042 0.309090939141415 0.1609 451243.256681168
1.35 3 664700547 664705465 0.785 573 0.00346586308900524 0.45618667496702 0.12645 328907.529205716
1.36 3 666352278 666355704 0.76 402 0.00526824 0.137783016719056 0.1689 374297.690941385
1.37 3 667719203.333333 667744242 0.756666666666667 994 0.00437898055331992 0.170102441339104 0.146233333333333 359341.919123586
1.39 3 670381419 670428020.5 0.725 263 0.0127402220532319 0.276946901260354 0.1423 1074368.6903639
1.41 3 672984323.25 672989665.5 0.675 1783 0.0154209244643859 0.0134106174982693 0.139025 1331063.43156001
1.42 3 674119779 674124052.5 0.66 1605 0.012304570953271 0.0404695938850044 0.267475 552032.344851864
1.43 3 676119748.666667 676126020.333333 0.66 1019 0.0277229111874387 0.142195676678644 0.144066666666667 2309173.53713048
1.44 3 677159774 677165242 0.66 76 0.00457666 0.675147378219051 0.3843 142908.977361436
1.45 3 679756390.5 679760671.25 0.695 1318 0.0238396818664643 0.0479751835387936 0.1154 2478996.38126146
1.46 3 681925157 681932473.125 0.69 2607 0.0157122689681626 0.0702833236542541 0.2790125 675766.238494518
1.47 3 683314554.5 683316980 0.69 232 0.00940326620689655 0 0.31475 358504.192161267
1.48 3 684491429 684493790 0.69 178 0.0250095 0 0.1894 1584551.21436114
1.49 3 686620594.6 686626098.6 0.69 951 0.0111751664773922 0.0930780376135409 0.181 740895.015075727
1.5 3 687464796.714286 687470374 0.697142857142857 2191 0.00995049746691009 0.0424486697326167 0.163014285714286 732487.763754664
1.51 3 688570109.666667 688575435.333333 0.7 692 0.0182593173410405 0.131230778084981 0.147166666666667 1488868.45815958
1.52 3 689694021.333333 689726890 0.7 2383 0.0120163114351658 0.0737639060325894 0.148166666666667 973199.576301389
1.53 3 690629228.5 690633420.5 0.7 709 0.0247049458392102 0.0589555224936087 0.1407 2107031.62807762
1.56 3 693391092 693396465 0.71 547 0.0279114 0.0162193942260152 0.1174 2852954.00340715
1.57 3 694406518 694410988.333333 0.71 967 0.0113089491416753 0.186680265814543 0.1647 823967.150577434
1.58 3 695573953.5 695582861.5 NA 1097 0.00865423187784868 0.22524602300759 0.1153 900700.629090929
1.59 3 696630615 696638810 NA 434 0.0243267 0.0521094106475601 0.1125 2594848
1.6 3 697563633 697572729.5 NA 416 0.0135588500480769 0 0.12985 1253031.96439679
1.62 3 699024910 699050008 NA 155 0.0280156 0.0427408301089393 0.2279 1475152.25976305
1.63 3 699496042 699505211.5 NA 906 0.0125192213245033 0.14401378093877 0.1729 868887.541318911
0 4 369520 374029 1.63 348 0.032417 0.0537915291359472 0.2259 1722018.59229748
0.01 4 579910.5 582710 1.625 548 0.0412479781021898 0.00806797466560183 0.2216 2233645.02358428
0.03 4 2138794.5 2148376 1.605 1085 0.0130258470046083 0.10045196208262 0.17085 914897.067926834
0.05 4 3363625 3369448 1.585 2110 0.0245591483127962 0.144058681709838 0.1151 2560467.24373201
0.06 4 4178463 4185561 1.57 23 0.0524781 0 0.1345 4682060.96654275
0.07 4 4293723 4297598 1.57 163 0.0200267 0.0560207123490141 0.0851 2823976.49823737
0.08 4 5316311.4 5320824.4 1.552 2113 0.0187751548035968 0.00933599014401682 0.21598 1043160.74471322
0.09 4 6010333.5 6014623 1.54 309 0.0151219430097087 0.0781947538680256 0.1758 1032214.53991186
0.1 4 6273863.5 6279403.5 1.5375 1452 0.00474795338842975 0 0.12375 460407.601302279
0.12 4 7710476.66666667 7715903.66666667 1.51 1152 0.0236087338541667 0.0270869695726056 0.157933333333333 1793825.28229211
0.13 4 7966665 7971989 1.5 405 0.0298495 0.051054121509573 0.1319 2715648.21834723
0.14 4 8711877.75 8722831.75 1.49 3248 0.0126725452216749 0.0577003117320439 0.1515 1003765.95815247
0.15 4 9530393.25 9537128.75 1.4775 1199 0.0103199209924937 0.1015916597793 0.105025 1179138.79466722
0.16 4 10174171.2857143 10196655.4285714 1.46142857142857 2925 0.0222795006666667 0.0736190211336881 0.191985714285714 1392572.40568495
0.17 4 11218969 11302463 1.44 1009 0.00539335 0.0687444723594797 0.1435 451011.846689895
0.18 4 11566054.4 11570748.2 1.434 920 0.0111585282608696 0.0710700481967098 0.42158 317620.236089081
0.19 4 12442697.5 12446398.5 1.415 235 0.0588196629787234 0.0270219407306609 0.1554 4542058.91727594
0.21 4 13844177.75 13862575.375 1.38875 2231 0.02682309972658 0.0660672540205366 0.153775 2093169.86973799
0.22 4 15146520.8181818 15151082.8181818 1.37272727272727 3704 0.0248318583693305 0.0360607036569238 0.1492 1997200.40503998
0.23 4 15771652 15775422 1.365 566 0.0406393636042403 0.0319897044240706 0.09975 4888945.99750259
0.24 4 16464203 16474102 1.35 503 0.0028342 0.261578575964999 0.1157 293953.327571305
0.25 4 17570576.6666667 17575592.6666667 1.32666666666667 888 0.00867883148648649 0.0379861722573096 0.128633333333333 809634.448078553
0.26 4 18336047 18342837 1.31 286 0.0134593 0 0.1096 1473645.98540146
0.27 4 19432632.8 19441665.2 1.277 5290 0.00968378437240076 0.039580301283552 0.1304 891145.801141174
0.28 4 19960363.5 19964043.5 1.27 277 0.0142390989169675 0.0954975500417014 0.1857 920135.632760421
0.3 4 21594594 21601051.1666667 1.25 3041 0.0169646140868135 0.0107925478762264 0.11005 1849844.33477294
0.31 4 22320174.6666667 22324947.3333333 1.23 1624 0.0039324975862069 0.116675516547406 0.145533333333333 324255.412513624
0.32 4 22798860.5 22802856 1.215 484 0.00135376016528926 0 0.11155 145630.855970158
0.33 4 23244904 23253183 1.2 1548 0.00684688113049096 0.0529450286810315 0.1152 713216.784426141
0.34 4 23727629.5 23732822 1.19 609 0.018332249589491 0.039060661713993 0.30845 713201.475357081
0.35 4 24289724 24315017 1.19 2521 0.00364894 0.101916995072542 0.0755 579963.973509934
0.36 4 24979535 24985488 1.2 748 0.00453215 0.163070066083426 0.1056 515017.045454546
0.37 4 25535830 25543683 1.2 415 0.00150817 1.08442019135774 0.1021 177257.982370225
0.39 4 26587834.5 26596011 1.18 1472 0.00484977663043478 0.0764443140534599 0.1098 530030.232834402
0.4 4 27365093 27371627 1.15666666666667 906 0.00262887913907285 0 0.120533333333333 261724.693049288
0.42 4 29095163.5 29102359 1.075 619 0.00937209957996769 0 0.0968 1161830.52644228
0.43 4 30734281.25 30743343.5 0.95625 2945 0.00125986408149406 0.366655752543894 0.133425 113309.866801039
0.44 4 32896127.6666667 32900726.6666667 0.903333333333333 1149 0.00395181980852916 0 0.209033333333333 226862.562760404
0.45 4 34889327.6 34909785.6 0.812 1936 0.000334042314049587 1.51127163332601 0.127 31563.0532960239
0.46 4 36424668.5 36428902 0.66 408 0.0016746206372549 0 0.26145 76861.5324041263
0.47 4 38810270 38818835.5 0.505 1561 0.00282803935938501 0.123186059340818 0.115725 293251.002917435
0.48 4 41665190 41673237.75 0.345 537 0.001067782141527 0.331808577765071 0.1103 116168.501344733
0.49 4 45122004.75 45127295.75 0.2 808 0.00703757821782178 0.367254266839656 0.124325 679275.597135423
0.5 4 50764438.7 50778044.2 0.067 2576 0.000478934930124224 0.749706953603816 0.12068 47623.6257995582
0.51 4 57663958 57671556.875 0.056875 6345 0.000700677106382979 0.357595227306234 0.1080875 77789.9875248826
0.52 4 87072620.8571429 87079239.0204082 -0.0120408163265306 21301 0.00101640684920896 0.199629856421173 0.143716326530612 84867.7563986406
0.53 4 132444130.75 132450880.166667 -0.0280555555555556 11987 0.00048395303912572 0.158381149812581 0.138344444444444 41978.096719603
0.54 4 210875990.3125 210894029.75 0.0116666666666667 19276 0.000583700518364806 0.292781513161856 0.111008333333333 63098.0216534285
0.55 4 365464309.209877 365480671.777778 -0.00148148148148148 35325 0.000572766277593772 0.224404511505687 0.108907407407407 63110.4485428948
0.59 4 427565256.111111 427571167.555556 0.0288888888888889 2857 0.000636328285614281 0.403881633860243 0.0939 81319.9087047004
0.6 4 432621165 432625868.5 0.03 1672 0.00084641759569378 0.521722772748207 0.190025 53450.9203963971
0.61 4 436040962.5 436042540.5 0.035 383 0.00171655924281984 0.555233685261361 0.23945 86025.1030020385
0.62 4 438408576 438412687 0.04 1091 0.00121361840513291 0 0.0795 183187.683793646
0.63 4 443944179 443949945.6 0.044 1680 0 NA 0.12236 0
0.64 4 447475062.4 447481639.8 0.05 2747 0.000681216152165999 0.422186781871521 0.11418 71593.9203537571
0.65 4 452571472 452588224 0.0533333333333333 1050 0 Inf 0.211333333333333 0
0.66 4 459284062.125 459291001.375 0.0625 2561 0.000723449331511128 0.632555913914988 0.119 72952.8737658281
0.67 4 463626085.4 463638060.8 0.07 1287 0.0034286714996115 0.0427938886816109 0.11978 343496.894267307
0.68 4 472267811.722222 472272870.888889 0.0577777777777778 5203 0.00119272689794349 0.417332938399041 0.157516666666667 90864.8149951662
0.69 4 493007571.135135 493017096.702703 0.0513513513513514 13015 0.000677823646100653 0.398304708010821 0.120797297297297 67334.9812884416
0.7 4 512327422.56 512334736.84 0.0972 9384 0.000584034382992327 0.302426181220846 0.12964 54060.5723226468
0.71 4 521592247.222222 521612602.222222 0.122222222222222 2446 0.000786537968111202 0.196328386463699 0.110466666666667 85441.662196751
0.72 4 527230719.636364 527237935 0.141818181818182 4665 0.00067564298113612 0.309443664661742 0.115881818181818 69965.3828429967
0.73 4 535798437.153846 535803469.307692 0.15 4249 0.000675437128971523 0.486884315459308 0.146084615384615 55483.2247483321
0.74 4 542552547.8 542558973.1 0.121 4457 0.000289417762171865 0.846614048603129 0.12868 26989.533307914
0.75 4 552101168.571429 552108434.5 0.113571428571429 5600 0.00117407110178571 0.186847424093628 0.153271428571429 91920.936294156
0.76 4 559584638.5 559589390 0.211666666666667 3006 0 Inf 0.19795 0
0.77 4 564138258.142857 564148691.571429 0.31 4482 0.000633839945113789 0.406674546589016 0.126571428571429 60093.1776405849
0.78 4 567255012.285714 567260644.571429 0.372857142857143 2885 0.000855618386828423 0.118748724178752 0.121557142857143 84465.7944453961
0.79 4 569330363 569335714.666667 0.438333333333333 2015 0.00152587750372208 0.241061622119877 0.127166666666667 143988.440718205
0.8 4 570754064.75 570757839.75 0.4775 738 0.00127257115176152 0 0.1952 78231.8331000933
0.81 4 573287298.333333 573293873.333333 0.5 1399 0 NA 0.1291 0
0.82 4 574935673.333333 574940051 0.49 1929 0.0100019388543287 0.0477755224031849 0.116383333333333 1031275.37950976
0.83 4 576850640.5 576855722.75 0.4925 987 0.000866445086119554 0.427175884224784 0.1933 53788.6240736402
0.84 4 578716627 578722246.5 0.505 600 0.0067265339 0.0448317386759918 0.0719 1122648.21696801
0.85 4 580373882.5 580379583.5 0.5175 1481 0.00358355833896016 0.0934246461618474 0.158825 270755.23417297
0.86 4 581683739.666667 581739144.333333 0.53 2162 0.00217899457909343 0.143203268891711 0.142366666666667 183666.131696005
0.87 4 583513360 583518234.75 0.5475 1024 0.00174413849609375 0.315996130947125 0.132325 158168.614797846
0.88 4 585971664.25 586008348.25 0.58 1294 0 NA 0.07735 0
0.89 4 587115435.666667 587122460.666667 0.586666666666667 1289 0.00187582025911559 0 0.120066666666667 187477.871538482
0.9 4 589389380 589397216.25 0.585 3890 0.000161425221079692 0.554679838146742 0.10325 18761.2847743951
0.91 4 591294001.2 591297870.8 0.604 1228 0.00148302928338762 0 0.17814 99900.9284868725
0.92 4 593460810.166667 593468884.5 0.643333333333333 3280 0.00174429976402439 0.301040256033442 0.119516666666667 175135.382805405
0.93 4 595274320.4 595288973.2 0.698 1121 0.00130210074041035 0.422275092100021 0.16068 97244.2673943501
0.94 4 596510352.333333 596515212.166667 0.745 1222 0.00758041086743044 0.086669195912462 0.191866666666667 474104.918741306
0.95 4 597959841.333333 597963913.333333 0.806666666666667 1490 0.00441104879194631 0.0842764376585964 0.125166666666667 422896.821598048
0.96 4 599288838.333333 599294287.833333 0.848333333333333 1351 0.00104180780162842 0.133794242846415 0.13575 92093.5073262695
0.97 4 600335187 600339063.5 0.875 508 0 NA 0.0953 0
0.98 4 601455373.166667 601462381.666667 0.886666666666667 1306 0.00141154862174579 0.0591899733249434 0.2435 69562.9710921949
0.99 4 602580525.666667 602584908.333333 0.896666666666667 866 0.000750143556581986 0.582980329307868 0.106733333333333 84338.4385913539
1 4 603598534.5 603601415 0.89 562 0.00215075473309609 0.307965036456291 0.14985 172232.611258946
1.01 4 604527739.333333 604533731.666667 0.89 1157 0.00712840665514261 0.0895421523427547 0.213033333333333 401537.536512492
1.02 4 605644071 605649078 0.9 824 0.00149763 1.10469875736998 0.0888 202382.432432432
1.03 4 606196642.666667 606203751 0.91 1860 0.00540310082258065 0.198232628571061 0.128266666666667 505487.602944135
1.04 4 607135308 607138982.5 0.91 114 0.0100495929824561 0.16612442015632 0.18975 635547.382289716
1.05 4 608257453.714286 608262637.142857 0.91 2101 0.00513462495954307 0.186816398353383 0.137171428571429 449186.103521785
1.06 4 609258726 609270189.666667 0.9 2470 0.0072087637611336 0.282278728650644 0.135133333333333 640146.757278761
1.07 4 610930296 610934429 0.89 250 0.0024607 0.705738204575934 0.1301 226966.948501153
1.08 4 611626988.714286 611634275.142857 0.871428571428571 2268 0.00471594904144621 0.104093656601515 0.163257142857143 346639.586525623
1.09 4 613443863 613452358 0.83 1024 0.00062779 0 0.1183 63681.1496196112
1.1 4 613873458 613881614.2 0.816 1753 0.00671656671420422 0.0318313081757651 0.14884 541513.037963253
1.11 4 615558368.5 615566476.5 0.76 844 0.0298142004739337 0.118430698511093 0.16245 2202341.67859159
1.12 4 617267869.5 617279026 0.67 1052 0.00234074988593156 0.075114630484183 0.1248 225072.104416496
1.13 4 618738902.833333 618742947.666667 0.698333333333333 1292 0.0166490998297214 0.0534816297197351 0.1364 1464730.19029807
1.14 4 620972757.166667 620977953.333333 0.675 1800 0.0070267104 0.058399348893363 0.212766666666667 396305.145542848
1.15 4 622374208 622377672 0.75 292 0.0111148910958904 0 0.1556 857189.544670212
1.16 4 623211136 623220020.7 0.807 4881 0.007026413122311 0.0894128969550431 0.12109 696316.437919994
1.17 4 623744831 623750459 0.85 418 0.00793161 0 0.1257 757194.272076372
1.18 4 625138972.5 625144059.333333 0.931666666666667 2057 0.00523033637335926 0.213126828530737 0.0921 681477.051903487
1.19 4 627006978.375 627012102.5 0.93625 2209 0.0152933542824808 0.0781940296188935 0.207775 883264.355142674
1.2 4 628189120.333333 628194334 0.97 1589 0.0221810959723096 0.0314177925195346 0.1593 1670892.35196306
1.21 4 628801846 628803652 0.98 156 0.00394391 0.302410551964928 0.4469 105900.469903782
1.22 4 629595171.5 629598942.5 0.99 407 0.0200325318918919 0.0448091186438303 0.1808 1329592.82468309
1.23 4 630166309 630173377 1 479 0.00798787 0.0962310353072847 0.1202 797457.903494176
1.24 4 630953232 630957269 1 119 0.00571429 0.797871651596261 0.2202 311405.449591281
1.25 4 632029491.25 632043825.75 1 2503 0.00752183825409509 0.0876338105492872 0.1488 606599.859201216
1.26 4 632957193.285714 632960731.285714 1 1693 0.0289779678086237 0.0304696073403385 0.205328571428571 1693556.87464301
1.27 4 633983994.666667 633988735 1 471 0.0303383026751592 0.0258810543738626 0.221533333333333 1643362.76904263
1.28 4 634929343.75 634933659.5 1 1147 0.0190439615693112 0.123437135948786 0.144675 1579592.45779668
1.29 4 636454615.666667 636460992.666667 1 2046 0.0225740030791789 0.0907788285074842 0.2169 1248907.50092276
1.3 4 638886082.666667 638892261 1 1095 0.0349196823744292 0.041280147374959 0.2463 1701324.35441799
1.31 4 640869326.8 640884296.666667 NA 8961 0.0205651812509765 0.043321564163832 0.156806666666667 1573798.99884178
1.32 4 644446130.333333 644451663.5 NA 2172 0.0270095718232044 0.026595160742926 0.23605 1373077.1526306
0.01 5 545628.5 550170 1.45 934 0.0027231770235546 0 0.1581 206692.753210976
0.03 5 1313687 1319573 1.44 434 0.0229729 0 0.2441 1129351.90495698
0.06 5 2730539.5 2736143 1.405 1027 0.037709335540409 0.0192377266425101 0.28405 1593071.73555679
0.07 5 3141079 3152916 1.39 1161 0.00963707 0.032793784832942 0.1371 843507.221006565
0.08 5 3599882.5 3604590 1.38 669 0.00595683707025411 0.0913414864882498 0.2221 321846.217213189
0.09 5 4127905.33333333 4132091.33333333 1.37 402 0.032190971641791 0.0184185167458266 0.168733333333333 2289361.87100845
0.12 5 5401199.5 5406223 1.33 387 0.0142241797932817 0.0349626331773905 0.1503 1135663.05734784
0.13 5 5685205 5702441 1.32 1228 0.00394501 0.163042172263188 0.0789 600001.520912547
0.14 5 6156428 6159634 1.31 530 0.00815822369811321 0 0.6178 158463.393294527
0.15 5 6865726 6871506 1.2825 1530 0.00998804711764706 0.0448242445588438 0.2023 592469.428629583
0.16 5 7512955 7521181 1.26 1787 0.00299361944040291 0.30464268871765 0.1473 243879.384146877
0.19 5 9252025 9255073 1.22 271 0.0493986 0 0.2185 2712966.59038902
0.21 5 10156146 10160096 1.2 475 0.00459482 0.315790390047924 0.1395 395253.333333333
0.25 5 12389421 12395492 1.15 642 0.0275923753894081 0.0398102285130577 0.16195 2044510.68028958
0.26 5 13032905 13036977 1.13 666 0 Inf 0.0858 0
0.27 5 14012962 14017702 1.11 843 0.00520715 0.0578183843369214 0.1044 598522.988505747
0.29 5 15466011.5 15475324.5 1.075 839 0.00310330141835519 0.0700390908618604 0.1025 363313.336783046
0.3 5 16165139 16174078 1.06 412 0.00150509184466019 0.299339846112026 0.10195 177156.470190508
0.31 5 17047908 17054340.3333333 1.04 1592 0.00329894712939698 0 0.122933333333333 322023.038661311
0.33 5 19081852.5 19086477.5 0.995 293 0.00275331931740614 0 0.12725 259645.043684666
0.34 5 19961511.5 19977807.75 0.975 502 0.011404764940239 0.139651840497227 0.213075 642295.807968408
0.37 5 23454017.5 23459239.5 0.875 1251 0.00543215601918465 0.027170505842847 0.0881 739907.743816298
0.38 5 24343612 24346589 0.85 329 0.0085465 0.212550166734921 0.0956 1072782.42677824
0.39 5 26354880.5 26478186 0.8 449 0.00373345452115813 0.147044089548764 0.1027 436236.166055478
0.4 5 27480188 27488604 0.77 318 0.00293291 1.28320678097862 0.0809 435042.274412855
0.41 5 28815961 28819917.6666667 0.746666666666667 1096 0.00644506035583942 0.166630845697388 0.0986 784388.684280659
0.42 5 30700998 30707808 0.71 494 0.00253468 0.197095096816955 0.1011 300852.225519288
0.43 5 32941021.5 32947257.25 0.67 1476 0.0104410994308943 0.153800917361263 0.1268 988116.665384319
0.44 5 34536282 34540113.6666667 0.65 782 0.00983116964194373 0.0480745263018336 0.130933333333333 901023.694271829
0.45 5 39497384.3333333 39505478.3333333 0.44 1348 0.00108515108308605 1.09254416336589 0.108933333333333 119539.286998464
0.46 5 42559107.5714286 42567055.4285714 0.324285714285714 2728 0.00239491869868035 0.206054529970522 0.115285714285714 249285.217706505
0.47 5 56620796.3333333 56628005 0.0216666666666667 5612 0.00148555897719173 0.155001118285727 0.118972222222222 149839.243088216
0.48 5 203499407.378698 203512030.934911 0.00550295857988166 71941 0.000666137733211938 0.293800139421086 0.116408284023669 68669.1060313023
0.49 5 355472999.318182 355482276.272727 0.03 7330 0.00165279301637108 0.20252405741883 0.118345454545455 167590.012414336
0.5 5 370584020.777778 370589817 0.0388888888888889 3506 0.00425062650598973 0.0826645974787222 0.144577777777778 352803.306676061
0.51 5 382098229.214286 382111395.214286 0.04 5490 0.00164245924772313 0.244503339929773 0.112471428571429 175240.158527554
0.52 5 408913876.146667 408924316.053333 0.0432 30226 0.000715950153642559 0.194387547152431 0.116565333333333 73704.6049458162
0.53 5 443382569.633333 443389987.833333 0.0373333333333333 7599 0.000698456221871299 0.278537144095784 0.133063333333333 62988.6119075296
0.54 5 461940066.75 461943953.25 0.104166666666667 3588 0.00150292463210702 0.113742944131609 0.140683333333333 128196.390844338
0.55 5 469209501.636364 469223603.545455 0.157272727272727 3354 0.00120051582289803 0.106411021289107 0.115463636363636 124768.198269853
0.56 5 475268027.75 475271519 0.215 1030 0.0149079397281553 0.103440065512442 0.2692 664544.118639911
0.57 5 479739214.75 479745451.125 0.2625 3127 0.00305131434601855 0.136121009305163 0.12805 285949.021102871
0.58 5 483427325.636364 483431306.363636 0.277272727272727 3309 0 Inf 0.131181818181818 0
0.59 5 487572076.5 487578944 0.2925 621 0.013391115136876 0.132744981666107 0.114275 1406198.92052078
0.6 5 490625709 490636789 0.305 973 0.00126653058581706 0.301825460082559 0.11595 131076.904094909
0.61 5 494131793 494137379.75 0.32 1483 0.00316319717464599 0.15966564092062 0.162775 233195.306992793
0.62 5 495518451 495524540.5 0.33 1648 0.0193108742597087 0.10920686175914 0.12595 1839860.98544267
0.63 5 499079551.8 499083308.6 0.348 799 0.00260424121401752 0.417282041891874 0.2172 143880.730056217
0.64 5 501897955.75 501903129.5 0.36 1554 0.00315262622908623 0.0375919350571637 0.1424 265670.749642098
0.65 5 504508301.666667 504517153.333333 0.376666666666667 1354 0.00538661880354505 0.201581593705369 0.117233333333333 551374.116939499
0.66 5 506317889 506321354.333333 0.386666666666667 841 0.0024329163020214 0.182243044429179 0.176866666666667 165067.822979213
0.67 5 508692526.5 508706458 0.405 178 0.0135405741573034 0.0752548126060743 0.19165 847831.410840806
0.68 5 510054574 510061225.333333 0.41 2292 0.0143760792408377 0.0131036345272801 0.1218 1416362.48678204
0.69 5 512809279 512812942.5 0.435 430 0.00462376279069767 0 0.13015 426316.968792717
0.7 5 514968255.428571 514972751.714286 0.447142857142857 1772 0.00078712262979684 0 0.148485714285714 63611.9885539105
0.71 5 517684164 517685655 0.47 223 0.00253968 0.337331474831475 0.1949 156368.188814777
0.72 5 519784216.714286 519793770.714286 0.485714285714286 1345 0.00139739472118959 0 0.120185714285714 139523.54282649
0.73 5 523029559 523034646 0.515 381 0.0033426719160105 0.144615125498799 0.21675 185061.420955599
0.74 5 525350898 525355659 0.535 567 0.00681124412698413 0.0959402273979258 0.10045 813687.700585461
0.75 5 526995993.2 527002729.6 0.546 1717 0.00727395746068725 0.088074707723638 0.094 928590.314130287
0.76 5 529045179.5 529053985.5 0.5625 1504 0.0143220402859043 0.0710223882221769 0.1261 1362922.15250477
0.77 5 530518772 530523631 0.574 1450 0.00208897704137931 0.141521345717502 0.13184 190137.473426515
0.78 5 532211141.666667 532226261.666667 0.59 1503 0.0118589039520958 0.0512815395716172 0.1286 1106585.12772278
0.79 5 534095222.2 534099118.6 0.612 1942 0.00553095907826982 0.198018248843122 0.1819 364879.103569202
0.8 5 535758804.6 535765295.8 0.63 1846 0.00153278548754063 0.0857849881153602 0.13388 137387.405516041
0.81 5 537837435 537842536.333333 0.66 1067 0.0137863399062793 0.112503822121392 0.1081 1530398.50948521
0.82 5 538827363 538830360 0.673333333333333 1238 0.00200581662358643 0.194712451345763 0.1264 190425.628821496
0.83 5 540455735.25 540460453 0.69 769 0 Inf 0.10545 0
0.84 5 542383777 542389508.75 0.71 1990 0.00991709849246231 0.142306055233978 0.138275 860641.344491395
0.85 5 543386412 543387985 0.72 37 0 NA 0.2859 0
0.86 5 545147610.666667 545152903.666667 0.74 569 0.0176553876274165 0.228783571419945 0.180766666666667 1172033.8458178
0.87 5 546062309 546069660.5 0.74 246 0.0124662886178862 0.417332898121666 0.12095 1236837.23368858
0.88 5 547316476.857143 547320541 0.751428571428571 2136 0.0136028839606742 0.0987205777504742 0.211185714285714 772943.416557281
0.89 5 548970510.666667 548993638.666667 0.763333333333333 1455 0.00436797896907217 0.18211378089978 0.109266666666667 479704.828818176
0.9 5 549567553.5 549572168.833333 0.77 1921 0.0046466815096304 0.041674528792647 0.12975 429750.891064083
0.91 5 551472970.5 551478096.5 0.775 492 0.00259544384146341 0 0.14315 217571.261596654
0.92 5 552540341.166667 552545611.333333 0.78 2064 0.00462514317344961 0.0776212589714814 0.0998666666666667 555758.191736269
0.93 5 553511979.4 553518034.2 0.788 1958 0.00337429038815117 0.232887396573457 0.1415 286158.902175365
0.94 5 554638957.6 554656163 0.813 2743 0.00663845074735691 0.141194442474752 0.12113 657652.183342549
0.95 5 556057726 556061523.6 0.836 1909 0.008857792613934 0.0875363916910717 0.10274 1034587.41840771
0.96 5 556677998.666667 556692827.666667 0.843333333333333 1031 0.00886944185257032 0.13383940481877 0.1247 853514.853495139
0.97 5 557883399.5 557889908 0.85 694 0.0202931514409222 0.248074299934708 0.14805 1644834.96988224
0.98 5 559051995.333333 559056926.666667 0.86 974 0.0138876540041068 0.0367106030905828 0.219133333333333 760504.326358144
1 5 561663872.5 561668520.5 0.86 288 0.0046494 0.135626371144664 0.17265 323155.51694179
1.01 5 562444113.25 562448068.75 0.8525 1236 0.00199906008899676 0 0.173625 138163.980233038
1.02 5 563512198 563518396 0.84 1578 0.000411935475285171 1.12668527061146 0.105433333333333 46884.8470131716
1.03 5 565028777.5 565032839.5 0.85 904 0.00440239340707965 0.0917991702642924 0.1282 412080.5061229
1.04 5 565802775.2 565824075.2 0.858 2696 0.00508650834569733 0.05883832218479 0.12126 503365.496852779
1.05 5 567453420.5 567457742.5 0.86 153 0.0158115941176471 0.0450999864044499 0.203 934675.514343669
1.06 5 568230458.111111 568235041.333333 0.87 2137 0.0165291040056153 0.0518116338668093 0.158922222222222 1248090.07383518
1.07 5 569660808.25 569666118.5 0.87 1159 0.0116369290940466 0.0322431138828405 0.174775 798988.122606546
1.08 5 570896554.5 570903948.5 0.87 1097 0.00454698680036463 0.171686532982268 0.22645 240953.153474831
1.09 5 572440690 572443155 0.87 133 0 NA 0.1708 0
1.1 5 572518347 572521870.5 0.87 545 0.00721315168807339 0.154016600365458 0.21715 398608.428537328
1.11 5 574319944 574332399.666667 0.87 617 0.00517900936790924 0.172790414747315 0.167333333333333 371403.062240503
1.12 5 575083769 575093274 0.87 63 0.0103687 0 0.1509 824548.707753479
1.13 5 576775666 576780592 0.86 1000 0.01964780061 0.117225028170723 0.153466666666667 1536318.03205908
1.14 5 577629179 577634612.5 0.85 475 0.014810376 0.224279421968831 0.10335 1719637.27140784
1.15 5 579131251.5 579134458 0.84 283 0.00962533024734982 0 0.1368 844327.214679809
1.16 5 580551812 580555089.666667 0.83 578 0.0073478624567474 0.146678944951272 0.194333333333333 453727.355819737
1.17 5 581691899.833333 581698237.5 0.823333333333333 3122 0.0128112806630365 0.140383854603427 0.148416666666667 1035836.28044765
1.18 5 582853700.2 582858637.8 0.812 3286 0.0192609057942788 0.0554386279285841 0.12272 1883400.17545099
1.19 5 584640677 584644182 0.79 390 0.00485909 0 0.1035 563372.753623188
1.2 5 585503663 585543285.5 0.78 1014 0.0139110751775148 0.064700177240117 0.157575 1059386.97210965
1.22 5 587576556.111111 587582251.333333 0.77 3775 0.0097819874807947 0.070239166505394 0.152877777777778 767828.074660824
1.23 5 588805277.142857 588822446.857143 0.755714285714286 1874 0.00861001427961579 0.148490786592899 0.140114285714286 737399.265383082
1.24 5 589975244.142857 589982566.571429 0.741428571428571 3804 0.00587914046004206 0.033095284739728 0.116071428571429 607812.675253579
1.25 5 591521807.2 591527802.7 0.739 3603 0.0159510109186789 0.105119705248983 0.14026 1364695.0736072
1.26 5 593042135.75 593050278 0.725 2075 0.0100735346072289 0.0881304744752875 0.180725 668874.894379566
1.27 5 595081157.2 595086653.4 0.678 1925 0.00676629087792208 0.126387006603646 0.10066 806631.139827786
1.28 5 596157675.4 596165496.6 0.622 3584 0.00120766295703125 0.213709678517538 0.16824 86138.5846669936
1.29 5 597343282.25 597386935.5 0.585 4700 0.0043992998612766 0.171015777776169 0.116775 452079.62607852
1.3 5 598800824.25 598818090 0.58 1705 0.000757308633431085 0.569189593163542 0.11545 78715.4924311219
1.31 5 600482246.142857 600487241.571429 0.611428571428571 2350 0.00446676614468085 0.0346477845606774 0.128042857142857 418619.163397514
1.32 5 602686071.875 602692229 0.59625 1592 0.0114507821545226 0.154712748580928 0.177475 774246.433887992
1.33 5 604994037.428571 604998843.285714 0.602857142857143 2044 0.00763146669765166 0.0601764307946557 0.112928571428571 810933.842634712
1.34 5 606464049.4 606468465 0.626 1143 0.00302930527559055 0.194198213541294 0.15972 227596.189000041
1.35 5 607749402 607754331.5 0.655 187 0 NA 0.08245 0
1.36 5 609185289 609216707.571429 0.655714285714286 2678 0.0103906208513816 0.134562533233388 0.166114285714286 750612.445404246
1.37 5 610441670.666667 610446409.333333 0.616666666666667 1235 0.0131583580566802 0.0337983668045855 0.114866666666667 1374639.84341406
1.38 5 611828972 611832590.333333 0.61 532 0.0116844987969925 0.0302832176264068 0.2758 508390.085438396
1.39 5 612933356.25 612938274 0.61 678 0.0130654548672566 0.0278448254140961 0.1863 841575.192737948
1.4 5 615069737.545455 615082655.818182 0.602727272727273 2663 0.0159093870634623 0.0728187287148194 0.135054545454545 1413596.58883752
1.41 5 616741656.666667 616751050.666667 0.59 1972 0.00430731596348884 0.186362942464271 0.126166666666667 409678.664955346
1.42 5 618910524.5 618915527 0.541666666666667 2504 0.00126358551916933 0.290660897411922 0.115416666666667 131376.400549013
1.43 5 620838088.666667 620843713.666667 0.51 1311 0.0052363498245614 0.0805650825275598 0.126533333333333 496597.981254506
1.44 5 623845802.428571 623852753 0.557142857142857 2319 0.0238738846442432 0.0461785954570405 0.125585714285714 2281203.85634903
1.45 5 625236646.285714 625240515.857143 0.561428571428571 1681 0.00796579809637121 0.0877311417777129 0.179785714285714 531686.16614635
1.46 5 626464581.166667 626475208.666667 0.571666666666667 2659 0.00558866201579541 0.0971031982411227 0.118183333333333 567456.868054251
1.48 5 629786865.111111 629796244.444444 0.646666666666667 2432 0.0140836001644737 0.0402047664119506 0.185277777777778 912161.210052869
1.49 5 631523930.714286 631528651.714286 0.647142857142857 1922 0.00948526135275754 0.0608211155100176 0.352557142857143 322850.177734768
1.5 5 632547993 632552828 0.62 264 0.00453515 0 0.1423 382444.132115249
1.51 5 634862945 634868705.333333 0.62 1159 0.00138329622088007 0.112494113172004 0.105966666666667 156648.832814352
1.52 5 636453771.75 636459120.875 0.62 2321 0.00937385404136148 0.0344082436197792 0.147025 765082.458740607
1.53 5 637263362.6 637270391.4 0.626 957 0.0113523011807732 0 0.2366 575771.826581906
1.54 5 639101985.75 639106569 0.64 758 0.00869769569920844 0.138938171799223 0.15865 657878.023261906
1.55 5 640445855.25 640450080 0.645 886 0.0196013916027088 0.125793767063445 0.2705 869562.658900206
1.56 5 642593596.125 642604851.75 0.65125 3457 0.0169844456985826 0.0356962058830285 0.1390875 1465360.64263856
1.57 5 644390158.25 644398346 0.68875 3269 0.00644334936983787 0.0785703853050186 0.129525 596951.881397834
1.58 5 645841789.75 645845506.5 0.7125 832 0.00903936423076923 0.025172877415179 0.15345 706890.653432589
1.59 5 646998597 647003408.5 0.725 390 0.001593125 0 0.0825 231727.272727273
1.6 5 648207285.2 648210975.6 0.734 1643 0.00622793734388314 0.0180163313925975 0.17792 420049.73092737
1.61 5 649605300.666667 649611265.666667 0.74 1541 0.00371797386112914 0.288239349178922 0.095 469638.803511049
1.62 5 651181327.142857 651188631.428571 0.74 3227 0.0109951957204834 0.116526450554661 0.112228571428571 1175657.38355474
1.64 5 653006803.5 653011422.5 0.76 518 0.0041593945945946 0.19860456377673 0.1453 343515.038782761
1.65 5 654684138 654689663 0.78 528 0.0323227 0.0108540746905426 0.1694 2289683.58913813
1.66 5 656514952 656518038 0.78 257 0.00241222 0.299438276774092 0.157 184373.503184713
1.67 5 657440549.5 657446880 0.77 951 0.00998222664563617 0.0451426597266376 0.1531 782408.358900288
1.68 5 658193581.5 658200237.25 0.755 856 0.0132296481892523 0.0820751157558499 0.17785 892638.618335834
1.69 5 659471335.833333 659478226.166667 0.731666666666667 2427 0.010306664078286 0.0998752205306783 0.112 1104285.43695921
1.71 5 661608200 661611656.333333 0.73 752 0.037203292287234 0.00658639132250785 0.175133333333333 2549140.69726004
1.72 5 663376456 663383172 0.72 923 0.0170941211267606 0.0118902875240389 0.1331 1541167.94531275
1.73 5 665268494.857143 665279064.428571 0.702857142857143 2724 0.0212612118575624 0.0943556031456987 0.1815 1405699.95752479
1.74 5 668405394.4 668410827.2 0.683333333333333 3038 0.0386775590454246 0.062422217709139 0.21282 2180860.39162248
0 6 896588 901865.666666667 1.4 735 0.014706859047619 0.0681246170165924 0.209866666666667 840925.866763478
0.02 6 4781177 4786863 1.42 90 0.018544 0 0.3095 718991.922455574
0.03 6 5146749.75 5153147 1.42 2919 0.0130932948201439 0.0796204247348509 0.15555 1010090.24649133
0.04 6 6459329 6483858 1.43 1706 0.0150384932942556 0.168384070425329 0.1708 1056568.61552147
0.05 6 7502791.5 7506439 1.44 157 0.00415397834394904 0 0.24435 204001.391968032
0.06 6 8009379 8015945.33333333 1.44 1896 0.0176636847046413 0.158696925026114 0.110833333333333 1912459.09584087
0.07 6 8492298.5 8499650 1.44 1082 0.0125945654343808 0.089731183677072 0.1867 809506.08041012
0.09 6 9730002 9736746.5 1.44 2208 0.0376955630434783 0.0022052245048561 0.11195 4040614.17169932
0.1 6 10437004 10439223 1.44 226 0.00273702 0.300303614880417 0.3288 99891.2408759124
0.11 6 10691525 10695891 1.44 407 0.0456182 0.0101729792056679 0.1808 3027756.63716814
0.12 6 11509347 11515094 1.43 304 0.0243678 0.138071553443479 0.1537 1902495.77098243
0.14 6 12657540 12788778 1.45 374 0.00829493 0.119644891518072 0.2208 450811.413043478
0.15 6 13265913 13278057 1.48 1779 0.0122735 0.0363610217134477 0.1149 1281827.67624021
0.17 6 14110435 14114495.3333333 1.51333333333333 922 0.0195936404555315 0.0198468309737823 0.1868 1258692.10635106
0.18 6 14498767 14502658 1.52 296 0.0591376 0.112835319661265 0.194 3657995.87628866
0.19 6 15743975.5 15749309 1.54 873 0.0413669226804124 0.0806017956226045 0.5695 871647.185539857
0.21 6 16816799.4 16849050 1.54 1094 0.0263989319012797 0.0435630991178231 0.18954 1671347.38216396
0.22 6 17343975 17355993 1.54 325 0.0126947 0.276176672154521 0.071 2145583.09859155
0.24 6 18617841.6666667 18621743 1.50666666666667 954 0.0192725474842767 0.197040610817019 0.146466666666667 1578997.97322249
0.26 6 19614372.3333333 19619354 1.47 824 0.00499488915048544 0 0.179533333333333 333858.168246334
0.29 6 22577030.5 22580930 1.34 819 0.0121048895726496 0.0551771252879602 0.1051 1382099.66576399
0.3 6 23621073 23626364 1.35 247 0.00250627 0.29999960100069 0.1361 220978.986039677
0.31 6 24329434 24334228 1.34 78 0.00867261 0.267719867490871 0.0796 1307428.64321608
0.32 6 25099557 25128558.25 1.3275 888 0.00233304353603604 0.0888472325998249 0.1839 152237.751127963
0.33 6 25869026 25874898 1.31 363 0.00335477 0 0.174 231363.448275862
0.34 6 26766722 26771972 1.27 242 0 Inf 0.0889 0
0.36 6 28247156 28249633.6666667 1.18666666666667 553 0.00808902732368897 0.164894101594026 0.1524 636931.28532984
0.37 6 28643500 28649092 1.16 52 0 NA 0.1449 0
0.38 6 29453673 29459393 1.1 429 0 NA 0.1169 0
0.39 6 30663453 30693544.3333333 0.986666666666667 815 0.0103417199263804 0.0224182714590031 0.155933333333333 795857.027254582
0.4 6 31321203.5 31364363 0.925 641 0.00300683145085803 0 0.10815 333629.009803943
0.41 6 32120972.3333333 32124853.3333333 0.876666666666667 510 0 NA 0.0861666666666667 0
0.42 6 33093409.3333333 33097819.6666667 0.816666666666667 740 0.00174398571621622 0.140697814263496 0.148233333333333 141181.663556968
0.43 6 34358347 34363030.6666667 0.75 390 0 NA 0.0820666666666667 0
0.44 6 35982785.5 35992456 0.67 551 0.00423598074410163 0.0819990998469815 0.1204 422190.771837372
0.45 6 37752154 37764926.25 0.59 1141 0.00318792567922875 0.151201950325714 0.31035 123264.405190092
0.46 6 40408681 40420893 0.39 705 0 NA 0.0978 0
0.47 6 45122223 45128204.1904762 0.261428571428571 7357 0.00256549315685741 0.128565506186224 0.128047619047619 240425.539430297
0.48 6 55378744.1538462 55394161.1538462 0.0776923076923077 6939 0.00284015408387376 0.107538390544325 0.127107692307692 268133.646262591
0.49 6 72529986.5714286 72536554.3571429 0.0453571428571429 14937 0.00294266879480485 0.164789755911467 0.128267857142857 275299.099277302
0.5 6 104069107.875 104075942.25 0.01125 2758 0.003241452862219 0.0616003104241905 0.1647 236171.428941275
0.51 6 123647840.666667 123656055.638889 0.0327777777777778 12443 0.000620138428915856 0.307901943939295 0.1325 56163.4803546436
0.52 6 155875559.416667 155882474.194444 0.0297222222222222 12366 0.00337445288452208 0.270109108997577 0.129816666666667 311927.856830902
0.53 6 232376974.391892 232396933.986486 0.00932432432432432 25578 0.000784579114473376 0.350405615998747 0.106432432432432 88459.4024444334
0.54 6 343330535.42623 343338129.622951 0.0250819672131148 23211 0.000628010902546207 0.485254404827656 0.106308196721311 70889.4616123586
0.55 6 381892964.166667 381902273.833333 0.08 2523 0.000836943337296869 0.0864486218758667 0.0882333333333333 113826.823357338
0.56 6 392165165.125 392172233.875 0.0825 3004 0.000664614527296937 0.370001891908911 0.1413375 56427.8717789918
0.57 6 396739342.875 396744096.375 0.08625 2650 0.00069655521509434 0.098842998438266 0.1330625 62817.5675425614
0.58 6 405758733 405764016.888889 0.08 2659 0.000758778619781873 0.17991892267038 0.113888888888889 79949.3570111632
0.59 6 426390278.083333 426396598.583333 0.07125 6045 0.001730006936311 0.193418140724658 0.1428625 145315.133332624
0.6 6 449228324.333333 449234148.777778 0.0522222222222222 3493 0.000227433426853707 0.460025890928704 0.0916666666666666 29773.1031517581
0.61 6 461199965.111111 461204952.222222 0.0666666666666667 2120 0.000711389735849057 0.123272710609284 0.113066666666667 75501.2691349235
0.62 6 467978149.769231 467985678.384615 0.0884615384615385 4432 0.000287721319945848 0.480926133546434 0.132992307692308 25961.3198632381
0.63 6 475985959.666667 475991721.5 0.121666666666667 1619 0.00165904628165534 0 0.15395 129318.320103047
0.64 6 480918230.416667 480936147.166667 0.129166666666667 7265 0.00152366218031659 0.0995897930650792 0.128825 141928.555511733
0.65 6 491511406.2 491517010.8 0.138666666666667 4443 0.00129019250056268 0.248778562510326 0.145293333333333 106558.984170544
0.66 6 499594892.363636 499600052.727273 0.188181818181818 5406 0.00049392794672586 0.208741813755931 0.166527272727273 35592.5805043201
0.67 6 505281628.25 505285432.083333 0.189166666666667 3398 0.00474894992054149 0.134695448236271 0.155833333333333 365694.539335816
0.68 6 508974017.142857 508980570.571429 0.247142857142857 2855 0.00108860918038529 0.0597728837446117 0.128142857142857 101943.33461802
0.69 6 512981838.166667 512988023.666667 0.251666666666667 1589 0.00588309185651353 0.145415284986651 0.109266666666667 646099.166670186
0.7 6 516519409 516522218 0.28 82 0 NA 0.1407 0
0.71 6 519218580.3 519224078.6 0.346 3886 0.00204762974781266 0.240520225159723 0.14386 170801.869691032
0.72 6 522594355.571429 522598921.285714 0.451428571428571 2577 0.00162717083818393 0 0.340642857142857 57321.1786149929
0.73 6 525418337.6 525438640.4 0.512 6749 0.00315322478441251 0.193587810367862 0.10373 364780.655672901
0.74 6 527759233.6 527764665.6 0.562 2478 0.00161041822760291 0.138983973114401 0.15502 124661.454852502
0.75 6 530030912.666667 530036447.555556 0.603333333333333 2608 0.00152210093174847 0.341340900644011 0.105233333333333 173568.684013129
0.76 6 532850809 532859273 0.66 60 0 NA 0.0981 0
0.77 6 533362218 533368484.666667 0.666666666666667 264 0 Inf 0.0997333333333333 0
0.78 6 534645227 534665057 0.69 954 0.000946335 0.200549488289031 0.0949 119663.01369863
0.79 6 536512310 536520512 0.72 710 0.00272272795774648 0.189898203533806 0.1287 253867.40864769
0.8 6 538135253 538139021 0.75 62 0.028731 0 0.3937 875722.631445263
0.81 6 538801564 538806092.5 0.79 618 0.00997931116504854 0.0694743654359473 0.14885 804512.824861152
0.82 6 540207325 540211438 0.85 207 0.00313589 0 0.14 268790.571428571
0.83 6 540993962 541095997 0.87 74 0 NA 0.4207 0
0.84 6 541728042.5 541734117.25 0.8825 1203 0.00604284648379052 0.150303232211397 0.110525 656088.285957804
0.85 6 542411497 542417049 0.89 266 0 NA 0.1363 0
0.86 6 543604198 543618645 0.89 889 0.0028727 0.144125387266335 0.08 430905
0.87 6 544790124.5 544797733.5 0.865 912 0.000673778276315789 0.302901710071771 0.08845 91411.4111451608
0.88 6 545720866 545732106.8 0.838 3573 0.00150140015673104 0.159908082142547 0.13314 135322.231341238
0.89 6 547083595.6 547088880.6 0.858 1572 0.0193324536259542 0.0758897139341076 0.13132 1766596.43246612
0.9 6 547901939 547905489 0.875 222 0.00290563378378378 0.325990654688073 0.0955 365105.815763407
0.91 6 548931587 548941023 0.89 753 0.00117256 0.550142423415433 0.0887 158632.694475761
0.92 6 550290814.666667 550295893.666667 0.88 2750 0.0216281313236364 0.0385383728542466 0.161983333333333 1602248.64214612
0.93 6 551205289.333333 551211802.666667 0.86 1609 0.0159735124922312 0.104829371507406 0.107566666666667 1781984.65980887
0.94 6 552628085 552632694.3 0.794 2565 0.00595486904873294 0.0450302960459547 0.29067 245840.398337618
0.95 6 554621575.5 554625277.5 0.735 337 0 NA 0.258 0
0.96 6 555392248 555400326.333333 0.73 1091 0.0128155771769019 0.0787123481365379 0.0901666666666667 1705585.13260063
0.97 6 556367797 556374394 0.73 337 0.0440674 0.0622755143257828 0.2585 2045682.01160542
0.99 6 559367680.5 559374417.25 0.8275 1690 0.00517519738461538 0.106071035968764 0.1428 434890.536522301
1 6 560486117.5 560491613 0.895 905 0.023376268839779 0.0256857395723225 0.1385 2025380.69369926
1.01 6 561683967 561689991.5 0.94 80 0 Inf 0.16555 0
1.02 6 563030469.166667 563036080.666667 0.975 1770 0.0199335969491525 0.0403201865427402 0.142033333333333 1684133.98303096
1.03 6 564085703 564091732 0.99 344 0.00895033 0 0.0938 1145031.5565032
1.04 6 565149548.75 565156020 1 1594 0.00600871676913425 0.11688144993595 0.1136 634723.602373337
1.05 6 565687552.5 565705640.5 1 267 0.0274381277153558 0.0514340395218928 0.1764 1866539.30036434
1.06 6 566964660.666667 566969992.666667 1.03 1500 0.0151029390666667 0.114684241635864 0.167833333333333 1079852.64428997
1.07 6 567774148.5 567778654.5 1.045 458 0.00647496805676856 0 0.18045 430588.066950528
1.08 6 568538290.5 568563315.5 1.06 731 0.0340928201094391 0.0368904974816979 0.2433 1681520.10404139
1.1 6 570135624 570137778 1.09 55 0.0116392 0 0.3002 465257.82811459
1.11 6 570720621.333333 570725074.333333 1.10333333333333 1010 0.014040014980198 0.0807965415325609 0.268166666666667 628266.674067282
1.12 6 571860915.5 571866566.5 1.12 761 0.0352777076215506 0.0345065355381557 0.1397 3030297.00399862
1.13 6 572613449.5 572618071.5 1.13 380 0.0145974814473684 0.15345350048173 0.1109 1579529.10160885
1.14 6 573826809.666667 573865283.666667 1.14666666666667 2334 0.010903669991431 0.0286547538287558 0.1209 1082250.12321896
1.15 6 574977499.428571 574982293.571429 1.17142857142857 1521 0.0250067582511506 0.08006926059302 0.183342857142857 1636720.97015478
1.16 6 575637791 575642606.666667 1.18333333333333 1679 0.0177551620607504 0.048931245459738 0.136366666666667 1562419.5409118
1.17 6 576663925.2 576668964.4 1.2 1920 0.024035972984375 0.0372361141758985 0.20638 1397575.71379252
1.18 6 577449528.5 577453512.5 1.21 609 0.0357187305418719 0.0736928464751208 0.2239 1914358.04601368
1.19 6 578669972.666667 578675365.833333 1.22666666666667 1847 0.0158012858148349 0.156036684410511 0.12005 1579470.46878816
1.2 6 579632253 579637507.5 1.24 979 0.0174020804902962 0.025061508208005 0.16755 1246344.171194
1.21 6 579834771 579840764 1.24 694 0.00905114 0.304185992040782 0.1513 717869.662921348
1.22 6 581191755.5 581195932.5 1.27 710 0.0348705016901408 0.0421331816833019 0.3237 1292697.00426843
1.23 6 581512156.333333 581519386.666667 1.27 2496 0.0252428138942308 0.01855722878753 0.156666666666667 1933492.12806874
1.25 6 582871236.333333 582877739 1.29333333333333 2119 0.0292802280792827 0.0191093895691341 0.272966666666667 1287200.15979262
0 7 556797.125 561644.875 0.95 1895 0.0280364676094987 0.0255405070609534 0.3388625 992844.033535679
0.01 7 3273328.27272727 3278943.90909091 0.964545454545454 2902 0.0190501289455548 0.0871895826149074 0.278772727272727 820028.377894418
0.02 7 5387450 5392662 0.97 297 0.0280559 0.044122626613297 0.1259 2674112.78792693
0.03 7 6576124 6581027.75 0.97 873 0.0420363095074456 0.0579060767903966 0.1891 2667560.62448095
0.04 7 8000360 8003900 0.97 358 0.0263783 0 0.3797 833657.097708717
0.05 7 8571960.5 8576604 0.97 690 0.0133490106666667 0.041292747986917 0.27685 578609.817590753
0.06 7 9750483 9757113.5 0.97 900 0.0643849036222222 0.0213605021668256 0.2412 3203229.03593145
0.07 7 10510067.3333333 10517542 0.97 1500 0.0247043565333333 0.135406664035948 0.159266666666667 1861357.96400167
0.08 7 11261615.8571429 11279595.5714286 0.97 2113 0.0140541171840984 0.0661439525664313 0.175114285714286 963081.94115212
0.1 7 12704624 12710290 0.97 371 0.0170068 0 0.0716 2850301.67597765
0.12 7 14641804.5 14706743 0.96 306 0.0248381676470588 0.106877287331077 0.3597 828629.44610705
0.13 7 15923337.5 15926789.5 0.98 537 0.0298069037430168 0.0911330403539528 0.121 2956056.56955538
0.14 7 16709430.3333333 16714304.3333333 0.98 832 0.0136462447115385 0.140876386498131 0.124066666666667 1319894.70611334
0.15 7 17278880.5 17283234.5 0.98 218 0.0261633201834862 0.0323360614564427 0.18245 1720799.35435371
0.16 7 18639248 18644092.25 0.965 1398 0.0313785809012876 0.0455430407009204 0.248325 1516331.30299185
0.17 7 19653248 19656980 0.95 361 0.0346978 0 0.225 1850549.33333333
0.18 7 20819709 20823800 0.96 37 0.0241449 0 0.197 1470755.32994924
0.19 7 21858139 21861399 0.97 256 0.0290416 0 0.0225 15488853.3333333
0.2 7 22625092.5 22629288 0.97 409 0.021439260391198 0.020774391062714 0.08995 2860157.02828657
0.21 7 23708803 23713121.6666667 0.96 667 0.00816526446776612 0.213029571237094 0.1036 945783.529084878
0.22 7 24420203 24444775.5 0.94 872 0.0050356368233945 0.267110928689583 0.1437 420512.46959453
0.23 7 25441995 25518932 0.9 246 0.0324941 0.0229244693652078 0.1246 3129447.83306581
0.24 7 27005347 27011807.25 0.8625 1408 0.0166009270596591 0.0914363748502494 0.190675 1044767.92823343
0.25 7 27873314 27878097 0.846666666666667 377 0.0229378762864721 0.0206719675597172 0.159733333333333 1723212.74272328
0.26 7 30048273.75 30052121 0.82 787 0.0228226481575604 0.0689039868503522 0.18415 1487221.16693307
0.27 7 30851325 30860377.5 0.82 1395 0.00194919776344086 0.29424118930237 0.117 199917.719327268
0.28 7 32555679.6666667 32560594.3333333 0.82 701 0.0102448826533524 0.0256931110078834 0.131266666666667 936556.057696
0.3 7 34831337.3333333 34883044.6666667 0.85 562 0.0116169063701068 0.208417700672963 0.192233333333333 725175.358633333
0.32 7 37108568 37114801.5 0.87 626 0.00907179600638978 0.032274846576678 0.1629 668272.265664072
0.33 7 38228981.6666667 38233643.3333333 0.87 620 0.0252970958064516 0.0952277092320058 0.2522 1203668.31751554
0.34 7 39189002 39194783 0.87 370 0.0090671 0.396744273251646 0.1488 731217.741935484
0.35 7 40318894 40323025 0.87 552 0.0131833009963768 0.033386143838656 0.181133333333333 873387.625818118
0.36 7 41766864 41772616 0.86 683 0.0118598896046852 0.0831300689606166 0.1894 751418.559958936
0.37 7 42867396.5 42874222 0.85 450 0.025481942 0.087598229365721 0.18775 1628672.72436751
0.38 7 44196699.5 44203629.5 0.83 1372 0.00648758626093294 0.0619644252526749 0.11035 705491.93594196
0.39 7 44992987.5 44996467.5 0.815 505 0.00247788285148515 0.147371903660586 0.174 170888.472516217
0.4 7 45834184 45839978.5 0.7975 1377 0.0030122484647785 0.0958723844891218 0.0762 474369.836972993
0.41 7 47658827.5 47664889 0.755 1123 0.00322168872662511 0.155233659750751 0.11685 330853.784505788
0.42 7 48400404.8333333 48404329.6666667 0.736666666666667 2077 0.00871700749638902 0.0309281319784259 0.222933333333333 469216.910690797
0.43 7 49629191.1666667 49639193.6666667 0.718333333333333 1407 0.00675306567164179 0.247239193920445 0.125616666666667 645111.753162012
0.44 7 50932141 50934627 0.7 71 0 NA 0.1505 0
0.45 7 52268184.8 52272308.4 0.684 1273 0.0049195309897879 0.0986855900586197 0.2428 243139.917122961
0.46 7 53381427.6666667 53457036.3333333 0.673333333333333 995 0.00219278369849246 0.923172696692666 0.104466666666667 251883.258282478
0.47 7 55046407.75 55049750.75 0.66 725 0.00670883222068966 0.154084623095801 0.18145 443681.381362777
0.48 7 56980715 56986050.5 0.625 1024 0.00231990828125 0.391739961702419 0.09785 284505.869954011
0.49 7 59302220.3333333 59346835.6666667 0.623333333333333 1224 0.0051942872630719 0.144095914220342 0.215533333333333 289196.321482506
0.5 7 62541430 62602136.5 0.6 975 0 NA 0.14425 0
0.51 7 63469262.4 63474946 0.594 1374 0.0132578506550218 0.0600421492595297 0.13322 1194221.64735221
0.52 7 65341697.6 65347880.4 0.572 1569 0.00169301021032505 0.214238521192648 0.16788 121015.740552184
0.53 7 66396989.3333333 66400673.6666667 0.56 973 0.00260611985611511 0.438497365332612 0.138666666666667 225529.602933038
0.54 7 68505323.4 68527606.6 0.534 1915 0.00259604690861619 0.159971864673789 0.15366 202736.970606497
0.55 7 69869818.3333333 69875431 0.523333333333333 1463 0.0114101056049214 0.0329952542638496 0.1097 1248142.81913452
0.56 7 71249827.6 71262869 0.504 1418 0.00626312702397743 0.0121528806568246 0.13824 543674.220831374
0.57 7 72294374.5 72303743 0.495 1049 0.00776487550047664 0.045679802342302 0.11075 841340.912015528
0.58 7 74426278.25 74433865.5 0.47 1871 0.00771497486103688 0.229976848390747 0.113775 813708.620808109
0.59 7 75860823.3333333 75867347.6666667 0.453333333333333 1896 0.0043866119778481 0.110589171010054 0.128133333333333 410816.938612205
0.6 7 77978512.75 77983745.5 0.4275 674 0.00367011034124629 0.224899020553142 0.190675 230975.870433751
0.61 7 80477315.25 80486557 0.3975 1969 0.00386301805485018 0.130375189125731 0.084175 550712.404611846
0.62 7 84098250.75 84103112.5 0.3525 1008 0.00128640053571429 0.282678331088929 0.1635 94414.7182175622
0.63 7 87502936.6 87528568.2 0.314 577 0.00310058076256499 0 0.23534 158098.789626837
0.64 7 92032238.4 92038056 0.26 904 0.000737141814159292 0.651552681503331 0.13044 67814.3343292817
0.65 7 98314818.0909091 98330139.9090909 0.197272727272727 3829 0.000665790373465657 0.0962580035438119 0.127063636363636 62877.8202028094
0.66 7 107753146.428571 107775379 0.127857142857143 4880 0.00304968605122951 0.207698303973432 0.120164285714286 304551.659398774
0.67 7 115876937.777778 115883921 0.0866666666666667 4261 0.00029604167707111 0.672666071695986 0.182055555555556 19513.2750220811
0.68 7 131346603.2 131354736.933333 0.0373333333333333 5000 0.001624939678 0.144257645852131 0.116153333333333 167875.303931585
0.69 7 161449355.213115 161457564.42623 0.0265573770491803 23431 0.000859628866715036 0.267550254355593 0.130391803278689 79111.9237651223
0.7 7 207917357.474576 207926357.864407 0.00728813559322034 20165 0.00066862177505579 0.256079029374299 0.136798305084746 58651.7595791775
0.71 7 338634988.755102 338646451.428571 0.016530612244898 55979 0.000940539233694778 0.249154218618576 0.111450340136054 101269.056609062
0.72 7 444582089.65 444587053.1 0.038 5335 0.000597777057169634 0.34364513718837 0.157875 45436.7359368843
0.73 7 460529548.083333 460538236.541667 0.0491666666666667 8316 0.00121603411231361 0.354203289782138 0.1325125 110121.002530051
0.74 7 477771083.421053 477784334.157895 0.0410526315789474 5935 0.000845205063184499 0.666812211222829 0.147236842105263 68885.3456321951
0.75 7 495377171.5 495403812 0.0575 9315 0.00119990170005368 0.231568845522935 0.161508333333333 89152.1824507143
0.76 7 509334475.25 509339979.9 0.082 4956 0.00140404924939467 0.133237057688709 0.14977 112496.43448445
0.77 7 522487109.357143 522502620.714286 0.0957142857142857 5747 0.00123261080215765 0.157202810799834 0.12485 118472.804372381
0.78 7 535391857.285714 535397535.714286 0.118571428571429 2169 0.00199332780082988 0.170832400067722 0.178328571428571 134134.050524481
0.79 7 545425776.066667 545430792.866667 0.13 4201 0.000751204939300167 0.370055168211148 0.135873333333333 66344.5802826309
0.8 7 554716687.25 554729511 0.146666666666667 3637 0.0012802894748419 0.134303304319139 0.12415 123749.284720925
0.81 7 560228791.428571 560244333.285714 0.174285714285714 2554 0.000597494507439311 0.893308143974105 0.135171428571429 53043.2663547898
0.82 7 563231850.666667 563240734.333333 0.196666666666667 1455 0.00198151682474227 0.212656625041364 0.163316666666667 145595.684642763
0.83 7 566705170.625 566711221.75 0.23 3069 0.00443585613229065 0.0796841181476981 0.12135 438650.791821078
0.84 7 571150944.428571 571157904.857143 0.28 2816 0.00367156969176136 0.277258853747098 0.115742857142857 380661.384976493
0.85 7 574672409.333333 574679109.333333 0.326666666666667 859 0.000705228055878929 0 0.123433333333333 68561.193658227
0.86 7 577454792.2 577462957.2 0.366 1415 0.00136980719717315 0 0.1146 143435.308604518
0.87 7 580852601.8 580860006.4 0.39 1034 0.00321879136363636 0 0.1082 356982.406318266
0.88 7 583973954.333333 583980613.5 0.41 1849 0.00194556657111952 0.156301881434425 0.136483333333333 171059.70585005
0.89 7 586181906.5 586185331.25 0.43 910 0.00518213303296703 0.119639478254135 0.1629 381740.923238824
0.9 7 588002037.2 588011794.4 0.448 1551 0.00162295698903933 0.219887229822551 0.1332 146212.341354895
0.91 7 590092681.2 590098032.2 0.472 2414 0.00155394725766363 0.246537521674099 0.09776 190746.39005691
0.92 7 592221690 592227412.8 0.498 1454 0.0153009662104539 0.0697554857733322 0.17294 1061706.91873162
0.93 7 593698029.111111 593702004.333333 0.517777777777778 2712 0.00173506110988201 0.169598189600715 0.126566666666667 164504.082053601
0.94 7 595291648 595293840 0.54 135 0.00452716 0 0.4837 112313.252015712
0.95 7 597747293 597749578 0.56 194 0.00318246 0 0.2203 173352.337721289
0.96 7 598896777 598913142.5 0.575 689 0.00511916140783744 0 0.12855 477868.042738618
0.97 7 600146175 600150162 0.595 242 0.0257947280991736 0.1552060496954 0.1666 1857963.60858393
0.99 7 604194742.5 604202760 0.645 1200 0.00205061976666667 0.0741915740823266 0.0931 264311.892588614
1 7 605141897 605147003 0.66 730 0.00403048557534247 0.0620923923687675 0.1862 259752.024189633
1.01 7 607622850.333333 607628987.333333 0.696666666666667 820 0.00107788414634146 0 0.129566666666667 99829.7640038402
1.02 7 609205655.5 609211521 0.715 875 0.00888479456 0.0711577664211067 0.16065 663663.459197012
1.03 7 611140076 611142833 0.74 723 0 Inf 0.117833333333333 0
1.05 7 613714240 613719279 0.78 237 0.0108728 0.0712352843793687 0.1063 1227409.21919097
1.06 7 614453913.5 614459378.5 0.785 361 0.00487010271468144 0 0.1218 479813.075338073
1.08 7 617002559.8 617011024.6 0.822 1322 0.0205503423600605 0.0673487776738491 0.16934 1456266.14102236
1.1 7 619093930.75 619099446.25 0.885 1810 0.005777081 0.0715208749618196 0.11035 628228.110557318
1.11 7 620108918 620114942 0.92 525 0.00226408 0.316430956503304 0.1413 192278.55626327
1.14 7 623426250.166667 623431216.166667 0.97 2065 0.0232932980145278 0.0203485712848965 0.157783333333333 1771540.56939474
1.15 7 623748551 623759921 0.97 117 0.00566394 0 0.0636 1068667.9245283
1.16 7 624790360 624908323 0.97 139 0.0044335 0.402359309800383 0.1189 447451.640033642
1.17 7 625869790 625877422.5 0.9575 1712 0.00367232522196262 0.0973749545965394 0.141075 312372.161357798
1.18 7 626893300 626898810.5 0.94 1574 0.0094508207115629 0.195633936123469 0.1912 593147.743403529
1.19 7 628338140.333333 628341849.666667 0.903333333333333 1001 0.0177142966833167 0.0306615127079061 0.141633333333333 1500858.2739454
1.2 7 629100239 629106895 0.876 1971 0.0122046483663115 0.0733973390272744 0.11636 1258643.69539136
1.22 7 631674922 631678757.25 0.7875 821 0.00921285973203411 0.106637486559194 0.1647 671246.610712867
1.23 7 632982680 632988295.666667 0.766666666666667 1341 0.0135999578672632 0.154593966013021 0.130766666666667 1248020.60469405
1.24 7 634699819.666667 634715260 0.763333333333333 389 0.00394157984575836 0.158737910580086 0.198533333333333 238241.897997483
1.25 7 636202938.75 636208501.5 0.79 1297 0.00888152100231303 0.0316310424591486 0.256975 414741.714282542
1.26 7 637726636 637734412.75 0.8025 1178 0.00573852024617997 0.134553232974459 0.138 499001.760537388
1.27 7 639085274 639119400.5 0.805 459 0.00561628601307189 0.197578283151076 0.20215 333393.184055715
1.28 7 639884650 639889525.666667 0.813333333333333 1207 0.00761185211267606 0.0201259460470527 0.169833333333333 537834.496675835
1.29 7 641365455.2 641373383.2 0.852 3020 0.0133828091125828 0.08410161161009 0.13078 1227968.41528516
1.3 7 642194838.555556 642200003.777778 0.861111111111111 3761 0.0173054564477533 0.127455561431438 0.138366666666667 1500834.57508821
1.31 7 643709671.5 643713729.75 0.8775 1449 0.00987642050379572 0.0518424987335784 0.0944 1255477.1826859
1.32 7 644701783 644755322.5 0.895 899 0.0221072531701891 0.00907043046075014 0.1376 1927958.12530719
1.33 7 645739096.5 645744279 0.9125 1278 0.0115141259780908 0.109649240135255 0.13895 994382.956006399
1.34 7 647090190.5 647097428 0.93 816 0.00393732132352941 0.114350791268399 0.1572 300558.879658734
1.35 7 648182506 648186442 0.94 210 0.0129418 0 0.2237 694240.500670541
1.36 7 648956734 648958976 0.95 161 0.00843517 0.0794756952142043 0.4664 217028.387650086
1.37 7 649994417 649998004 0.97 208 0.0362173 0.0245504772581059 0.2087 2082451.36559655
1.38 7 650733595.666667 650877893.333333 0.986666666666667 1324 0.0173440447129909 0.024078847170576 0.317366666666667 655798.350664503
1.39 7 651915617.333333 651921856.666667 1.00333333333333 1683 0.030719102436126 0.037081040657417 0.2495 1477471.86065536
1.4 7 652853918 652868651 1.02 1822 0.0190463 0.0576169649748245 0.104 2197650
1.42 7 654409318 654414027 1.04 493 0.0589604 0 0.1939 3648915.93604951
1.43 7 656388417 656401813 NA 483 0.00415812732919255 0.0904271267997444 0.1474 338517.828699529
1.44 7 656869393 656873517 NA 346 0.0254542 0.0431810860290247 0.2892 1056190.87136929
