poscM Chromosome Start End Recombination nb_complete_site piSyn f0 div Ne
0 1 162631.75 166668.25 NA 1664 0.0323922924098558 0.00401306767343548 0.2282 1703363.3169074
0.01 1 1358536 1365524 1.95 1859 0.0271214034965035 0.0499131836809299 0.1209 2691950.71925593
0.02 1 1910919 1914393 1.94 193 0.016624 0 0.1397 1427974.23049392
0.04 1 4165175 4167785 1.91 25 0 Inf 0.3918 0
0.05 1 4901581.66666667 4906822 1.89333333333333 641 0.016438375975039 0.123151812010232 0.2313 852834.032427445
0.06 1 5675897 5681777.33333333 1.86333333333333 788 0.0102251878172589 0 0.1221 1004932.46361267
0.07 1 6247444 6254946 1.85 147 0.0064 0.309253125 0.0989 776541.961577351
0.08 1 7217840 7229089 1.81 1184 0.0415751 0.0412949096935425 0.1212 4116346.53465346
0.09 1 7941903 7943483.5 1.785 320 0.046978364375 0.019361544396042 0.1769 3186774.29338609
0.1 1 8349328 8356000 1.77 386 0.0104575 0.0705981353095864 0.1908 657704.402515723
0.11 1 9026890.33333333 9033266 1.74 1751 0.0313951515134209 0.0261077850921056 0.154566666666667 2437406.63032813
0.14 1 10739577 10746629 1.7 349 0.00583942 0 0.2825 248046.159292035
0.19 1 12495183 12500461 1.62 78 0.0215633 0.359148646079218 0.3148 821980.940279542
0.2 1 12970911 12980091 1.59 1062 0.0131304505367232 0.101915941503369 0.15795 997565.093008408
0.21 1 13553518.6666667 13564019 1.55333333333333 1417 0.0199428513055752 0.0760676630038728 0.1618 1479074.2624654
0.22 1 13725749 13735135 1.56 193 0.0306513 0.0848662210085706 0.0907 4055298.78721058
0.23 1 14369286 14375231 1.61 817 0 NA 0.1751 0
0.25 1 15687487 15695576 1.63 61 0 NA 0.1837 0
0.29 1 18141572.25 18148294.5 1.3775 1843 0.0118426507325014 0.105003821015291 0.11375 1249334.58276937
0.31 1 20234720 20239868 1.19 779 0.00124185 0 0.1113 133892.18328841
0.33 1 22166621 22176854 1.06 935 0.00215401 0.566329775627783 0.0581 444890.189328744
0.34 1 23812071 23816472 0.95 797 0.0146813 0.114033498395919 0.152 1159050
0.35 1 24850165 24855824.5 0.88 209 0 NA 0.1129 0
0.36 1 25352879.6666667 25359590.3333333 0.85 2789 0.00355136568304052 0.173709037757304 0.109 390976.038499873
0.37 1 27747381.5 27750094.5 0.705 212 0 NA 0.2418 0
0.39 1 30653893 30656636.5 0.55 592 0 Inf 0.2399 0
0.4 1 31928917 31937506.5 0.49 359 0.00841150802228412 0.0952211848724107 0.60735 166194.280509442
0.41 1 34083562 34088731 0.39 489 0.00188147 0.318453655917979 0.1662 135846.209386282
0.42 1 37544047.5 37575278.3333333 0.421666666666667 3962 0.000248981745330641 0.295685159040126 0.135866666666667 21990.5368790556
0.43 1 39678528.8 39690056.4 0.36 2242 0.00180760178412132 0.247281250912984 0.13732 157961.122993416
0.44 1 43393559.3333333 43397138 0.246666666666667 480 0 NA 0.155466666666667 0
0.45 1 52141500.8666667 52147883.6 0.0906666666666667 6204 0.000467537614442295 0.202085451628243 0.15356 36535.8906831697
0.46 1 67450050.5384615 67456069.4615385 0.0592307692307692 4390 0 Inf 0.100476923076923 0
0.47 1 101007669.9375 101014712.625 0.023 32838 0.000507580569462208 0.431937563474661 0.13035125 46727.337356155
0.48 1 220502919.57732 220517140.113402 -0.00474226804123711 39952 0.000349483620594714 0.0607514933635486 0.127677319587629 32846.894504691
0.49 1 337527042.706522 337536373.380435 0.0190217391304348 36895 0.000371303037810001 0.288482951165478 0.134010869565217 33248.3213352455
0.5 1 378063505.857143 378068211.428571 0.0742857142857143 5043 0 Inf 0.140842857142857 0
0.51 1 385243684.75 385249017.375 0.085 5101 0.000611085920407763 0.0652684044698687 0.1361375 53864.886933381
0.52 1 397422942.28 397430488.84 0.108 11761 0.000393003678938866 0.620364053334541 0.114896 41046.1995828087
0.53 1 406917381 406921928.058824 0.130588235294118 4523 0.00150518777802344 0 0.155147058823529 116420.211077452
0.54 1 412989713.9 412995093.3 0.145 5122 0.00148488286958219 0.305476859759668 0.14343 124231.990761949
0.55 1 419046520.363636 419055268.272727 0.157272727272727 6026 0.000966139398274145 0.0492564355193357 0.110518181818182 104902.854793277
0.56 1 425635550.857143 425641410.857143 0.153571428571429 5575 0 Inf 0.1204 0
0.57 1 433229574.6 433240037.1 0.122 5820 0.00146579404810997 0.217325682744308 0.1204 146092.430044183
0.58 1 439057264.375 439072524.25 0.159375 6341 0.0018351454939284 0.245565928540169 0.125125 175997.969447679
0.59 1 446934348.133333 446941744.066667 0.174 5176 0.0104465910162287 0.0158936508559932 0.11804 1062005.18633298
0.6 1 452596015.466667 452603157.133333 0.229333333333333 7143 0.000963206803863923 0 0.145786666666667 79283.5305905918
0.61 1 455716015.5 455720757.5 0.28 2635 0.000381995381404175 0.566833832090899 0.221983333333333 20649.9492913136
0.62 1 458481120.333333 458485169.5 0.331666666666667 1875 0.0005171712 0.901409810909811 0.159283333333333 38962.3588992362
0.63 1 462416851.5 462423229.125 0.38125 3140 0.00127922546496815 0.142783786544643 0.0933125 164508.566157994
0.64 1 464455690.666667 464459550.833333 0.406666666666667 2147 0.000913695761527713 0.150775774214347 0.241766666666667 45350.9546601374
0.65 1 467319841 467325819.5 0.435 1104 0.00286141435688406 0.0683963076370224 0.2551 134602.008163891
0.66 1 469786029 469791447.333333 0.453333333333333 778 0.0416652859897172 0.15316962045349 0.154 3246645.66153641
0.67 1 471245162.5 471250789.5 0.46 456 0.00218929381578947 0 0.22945 114497.82431673
0.68 1 473774897 473786224.5 0.48 1684 0.00357632583135392 0.0939483954981266 0.22355 191974.546974936
0.69 1 475492537.25 475497799.5 0.4925 1738 0.000612868078250863 0.263626425779479 0.128775 57110.5955271625
0.7 1 477552900.666667 477559530 0.513333333333333 1110 0.000892928576576576 0 0.231833333333333 46219.1642800241
0.71 1 479606184.666667 479609943.333333 0.53 466 0.00429544197424893 0.142077506890776 0.137366666666667 375238.803865473
0.72 1 481301681 481306855.5 0.54 658 0.00305118978723404 0 0.1524 240251.164349137
0.73 1 482611561.5 482616990.25 0.55 1702 0.00170529840188014 0 0.140275 145881.880752534
0.74 1 483521236 483525244 0.56 424 0 NA 0.1445 0
0.75 1 486075925.5 486081095 0.57 779 0 NA 0.14805 0
0.77 1 488573631.6 488577971 0.58 1885 0.00106699151193634 0.496401021439591 0.21146 60549.9770322334
0.78 1 489498953.5 489502896.5 0.59 765 0 NA 0.1473 0
0.79 1 491054888.4 491059954 0.594 1640 0.000429938585365854 0.309541062075684 0.23058 22375.154065358
0.8 1 492724027.142857 492729403.428571 0.6 3026 0.00100877148380701 0.0918224617943159 0.183371428571429 66014.9615454881
0.81 1 494540721.285714 494546369.428571 0.607142857142857 4378 0.000395562042028323 0.164911209776731 0.141328571428571 33586.5880222169
0.82 1 496426519.25 496430365.25 0.61 474 0.00416134314345992 0.111387250135509 0.261875 190686.845714631
0.83 1 498762516.181818 498775838.363636 0.618181818181818 2907 0.00369877817337461 0.0875742461891917 0.187045454545455 237297.068717108
0.84 1 501823206 501827079.5 0.63 1329 0.00101726247554552 0.321161033977327 0.193475 63094.1967000712
0.85 1 504476564.75 504483128 0.6475 2013 0.00142163838052658 0.155278395546827 0.15085 113090.225829095
0.86 1 506686775 506691470.5 0.67 488 0.0013449219057377 1.24804382191184 0.2284 70661.3960983032
0.87 1 507686919 507690316 0.68 377 0.00265604 0 0.1304 244420.858895706
0.88 1 508868664 508875150 0.71 1012 0.0215889862055336 0.133233895095217 0.251266666666667 1031047.36455188
0.89 1 509863105.2 509866565 0.734 1520 0.00282852828947368 0 0.31618 107351.317204391
0.9 1 510982394.25 510989056.5 0.74 1445 0.00136062541176471 0.109068302866545 0.144225 113208.562601328
0.91 1 511720502 511726837 0.74 749 0 Inf 0.1421 0
0.92 1 512691981 512698457 0.8 321 0 NA 0.1935 0
0.93 1 513366607 513373715.5 0.835 2003 0 NA 0.147075 0
0.94 1 514689338 514694669 0.87 21 0 NA 0.4997 0
0.95 1 515924061.333333 515928976.833333 0.856666666666667 1223 0 NA 0.1841 0
0.96 1 516779324.8 516784581.8 0.818 1679 0.0144232753543776 0.0120274262689456 0.14104 1227164.66429758
0.97 1 518151391.75 518156544 0.75 1724 0.000460548306264501 0.528767362034722 0.16695 33103.2026066128
0.98 1 519351878.571429 519358271.428571 0.718571428571429 2978 0.00989882464069845 0.178476032161009 0.160728571428571 739046.546812435
0.99 1 520201880 520206424 0.71 451 0 NA 0.2311 0
1 1 522760372.461538 522766252.769231 0.766153846153846 2848 0.0167312992275281 0.0663006452311102 0.181630769230769 1105405.16665017
1.01 1 524757371.875 524761918.375 0.895 2707 0.0012589040672331 0.709944288359055 0.184725 81780.2073720243
1.02 1 525969127 525974311.5 1.0125 1369 0.0178871112052593 0.0587225952597596 0.1851 1159618.23048683
1.03 1 526851149.75 526859373 1.0625 1726 0.00724093229432213 0.0233086946991264 0.167925 517440.449795239
1.04 1 528072999.25 528077851 1.07 1829 0.0192621348277747 0.0620401600041119 0.1561 1480753.47811209
1.05 1 528529346 528533525.666667 1.12 500 0.0113640912 0.203305781284121 0.201866666666667 675540.428005284
1.06 1 529763125.5 529769948.5 1.27 864 0.0175995770833333 0.278113808842708 0.11425 1848533.26039387
1.07 1 530072478.5 530077640.5 1.3 576 0.00891932473958333 0.253349787540457 0.10965 976123.090515276
1.08 1 530812923 530818423.333333 1.35666666666667 581 0.0336419297762479 0.0326555772555202 0.1599 2524722.68489665
1.09 1 531666080.75 531669523 1.3975 652 0.0208236901380368 0.100349270600577 0.170925 1461952.79600083
1.1 1 532241454.5 532249244.75 1.415 1485 0.00629683542087542 0.113703704685992 0.151575 498512.452914432
1.11 1 532620538 532625023 1.42 109 0.00657895 0.302788438884624 0.1245 634115.662650602
1.12 1 533218316.333333 533222546.333333 1.41666666666667 643 0.0238256457231726 0.0560707595671932 0.1112 2571112.84782438
1.13 1 533819521.5 533822487.5 1.405 615 0.0448993492682927 0.0807612758492257 0.1989 2708859.68436155
1.14 1 534652330.75 534657408 1.3625 1182 0.0153225925803723 0.0637034187382383 0.189475 970424.124367157
1.15 1 535399993.5 535405448 1.31 761 0.014385491195795 0 0.1597 1080938.5995588
1.16 1 535952479 535956266 1.26 359 0.00586941 0.267307957699326 0.1123 627185.396260018
1.17 1 537171041.25 537176755.75 1.155 2387 0.0096743636908253 0.0864626531321126 0.12125 957462.798267246
1.18 1 538562567 538568370 1.1425 842 0.0281933705819477 0.108884640117021 0.279375 1210990.41425816
1.19 1 539285530.833333 539291597.166667 1.08666666666667 3611 0.034814983356411 0.107353418307071 0.279533333333333 1494561.65136036
1.2 1 540933210.666667 540938546.333333 0.963333333333333 865 0.0294225979190751 0.0252197426230584 0.254066666666667 1389679.25096655
1.21 1 541986545.666667 541991328.666667 0.913333333333333 1253 0.0319145482202714 0.101436654332876 0.140066666666667 2734230.68998041
1.22 1 542908491.333333 542913869.666667 0.893333333333333 1601 0.00495478221111805 0.108749856629719 0.106766666666667 556890.913519356
1.23 1 544025295 544029741.5 0.8925 1627 0.0312590438844499 0.0620018867498485 0.190275 1971402.05814426
1.24 1 545175462 545180147.25 0.895 1923 0.00701181315652626 0.0858039237801548 0.143125 587890.011376874
1.25 1 546069432 546073216.5 0.885 795 0.0167593245283019 0.0869685386068381 0.15565 1292077.70214984
1.26 1 547104283.6 547120388.8 0.866 1738 0.0331893542462601 0.0497551907826043 0.15892 2506117.86405186
1.27 1 548119433.25 548123825.5 0.85 997 0.0306886231695085 0.0094598640024118 0.15185 2425179.30875273
1.28 1 548991240.142857 548997285.142857 0.832857142857143 3800 0.0210423494394737 0.0535800840501177 0.131314285714286 1922930.10543493
1.29 1 550405545 550412153.5 0.795 1228 0.0276632889250814 0.100965583133808 0.13665 2429267.96268553
1.3 1 551555902.2 551561110.8 0.764 1755 0.0471111617094017 0.0496871544240528 0.19574 2888188.10929202
1.31 1 552898260.571429 552903894.142857 0.724285714285714 3027 0.0233579647637925 0.0735173120166709 0.119085714285714 2353729.65470078
1.32 1 554307740.444444 554319123.444444 0.678888888888889 3367 0.014819161021681 0.0823877075763908 0.157722222222222 1127488.12281899
1.33 1 556399831.222222 556406841.444444 0.618888888888889 5854 0.0166845995507345 0.0604969150403618 0.121577777777778 1646807.48627246
1.34 1 558180860 558188561 0.565 1219 0.0204648662018048 0.0652229698824074 0.20265 1211835.15628748
0 2 766021 832979 0.81 299 0.0125687 0 0.4298 350917.636109818
0.01 2 1342887 1353579 0.806666666666667 3309 0.0146285028105168 0.224714415027822 0.124933333333333 1405085.64882232
0.02 2 3372128.75 3443740.25 0.8 1245 0.0477357618473896 0.0672133300884512 0.17425 3287398.23339268
0.03 2 4746818 4753370.5 0.8 935 0.0252341843850267 0.0371873102586618 0.19915 1520513.24439026
0.04 2 6341564 6374660.66666667 0.803333333333333 709 0.0073640758674189 0.0408797642626693 0.224933333333333 392867.118001008
0.05 2 7650482.5 7655367.5 0.81 871 0.0124207648679679 0.126712975795079 0.1209 1232830.25984793
0.06 2 9382836.66666667 9423694.66666667 0.81 1326 0.014689885520362 0.162628824107241 0.200233333333333 880366.037511289
0.07 2 11614884.5 11618609.75 0.81 1036 0.0583132491312741 0.0396544081939987 0.158975 4401692.02437672
0.08 2 12656380.8571429 12676008.5714286 0.81 1635 0.0366111560244648 0.118582926347573 0.195042857142857 2252499.16212924
0.09 2 14413800 14424165.6666667 0.81 1056 0.03671564375 0.0607248136565766 0.170366666666667 2586114.6057523
0.11 2 17096208.5 17120205 0.8 587 0.0133486692333901 0.110313166323144 0.15635 1024522.10297846
0.12 2 18788765.75 18798060.75 0.81 1375 0.0138314725818182 0.0227110569461327 0.104625 1586405.45741284
0.13 2 19672484 19679984.3333333 0.81 3446 0.00775544191236216 0.0214218023171457 0.120233333333333 774039.115178924
0.14 2 21733650.3333333 21742865 0.803333333333333 2535 0.0103402919053254 0.07466625084285 0.1172 1058732.95958964
0.15 2 22307251.3333333 22312854 0.8 1018 0.0194685699607073 0.0572628840178934 0.0952 2454021.42361856
0.16 2 23520780.5 23533841 0.8 805 0.022234880621118 0.0688129220995836 0.1756 1519467.9239944
0.18 2 25986621.5 25993958.5 0.785 622 0.00880772762057878 0.131432738604808 0.1666 634410.152742769
0.19 2 27434976.5 27446066.5 0.77 1002 0.00538461115768463 0.170015000870059 0.18835 343059.909170245
0.2 2 28446499 28474012 0.776666666666667 1573 0.0108218707374444 0.0338928413366845 0.129 1006685.64999483
0.21 2 29470618.75 29475861 0.785 2390 0.0107151802175732 0.0908321922600253 0.1639 784515.940273818
0.22 2 30892369 30898664 0.79 712 0.00584795 0.0678571123214118 0.1635 429207.339449541
0.23 2 31702876.6666667 31707128 0.79 921 0.0328590454940282 0.0744880390283098 0.148233333333333 2660053.15445248
0.24 2 32441323.5 32467401.5 0.78 473 0.0287555050739958 0.0210590682446694 0.1808 1908551.22172538
0.25 2 34114807 34122151.5 0.755 852 0 NA 0.1666 0
0.27 2 36119260.6666667 36130588.6666667 0.76 1594 0.00668941702634881 0.026923898035185 0.130233333333333 616378.328509232
0.28 2 37480982 37483961 0.77 371 0 NA 0.1282 0
0.29 2 38175903.25 38182207 0.78 1299 0.0131582279907621 0.0501630928054046 0.28405 555883.597567842
0.3 2 39065162.25 39070123.75 0.785 1264 0.00556812792721519 0.232018265064402 0.120625 553927.752344724
0.31 2 40132887 40136339 0.79 475 0 Inf 0.15 0
0.33 2 42198279 42200868 0.79 52 0 NA 0.1621 0
0.34 2 42963468 42967282 0.78 149 0 NA 0.3363 0
0.35 2 44664239.1666667 44687441.3333333 0.766666666666667 3661 0.00449379007375034 0.122761439367128 0.151516666666667 355904.614794879
0.36 2 46048785 46050724 0.745 516 0.00205393023255814 0 0.1752 140680.152914941
0.37 2 47050650.5 47053052 0.73 403 0 Inf 0.25245 0
0.38 2 48302950.8 48307602.6 0.706 1651 0.00169365565112053 0 0.14534 139836.712628639
0.39 2 50699645.125 50705105 0.64375 2489 0.00306993266372037 0 0.1310125 281188.374885178
0.4 2 52242477.3333333 52246514.3333333 0.593333333333333 672 0 NA 0.137333333333333 0
0.41 2 54331150.5 54337680.5 0.555 1080 0 NA 0.1299 0
0.42 2 57402268.3333333 57413991.3333333 0.51 1199 0.00082355929941618 0 0.195666666666667 50507.8957052512
0.43 2 59518174.3333333 59522200.3333333 0.48 1280 0.003691240109375 0.243585026199296 0.115666666666667 382952.864373199
0.44 2 62194013.75 62273499.5 0.445 2313 0.00033457130566364 0.37013742205133 0.1113 36072.3779691256
0.45 2 65340845.6666667 65345262 0.405555555555556 2618 0.00145483285714286 0.456679958998228 0.120144444444444 145308.377482131
0.46 2 68151277.6 68158686.2 0.374 2431 0 Inf 0.10974 0
0.47 2 71334496.6666667 71345769.6666667 0.34 751 0.00120460234354194 0 0.165333333333333 87430.8152570766
0.48 2 74638363 74647527.75 0.3025 1995 0.00469272389974937 0 0.114475 491921.264878729
0.49 2 78225304.1666667 78230197.5833333 0.271666666666667 3419 0.00194811555425563 0.0424812304046015 0.161566666666667 144691.891795343
0.5 2 82240374.9 82244973 0.235 2631 0.000752418992778411 0.585178066776713 0.12642 71420.8820862279
0.51 2 87873495 87919060.5 0.1675 1637 0.00061360788637752 0.28162132397554 0.110825 66440.736625583
0.52 2 93860769.5333333 93878507.6 0.122 3573 0.00275567739154772 0.0292768541480308 0.16062 205878.02701141
0.53 2 103797649.538462 103802567.923077 0.113076923076923 4924 0.00105306117790414 0.11355169954361 0.128553846153846 98299.1525568731
0.54 2 116764373.066667 116770584.533333 0.0963333333333333 11488 0.000427274427228412 0.292358943401658 0.13704 37414.5733124704
0.55 2 165653877.78125 165663967.520833 1.62630325872826e-19 36594 0.000534770929114062 0.280676627060947 0.1326875 48363.6450258596
0.56 2 308739850.795082 308764144.336066 0.000983606557377049 51980 0.000674844398153136 0.271534460110747 0.108120491803279 74899.1485589234
0.57 2 469965877.466667 469978110.788889 0.0123333333333333 38848 7.47425113261944e-05 1.83669274078482 0.113943333333333 7871.54552772723
0.58 2 528744879.333333 528754564.25 0.0408333333333333 4213 0.000224496320911465 0.307114896019573 0.109383333333333 24628.5770312745
0.59 2 543850047 543854781.130435 0.0565217391304348 6707 0.00206789132249888 0.0609006689291091 0.12034347826087 206198.925181434
0.6 2 561157067.086957 561164380.391304 0.0704347826086957 10291 0 Inf 0.114208695652174 0
0.61 2 579776607.5625 579799398.5 0.070625 4387 0 Inf 0.14350625 0
0.62 2 589313904.947368 589319820.736842 0.0836842105263158 6865 0.00291704688128186 0.14690370413246 0.125952631578947 277918.469321075
0.63 2 600139578.727273 600145591.909091 0.120909090909091 3210 0.00153259909345794 0.115672976187384 0.137209090909091 134037.68656758
0.64 2 607675355.266667 607686700.733333 0.164 5115 0.000630739190615836 0.0878145593147491 0.21234 35645.0517443253
0.65 2 613069480.875 613081534.125 0.2025 1546 0.00127483583441138 0.332894596884402 0.1325125 115445.939159978
0.66 2 617607661 617613333.25 0.24 1623 0 Inf 0.1184 0
0.67 2 621228083.375 621232818.625 0.28125 2401 0.000868920753852561 0.268913061295506 0.1217875 85616.7426561079
0.68 2 625174721.125 625179420.25 0.33625 3697 0.000265067568298621 0 0.12505 25436.3120318548
0.69 2 627962508.333333 627975867.833333 0.353333333333333 2494 0.000775849498797113 0.147693555655282 0.1631 57082.7344301984
0.7 2 631922945.333333 631937735.916667 0.366666666666667 5819 0.00142092388898436 0.103503790186898 0.211125 80762.9919138536
0.71 2 635344951.75 635348216.75 0.405 750 0.00761394764 0.201796946776307 0.107 853900.669906542
0.73 2 640656978.5 640669702 0.43 1220 0.000761243409836066 0 0.12885 70895.7774003321
0.74 2 642084425 642094381.5 0.44 1314 0.0078074202587519 0.248856997572993 0.22185 422308.059973058
0.75 2 643987443 643992921 0.43 972 0 Inf 0.17195 0
0.76 2 645249813.5 645259246.5 0.43 587 0.00167362752981261 0 0.16465 121977.105118441
0.77 2 647263914.857143 647270034.571429 0.43 2430 0.00198901869958848 0.416410655374068 0.1677 142326.919469658
0.78 2 649733130 649736343 0.44 218 0.0500521 0.161720287460466 0.1774 3385711.38669673
0.8 2 651630696 651635773.2 0.44 1887 0 Inf 0.12992 0
0.81 2 654607925.428571 654626261 0.442857142857143 2562 0.00151474201014832 0.27902904595175 0.153114285714286 118714.619194308
0.82 2 657489975.727273 657505773.363636 0.436363636363636 5022 0.00157635779171645 0.17075956705308 0.1218 155306.186376005
0.83 2 663762984.142857 663767761.714286 0.401428571428571 2199 0 NA 0.123185714285714 0
0.84 2 666294247.666667 666299275.666667 0.413333333333333 908 0 NA 0.1708 0
0.85 2 668749637.666667 668754313 0.45 730 0 NA 0.198933333333333 0
0.86 2 669741373 669745253 0.47 500 0 NA 0.239 0
0.87 2 672462526.75 672468491.25 0.55 1502 0 NA 0.09535 0
0.88 2 673816484 673821666.166667 0.573333333333333 2988 0.000371494464524766 0.516865168119657 0.154416666666667 28869.5104649575
0.89 2 675753614 675755955 0.6 360 0 NA 0.1593 0
0.9 2 676738290.666667 676746001.666667 0.613333333333333 1324 0.00292872599697885 0.22083384152563 0.125766666666667 279443.773896737
0.91 2 678180616.333333 678184548.333333 0.626666666666667 869 0 NA 0.167266666666667 0
0.92 2 679249943 679253472 0.63 452 0 Inf 0.1381 0
0.93 2 680700127.5 680704373 0.63 468 0.00147619591880342 0 0.1607 110232.427041948
0.95 2 683901830 683905714.5 0.63 922 0.0033762478308026 0.0898826416070799 0.0735 551224.135641241
0.96 2 684514459.333333 684520126.666667 0.63 1850 0.00326850686486486 0.0466541004416315 0.1264 310301.284639069
0.97 2 685723893.666667 685730632 0.63 1554 0.00124914810810811 0.148599939533566 0.129266666666667 115960.113181774
0.98 2 687470520 687473913.333333 0.64 754 0.014395139071618 0.0530013379866553 0.137966666666667 1252053.65203733
0.99 2 688240031.333333 688246263.166667 0.64 2059 0.00337962797474502 0.163082499862761 0.128766666666667 314953.681311988
1 2 689305308 689316868.666667 0.64 1917 0 NA 0.136233333333333 0
1.02 2 691131144.75 691136431 0.645 1160 0 NA 0.124075 0
1.03 2 692273991.2 692292014.4 0.65 2534 0.00122479301499605 0.362367943555046 0.1727 85104.3206714108
1.04 2 694110187.833333 694114938.666667 0.65 2303 0.000445362440295267 0.836566705636327 0.1353 39499.99470468
1.05 2 695611996 695631830.714286 0.652857142857143 1888 0.0041110701536017 0.653016458526173 0.134871428571429 365776.816971234
1.06 2 698309204.75 698312633.25 0.66 2264 0.00224677521201413 0.168936684377248 0.2089625 129024.597926277
1.07 2 701567460.2 701573093.6 0.664 8353 0.00972668227942057 0.0956132926810426 0.124206666666667 939725.624118782
1.08 2 704919124.666667 704923938.666667 0.67 1392 0.0102866450431034 0.100430677123842 0.111366666666667 1108408.32550651
1.09 2 706965478 706967453 0.67 59 0.0526316 0.0911270035491986 0.0778 8117984.57583548
1.1 2 707793567.4 707800022.6 0.674 1889 0.003639303388036 0.249381405795247 0.11852 368474.862102869
1.11 2 708939118.333333 708942166.666667 0.68 711 0 Inf 0.100166666666667 0
1.12 2 709558335.5 709564212 0.69 1503 0 Inf 0.099 0
1.13 2 710827020.5 710832315.5 0.696666666666667 1955 0.0029013093657289 0.203771642880472 0.143916666666667 241915.778034141
1.14 2 712421262 712428950 0.71 697 0.019310143615495 0.0431858627747041 0.104 2228093.49409557
1.15 2 713439594.666667 713581271.666667 0.746666666666667 1263 0.00405852884402217 0.166860395199191 0.106733333333333 456299.307885066
1.16 2 714814518 714819753.333333 0.793333333333333 1397 0.00865031859699356 0.0474080894739377 0.083 1250648.47185449
1.17 2 716480145 716484046 0.82 419 0.00248756 0 0.1752 170380.821917808
1.18 2 716746405 716823436 0.83 553 0 NA 0.18065 0
1.19 2 718473662.333333 718480019 0.816666666666667 1459 0.0270565520904729 0.182785967588335 0.135466666666667 2396741.81903796
1.2 2 720381018 720405685.5 0.76 1125 0.00481329386666667 0.163333682736014 0.123775 466649.375075742
1.21 2 721748719.166667 721783489.166667 0.76 3337 0.00736396569373689 0.035143418199453 0.12845 687953.198324972
1.22 2 723107600.333333 723113184.333333 0.75 1660 0.00525191728313253 0.0656270326448045 0.136033333333333 463290.914464031
1.23 2 724706982 724710722 0.75 280 0.00360685 0 0.0726 596173.553719008
1.24 2 725955582 725959335 0.74 665 0 NA 0.1392 0
1.25 2 727014202 727029091 0.74 705 0.0462774696453901 0.00844827846791221 0.255666666666667 2172084.62481622
1.26 2 727968116 727972943.25 0.7325 1461 0.0032773265982204 0.119943256199353 0.144125 272873.680337518
1.27 2 729490688 729495437 0.73 1059 0.00734858606232295 0.17540073847742 0.1774 497085.86667348
1.28 2 730539874 730544480 0.725 599 0.0147321898163606 0.0651240602146615 0.20205 874963.018046658
1.29 2 731843302.4 731847258 0.72 1818 0.0229749106160616 0.0538811117618558 0.14424 1911390.23428133
1.3 2 733178409.833333 733183840.833333 0.715 2766 0.00683651664859002 0.04512645570611 0.15215 539192.900316006
1.31 2 734800451.6 734835112 0.704 1966 0.0240765126144456 0.0606605945417677 0.14836 1947412.72157823
1.32 2 736954455 736960210.666667 0.693333333333333 1685 0.00403946803560831 0.167038723569977 0.2489 194751.371744876
1.33 2 738245856.8 738273603.6 0.686 1344 0.00724220610119048 0.147469887836113 0.25996 334307.098070033
1.36 2 742744640.571429 742748938.285714 0.664285714285714 1429 0.0373250161651505 0.0640686144862637 0.162914285714286 2749299.68245584
1.37 2 744268929 744276194.5 0.66 1562 0.0240558021766965 0.0377051782849219 0.159425 1810692.33884496
1.38 2 745474881.2 745479328.6 0.66 1129 0.0113988180956599 0.0668615820621615 0.16596 824209.551385385
1.39 2 747001913.6 747006978.6 0.656 1717 0.0346545231916133 0.0536796309346679 0.13258 3136629.0413287
1.4 2 748263743.5 748310723 0.65 119 0.0336487966386555 0 0.2516 1604871.06384684
1.41 2 750228061.777778 750240512.333333 0.635555555555556 2639 0.0326179339712012 0.0830698024925211 0.162944444444444 2402139.01731315
1.42 2 751775871 751780303.333333 0.623333333333333 800 0.043464029625 0.0492875710899988 0.181866666666667 2867861.1922654
1.43 2 753566528 753594585.666667 0.616666666666667 1380 0.0346688756521739 0.0514732929099894 0.166966666666667 2491674.03369587
1.44 2 754892813.833333 754904804.166667 0.61 2062 0.0168780987972842 0.0393127186617901 0.141116666666667 1435246.38408464
1.45 2 756514760.5 756519825.5 0.6 1395 0.035685208530466 0.0231799589890219 0.1211 3536106.54306847
1.46 2 758112112.5 758178871.666667 0.591666666666667 2447 0.0283084341234164 0.0461221287286323 0.111833333333333 3037566.70176748
1.47 2 759279572 759283062 0.59 225 0.0428266 0.0599484899571762 0.2173 2365021.62908422
1.48 2 761743946 761748700.333333 0.573333333333333 1804 0.0118621516629712 0.0917922444793764 0.457533333333333 311115.736461433
1.49 2 763729606 763738914.333333 0.56 2439 0.0124753368634686 0.163116687288429 0.129233333333333 1158401.15317222
1.5 2 766941365.8 766946180.8 0.542 2014 0.0305594031777557 0.0560575181539567 0.18654 1965867.04263465
0 3 538526.5 544433.25 1.26 1502 0.0222766682423435 0.0728599800265728 0.1783 1499270.99780215
0.01 3 1636522 1641736.5 1.26 2326 0.0259880691659501 0.0902301107320348 0.22775 1369294.53344194
0.04 3 4977678 4988823 1.26 31 0 Inf 0.3322 0
0.05 3 6993270.5 7072289 1.24 539 0.0246877391465677 0.0164108373325619 0.15415 1921848.00362512
0.06 3 7810426.5 7818668.66666667 1.23333333333333 3365 0.0209075453194651 0.00817846609476747 0.248783333333333 1008470.06297413
0.07 3 8692069 8696391 1.23 296 0.0557302466216216 0.0522587029836593 0.11935 5603376.28369886
0.08 3 10387272.5 10393372.5 1.205 853 0.0093232747010551 0.0716254958603444 0.2458 455163.939839956
0.09 3 11517104 11521893.4 1.194 1714 0.00724188120186698 0.138819746416096 0.15494 560878.884874169
0.11 3 13618802 13624983 1.16 173 0.00638978 0 0.176 435666.818181818
0.12 3 14422343.5 14426230 1.145 472 0.0253388677966102 0.0710743492010532 0.1821 1669777.12004021
0.13 3 15401434 15406510.75 1.13 1284 0.0403163734423676 0.0763622136739413 0.18885 2561802.91929262
0.14 3 16402007 16406421 1.13 637 0.0083091 0.265702663345007 0.2155 462687.703016241
0.15 3 17458049 17462784 1.13 255 0.0108401 0.741602937242276 0.1925 675746.493506494
0.16 3 17608750 17614286 1.13 228 0 NA 0.1717 0
0.17 3 18746694.5 18750876.5 1.12 466 0.0141798969957082 0.175938265379628 0.1409 1207656.23810148
0.2 3 21178252 21186063 1.09 398 0.00700935 0 0.1734 485076.124567474
0.21 3 22513178 22520195 1.06 539 0.0324118 0.0649195663307808 0.0886 4389860.04514673
0.23 3 23653661 23657574 1.04 213 0.0436893 0 0.1742 3009595.86681975
0.24 3 24616004.5 24620553.5 1.02 845 0.0252482449704142 0.0676784142990641 0.11285 2684793.43947692
0.25 3 24938037 24942947 1.01 240 0.00397614 0 0.0876 544676.712328767
0.27 3 26541692 26546375.5 0.965 729 0.00133850211248285 0.884706687052386 0.1019 157625.371440571
0.28 3 26983578 26998551 0.955 920 0.0120621306521739 0.130512222397222 0.0946 1530079.9981616
0.29 3 27908508.5 27916358 0.985 1351 0.0132077796817172 0.0316092239190601 0.1208 1312031.09421032
0.3 3 28687190 28708130 1 2020 0.00242601 0.23457075609746 0.1094 266107.129798903
0.31 3 28841523.5 28848417 1 967 0.00857942324715615 0.176089409799085 0.13595 757286.34767101
0.33 3 30467360.8888889 30472646.7777778 1.01777777777778 3205 0.00438481770982839 0.0608751858088439 0.124633333333333 422180.897442691
0.34 3 31376497 31381204 1.01 287 0 NA 0.1744 0
0.35 3 32521940 32526307.5 0.98 596 0.0136651238255034 0 0.1718 954490.604808151
0.36 3 32906359.5 32911547.25 0.97 1182 0.00249317742808799 0.41454091981348 0.189075 158234.188216612
0.37 3 34053977.25 34057605.75 0.9225 1506 0.00250901847941567 0.227836928967607 0.16325 184430.14856348
0.38 3 35289533 35297744 0.855 824 0 NA 0.10605 0
0.39 3 36942688.6666667 36946795.1666667 0.755 1023 0.0086205587487781 0.088139041004026 0.234916666666667 440354.898837902
0.4 3 37878063 37887062 0.73 1009 0.0255041446977205 0.0941291044165386 0.1011 3027198.1837057
0.41 3 39569214.8 39576502.8 0.69 1871 0.00249835196686264 0.490230684683977 0.11326 264702.662920287
0.42 3 43288802.2 43293593.6 0.588 1350 0.00414286755555556 0.320565134416112 0.15192 327240.723187643
0.43 3 45945711.1818182 45950193.7272727 0.511818181818182 3348 0.000576801281362007 0.747034002136852 0.111318181818182 62178.6599753246
0.44 3 49331148.5714286 49336121.4285714 0.404285714285714 2109 0 Inf 0.137771428571429 0
0.45 3 52120038.2857143 52127060 0.317142857142857 3479 0.000861238551307847 0.194603804813386 0.123171428571429 83906.3306771737
0.46 3 57039229.8 57044533.6 0.184 3756 0.000564002484025559 0.135209550532337 0.13788 49086.3780701096
0.47 3 76293681.8 76302860.425 0.00825 12505 0.00262131645877649 0.249348445746668 0.1320225 238260.883601794
0.48 3 104287795.095238 104292569.333333 0.0361904761904762 7961 0.000607809057907298 0.0592841837706574 0.14347619047619 50835.6729481046
0.49 3 129538920 129554566.954545 0.0590909090909091 8491 0.00023858339182664 0.142696906194998 0.123772727272727 23131.1110694943
0.5 3 154543084.575758 154552225.454545 0.0436363636363636 9673 8.02849064406079e-05 0.371198305321983 0.124678787878788 7727.20760025295
0.51 3 190283034.552632 190290128.973684 0.00315789473684211 14794 0.000185265035825335 0.500423257213064 0.12315 18052.6222485101
0.52 3 330102212.760234 330114382.152047 0.00415204678362573 72925 0.00014010078088447 0.643620935275158 0.110359064327485 15233.9944240985
0.53 3 451614485.370968 451627220.5 0.0146774193548387 24800 0.000623503244758064 0.243104299117692 0.126159677419355 59306.1039005868
0.54 3 480231788.933333 480237130.066667 0.0826666666666667 5982 0.000161913130892678 0.818425048184382 0.120173333333333 16167.9593701775
0.55 3 487927531.461538 487933955.769231 0.117692307692308 4747 0.000345442342532126 0.343783676059028 0.131 31643.5733617214
0.56 3 495067230.5 495076479.125 0.155 3063 0.000248871906627489 0.369657507106996 0.1272375 23471.5620750948
0.57 3 501133487.714286 501138137.857143 0.18 2632 0.00156665648176292 0.415827212767934 0.1165 161372.341469142
0.58 3 506698566.583333 506710212.833333 0.18 4140 0.00024323190821256 0.284958660056937 0.135125 21600.6134952875
0.59 3 511105208 511120770.333333 0.18 5366 0 Inf 0.132877777777778 0
0.6 3 514868043.25 514876285.25 0.18 3279 0.00031989538273864 0.535160252147088 0.156725 24493.5051387059
0.61 3 520751884 520756907.857143 0.18 2177 0 NA 0.1408 0
0.62 3 527990456 527996608 0.176363636363636 3673 0.000266604029403757 0.587148580843485 0.179936363636364 17779.8877791623
0.63 3 533985068.230769 533991556.615385 0.164615384615385 5249 0.000508694421794628 0.671576345546492 0.132876923076923 45939.7532707896
0.64 3 540067992.9 540073287.6 0.201 3842 0.000520182717334721 0.143064003158302 0.13008 47987.3355474835
0.65 3 544535843.583333 544543446.916667 0.221666666666667 5393 0.00018560086037456 0.211155585063657 0.123525 18030.4418093076
0.66 3 549977536 549982920 0.244 1499 0.000630948699132755 0.301747075282189 0.15026 50388.5557672904
0.67 3 552704120.5 552718157.166667 0.258333333333333 2205 0.000425697578231292 0 0.115916666666667 44069.3395149577
0.68 3 555514618.8 555521152 0.27 1840 0.00108666983695652 0 0.21204 61498.0100145174
0.69 3 558638845.8125 558648995.5 0.283125 8101 0.00158353675595605 0.265206214406833 0.124525 152599.406315781
0.7 3 563103779 563116280.5 0.28125 3315 0.000559705218702866 0.156900925223081 0.1051125 63897.8487281188
0.71 3 567580734.916667 567586702.25 0.2775 4134 0.000880605164489598 0.136981840634262 0.140308333333333 75314.5712932839
0.72 3 570736894.2 570742575.4 0.308 1308 0.00111862885321101 0.14936314768379 0.13792 97328.4965090785
0.73 3 572871581.2 572909988.2 0.346 1513 0.00160036384666226 0.17672743950122 0.19846 96766.9362085414
0.74 3 574962220.75 574966576 0.3875 922 0 Inf 0.116225 0
0.75 3 577525497.75 577530510 0.42 894 0.000819575838926175 0 0.21615 45500.3935559292
0.76 3 580139861.071429 580153845.642857 0.449285714285714 4125 0.00201597079030303 0.296794443453883 0.195885714285714 123498.7940384
0.77 3 584385156.75 584390008.875 0.49125 3601 0.000628188936406554 0.668915349395552 0.1156375 65188.7773159974
0.78 3 586828922 586833301.25 0.5125 936 0.0105589594444444 0.260333091938842 0.182075 695908.352785025
0.8 3 590332324 590338472 0.55 2070 0.000994449782608696 0.137678388464322 0.11014 108347.533968625
0.81 3 591990994 592047518 0.58 159 0 NA 0.309 0
0.82 3 592543008 592550565.5 0.59 646 0.00153310557275542 0 0.08825 208467.613292521
0.83 3 594137175 594139890 0.6 168 0 NA 0.1548 0
0.84 3 595237827.333333 595243081 0.613333333333333 1168 0.000823334743150685 0.596553086014279 0.211466666666667 46721.3914776555
0.85 3 596321699.25 596326861.5 0.62 1054 0 Inf 0.103675 0
0.86 3 597654380.666667 597688325.166667 0.62 1775 0 NA 0.170816666666667 0
0.87 3 598493345.4 598498146.2 0.62 1844 0.00204528885032538 0.207302753464986 0.14154 173403.039451071
0.88 3 600389755.6 600395481.8 0.62 1863 0 NA 0.1071 0
0.89 3 602108704.4 602112892.8 0.616 1234 0 NA 0.1159 0
0.9 3 604722038.5 604725664 0.6225 983 0.00796110696846389 0.0370621994468364 0.169925 562208.525064391
0.91 3 607377576.714286 607381859.714286 0.64 1497 0.000725671503006012 0 0.126057142857143 69080.242806556
0.92 3 608934293.5 608941534.5 0.65 884 0 Inf 0.21655 0
0.93 3 611363513.2 611405171.2 0.668 1469 0.00122600085091899 0 0.19564 75199.3979300139
0.94 3 612618633 612624876.4 0.676 1686 0.00223354725385528 0.0760728248829472 0.11768 227758.047639899
0.95 3 614240170.4 614264639.4 0.688 1946 0.00146568472250771 0.175374293296273 0.14366 122429.463107981
0.96 3 615194241.5 615200273 0.695 614 0.00122320553745928 0.285201868535202 0.11805 124341.096565111
0.97 3 616259191.8 616262634 0.71 1735 0.00159214659942363 0.185564060135441 0.16932 112838.171468719
0.98 3 617715834.666667 617720249 0.726666666666667 728 0 NA 0.205733333333333 0
0.99 3 619279750 619288007.6 0.776 1105 0.000858647656108597 0 0.1139 90463.3175882631
1 3 620188181.5 620193616.75 0.7975 1641 0 Inf 0.1586 0
1.01 3 621391662.166667 621396720.833333 0.819166666666667 3678 0.00641938585644372 0.0574818654484826 0.128908333333333 597576.807374682
1.02 3 622848565.2 622852318.2 0.826 1384 0.00132564257947977 0 0.1378 115440.572959051
1.03 3 623914587 623932493.5 0.815 357 0 NA 0.1867 0
1.04 3 625159288.5 625163087 0.795 650 0.0015679036 0.278853126900443 0.2197 85638.7947200729
1.05 3 625806698.666667 625815131.666667 0.786666666666667 1123 0.00527981171861086 0.0485609008130393 0.1124 563680.966399736
1.06 3 626922165.285714 626927699.714286 0.82 2291 0.012819697023134 0.135677408117449 0.1338 1149748.61194027
1.07 3 627936501 627941908 0.836666666666667 1178 0.00666624630730051 0.0359897972683927 0.0836666666666667 956115.0082184
1.08 3 629094810.8 629099316.6 0.84 1553 0.003612380772698 0.102163546675336 0.16822 257689.747190441
1.09 3 630456541.125 630461206.625 0.825 2095 0.00293534764200477 0 0.1591125 221379.034985041
1.1 3 632024723.6 632029951.4 0.78 1893 0.0026411095034337 0.114768869377478 0.10848 292158.130910808
1.11 3 633096932.666667 633101053 0.76 1678 0.00170982386769964 0.202092748786115 0.15225 134764.442774356
1.12 3 634794501 634799575.8 0.742 1882 0.00106631412858661 0.142000093192995 0.13824 92561.9903286988
1.13 3 636108772.25 636114803 0.7325 1539 0.00527003461988304 0.070952897730433 0.142125 444963.345214399
1.14 3 637770858.666667 637775824.666667 0.72 718 0 Inf 0.196733333333333 0
1.15 3 638828683 638843318 0.7125 3021 0.000965884458788481 0.299252828269644 0.1694 68421.5673285819
1.16 3 640293557.5 640299945.25 0.71 1364 0.00216876470674487 0 0.15145 171840.055998273
1.17 3 641625115.166667 641630502.166667 0.71 2806 0.00068037874554526 0.148533758680257 0.1473 55428.0037104082
1.18 3 642702230 642707568.5 0.71 1575 0 Inf 0.1596 0
1.19 3 644636350.833333 644641276.333333 0.711666666666667 2220 0.00687217315315315 0.0425058420089836 0.198516666666667 415411.356751765
1.2 3 645896057.4 645902188.8 0.72 2273 0.000424655433347998 0.296598261699815 0.13698 37201.5272315373
1.21 3 648069022 648073715.666667 0.736666666666667 1564 0.0161466049232737 0.0468564568147103 0.0983333333333333 1970433.14317916
1.22 3 649908286.5 649912814.5 0.76 1650 0.00120083738181818 0.289175809882324 0.0841 171344.216192844
1.23 3 650788240.25 650795060.75 0.7725 774 0.00249709581395349 0.298623657986237 0.200325 149582.676987105
1.24 3 652162911.333333 652168629.333333 0.79 1871 0.0010223654302512 0.407243613980536 0.173433333333333 70738.334593587
1.25 3 653468715.6 653474179.2 0.8 1847 0.00523361375203032 0.104482557599068 0.12484 503070.850884042
1.26 3 654650084.4 654654467.4 0.8 1726 0.00112981367323291 0.404694577352145 0.13804 98216.1987742314
1.27 3 655459317 655463248.5 0.7975 1601 0.00866893285446596 0 0.231175 449993.270265347
1.28 3 656335494 656341387 0.79 743 0.00132275 0.29217388017388 0.1185 133949.367088608
1.29 3 657701165 657708214.666667 0.796666666666667 804 0.0166103236069652 0.0862171047257461 0.176233333333333 1131022.60232787
1.3 3 659169793 659174471 0.83 296 0.00362319 0 0.0955 455269.947643979
1.31 3 659762700 659768498.5 0.84 1887 0.0111355528033916 0.266492207635231 0.0922 1449312.72929175
1.32 3 661623406 661640268.666667 0.843333333333333 831 0.0190309828640193 0.0907166647542322 0.109833333333333 2079257.61185036
1.33 3 662367131 662403455 0.84 373 0 Inf 0.182 0
1.35 3 664700547 664705465 0.785 596 0.0104211741610738 0.180942878333764 0.1142 1095044.57034051
1.36 3 666319167 666323141 0.76 511 0.0470213835616438 0 0.14 4030404.30528376
1.37 3 667678838.5 667713023.5 0.755 742 0.00769504541778976 0.101555242331604 0.14905 619527.306363482
1.4 3 671445030 671448918.5 0.705 819 0.0194632217948718 0.0962306086750329 0.126975 1839406.66696957
1.41 3 672971694.8 672976462 0.674 2413 0.0088459029299627 0.0270299726072329 0.15558 682291.008867158
1.42 3 674663288.666667 674667686 0.66 1401 0.0248231000713776 0.057505052626029 0.240433333333333 1238918.06816802
1.43 3 676119748.666667 676126020.333333 0.66 1393 0.00682304456568557 0.0918145218412664 0.1268 645713.996752578
1.45 3 679783071.666667 679788284.833333 0.695 1560 0.026156225474359 0.0140920279915692 0.123133333333333 2549063.6629045
1.46 3 681866130.25 681871187 0.69 2385 0.025375194293501 0.0663728009832843 0.2436375 1249817.17314458
1.47 3 682754365 682756614 0.69 92 0 NA 0.1652 0
1.48 3 684674217.5 684679415 0.69 780 0.0303336541025641 0.0362590789509065 0.173125 2102549.30963621
1.49 3 686571028 686577287.5 0.69 1617 0.00933504448361163 0.0963689732173957 0.175425 638566.531585233
1.5 3 687577355.166667 687583523.5 0.698333333333333 2232 0.0125670334094982 0.0513817539587313 0.197633333333333 763051.446689046
1.51 3 688375271.5 688379225 0.7 648 0.0289330734567901 0.0841589164299329 0.15005 2313874.58501487
1.52 3 689584046 689615207.6 0.7 2436 0.01723424158867 0.0276919307897545 0.15758 1312418.44817895
1.53 3 690706453.2 690711743.6 0.7 1440 0.0307870486180556 0.088097622650195 0.14958 2469879.55219058
1.56 3 693408117 693412122.5 0.71 849 0.0346193367491166 0.0685475292954754 0.17415 2385484.01372035
1.57 3 694513643.75 694517946 0.71 1558 0.0183564331835687 0.0909669053738332 0.169175 1302067.07966794
1.58 3 695690157.4 695695815.2 NA 2245 0.0177533371937639 0.0925701686576472 0.13096 1626756.61518912
1.59 3 696208111 696212192 NA 167 0.0101818 0.42361173859239 0.1528 799617.80104712
1.6 3 697569825 697576260 NA 457 0.0221339 0.111830721201415 0.1192 2228244.96644295
1.62 3 699042949.5 699059082 NA 502 0.0279897450199203 0.0358911404091368 0.2286 1469277.95380159
1.63 3 699472353.666667 699479715.666667 NA 1367 0.0161290513533285 0.143980370886736 0.2669 725172.784713156
0 4 369520 374029 1.63 497 0.0156047 0.0547447243458702 0.2015 929312.158808933
0.01 4 419978 422167 1.63 160 0.00943396 0 0.2654 426554.33308214
0.02 4 1208591 1212385 1.62 1127 0.021840413487134 0.0634664915857735 0.29155 898936.586676755
0.03 4 2028521.33333333 2037184.33333333 1.60666666666667 1254 0.0105218689553429 0.0657730089396167 0.1527 826865.929692959
0.05 4 3363625 3369448 1.585 2099 0.0273873140066698 0.0909264255096419 0.116225 2827685.67932922
0.06 4 3900627 3905608.5 1.575 595 0.016308647815126 0.177942654530932 0.24525 797976.651504639
0.07 4 4302426.5 4306695.5 1.57 181 0 NA 0.289 0
0.08 4 5440108 5444595 1.55 1718 0.0181005190337602 0.0368928496017472 0.1058 2052988.92632441
0.09 4 6008216 6012414.66666667 1.54 693 0.00693073962481962 0.0600278131019776 0.196966666666667 422248.479427156
0.1 4 6273863.5 6279403.5 1.5375 1587 0.00775930930056711 0.0639333268272553 0.10305 903558.579396461
0.12 4 7624254.33333333 7629081 1.51 632 0.0287990226265823 0.0118765098738654 0.178466666666667 1936430.35965066
0.13 4 7966665 7971989 1.5 398 0.0169184 0.171667533572915 0.0911 2228548.84742042
0.14 4 8677375.33333333 8689026.33333333 1.49 3145 0.0133350357583466 0.0490333153120572 0.152733333333333 1047711.23374177
0.15 4 9578366.625 9584650.375 1.475 2783 0.0109723003162055 0.18660447446446 0.1310125 1005000.31519486
0.16 4 10306477 10319741 1.46 2251 0.0111341183385162 0.0338577142762437 0.132625 1007422.58293832
0.17 4 10898651 10905209 1.45 232 0 Inf 0.1336 0
0.18 4 11538800 11543747.75 1.435 1554 0.0193708636679537 0.0806558291319913 0.242325 959250.444714512
0.19 4 12282924 12286833 1.42 198 0.0333333 0.0440529440529441 0.1308 3058100.91743119
0.21 4 13813683.375 13832199.875 1.38875 2715 0.0150334508287293 0.0720808026172402 0.1679625 1074057.6613515
0.22 4 15130788.125 15135056 1.37375 3196 0.0247924898623279 0.0533179800163958 0.1548125 1921743.25941339
0.23 4 15771652 15775422 1.365 594 0.00590982895622896 0 0.1136 624277.706643904
0.24 4 16464203 16474102 1.35 515 0.0106285 0.0794427247494943 0.1189 1072682.92682927
0.25 4 17570576.6666667 17575592.6666667 1.32666666666667 985 0.00698220914720812 0.135270434625624 0.134 625272.460944011
0.26 4 18492062.3333333 18496757 1.30333333333333 919 0.0184429383460283 0.0126206430155408 0.131166666666667 1687282.79658709
0.27 4 19526025.875 19534920 1.27375 5191 0.00622045919668657 0.0553579726707963 0.141875 526135.755843093
0.28 4 20022194.2 20026193 1.27 1339 0.0119068172442121 0.076721302031861 0.16254 879056.274951059
0.3 4 21594594 21601051.1666667 1.25 3188 0.0110757550470514 0.0287004006432875 0.11245 1181939.17798681
0.31 4 22320174.6666667 22324947.3333333 1.23 1849 0.0118370470254191 0.0923589826066949 0.157333333333333 902825.620582816
0.32 4 22798860.5 22802856 1.215 489 0.00848575705521472 0.068152806608316 0.09775 1041729.76636907
0.33 4 23322223.6666667 23328863 1.19666666666667 1514 0.00828956892338177 0.0223910586455985 0.131333333333333 757422.5412227
0.34 4 23645651.3333333 23650019.3333333 1.18666666666667 1499 0.00309018958639093 0.307610555938286 0.138133333333333 268452.763296509
0.35 4 24289724 24315017 1.19 2546 0.00164888 0.0521151326961331 0.0764 258986.387434555
0.36 4 24979535 24985488 1.2 818 0.00182732 0.430509708206554 0.1054 208044.022770398
0.37 4 25535830 25543683 1.2 414 0 NA 0.1194 0
0.38 4 26283657.5 26289175.5 1.19 596 0.00309573288590604 0.228910849790641 0.1413 262907.251456989
0.39 4 26713051.4 26718898.6 1.178 1908 0 Inf 0.1575 0
0.4 4 27365093 27371627 1.15666666666667 1102 0.00336907851179673 0 0.124433333333333 324904.437248011
0.42 4 29264625.5 29270257.5 1.065 900 0.00693717222222222 0.0931770405969131 0.112125 742439.83649201
0.43 4 30693404.375 30701984.625 0.96 3249 0.00127981870729455 0.274799346027335 0.1162875 132067.715683411
0.44 4 32864645.1666667 32869338.8333333 0.901666666666667 1770 0.00447052052542373 0 0.143833333333333 372975.061217275
0.45 4 35024188.1666667 35041999 0.801666666666667 2492 0.00639769027688604 0.148340783967106 0.1435 534998.490053188
0.46 4 36537336.6666667 36542928.3333333 0.653333333333333 2616 0.00226961884938838 0.0365876360933854 0.203955555555556 133536.083969244
0.47 4 38810270 38818835.5 0.505 1401 0 Inf 0.1019 0
0.48 4 41681447 41689820.3333333 0.343333333333333 586 0 NA 0.109366666666667 0
0.49 4 45106685.6 45111563.6 0.2 925 0.00148158857297297 0.319508432960814 0.1236 143843.550774075
0.5 4 50017149.2 50029322.2 0.08 2814 0.000258645095948827 0 0.10819 28687.8745853214
0.51 4 58154926.0526316 58162212.0526316 0.0594736842105263 8593 0.000657713558710578 0.316805505595213 0.118757894736842 66459.2675881988
0.52 4 88322159.4035088 88329007.3859649 -0.0157894736842105 25064 0.000491001527768912 0.213636118294458 0.158477192982456 37178.9670320524
0.53 4 131981984.648649 131988467.135135 -0.0283783783783784 14279 0.000410019304573149 0.367950420704212 0.111145945945946 44268.2062130333
0.54 4 210098532.714286 210116758.55102 0.0106122448979592 22724 0.000337609936190812 0.353642572142711 0.116197959183673 34865.6659957843
0.55 4 367346309.395062 367361253.82716 -0.000987654320987654 38048 0.000157771332448486 0.486767138588906 0.107159259259259 17667.6845516571
0.59 4 427836516.555556 427842513.666667 0.0288888888888889 2658 0 Inf 0.104744444444444 0
0.6 4 432621165 432625868.5 0.03 1677 0 Inf 0.195625 0
0.61 4 436127098.25 436130056.75 0.035 1155 0 Inf 0.16145 0
0.62 4 438634259 438638896.666667 0.04 1539 0.000670231481481481 0 0.0692333333333333 116169.154228856
0.63 4 443573231.5 443579176 0.0425 1298 0 Inf 0.1233 0
0.64 4 447755144.285714 447760851.857143 0.05 3220 0.000922558857142857 0 0.108042857142857 102465.878619595
0.65 4 451509779 451544318 0.05 507 0 NA 0.1783 0
0.66 4 458738682.3 458745288.6 0.062 3477 0.000587389042277826 0.596432566437994 0.14044 50189.8925329956
0.67 4 463369472.2 463387059 0.07 1715 0.00438813518367347 0.244889901258042 0.13534 389076.564238818
0.68 4 472382087 472386516.176471 0.0582352941176471 5666 0.000229661094246382 1.34364685495231 0.158517647058824 17385.6550490804
0.69 4 492563885.765957 492573122.765957 0.0502127659574468 17598 0.000126407221843391 0.580030112550997 0.131672340425532 11520.16176836
0.7 4 512018741.923077 512025873.807692 0.0957692307692308 10109 6.91431674745277e-05 2.04712719438427 0.116115384615385 7145.63373701644
0.71 4 521592247.222222 521612602.222222 0.122222222222222 3297 0 Inf 0.113 0
0.72 4 527415488.076923 527422411.538462 0.141538461538462 5362 0.000650383177918687 0 0.111530769230769 69977.0851474689
0.73 4 535784612.545455 535789409.545455 0.15 3634 0 Inf 0.132181818181818 0
0.74 4 542220716.153846 542230073.769231 0.123076923076923 4614 0.000368185314260945 0.124654933146498 0.139207692307692 31738.3594102378
0.75 4 552539316 552546003.777778 0.11 7436 0.000507322284965035 0.250129851540338 0.158833333333333 38328.6511201286
0.76 4 559187846.3 559206032.9 0.201 5432 0 Inf 0.16363 0
0.77 4 564193623.4 564202294.5 0.311 6309 0.000112541472499604 0.898723491306598 0.11816 11429.3980195941
0.78 4 567385619.333333 567390890.666667 0.376666666666667 3778 0.000461960915828481 0.657566631654687 0.166622222222222 33270.0579551053
0.79 4 569281079.5 569286808.875 0.43625 3623 0.00102579630416782 0.0768324392652351 0.1408875 87371.5244433594
0.8 4 570951721.75 570956141.5 0.48 675 0 NA 0.17535 0
0.81 4 572898898 572906493.666667 0.5 1423 0.000550194300773015 0.271888031276091 0.1261 52357.9033249499
0.82 4 575037296.333333 575041608 0.49 3168 0.00646174778409091 0.0560747280932409 0.143655555555556 539770.098756144
0.83 4 576906126.8 576958090 0.494 1063 0 NA 0.17202 0
0.84 4 578804658.666667 578809847.666667 0.506666666666667 742 0 Inf 0.1245 0
0.85 4 580373882.5 580379583.5 0.5175 1850 0.00207542975135135 0.114205682035703 0.1494 166701.184847498
0.86 4 581942874.2 581977481.2 0.532 2493 0 NA 0.16342 0
0.87 4 583513360 583518234.75 0.5475 1287 0.000748354786324786 0 0.1458 61592.986528789
0.88 4 585971664.25 586008348.25 0.58 1331 0 NA 0.08755 0
0.89 4 587156962 587163935 0.586 1927 0 NA 0.13362 0
0.9 4 588993356.4 588999683.6 0.582 3706 0 Inf 0.10314 0
0.91 4 591181401 591185046.666667 0.603333333333333 790 0.00146141544303797 0 0.131833333333333 133023.908847957
0.92 4 593474169.4 593480783.8 0.644 3178 0 Inf 0.13834 0
0.93 4 595270595.5 595274813.25 0.6975 1020 0.00146378964705882 0.143711316497956 0.1687 104122.559363995
0.94 4 596520709 596525036.5 0.746666666666667 1714 0.00164014470828471 0.386223487701122 0.161833333333333 121617.321314624
0.95 4 597959841.333333 597963913.333333 0.806666666666667 1755 0 Inf 0.129766666666667 0
0.96 4 599283645.7 599288623.5 0.848 2691 0 Inf 0.14912 0
0.97 4 600362819.25 600366744 0.875 935 0 Inf 0.1557 0
0.98 4 601466462.166667 601471761.666667 0.888333333333333 1804 0.00254717838137472 0.095656354065794 0.232316666666667 131571.01905372
0.99 4 602480492.5 602485882.5 0.895 862 0.00111421687935035 0 0.08945 149475.713272266
1 4 603516518 603526868.666667 0.89 1311 0 NA 0.1271 0
1.01 4 604527739.333333 604533731.666667 0.89 1681 0.000401903688280785 0.321082865440665 0.212833333333333 22660.1922914773
1.02 4 605644071 605649078 0.9 1039 0.00183655 0.227728621600283 0.0833 264569.027611044
1.03 4 606196642.666667 606203751 0.91 1910 0 Inf 0.147733333333333 0
1.04 4 606829004 606834019 0.91 36 0 NA 0.2743 0
1.05 4 608116188.2 608120897.8 0.91 1754 0 Inf 0.1765 0
1.06 4 609253363 609263215.5 0.9 2843 0.00106985669011607 0.660125280601667 0.140725 91229.563200518
1.07 4 610617510 610621897.5 0.89 467 0 Inf 0.1301 0
1.08 4 611626988.714286 611634275.142857 0.871428571428571 2399 0.000703968953730721 0 0.144314285714286 58536.3216327268
1.09 4 613388448 613396549.333333 0.833333333333333 1417 0.000474347508821454 0 0.202466666666667 28114.1098412452
1.1 4 613927570 613934079.428571 0.814285714285714 2132 0.000680839175422139 0.150851753262264 0.186014285714286 43921.734686629
1.11 4 615437854.666667 615443800 0.763333333333333 1028 0.00307597122568093 0.0685365093727854 0.313133333333333 117878.39485258
1.12 4 617613717 617620219 0.666666666666667 361 0 NA 0.1776 0
1.13 4 618709305.333333 618712431.833333 0.7 1441 0.0137808665857044 0.0845409785099791 0.158866666666667 1040938.30693529
1.14 4 621056674 621061989 0.675714285714286 2881 0.00437149652551197 0.0575705788834167 0.176514285714286 297188.174282135
1.15 4 622003604.5 622008718.5 0.72 1100 0.00194968079090909 0.101338900759079 0.15275 153166.41237911
1.16 4 623187243.875 623197297.5 0.80625 4744 0.0072216895994941 0.0985362466791758 0.1603375 540486.630974845
1.18 4 625056331.285714 625061535 0.928571428571429 2853 0.00176016830354013 0.144138992205197 0.108114285714286 195367.517834793
1.19 4 627005771 627011750 0.936 2161 0.00360045958352614 0.111120835291175 0.21104 204726.663202775
1.2 4 628234741.5 628241069 0.97 1565 0.00369841100319489 0.187295776598105 0.142 312541.774917878
1.21 4 628801846 628803652 0.98 133 0 NA 0.357 0
1.22 4 629601122 629604236 0.99 147 0.00684932 0 0.1753 468863.890473474
1.23 4 630166309 630173377 1 431 0.00463499 0.822655496559863 0.1207 460810.936205468
1.24 4 630735237.5 630739607.5 1 164 0.00611926243902439 0 0.1728 424948.780487805
1.25 4 632029491.25 632043825.75 1 2787 0.00683722158952278 0.0340614193622716 0.1533 535203.255539944
1.26 4 632955436.571429 632959282.857143 1 1983 0.00099774462934947 0.144510388937713 0.1844 64929.1515845642
1.27 4 634093775.5 634102865.5 1 537 0.011232197877095 0.0462837377196488 0.28745 468903.720734527
1.28 4 634982960.333333 634987074.333333 1 742 0.00479390814016173 0.140238983221698 0.148533333333333 387299.580443946
1.29 4 636396719.5 636404709 1 2092 0 NA 0.16935 0
1.3 4 639213994 639219642 NA 605 0.0069535 0.133950384698353 0.2284 365332.749562172
1.31 4 640874475.615385 640890379.923077 NA 7567 0.00533136605497555 0.081065448162479 0.150376923076923 425440.229462472
1.32 4 644598593.583333 644606869.166667 NA 4275 0.00992071435087719 0.155168303652044 0.277833333333333 428489.16212547
0 5 391930 397844 NA 458 0.0133407 0.0465219965968802 0.0926 1728816.41468682
0.01 5 545628.5 550170 1.45 1028 0.00456666642023346 0 0.1662 329723.207237073
0.02 5 1070502 1071965 1.44 110 0.00966184 0 0.4355 266227.508610792
0.03 5 1313687 1319573 1.44 469 0.0263158 0.0229676468129413 0.2161 1461312.35539102
0.05 5 2254287.5 2261846 1.41 866 0.0248453755427252 0.0265178636814008 0.19545 1525425.97345972
0.06 5 2730539.5 2736143 1.405 893 0.0174233963045913 0.0559462936300098 0.21345 979530.361466832
0.07 5 3141079 3152916 1.39 1161 0.00259347 0.284371132112575 0.1337 232772.176514585
0.08 5 3599882.5 3604590 1.38 1084 0.0198066987084871 0.0532676560923837 0.2322 1023602.00043861
0.09 5 4127905.33333333 4132091.33333333 1.37 799 0.0272436136420526 0.0658414379950009 0.156666666666667 2086744.87471041
0.12 5 5401199.5 5406223 1.33 764 0.0150430545026178 0 0.1543 1169907.02547903
0.13 5 5887891.5 5927716.5 1.315 1671 0.0103252104308797 0.033047195332699 0.1503 824368.098273829
0.14 5 6257175.5 6263688 1.305 554 0.00685243989169675 0.0576542593316455 0.1132 726407.055656899
0.15 5 6820814.8 6825675 1.284 1682 0.0069629718489893 0.111377133876077 0.20696 403728.55715052
0.16 5 7512955 7521181 1.26 1812 0.00419399245033113 0.113295595184825 0.1534 328082.851394873
0.19 5 9283171 9290621 1.22 81 0 NA 0.0796 0
0.24 5 12058959 12064320 1.15 282 0.0687783 0.0292913607925756 0.1378 5989402.03193033
0.25 5 12389421 12395492 1.15 844 0.00774534436018957 0.479457951826569 0.1365 680909.39430238
0.26 5 13063879 13068538.5 1.13 677 0.00898481311669128 0.0364107266723283 0.0885 1218279.74463611
0.27 5 14012962 14017702 1.11 324 0.00494001 0.137550733702968 0.1029 576094.460641399
0.29 5 15283999 15297809 1.08 773 0.00296834 0 0.0921 386754.397394137
0.3 5 16274937.3333333 16283007.6666667 1.05666666666667 857 0.0195781838973162 0.0821236883127051 0.111233333333333 2112120.52832899
0.31 5 16944205.2 16949949 1.042 2130 0.0115326277042254 0.185731705360899 0.1199 1154224.6242761
0.33 5 19081852.5 19086477.5 0.995 298 0.0031433188590604 0.318398022899363 0.0744 506986.912751678
0.34 5 19926808.4 19940552.6 0.976 871 0.0166263766934558 0.120648038530563 0.1578 1264363.24665063
0.35 5 21256049 21260540 0.93 413 0.0399765 0.0349062574262379 0.2034 2358495.57522124
0.37 5 23608568.3333333 23612972.3333333 0.87 1671 0.010471134374626 0.0819866105204002 0.136633333333333 919640.979474347
0.38 5 24396295.5 24403007 0.85 896 0.00313700841517857 0.298830386607885 0.13785 273080.166718483
0.39 5 26354880.5 26478186 0.8 566 0.00171149830388693 0 0.1261 162870.576103435
0.4 5 27813110.5 27820644 0.765 461 0.0145430054229935 0.289621595789166 0.53435 326595.050202904
0.41 5 28815961 28819917.6666667 0.746666666666667 1087 0.00377815256669733 0.0714905191223066 0.099 457957.886872404
0.42 5 31030989.5 31039220 0.705 798 0 NA 0.1018 0
0.43 5 33083955 33091011.6 0.668 2480 0.0062260308266129 0.212864631313206 0.13666 546702.545875566
0.44 5 34536282 34540113.6666667 0.65 753 0.00124990215139442 0 0.1242 120763.49288835
0.45 5 39248818.3333333 39257884 0.45 1559 0.00315966339961514 0.159790941104378 0.0833666666666667 454809.605702299
0.46 5 42761863.5 42772030 0.3175 3652 0.0047435045618839 0.0164699116489303 0.1025 555337.119440066
0.47 5 57641342.65 57655356.15 0.0105 7580 0.000768431300791557 0.148320272040497 0.125275 73607.4684454096
0.48 5 197278594.676923 197290878.958974 0.00553846153846154 79564 0.000415133649112664 0.397666598334274 0.116871794871795 42624.5168461445
0.49 5 355789593.714286 355795561.607143 0.03 8347 0.00299036509883791 0.237888196607541 0.119839285714286 299437.542306522
0.5 5 370196194.416667 370201501.5 0.0391666666666667 4438 0.00242661278954484 0.0803512589067518 0.1532 190074.108841632
0.51 5 382455319.6 382468012.466667 0.04 6396 0 Inf 0.12084 0
0.52 5 409826687.644737 409837045.723684 0.0442105263157895 28798 0.000794541669456212 0.264789104422592 0.107572368421053 88633.3560692393
0.53 5 444247098.233333 444256028.633333 0.0386666666666667 9375 0.0021741326848 0.110075001656127 0.124886666666667 208906.145979822
0.54 5 462157895 462162373.923077 0.105384615384615 4132 0 Inf 0.122553846153846 0
0.55 5 469211568.125 469217887.625 0.15625 3483 0.000287937754809073 0.574617846354007 0.0997625 34634.7881990615
0.56 5 475656586.5 475660215 0.22 348 0.00263220037356322 0 0.3826 82557.2516538385
0.57 5 479742426.916667 479750509.166667 0.261666666666667 4039 0.00373893265907403 0.0526932713639553 0.112241666666667 399737.399143708
0.58 5 483650345.272727 483654249.818182 0.278181818181818 3294 0.000615636897389192 0 0.141727272727273 52125.7668090913
0.59 5 487483902.666667 487489187.5 0.293333333333333 1420 0.0069176138028169 0.175420472882268 0.1258 659867.771333886
0.6 5 490625709 490636789 0.305 975 0.000985595261538461 0 0.1193 99137.8301631311
0.61 5 493890700.166667 493895900.666667 0.318333333333333 2119 0.00143645662576687 0.0959108620667015 0.184333333333333 93512.5470661978
0.62 5 495851558.5 495861955.5 0.331666666666667 2681 0 NA 0.123933333333333 0
0.63 5 499010628.2 499014508.8 0.348 1129 0 NA 0.21506 0
0.64 5 501910677.666667 501915827.333333 0.36 1372 0.00290396475218659 0.0713470317262342 0.1052 331250.732188584
0.65 5 504613352.25 504620864 0.3775 1525 0.00184452693114754 0 0.1199 184606.53189133
0.66 5 506188166.75 506191078.25 0.3875 907 0.0213196067254686 0.0588097524485758 0.221575 1154621.59858117
0.67 5 509319948 509323653 0.41 149 0.00700525 0.54097569679883 0.1345 625003.717472119
0.68 5 510054574 510061225.333333 0.41 2343 0.0119261107212975 0.0312748349736704 0.108733333333333 1316186.34569807
0.69 5 513102937 513106584.4 0.436 934 0.00413765875802998 0.0535367516695142 0.1466 338689.666414459
0.7 5 515192898.75 515197631 0.45 2231 0 Inf 0.165925 0
0.71 5 517644130.5 517647851 0.47 814 0.00121505745700246 0 0.1829 79719.4613670283
0.72 5 519946410.6 519958080.2 0.488 1632 0.00125953351102941 0.278780126681764 0.11876 127268.458507519
0.73 5 523029559 523034646 0.515 360 0.00541536466666667 0 0.22115 293847.506217499
0.74 5 525350898 525355659 0.535 540 0 NA 0.0904 0
0.75 5 526922150.375 526928044 0.545 2073 0.00289030219971056 0.28571394142255 0.1135625 305414.431670021
0.76 5 529121415.4 529130666 0.564 2585 0.00606889449516441 0.162710400223825 0.11214 649426.912270135
0.77 5 530518772 530523631 0.574 1688 0.00179243610189573 0 0.12318 174616.278801338
0.78 5 532211141.666667 532226261.666667 0.59 1604 0.00212398924563591 0.312893207602413 0.123333333333333 206658.413088899
0.79 5 534238516.25 534242568.75 0.6125 1495 0.00267236579264214 0.142086144876838 0.1692 189529.488839868
0.8 5 535773711.166667 535779594.5 0.631666666666667 1830 0.00439465989071038 0.026036449154958 0.177233333333333 297550.791923216
0.81 5 537941533.666667 537946186.333333 0.66 765 0 NA 0.108666666666667 0
0.82 5 538688158.2 538691448.6 0.672 1693 0.00232856093916125 0.143181042431498 0.16192 172571.215846931
0.83 5 540539537.666667 540542997.666667 0.691666666666667 1316 0.00803536659574468 0.0543715062152609 0.1695 568875.511203163
0.84 5 542255984.6 542261291.4 0.708 2681 0.00326959211115256 0.588732953941576 0.12892 304336.839387455
0.85 5 544244132 544247241 0.73 429 0 NA 0.1719 0
0.86 5 545005457.25 545011347 0.735 905 0 Inf 0.129575 0
0.87 5 546308846.666667 546317385 0.743333333333333 1459 0.00135342652501714 0.290448182368383 0.1152 140981.929689285
0.88 5 547191014.6 547194257 0.75 1317 0.00153999088838269 0 0.18542 99665.0343037011
0.89 5 548983267 548987326 0.765 1183 0 Inf 0.1163 0
0.9 5 549579779.142857 549584172.285714 0.77 2317 0.00582848576607682 0.0374702288883234 0.150871428571429 463585.649418098
0.91 5 551309619 551314687.25 0.775 710 0.00560734028169014 0 0.125625 535626.534370402
0.92 5 552541007.833333 552546478.5 0.78 2699 0.00249620682474991 0.556409012680525 0.12935 231576.976397363
0.93 5 553469814.333333 553475406.5 0.786666666666667 2686 0.00369880002978407 0.173269438448859 0.16225 273563.022233644
0.94 5 554668995 554673393.666667 0.8125 3231 0.00533276467657072 0.108500582716785 0.1197 534613.000157466
0.95 5 555997704.75 556001857.25 0.835 1874 0.00540604793169691 0.0565779696085003 0.13965 464536.879200593
0.96 5 556816420.6 556827778.2 0.846 1787 0.00392647992165641 0.328092924609757 0.1393 338246.655131923
0.97 5 557883399.5 557889908 0.85 842 0.00230051714964371 0.591235092219067 0.147 187797.318338262
0.98 5 559160173.666667 559167084.166667 0.86 2224 0.00320127167715827 0.478523067849915 0.147366666666667 260678.082736254
1 5 561644311 561648315.666667 0.86 868 0.0137612784101382 0.071997793555119 0.154566666666667 1068376.15433465
1.01 5 562264233.75 562269495.75 0.8525 798 0.00464866149122807 0 0.162225 343867.701616501
1.02 5 563601373 563607263.2 0.842 2512 0.00118224534633758 0.240817699961786 0.14708 96457.3304055681
1.03 5 565060812.666667 565064829.333333 0.85 1284 0.00546967517133956 0.130748455119921 0.122066666666667 537707.007559324
1.04 5 565867657.4 565889402.2 0.86 2950 0.0126548495389831 0.0503179919009405 0.1303 1165450.45639138
1.05 5 567510402.666667 567514693.333333 0.86 469 0.0234015874200426 0.0975970777044857 0.164333333333333 1708838.02661569
1.06 5 568230458.111111 568235041.333333 0.87 2177 0.0133858782912265 0.0276810789290435 0.157233333333333 1021606.14476182
1.07 5 569788886.5 569792781 0.87 997 0.00578146567703109 0.10030824958631 0.1137 610181.074092991
1.08 5 571063225.8 571069210 0.87 1346 0.00424210592867756 0.0867298034416721 0.31676 160706.121808722
1.09 5 572440690 572443155 0.87 141 0.00674536 0.304885135856352 0.1437 563286.847599165
1.1 5 572518347 572521870.5 0.87 695 0.00413072258992806 0.10046725150114 0.2378 208446.892679296
1.11 5 574172664.5 574188947.5 0.87 679 0.00147740036818851 0.283312112780993 0.21845 81157.2644461531
1.12 5 575165254 575168840.5 0.865 353 0.013699581388102 0.162800832712113 0.2606 630832.604210375
1.13 5 576646650.25 576651227.25 0.86 1167 0.0167659162296487 0.156020299607884 0.13285 1514422.24129307
1.14 5 577524230 577528933 0.855 840 0.00114096523809524 0.531230034135675 0.1148 119264.659034345
1.15 5 579066160 579069438 0.84 37 0 NA 0.1747 0
1.16 5 580685092 580692341.666667 0.83 718 0.0106279520612813 0.0378063225921364 0.163566666666667 779715.252101341
1.17 5 581693805.142857 581699620 0.822857142857143 3265 0.011005615914242 0.247716958840356 0.1214 1087869.77735505
1.18 5 582853700.2 582858637.8 0.812 3505 0.00710001571184023 0.112393414739292 0.12246 695738.923257249
1.19 5 584644735.5 584649186.5 0.79 516 0.00834725562015504 0.120406537552297 0.12355 810741.136720846
1.2 5 585307387.5 585334883.5 0.783333333333333 1366 0.0152920031259151 0.0935419205295527 0.13685 1340913.68294469
1.22 5 587488462.777778 587492671.777778 0.77 1939 0.0180253568849923 0.0780304754917053 0.194066666666667 1114587.50920598
1.23 5 588823982.555556 588838227.555556 0.754444444444444 2807 0.0130527488991806 0.109665617853182 0.1613 971066.254123791
1.24 5 589945854.625 589952745.375 0.74125 4244 0.0085386983671065 0.0279499667873871 0.142975 716659.418816423
1.25 5 591354083.25 591359530.75 0.74 3495 0.0267198661258941 0.117897841904402 0.1613875 1986761.01625423
1.26 5 593239631.333333 593243945.666667 0.72 468 0.0130891320512821 0.140741087185627 0.152866666666667 1027494.01187561
1.27 5 595062369.666667 595068192.833333 0.68 2090 0.0134042618181818 0.0812532307799328 0.110766666666667 1452161.97849698
1.28 5 596316917.25 596322065 0.615 1231 0.00746717749796913 0.196294732251204 0.19695 454968.925999642
1.29 5 597511516.111111 597548768.888889 0.583333333333333 3787 0.0125282742012147 0.107325028486292 0.122211111111111 1230160.57253495
1.3 5 598759060.833333 598791590.666667 0.58 2638 0.00623486325132676 0.117846055530368 0.146516666666667 510647.428160081
1.31 5 600374099.857143 600383454.857143 0.612857142857143 2495 0.00203631407214429 0.280204731815321 0.111614285714286 218930.477486395
1.32 5 602858977.7 602865483.8 0.594 3773 0.00879658621256295 0.116597667687013 0.13552 778918.495799553
1.33 5 604928258 604932942.166667 0.601666666666667 1618 0.00893728794808405 0.0148559369382533 0.123033333333333 871694.30000278
1.34 5 606391194.5 606396029 0.625 1419 0.00732827788583509 0.204272250601451 0.16095 546376.729605599
1.35 5 607925167.333333 607930063.666667 0.656666666666667 1243 0.000634321522123894 1.07216465360829 0.0886333333333333 85880.3113819488
1.36 5 609260089.125 609265004.75 0.655 3192 0.0178867209868421 0.173792431182732 0.1890125 1135589.71942123
1.37 5 610414319.25 610419612.5 0.6175 1512 0.00779141150793651 0.144975335836055 0.10605 881630.722255899
1.38 5 612152566.333333 612156482.333333 0.61 815 0.0271611614723926 0.0531493561814758 0.206266666666667 1580158.06885284
1.39 5 613222910 613227066 0.61 237 0 NA 0.073 0
1.4 5 614820147.9 614833695.3 0.605 2352 0.00792225155612245 0.0613111223384932 0.13365 711313.271032319
1.41 5 616646109.4 616653397.2 0.592 2527 0.00960091129006727 0.0117226795880229 0.17464 659705.310815434
1.42 5 618967052.285714 618971584.428571 0.54 2822 0.0069080768887314 0.246375295597477 0.119985714285714 690889.937675244
1.43 5 621156878 621163549 0.51 1102 0.00509478636116152 0.189947912963521 0.1111 550291.956201065
1.44 5 623818148.1 623824801.3 0.556 3087 0.0211925185228377 0.0596420445157041 0.12999 1956382.97002887
1.45 5 625236646.285714 625240515.857143 0.561428571428571 1595 0.00742309056426332 0.151905315663141 0.195428571428571 455803.806577572
1.46 5 626496210.833333 626506030.5 0.573333333333333 2867 0.0183390931635856 0.124923872935648 0.1196 1840042.79233301
1.48 5 629567465.846154 629576836.461538 0.638461538461539 5141 0.0124197150554367 0.109071694074517 0.213607692307692 697711.674402435
1.49 5 631344381.222222 631348841.333333 0.647777777777778 2545 0.0127626414302554 0.0643224760891366 0.334766666666667 457487.893546943
1.5 5 633195158 633197663 0.62 110 0 NA 0.1149 0
1.51 5 635071701.5 635078122 0.62 836 0.00201831232057416 0.128361294323607 0.08695 278547.991338585
1.52 5 636401159.428571 636406822.714286 0.62 2007 0.0147323840757349 0.0706165515772647 0.139957142857143 1263162.46030594
1.53 5 637304913 637313205.5 0.6275 689 0.0186769053701016 0.0381501216492714 0.172275 1300959.88646768
1.54 5 639101985.75 639106569 0.64 902 0.00896495997782705 0.167372802603643 0.14755 729105.521748049
1.55 5 640268604.666667 640292378.666667 0.646666666666667 711 0.0225323585091421 0.131673585184748 0.182733333333333 1479687.89917752
1.56 5 642616504.5 642625579.166667 0.651666666666667 3659 0.0140677126619295 0.0628867891209293 0.163158333333333 1034654.79509569
1.57 5 644310335.818182 644317240.636364 0.685454545454545 4084 0.0115088736802155 0.130793942280467 0.126818181818182 1089011.70307415
1.58 5 645790597.333333 645794317.666667 0.713333333333333 481 0.0162287988773389 0.0657365237777693 0.1544 1261305.61222841
1.59 5 646998597 647003408.5 0.725 744 0.000978454032258065 0 0.0995 118004.506402983
1.6 5 648174797 648178599.833333 0.733333333333333 2127 0 Inf 0.1602 0
1.61 5 649605300.666667 649611265.666667 0.74 1554 0.0131806554697555 0.142748713787716 0.0984 1607397.00850676
1.62 5 651159984.6 651168216.4 0.74 6028 0.0176557800497677 0.165824119499118 0.12505 1694277.17390814
1.63 5 651982468 651986998.333333 0.746666666666667 532 0.017681470112782 0.125163594388208 0.1665 1274340.18830861
1.64 5 653199305.333333 653226325.333333 0.763333333333333 992 0.00928359159274194 0.147606424561816 0.148133333333333 752046.123624459
1.65 5 654900542.5 654908456 0.78 1082 0.019380165064695 0.0794181062057914 0.15215 1528504.63868774
1.66 5 656514952 656518038 0.78 263 0.00366972 0 0.1207 364843.744821872
1.67 5 657439605.666667 657447773.166667 0.768333333333333 1480 0.02891638 0.018666389037931 0.276766666666667 1253751.27062508
1.68 5 658148484.2 658154680.2 0.756 1741 0.0179454610224009 0.0645597991348836 0.17402 1237475.76295145
1.69 5 659454176.4 659460565.2 0.732 1967 0.00608563363497712 0.136966087272157 0.16048 455057.350571569
1.7 5 660947203 660952142 0.73 159 0.0547945 0.162837511064067 0.7028 935591.918042117
1.71 5 661608200 661611656.333333 0.73 780 0.0304421008974359 0.0361261771805592 0.169366666666667 2156889.65224895
1.72 5 663397690 663402446 0.72 248 0.0220941 0 0.2187 1212296.2962963
1.73 5 665126707.875 665132929.875 0.705 4103 0.0189382967584694 0.133338172978847 0.1455625 1561250.7417888
1.74 5 668277917.6 668285348.8 0.683333333333333 3475 0.0183954818129496 0.07829566666834 0.17294 1276429.87021739
0 6 906390 911351.8 1.402 1781 0.0178411006962381 0.0359255021490269 0.23878 896612.816629771
0.02 6 4785898 4791138 1.42 499 0.0074961872745491 0.0768700999889737 0.2164 415685.061435255
0.03 6 5302638.8 5308320.4 1.42 2847 0.0132510548472076 0.125496101858473 0.21968 723837.664632607
0.04 6 6437855 6466840 1.43 1876 0.0309928342217484 0.112677823061686 0.186325 1996049.97000392
0.05 6 7538700 7543555 1.44 186 0.0493827 0 0.2116 2800531.19092628
0.06 6 8009379 8015945.33333333 1.44 2098 0.0218402282650143 0.144786133355698 0.108333333333333 2419225.28474005
0.07 6 8508768.33333333 8514514.33333333 1.44 1248 0.0104254401201923 0.0880310142043925 0.173166666666667 722455.908232768
0.09 6 9730002 9736746.5 1.44 2212 0.0297596161844485 0.00975897826634396 0.10885 3280802.88666405
0.1 6 10437004 10439223 1.44 62 0.0365854 0 0.385 1140324.15584416
0.11 6 10705519 10715531 1.44 1270 0.00578273 0.527864866594152 0.1127 615729.902395741
0.12 6 11509347 11515094 1.43 389 0.0298993 0.0550949353329342 0.1705 2104349.5601173
0.13 6 12012122 12015583 1.42 79 0.00943396 0 0.2597 435916.519060454
0.14 6 12657540 12788778 1.45 679 0.00849179 0.123783089313325 0.162 629021.481481482
0.17 6 14199008.5 14203730 1.515 713 0.022033490911641 0.0311768454344214 0.17155 1541252.64319261
0.18 6 14498767 14502658 1.52 404 0.0412121 0.0517923134225142 0.2099 2356099.09480705
0.19 6 15743975.5 15749309 1.54 939 0.0340392772097977 0.0691361642043203 0.78445 520710.467866112
0.2 6 16217515.6666667 16221231 1.54 988 0.0365691506072875 0.228321790599767 0.120466666666667 3642748.81533577
0.21 6 16743013.7142857 16775629.5714286 1.54 1533 0.022694457136334 0.210306108093737 0.195642857142857 1391992.98974228
0.22 6 17456045 17464860.5 1.535 486 0.00426604444444444 0.521367361829773 0.19625 260853.673036093
0.24 6 18617841.6666667 18621743 1.50666666666667 1411 0.0234752991566265 0.147620234081162 0.165 1707294.48411829
0.26 6 19619140 19623105 1.47 549 0.00188876530054645 0 0.1569 144456.237135484
0.28 6 21291797 21295907 1.37 263 0 Inf 0.1139 0
0.29 6 22577030.5 22580930 1.34 862 0.0190170692923434 0.148510966524394 0.1212 1882878.14775677
0.3 6 23621073 23626364 1.35 257 0.0222017 0.101645369498732 0.156 1707823.07692308
0.31 6 24112260.3333333 24119674 1.34333333333333 989 0.0111617384934277 0.214926446459056 0.131633333333333 1017529.9715457
0.32 6 25049705 25053175 1.33 748 0.00198976725935829 0.288597230733815 0.14905 160195.95513116
0.33 6 25869026 25874898 1.31 393 0.00361011 0.153547675832592 0.1657 261444.296922148
0.34 6 26766722 26771972 1.27 258 0 NA 0.0844 0
0.36 6 28247156 28249633.6666667 1.18666666666667 580 0.00292824293103448 0 0.130733333333333 268783.134924124
0.37 6 28762532 28767404.5 1.15 670 0.00811959805970149 0.312003123380841 0.1517 642288.574267752
0.38 6 29453673 29459393 1.1 420 0 NA 0.1238 0
0.39 6 30663453 30693544.3333333 0.986666666666667 1020 0.00519089705882353 0.0414909807232306 0.143533333333333 433981.175377722
0.4 6 31073052.75 31097414 0.9475 1030 0.00424806145631068 0.149294626746139 0.149525 340924.51078902
0.41 6 32120972.3333333 32124853.3333333 0.876666666666667 518 0.00143007445945946 0 0.0884666666666667 193981.463980936
0.42 6 33093409.3333333 33097819.6666667 0.816666666666667 714 0 NA 0.1832 0
0.43 6 34287298 34291799.75 0.755 733 0 Inf 0.0768 0
0.44 6 36074629.6 36082218.4 0.666 1263 0.00201666645288994 0.0855882841360934 0.11756 205852.308903363
0.45 6 37730124.6666667 37746595.6666667 0.59 996 0 Inf 0.132633333333333 0
0.46 6 40085167.5 40094007.5 0.415 1095 0.000918177534246575 0 0.12285 89687.6712328767
0.47 6 45668561.5454545 45675642.6363636 0.254545454545455 8673 0.0027382413224951 0.192851871296245 0.125986363636364 260813.114384207
0.48 6 54776342.2 54790221.0666667 0.0913333333333333 8372 0.00465954438963211 0.0881796586117946 0.14604 382871.354941011
0.49 6 74783710.7777778 74789940.1851852 0.0403703703703704 13597 0.00529703765242333 0.159963428313509 0.143188888888889 443920.281261519
0.5 6 104442979.285714 104449419 0.0114285714285714 3591 0.00390336900306321 0.0561965665502919 0.165042857142857 283807.665764139
0.51 6 124655459.35 124663193.025 0.03275 16284 0.000321489830385655 0.590559467551456 0.115465 33411.6655664301
0.52 6 155832362.828571 155839459.171429 0.0297142857142857 12999 0.000111784141857066 1.67950373566652 0.113677142857143 11800.170804526
0.53 6 229379070.038462 229395903.333333 0.00948717948717949 29709 0.000554557393820055 0.283362789204026 0.105175641025641 63272.1480082854
0.54 6 341843419.225806 341850792.016129 0.0230645161290323 24168 0.000786593657108573 0.226279888225818 0.106682258064516 88478.8535277775
0.55 6 381736230.142857 381744421.857143 0.08 2692 0.000301170345468053 2.19102629061365 0.0942 38365.6491042106
0.56 6 392032225.5 392038707 0.0833333333333333 2975 0.00139907939495798 0.0678879835796946 0.1192 140846.918955502
0.57 6 396706253.625 396731228.25 0.08625 2744 0 Inf 0.1247375 0
0.58 6 405674291.857143 405679597.285714 0.08 2396 0.0023256491903172 0.0380187321849742 0.138985714285714 200796.106472037
0.59 6 425756011.8 425763205.466667 0.0723333333333333 9190 0.00124692328400435 0.127488943148405 0.137723333333333 108645.928368847
0.6 6 449556625.2 449562279.2 0.052 4077 0.000187164221241109 0.276487544310077 0.09804 22908.7174101724
0.61 6 461285207.909091 461289730.545455 0.0672727272727273 2424 0 Inf 0.123945454545455 0
0.62 6 467815998.545455 467821801.454545 0.0872727272727273 2846 0.000295248503162333 0.76781119407685 0.175136363636364 20229.8481273958
0.63 6 476592671 476599410.75 0.125 1100 0 NA 0.128375 0
0.64 6 480415495 480432550 0.13 8838 0 Inf 0.102 0
0.65 6 491587481.4 491593821.866667 0.138666666666667 6540 0.000864479677370031 0.271951653497588 0.138073333333333 75132.2205236857
0.66 6 499485580.3 499490452 0.19 4724 0.0010715506623624 0.17158783299258 0.13643 94250.5896675867
0.67 6 505281628.25 505285432.083333 0.189166666666667 3357 0.00451270785224903 0.135043915034799 0.141083333333333 383833.390858748
0.68 6 508701875.5 508709101.333333 0.245 2105 0 NA 0.120233333333333 0
0.69 6 513140366 513145028.571429 0.252857142857143 2173 0.00212799624482283 0.125167186913782 0.1518 168221.047021567
0.7 6 516519409 516522218 0.28 168 0.00431034 0 0.1275 405679.058823529
0.71 6 519341909.909091 519346495.363636 0.350909090909091 3331 0.00100920134494146 0.363141707258443 0.144545454545455 83782.7531649513
0.72 6 522573417.428571 522577837 0.451428571428571 2280 0.000315916318421053 0 0.253142857142857 14975.7171260544
0.73 6 525418337.6 525438640.4 0.512 6982 0.000604901951303352 0.152922417270555 0.11155 65072.3748600647
0.74 6 527727939.857143 527733407.714286 0.56 3488 0.00182477511725917 0 0.135314285714286 161825.496040721
0.75 6 530131929.666667 530137167.666667 0.605555555555556 3430 0.00107043050291545 0.4288965354223 0.110855555555556 115873.002219975
0.76 6 532391620 532399686.5 0.65 324 0 NA 0.11675 0
0.77 6 533717786 533720946 0.675 979 0.000760629442288049 2.01849477860538 0.1158 78821.7038640465
0.78 6 534645227 534665057 0.69 989 0 Inf 0.109 0
0.79 6 536260036.166667 536266312.666667 0.718333333333333 2150 0.00117238553488372 0.513011081480499 0.120266666666667 116978.601041613
0.8 6 537684456 537693785 0.74 551 0.00278358 0.416521170578895 0.0635 526030.866141732
0.81 6 538801564 538806092.5 0.79 761 0.0009932114717477 0.565767853263745 0.1518 78514.7408496206
0.82 6 540207325 540211438 0.85 207 0.0583942 0 0.1293 5419415.31322506
0.83 6 540993962 541095997 0.87 232 0.00303183 0 0.35 103948.457142857
0.84 6 541669443.333333 541676439.666667 0.883333333333333 976 0.0174461360655738 0.0932762786827804 0.148733333333333 1407577.09179887
0.85 6 542524882.666667 542530868.333333 0.89 2551 0.00251616095648765 0.231949060114198 0.1282 235522.086410701
0.86 6 543604198 543618645 0.89 900 0.00330442 0.385247638012117 0.0797 497528.732747804
0.87 6 544790124.5 544797733.5 0.865 1099 0.000873106533212011 0.452086636811933 0.0902 116156.079806476
0.88 6 545759865.166667 545769984.333333 0.836666666666667 3899 0.00798439369017697 0.145317282174714 0.1261 759815.418573542
0.89 6 547083595.6 547088880.6 0.858 1491 0.00850496606975184 0.147608856867016 0.1465 696652.510832916
0.91 6 548931587 548941023 0.89 769 0.00133891 0.206423882113062 0.0933 172207.073954984
0.92 6 550397643.5 550404306.666667 0.878333333333333 2991 0.0128862603878302 0.0767574776619488 0.112216666666667 1378004.97241018
0.93 6 551095072.666667 551101389.666667 0.866666666666667 1908 0.00115312878930818 0.297776553811601 0.0874 158324.318898148
0.94 6 552645151.75 552650335.375 0.7925 2369 0.0181000358463487 0.0442711273026097 0.1997625 1087293.31158843
0.95 6 554763400 554767114 0.73 319 0.00222552 0 0.1364 195793.548387097
0.96 6 555608122.6 555617091.2 0.73 4165 0.0136982162761104 0.139888755495329 0.09142 1798059.45431334
0.97 6 556367797 556374394 0.73 297 0.0479193 0.0301239792734869 0.256 2246217.1875
0.99 6 559536410 559542645.333333 0.836666666666667 1827 0.0049018008045977 0.10505307351568 0.1159 507520.359406147
1 6 560486117.5 560491613 0.895 862 0.0270067966357309 0 0.11045 2934192.4819264
1.01 6 561796280.25 561801240.25 0.9425 808 0.0219271216584158 0.270504301594984 0.1573 1672761.98284164
1.02 6 563012393.625 563017673.125 0.975 2277 0.0132430183311375 0.159783155969011 0.1362625 1166250.58232199
1.03 6 564085703 564091732 0.99 425 0.0432432 0 0.0954 5439396.22641509
1.04 6 565188693.333333 565195737.666667 1 1547 0.0146351280284421 0.0707735179210847 0.100366666666667 1749799.4321618
1.05 6 565879527.5 565884938.5 1.005 599 0.0231670050083472 0.0573929418357061 0.10435 2664150.07283342
1.06 6 567042080 567046663.333333 1.03 1408 0.0155642759943182 0.181545684869497 0.168733333333333 1106902.28327826
1.07 6 567756874.5 567761787 1.045 812 0.018395049544335 0 0.165975 1329962.91328224
1.08 6 568471093 568476958 1.06 662 0.0346337 0.0279767971657663 0.2399 1732406.83618174
1.11 6 570720621.333333 570725074.333333 1.10333333333333 1092 0.0198423635531136 0.0657201003827743 0.239633333333333 993636.233011668
1.12 6 571856159.333333 571861004.333333 1.12 1080 0.0230601654166667 0.0232820071098515 0.148633333333333 1861776.08208118
1.13 6 572613449.5 572618071.5 1.13 973 0.0179649963001028 0.0989194952335481 0.10835 1989662.7189777
1.14 6 573741756.5 573772320 1.145 3183 0.0225281994690543 0.0321777816231408 0.12535 2156668.4772928
1.15 6 574981603.428571 574988745.571429 1.17142857142857 1802 0.0369450326859046 0.0736213575223638 0.191214285714286 2318552.66762494
1.16 6 575716706 575721464.5 1.185 2144 0.0184940040578358 0.0648047766197277 0.167775 1322771.85929984
1.17 6 576612105.4 576616216.2 1.2 1465 0.0237309829078498 0.0166758355004585 0.18688 1523821.67644584
1.18 6 577501037.666667 577505958 1.21 712 0.0267668106741573 0.106155871004346 0.171533333333333 1872532.42182212
1.19 6 578736136 578740993.875 1.2275 2978 0.0215995565177972 0.104555164399424 0.1348875 1921561.88092719
1.2 6 579541028.25 579545099.75 1.24 1342 0.0387167058867362 0.00537107859336198 0.3604 1289124.50233306
1.21 6 580064739 580069603 1.24666666666667 851 0.0457671645123384 0.128688847758684 0.242033333333333 2269133.62132514
1.22 6 581191755.5 581195932.5 1.27 732 0.0265531673497268 0.0110470667456881 0.3013 1057544.00330807
1.23 6 581512156.333333 581519386.666667 1.27 2443 0.0331069914449447 0.0301952107171168 0.188266666666667 2110219.00144832
1.25 6 582969661.75 582975432 1.295 2406 0.0320526116375727 0.0148509367850994 0.237975 1616267.84179377
0 7 656626.4 661704.5 0.95 4139 0.042280762043972 0.0379227385995718 0.3221 1575191.38319672
0.01 7 3202643.2 3207695 0.964 3505 0.0239493509557775 0.0614260812640727 0.29063 988859.413926055
0.02 7 5388913.5 5394283.5 0.97 429 0.0576945501165501 0.0520958054074828 0.09145 7570635.33514053
0.03 7 6476966.57142857 6483947.28571429 0.97 3216 0.0162192387686567 0.0259325547050089 0.182514285714286 1066387.01985533
0.04 7 7825458 7830502.33333333 0.97 1472 0.0276223762907609 0.0210262373458404 0.211233333333333 1569205.53332396
0.05 7 8500641.66666667 8506785.66666667 0.97 1416 0.0186129904661017 0.0838136985876211 0.2504 891996.348215736
0.06 7 9884522 9889780 0.97 349 0.0333488901432665 0.0983390643348681 0.4034 992034.411797713
0.07 7 10510067.3333333 10517542 0.97 1636 0.0220141973716381 0.126423973688751 0.156866666666667 1684043.99783037
0.08 7 11261615.8571429 11279595.5714286 0.97 2332 0.0319037251715266 0.0498333441064811 0.1686 2270727.77021542
0.1 7 12704624 12710290 0.97 363 0.0215924 0 0.0826 3136910.41162228
0.12 7 14293803 14296558 0.96 215 0.0778378 0 0.1491 6264611.67002012
0.13 7 15923337.5 15926789.5 0.98 657 0.0170006382039574 0.203458715172417 0.1169 1745146.77884935
0.14 7 16709430.3333333 16714304.3333333 0.98 1115 0.0110341112107623 0.124095910000736 0.142166666666667 931366.948622377
0.15 7 17573497.3333333 17577141 0.98 348 0.0188756216666667 0.121411117289927 0.1738 1303265.01726122
0.16 7 18504706.2857143 18509887.4285714 0.97 1957 0.0308015155850792 0.019272517531356 0.1879 1967100.51634354
0.17 7 19620901.5 19624474 0.95 1075 0.0414546374883721 0.0291641783223679 0.20545 2421297.88201735
0.18 7 20819709 20823800 0.96 177 0.0211082 0.0780478676533291 0.1665 1521311.71171171
0.19 7 21700877 21708604 0.97 836 0.01445523 0.0239067404543672 0.1268 1368002.83911672
0.2 7 22625092.5 22629288 0.97 388 0.00608092257731959 0.0932608248928044 0.07085 1029937.4866314
0.21 7 23561971.5 23568828.5 0.96 1216 0.0116654313075658 0.0810851937904954 0.08365 1673462.94908296
0.22 7 24709799 24725422.6666667 0.93 786 0.0327653261704835 0.107189145927323 0.1754 2241641.47118473
0.23 7 25819228 25863844 0.89 817 0.00859291578947368 0.0306997992226154 0.12545 821960.856705334
0.24 7 26928636.25 26933707.5 0.865 980 0.0106629649591837 0.0948899540582849 0.238925 535547.052465017
0.25 7 27924018.5 27928259.5 0.845 343 0.0164795110787172 0.0497121516190358 0.16115 1227143.23887438
0.26 7 29920153.3333333 29924384.3333333 0.82 804 0.00548724701492537 0.0985044392622187 0.1287 511631.423303065
0.27 7 30981356.3333333 30988387.3333333 0.82 1774 0.00706125770011274 0.12798076356624 0.1181 717485.964448373
0.28 7 32553445.4 32558033.6 0.82 1372 0.0076597128425656 0.19092903645664 0.13006 706724.235820292
0.3 7 34785033 34861412.5 0.85 507 0.0197769435897436 0.0945176512198613 0.12205 1944476.22348974
0.32 7 37042451.3333333 37049082 0.87 731 0.011240880369357 0.0537165038318249 0.1672 806761.748996917
0.33 7 38101302.5 38106848.5 0.87 577 0.0263508481802426 0.114461026428899 0.1403 2253814.52717685
0.35 7 40318894 40323025 0.87 623 0.0100490253932584 0.0451054817639599 0.2612 461670.385601459
0.36 7 41766864 41772616 0.86 707 0.00555483564356436 0.0731383856383856 0.17345 384306.876464527
0.37 7 42832569.2 42838084.4 0.85 1168 0.00183084857876712 0.272862047828204 0.23726 92599.6077940044
0.38 7 44204798 44210957 0.83 1750 0.00416952857142857 0.14000668400333 0.16086 311042.787872329
0.39 7 44992987.5 44996467.5 0.815 835 0.0043911028502994 0.0588255416461498 0.14305 368355.359689569
0.4 7 45683595.5 45690125.5 0.8 1038 0.0020472949132948 0.102558206276724 0.0918 267620.250103895
0.41 7 47352430.8 47359771 0.764 1788 0.00655628453020134 0.140295366433064 0.1115 705609.097420772
0.42 7 48714692 48719178.1666667 0.733333333333333 1948 0.00373689318788501 0.0991871140779928 0.19 236014.306603264
0.43 7 49815046.4 49824158 0.716 1453 0.00281517725395733 0.053350233826817 0.18718 180479.362365039
0.44 7 50966617 50969576.3333333 0.7 577 0 NA 0.0785333333333333 0
0.45 7 52237040.25 52241179.5 0.685 1438 0.000483395410292072 0.615499891673785 0.2378 24393.3764655377
0.46 7 53117279 53126781.5 0.675 671 0.0030655520119225 0.413426220720867 0.1064 345738.948713064
0.47 7 54956672.75 54960427 0.66 741 0.000922838623481781 1.03369763205829 0.173625 63781.5031348099
0.48 7 57428717.5 57437221 0.62 3420 0.00237466493274854 0.195095640005756 0.109325 260653.822940612
0.49 7 59302220.3333333 59346835.6666667 0.623333333333333 1294 0.00946678384853169 0.192419800711645 0.2077 546949.476082716
0.5 7 62541430 62602136.5 0.6 975 0.0142656283076923 0.0824937747446119 0.1475 1160593.48943937
0.51 7 63474487.8333333 63481027 0.593333333333333 2117 0.00354997788852149 0.10467484279899 0.120383333333333 353867.379168694
0.52 7 65280275.4 65285276 0.572 1872 0.00447575498931624 0.102401151023876 0.13966 384570.097893419
0.53 7 66338415.25 66342567.5 0.56 1280 0.0015545902734375 0.394689503069677 0.15055 123912.874667884
0.54 7 68213002.2 68235953.8 0.54 2598 0.00222326749807544 0.049024794969882 0.19894 134106.816009376
0.55 7 69869818.3333333 69875431 0.523333333333333 1542 0.00784008469520104 0.0245418416014425 0.1194 787948.210572969
0.56 7 71076921.2 71090349.2 0.506 1602 0.00230985382022472 0.0582153727959102 0.10348 267860.899136999
0.57 7 72294374.5 72303743 0.495 1066 0.000688258076923077 0 0.11525 71662.4461872184
0.58 7 74215714.6666667 74222520 0.473333333333333 1446 0.00242293652143845 0.326129665464493 0.115533333333333 251661.035117669
0.59 7 75860823.3333333 75867347.6666667 0.453333333333333 2065 0.00107407407748184 0.450079326166568 0.129133333333333 99810.7041542237
0.6 7 78091441 78098713.6 0.426 2005 0.00111629615311721 0.223503231476279 0.1285 104245.555154914
0.61 7 80986968 80994766.7142857 0.391428571428571 2672 0.00112087161676647 0.572101321544247 0.123371428571429 109024.103529856
0.62 7 83934226 83954825.8 0.354 1250 0.000830034304 0.277686450896372 0.17304 57561.3248266297
0.63 7 88107902.4 88136921.8 0.306 827 0.0011969746070133 0.289474012474012 0.19338 74277.0466654236
0.64 7 92312237.7142857 92320403.2857143 0.257142857142857 4137 0.000623977040125695 0.364627519533286 0.121428571428571 61663.6133771275
0.65 7 98484686.4615385 98498218.7692308 0.196153846153846 3894 0.000611859771443246 0.0910317154043746 0.146946153846154 49966.0390227432
0.66 7 107486640.736842 107503975.473684 0.129473684210526 8011 0.000772235752090875 0.244672300400217 0.127868421052632 72471.5997022925
0.67 7 115045290.6 115052098.7 0.09 3462 0.00071594867706528 0.555371370564824 0.17914 47959.0494852259
0.68 7 130555686.235294 130562291.176471 0.0388235294117647 7026 0.000621803978935383 0.309263560194587 0.119929411764706 62216.9961265539
0.69 7 160798981.723077 160807154.769231 0.0266153846153846 28581 0.000623611537175046 0.319752909160751 0.123995384615385 60351.749940635
0.7 7 208766268.758621 208774268.637931 0.00758620689655172 19792 0.000276342832962813 0.523095184500298 0.131136206896552 25287.5546276073
0.71 7 335795157.566038 335805352.710692 0.0137735849056604 66017 0.00031034802164594 0.332899927014223 0.111725157232704 33333.3722860148
0.72 7 444826411.730769 444833177.769231 0.0376923076923077 8364 0.000260943457675753 0.324826665011341 0.125046153846154 25041.3259088444
0.73 7 460592538.24 460601536.04 0.0492 10194 0.000279077525995684 0.507068154518289 0.134136 24966.6779384222
0.74 7 476496980.608696 476509308.043478 0.0404347826086957 6503 0.000482920884207289 0.089087240351336 0.140952173913043 41113.5951266886
0.75 7 495490563.545455 495519242.454545 0.0577272727272727 9969 0.000296622133614204 0.193503369373428 0.152772727272727 23299.090530839
0.76 7 509598018.782609 509603314.521739 0.0826086956521739 5839 0.000804905596848775 0.169454353863651 0.163734782608696 58990.9303832449
0.77 7 522491300.764706 522503629.235294 0.0958823529411765 5961 0.000998275348095957 0.0909844689617231 0.126605882352941 94618.8593651327
0.78 7 534383876.777778 534390082.111111 0.111111111111111 2760 0.000355887760869565 0.219420839630863 0.138577777777778 30817.7342638815
0.79 7 545039685.352941 545047399.294118 0.130588235294118 4651 0 Inf 0.1528 0
0.8 7 554489095.571429 554500795.857143 0.145 4305 0.000239399326364692 0.207292604477272 0.143585714285714 20007.5051384282
0.81 7 560018866.285714 560034725.285714 0.172857142857143 2488 0.000301280756430868 0.38986400024946 0.134571428571429 26865.7999365105
0.82 7 562808459 562818384 0.192 1365 0.000776380923076923 0 0.12974 71809.5504618705
0.83 7 566712167.666667 566719851 0.23 4525 0.00167457949834254 0.199676120357092 0.112133333333333 179205.891618108
0.84 7 570825335.857143 570831307.142857 0.275714285714286 2065 0.00145014449394673 0.16755406937189 0.153371428571429 113461.379928768
0.85 7 574758576.5 574765693 0.3275 1247 0.000791630761828388 0.884835133095877 0.122325 77658.4438335635
0.86 7 577844501.4 577850480.2 0.372 1913 0 Inf 0.10648 0
0.87 7 580656667 580660241.25 0.39 904 0.00075137814159292 0 0.127575 70676.368403802
0.88 7 583783025.2 583790550.8 0.408 2486 0.00119778971842317 0.237448352006796 0.1528 94067.2553735473
0.89 7 585907783 585911052.5 0.425 532 0.00265668052631579 0.207023287668248 0.17465 182537.453855079
0.9 7 587873419.714286 587881725.285714 0.445714285714286 2785 0.000347524858168761 0.746668028025181 0.146028571428571 28558.0983038309
0.91 7 590123694 590129653.666667 0.471666666666667 3243 0.000303678643231576 0 0.09315 39121.242284261
0.92 7 592221690 592227412.8 0.498 2421 0.00172297356918629 0.0685221871657996 0.16664 124073.948813223
0.93 7 593764173.375 593768524.25 0.51875 3012 0.000247026241699867 1.05191923305942 0.138225 21445.5771416054
0.94 7 595291648 595293840 0.54 170 0 NA 0.4204 0
0.95 7 597747293 597749578 0.56 139 0 Inf 0.329 0
0.96 7 598856682 598866647.5 0.5775 1505 0.00048194196013289 0.59264724464347 0.18105 31943.1290891725
0.97 7 600503507 600508287 0.6 509 0.00405268 0.411937285944116 0.166 292964.819277108
0.99 7 604292349.666667 604311492.333333 0.646666666666667 1548 0.0142546040503876 0.0485246560306335 0.1425 1200387.70950632
1 7 606137880.666667 606157698.333333 0.676666666666667 304 0 NA 0.156 0
1.01 7 607536951.25 607541355.5 0.695 1399 0.00137540426018585 0.150175933718332 0.1189 138812.877394703
1.02 7 609205655.5 609211521 0.715 908 0 Inf 0.1456 0
1.03 7 611082576.25 611085381.5 0.74 978 0.0253725199182004 0.105976655303252 0.143775 2117685.54351177
1.04 7 611624055 611627409 0.75 140 0.00487013 1.2941174054902 0.2463 237277.953714982
1.05 7 613714240 613719279 0.78 249 0.00591716 0.341118036355279 0.1211 586341.205615194
1.06 7 614229976 614232292 0.78 151 0 NA 0.1086 0
1.08 7 617064808.4 617072198.4 0.824 1638 0.00302996752747253 0.129928607877806 0.182 199778.078734452
1.09 7 617943629 617946527 0.84 172 0 NA 0.1457 0
1.1 7 619093930.75 619099446.25 0.885 2149 0.0020671757980456 0.0658466387193193 0.115 215705.300665628
1.11 7 620296050 620301076 0.925 711 0.00226730357243319 0.135902045245614 0.25035 108678.421686432
1.12 7 621832494.5 621837909 0.96 953 0.014250202455404 0 0.29395 581739.851896063
1.14 7 623604418 623609375.75 0.97 1869 0.00761341706260032 0.0308574947439967 0.1497 610293.952913853
1.15 7 624283323 624291115 0.97 165 0 Inf 0.1695 0
1.16 7 624790360 624908323 0.97 328 0.00842993 0.185331313545901 0.1205 839495.10373444
1.17 7 625772027.75 625779754.25 0.96 1596 0.0170602986215539 0.0674165671088667 0.105525 1940048.17302674
1.18 7 627091519 627096448.75 0.935 1242 0.0116743865539452 0.0796222342343642 0.1622 863703.074274618
1.19 7 628338140.333333 628341849.666667 0.903333333333333 1116 0.00732163109318996 0.13843163007812 0.160633333333333 546957.292705621
1.2 7 629065945 629073032.25 0.8775 2002 0.00148508185314685 0.289387529664112 0.113725 156702.415807977
1.21 7 629688957 629692706 0.85 247 0 NA 0.1737 0
1.22 7 631876509.75 631881962.5 0.7825 1766 0.00293256960928652 0.195806010774146 0.148325 237254.915297073
1.23 7 632982680 632988295.666667 0.766666666666667 1399 0.00771001472480343 0.210119074449794 0.144766666666667 639098.618680459
1.24 7 634961659.5 634965386.5 0.765 457 0.00449678483588621 0 0.2324 232191.988083626
1.25 7 636289927 636294572.25 0.7925 963 0.0284456014537902 0.048420044187601 0.243275 1403133.15155886
1.26 7 637541427.75 637551312.25 0.805 1396 0.00605314818051576 0.0597780496626323 0.121575 597472.985121852
1.27 7 639035040.333333 639053706 0.803333333333333 253 0 NA 0.127266666666667 0
1.28 7 640064361.75 640068873.75 0.8175 1683 0.0037872202020202 0.180670981288731 0.1689 269074.259468576
1.29 7 641259412.125 641265395.375 0.84875 4219 0.0177442797653472 0.109659032544311 0.162075 1313782.86092344
1.3 7 642181445.8 642186640.2 0.862 4412 0.0325425154623753 0.0765564784297836 0.1315 2969659.20569205
1.31 7 643709671.5 643713729.75 0.8775 1448 0.0144279967541436 0.0139323671342194 0.086175 2009120.52277022
1.32 7 644628422.333333 644665337.666667 0.893333333333333 1060 0.0276737289622642 0 0.1909 1739574.37164573
1.33 7 645688787.6 645693617.4 0.912 1720 0.013456163255814 0.0749115884513333 0.1738 929079.166109134
1.34 7 647183877 647190478 0.93 534 0.00931532 0.11504382028744 0.1653 676248.275862069
1.35 7 648196613 648223154.5 0.94 291 0.0343353711340206 0 0.2355 1749573.05141506
1.36 7 649171505 649174587.5 0.955 615 0.0282476554471545 0.066487758181079 0.25085 1351293.06504227
1.37 7 649994417 649998004 0.97 177 0.0758427 0 0.1754 5188782.21208666
1.38 7 650394455.5 650398998 0.98 609 0.0856152829228243 0.0479927955023253 0.22585 4548963.44951911
1.39 7 651915617.333333 651921856.666667 1.00333333333333 1704 0.0429139582746479 0.0353994626290165 0.272133333333333 1892335.2497395
1.41 7 653385935 653394964 1.03 1069 0.0150323 0.128744769596136 0.1147 1572690.49694856
1.42 7 654460948 654465232.666667 1.04333333333333 1062 0.048698581920904 0.00415148652418059 0.2353 2483565.58882638
1.43 7 656388417 656401813 NA 2056 0.0119742210992218 0.184589948499847 0.14895 964690.521588865
1.44 7 656869393 656873517 NA 464 0.0172882 0.0548490878171238 0.2401 864049.979175343
