poscM Chromosome Start End Recombination nb_complete_site piSyn f0 div Ne
0 1 211511.5 216575.25 NA 556 0.00418023345323741 0.200506597984399 0.242025 207262.892010532
0.005 1 944056 947991 NA 119 0.0197802 0.0976527032082588 0.2881 823888.927455744
0.01 1 968286 979886 NA 862 0.000937317 0.282101999643664 0.1397 80513.987115247
0.015 1 1546020 1548957 1.95 60 0 NA 0.0904 0
0.02 1 2477071 2481228 1.93 90 0.0178771 0.141838441357938 0.1625 1320155.07692308
0.04 1 4312493 4363970 1.9 62 0 Inf 0.1607 0
0.05 1 4886991 4896911 1.89 120 0.0244961225 0.0797773674860855 0.15815 1858700.41100221
0.075 1 6686731 6690773 1.83 348 0 Inf 0.1855 0
0.09 1 7841371 7856406 1.79 32 0.052459 0 0.1048 6006755.72519084
0.095 1 8048778 8051397 1.78 101 0.0223256 0 0.2484 1078531.40096618
0.1 1 8465173 8469506 1.76 42 0 NA 0.3045 0
0.11 1 8929487 8937936 1.74 546 0 NA 0.1041 0
0.115 1 9238809 9242299 1.74 12 0 NA 0.1542 0
0.145 1 10739577 10746629 1.7 278 0 NA 0.2105 0
0.165 1 11498084 11501301 1.67 99 0 NA 0.248 0
0.2 1 12950868 12954667 1.59 89 0 NA 0.2464 0
0.21 1 13537075.5 13550271.5 1.555 675 0 NA 0.1408 0
0.215 1 13725749 13735135 1.56 55 0 NA 0.0944 0
0.25 1 15605095.5 15611662.5 1.63 288 0 NA 0.11215 0
0.28 1 17580274 17583426 1.47 248 0 NA 0.5072 0
0.285 1 17906766 17913663 1.42 338 0 NA 0.1177 0
0.29 1 18353003 18360045 1.34 554 0 NA 0.1156 0
0.3 1 18802466 18807666 1.3 182 0 NA 0.1172 0
0.315 1 20234720 20239868 1.19 153 0 NA 0.1045 0
0.34 1 23812071 23816472 0.95 760 0 NA 0.1794 0
0.355 1 25352879.6666667 25359590.3333333 0.85 575 0 Inf 0.109066666666667 0
0.395 1 31344211 31349062 0.52 140 0 Inf 0.1556 0
0.405 1 34083562 34088731 0.39 499 0.00146789 0 0.1238 142283.360258481
0.415 1 36438691 36461615 0.4 72 0 NA 0.0885 0
0.42 1 37161158.5 37167684.5 0.435 194 0.00405684097938144 0 0.0932 522340.040263705
0.425 1 38821792 38824474 0.39 64 0 NA 0.0875 0
0.43 1 40513042 40543033 0.33 184 0 Inf 0.0772 0
0.44 1 42490639 42497130 0.27 29 0 NA 0.1482 0
0.445 1 45664967 45669570 0.19 323 0 NA 0.15 0
0.45 1 46538509 46544521 0.17 416 0 NA 0.089 0
0.455 1 56155770.3636364 56161433.5454545 0.0518181818181818 1839 0.000445032082653616 0 0.122063636363636 43750.8266256627
0.46 1 66237614 66242211.5 0.06 596 0 NA 0.0957 0
0.465 1 71472117.3333333 71478658.6666667 0.0483333333333333 1204 0 NA 0.1075 0
0.47 1 86286015 86295283.8461538 0.0330769230769231 4869 0.00016155111932635 0.554189440426833 0.108169230769231 17922.0413987418
0.475 1 111610938.033333 111619189.466667 0.0166666666666667 6556 0.000220980892312386 0.325434017210124 0.104483333333333 25379.8440684188
0.48 1 147742556.5 147753747 -0.00666666666666667 1179 0.000640704766751484 0 0.1168 65825.832200495
0.485 1 261303909.574713 261318887.965517 -0.0028735632183908 19387 0.000204679986073142 0.418793175443868 0.108535632183908 22629.9859636498
0.49 1 358574652.928571 358581783.5 0.0410714285714286 4520 0.000170574380530973 0 0.112471428571429 18199.2226147616
0.495 1 375059276 375075518 0.07 614 0 NA 0.0803 0
0.5 1 376707833.666667 376711214.666667 0.07 244 0 NA 0.1392 0
0.505 1 381289744.2 381295698 0.08 871 0 Inf 0.087 0
0.51 1 385673239 385679191 0.0866666666666667 972 0 NA 0.1151 0
0.515 1 392824817.333333 392831139.166667 0.0983333333333333 2400 0.000654503429166667 0.145200919911147 0.109141666666667 71961.894937772
0.52 1 401735227.5 401744091.75 0.1175 1044 0 Inf 0.104 0
0.525 1 404644350.25 404649244.75 0.1225 470 0 NA 0.0967 0
0.53 1 406721574.2 406765399.2 0.13 937 0 Inf 0.14198 0
0.535 1 410750390.666667 410755550 0.146666666666667 557 0 NA 0.1222 0
0.54 1 413457934.666667 413464526 0.143333333333333 1331 0.0011229718069121 0 0.123133333333333 109439.591361222
0.545 1 416504545 416511217.333333 0.146666666666667 801 0 Inf 0.129966666666667 0
0.55 1 419836183.5 419846200 0.16 852 0 Inf 0.12905 0
0.555 1 423336004.75 423339472.5 0.16 483 0 NA 0.148725 0
0.56 1 424601544 424604152 0.16 70 0 NA 0.1181 0
0.565 1 428283448 428291120 0.14 1090 0 NA 0.1049 0
0.57 1 432011318 432029284.75 0.115 602 0 NA 0.0931 0
0.575 1 435334602.142857 435340312.857143 0.144285714285714 1567 0 NA 0.137871428571429 0
0.58 1 439531724.5 439566274.5 0.1675 458 0 Inf 0.097075 0
0.585 1 443985327 443992606.857143 0.16 1381 0.00110402989138306 0.148221877263448 0.130428571428571 101575.586939953
0.59 1 447145672 447151835 0.17 34 0 NA 0.1866 0
0.595 1 450601032.25 450605919 0.205 698 0.00225364925501433 0 0.21525 125638.982857942
0.6 1 452664814 452672975.5 0.23 1579 0.00243804095630146 0.0590569728469504 0.13135 222736.897416197
0.605 1 454309187.75 454316366 0.2525 451 0 NA 0.1286 0
0.61 1 456450566 456459213 0.29 463 0 NA 0.117866666666667 0
0.615 1 457932991.333333 457937073.666667 0.323333333333333 471 0 NA 0.2342 0
0.62 1 459668934.5 459679616.5 0.35 495 0.00306595472727273 0 0.11995 306723.274091477
0.625 1 459861794 459865828 0.35 45 0 NA 0.1966 0
0.63 1 461782288.666667 461788797.333333 0.373333333333333 838 0 NA 0.0618 0
0.635 1 463397965.5 463402479 0.395 360 0 NA 0.106 0
0.64 1 465323892 465328316 0.41 326 0.00221914 0 0.1131 235452.519893899
0.66 1 469543041 469552480 0.45 423 0 NA 0.132 0
0.675 1 473465420 473467310 0.48 97 0.015534 0 0.5297 351912.403247121
0.68 1 473580718 473584260 0.48 92 0 NA 0.1794 0
0.685 1 475289369 475294449 0.49 43 0 NA 0.1206 0
0.695 1 476739645 476753209 0.51 55 0 NA 0.1106 0
0.7 1 477570588 477576941.333333 0.51 477 0.00306208251572327 0 0.2253 163093.609359429
0.72 1 480958935 480963017 0.54 66 0 NA 0.21 0
0.725 1 481644427 481650694 0.54 182 0.0136752 0 0.0948 1731037.97468354
0.73 1 482584674.5 482588116 0.55 341 0 NA 0.14225 0
0.735 1 483192357 483199053 0.555 448 0.00187468549107143 0 0.10905 206292.763804284
0.755 1 485985464 485992576 0.57 341 0 Inf 0.1191 0
0.77 1 488299092 488305072 0.58 12 0 NA 0.1284 0
0.775 1 488953949 488957704.666667 0.583333333333333 428 0 NA 0.204833333333333 0
0.79 1 491085690 491097203 0.59 141 0 NA 0.1824 0
0.795 1 492081555 492086542 0.6 921 0 Inf 0.163833333333333 0
0.8 1 493147444 493154138 0.6 722 0.00112050349030471 0.281639091014091 0.1136 118363.044750497
0.805 1 493893915.333333 493898556 0.6 809 0.000936193794808405 0 0.1516 74105.049720982
0.815 1 495594001.75 495597592.5 0.61 1069 0.0012271847333957 0 0.22445 65610.2330173685
0.82 1 496571922 496575026 0.61 121 0 NA 0.1693 0
0.825 1 497889301 497943854 0.61 592 0 NA 0.1187 0
0.83 1 498774358.5 498779516.25 0.62 985 0 NA 0.125825 0
0.835 1 500387097 500392498 0.62 18 0 NA 0.209 0
0.84 1 502081021 502084964 0.63 407 0 NA 0.2023 0
0.845 1 503498269 503505706 0.64 138 0 NA 0.1618 0
0.85 1 504630856.5 504637409 0.65 582 0 NA 0.14535 0
0.86 1 506605805 506612052 0.67 14 0 NA 0.2056 0
0.865 1 506767745 506770889 0.67 218 0 NA 0.2322 0
0.87 1 507686919 507690316 0.68 377 0 Inf 0.1408 0
0.88 1 508769840 508778787 0.71 32 0 NA 0.1738 0
0.885 1 509484836.5 509489756.5 0.725 264 0 NA 0.25465 0
0.895 1 510430698.5 510438413 0.74 1475 0 NA 0.14665 0
0.905 1 511131853 511136659.5 0.74 308 0 NA 0.14485 0
0.925 1 513229270.666667 513236298.666667 0.83 1051 0 NA 0.130533333333333 0
0.935 1 514008170 514016820 0.86 90 0 Inf 0.1341 0
0.955 1 516150107 516154195 0.85 14 0 NA 0.0892 0
0.96 1 516958434 516962852 0.81 69 0 NA 0.0958 0
0.965 1 517542613.5 517550292 0.78 829 0 Inf 0.25845 0
0.97 1 518064149 518071401 0.75 196 0 NA 0.1054 0
0.975 1 518820575 518824592 0.73 150 0 NA 0.147 0
0.98 1 519268135 519281377 0.72 439 0 NA 0.1359 0
0.985 1 520097668 520104141 0.71 739 0.00314696170500677 0 0.1926 196072.380374253
0.995 1 522163265 522172556.25 0.74 1240 0 Inf 0.137075 0
1 1 523079483 523083778 0.78 146 0 Inf 0.2474 0
1.005 1 523971479 523976902 0.83 154 0 NA 0.118 0
1.01 1 524663519.666667 524670117 0.886666666666667 845 0 NA 0.148333333333333 0
1.015 1 525344586.333333 525348656.666667 0.946666666666667 953 0 NA 0.1414 0
1.02 1 526142472.5 526148069.5 1.03 188 0 NA 0.20505 0
1.025 1 526684679 526705991 1.06 515 0 NA 0.1375 0
1.03 1 526785895 526789746 1.07 314 0.00245023 0 0.1307 224963.733741392
1.035 1 527446416 527451361 1.07 461 0 NA 0.1198 0
1.04 1 528043456.333333 528047325 1.06 1423 0.000495867955024596 1.00103648124536 0.1405 42351.7114611754
1.045 1 528355864 528364696 1.1 339 0 NA 0.1071 0
1.06 1 529697208 529701530 1.26 526 0.0015444 0.280151515151515 0.1193 155346.186085499
1.065 1 529829043 529838367 1.28 10 0 NA 0.1078 0
1.07 1 530175208 530180789 1.31 153 0 NA 0.141 0
1.095 1 531737249 531740166.5 1.4 337 0 NA 0.1361 0
1.1 1 532013758 532018616 1.41 498 0 Inf 0.1301 0
1.105 1 532346852 532350845.5 1.42 419 0.00388053985680191 0 0.225 206962.125696102
1.115 1 533057570 533060805 1.42 318 0.0157186009433962 0.0460157997722164 0.1121 1682633.46405669
1.12 1 533277168.5 533281299 1.415 236 0 NA 0.12955 0
1.13 1 533930744 533934050 1.4 209 0.0040404 0 0.3438 141026.178010471
1.14 1 534656390 534663907 1.36 563 0.00825451 0 0.0917 1080197.60087241
1.15 1 535192091.5 535195471.5 1.33 134 0.00580276537313433 0 0.25005 278477.042501947
1.155 1 535781436 535786531.5 1.275 544 0.00309302852941176 0.276633376748489 0.12 309302.852941177
1.165 1 536421889 536430726 1.21 361 0.0124514 0.103712032381901 0.0861 1735386.75958188
1.17 1 537221932.5 537229270.5 1.155 1020 0.00467699349019608 0.239435713745853 0.0999 561801.019843373
1.18 1 538479536 538489897 1.15 195 0.00408163 0 0.0629 778689.348171701
1.185 1 538689466 538694886 1.13 147 0 NA 0.0826 0
1.19 1 539324798 539330564.666667 1.08333333333333 585 0 Inf 0.227733333333333 0
1.195 1 539786325 539789497 1.04 189 0.00881543 0 0.1975 535621.063291139
1.2 1 540809511 540812264 0.97 192 0 NA 0.3366 0
1.205 1 541166027 541173366 0.95 796 0.00299631724874372 0 0.15645 229822.991274686
1.21 1 541986545.666667 541991328.666667 0.913333333333333 528 0 NA 0.138466666666667 0
1.215 1 542668538.5 542672227.5 0.895 288 0 NA 0.108 0
1.225 1 543715729.25 543721472.75 0.89 1314 0 NA 0.1663 0
1.235 1 544586223 544590618 0.9 98 0.039604 0 0.1842 2580065.1465798
1.24 1 545142642 545148406 0.9 193 0 NA 0.1513 0
1.245 1 545850732 545853695 0.89 105 0 NA 0.1328 0
1.25 1 546149303.5 546233921 0.88 950 0.0016277772 0.298576242498052 0.1453 134434.455609085
1.255 1 546756850 546817241 0.87 229 0 NA 0.1883 0
1.26 1 547005892.5 547009439 0.87 386 0 NA 0.23685 0
1.265 1 547416295 547421751 0.86 240 0 NA 0.1619 0
1.275 1 548652762 548659477.333333 0.84 848 0 NA 0.0925 0
1.28 1 549116178 549121902 0.83 822 0.001009675 1.10769010552828 0.157233333333333 77058.0877676489
1.3 1 551600521.5 551605721.75 0.7625 651 0.0215295708141321 0.0660339789436607 0.1663 1553546.90180147
1.305 1 552521506 552527955 0.74 218 0.00769231 0 0.193 478278.341968912
1.31 1 552887742.75 552891814.5 0.725 423 0.00370881304964539 0.438624345747238 0.148075 300562.259636972
1.315 1 553665503.333333 553674284.333333 0.696666666666667 1046 0 NA 0.0868 0
1.32 1 554551982 554558408 0.67 290 0 NA 0.1398 0
1.325 1 555293715.333333 555300375 0.653333333333333 1076 0.00294780669144981 0 0.1317 268592.864824584
1.33 1 556564990.8 556572084.8 0.614 1952 0 Inf 0.11448 0
1.335 1 557477391.333333 557483658.333333 0.586666666666667 380 0 NA 0.177866666666667 0
0.005 2 903384 931958 0.81 420 0.00183733773809524 0.60029427153172 0.2342 94141.9848725143
0.015 2 2084530 2097842 0.8 479 0.00507937 0.280747415525941 0.1081 563852.358926919
0.02 2 3328266 3391422 0.8 346 0 NA 0.1617 0
0.025 2 4160779.5 4169590 0.8 941 0.00244744823591923 0 0.1624 180845.928762505
0.04 2 6297875.5 6345729.5 0.8 144 0 NA 0.1219 0
0.045 2 7266680 7273365 0.81 459 0.00329218 0 0.1021 386935.945151812
0.055 2 9164984 9182015 0.81 134 0 NA 0.1038 0
0.07 2 11120234 11123280 0.81 190 0 NA 0.1976 0
0.08 2 12867240 12870499 0.81 280 0 Inf 0.1251 0
0.085 2 13248591 13261788.5 0.81 479 0.00170289144050104 0 0.1608 127081.45078366
0.09 2 14590654 14600662 0.81 397 0.0103493 0.165643086972066 0.211 588585.781990521
0.105 2 16406629 16411125 0.8 509 0 NA 0.1598 0
0.12 2 18793626.3333333 18808258 0.81 948 0.00082859635021097 0.587055497010386 0.0759333333333333 130945.867460908
0.125 2 19716180.5 19725854 0.81 1993 0 Inf 0.12025 0
0.14 2 21471231.5 21486965 0.81 610 0.00685554639344262 0.0539866184214179 0.1544 532814.486536991
0.145 2 21841695 21851651 0.8 815 0 NA 0.1092 0
0.155 2 23282425 23295225 0.8 148 0.0204016567567568 0.0763412099679769 0.2792 876862.038256021
0.175 2 25776379 25782473 0.79 130 0 NA 0.1036 0
0.18 2 26196864 26205444 0.78 55 0 Inf 0.2459 0
0.19 2 27503508 27512959 0.77 461 0.00525739 0 0.2577 244814.435389988
0.205 2 29123724 29127894 0.78 163 0 Inf 0.2562 0
0.21 2 29313641 29316636 0.78 123 0 NA 0.3195 0
0.215 2 29914180 29920689.5 0.79 303 0.00260684495049505 0 0.17455 179215.9232652
0.225 2 31204518 31213681 0.79 197 0 Inf 0.1362 0
0.23 2 31784211 31788110 0.79 164 0.00480962 0.290962695597573 0.1052 548625.855513308
0.235 2 32347378 32389420 0.78 334 0 NA 0.108 0
0.255 2 34272400 34278664 0.75 441 0 Inf 0.1375 0
0.27 2 36026947 36044163 0.76 344 0 NA 0.0897 0
0.275 2 36315736 36327118 0.76 358 0.00217984 0 0.1844 141855.097613883
0.29 2 38188368 38193723.5 0.78 354 0 NA 0.1049 0
0.31 2 40284521 40288387 0.79 377 0 Inf 0.1539 0
0.33 2 42236597 42263706 0.79 56 0 NA 0.224 0
0.35 2 44369207.5 44373663 0.77 504 0 Inf 0.12715 0
0.365 2 46418009 46420906 0.74 451 0.00186698 0 0.2225 100691.056179775
0.375 2 48278430.3333333 48283732.6666667 0.706666666666667 668 0.00185731444610778 0.188338048936715 0.123266666666667 180809.410654084
0.385 2 49992903 49998216 0.66 51 0 NA 0.0833 0
0.39 2 50379671 50383575.5 0.655 342 0 NA 0.18225 0
0.395 2 51447808.25 51455747.5 0.62 1075 0 Inf 0.12075 0
0.4 2 52400220.5 52402059.5 0.59 74 0 NA 0.1582 0
0.41 2 54421494 54426323 0.555 619 0 Inf 0.14645 0
0.425 2 57402268.3333333 57413991.3333333 0.51 791 0 Inf 0.2096 0
0.43 2 59189016 59192414.5 0.48 365 0 NA 0.11375 0
0.435 2 60502870.5 60509873.5 0.465 555 0 NA 0.09905 0
0.44 2 61974038 62246301 0.45 735 0.00112623 0 0.099 136512.727272727
0.445 2 63925609.5 63944502.5 0.425 282 0 NA 0.1251 0
0.45 2 64541794 64551279 0.42 31 0 NA 0.0993 0
0.455 2 65977052 65982418 0.4 474 0 NA 0.1353 0
0.46 2 67991043.5 68001317 0.375 1325 0 NA 0.10325 0
0.465 2 69163672.5 69171282.5 0.365 1211 0 Inf 0.11315 0
0.47 2 70883740 70896542.5 0.345 295 0 NA 0.19705 0
0.475 2 72817038.5 72823659.5 0.325 223 0 NA 0.1077 0
0.48 2 74786756 74808830 0.3 108 0 NA 0.1042 0
0.485 2 76156934.3333333 76162518 0.29 313 0 NA 0.126933333333333 0
0.49 2 78267230 78272844.5 0.27 469 0 NA 0.1515 0
0.495 2 80233559.5 80237577.75 0.255 304 0 NA 0.13375 0
0.5 2 82410901.3333333 82418840 0.236666666666667 867 0 Inf 0.188366666666667 0
0.505 2 83482746.6666667 83485733.6666667 0.22 512 0.0014517546875 0 0.1133 153760.425860547
0.51 2 86436998 86502965.5 0.185 496 0 NA 0.1323 0
0.52 2 93608705.75 93613077.25 0.125 847 0 Inf 0.1636 0
0.525 2 96475421.8333333 96488696.8333333 0.11 960 0 Inf 0.120066666666667 0
0.53 2 102581861.666667 102587805.666667 0.103333333333333 358 0 NA 0.1399 0
0.535 2 109995140.307692 109999426.384615 0.126153846153846 2146 0 Inf 0.151892307692308 0
0.54 2 116991285.714286 116997586.857143 0.0928571428571429 1832 0 Inf 0.0951857142857143 0
0.545 2 126783742.818182 126793042.363636 0.04 1691 0 NA 0.126481818181818 0
0.55 2 151523991.863636 151533245.045455 -0.0204545454545455 3949 0.000200757938718663 0.177095228250599 0.105545454545455 22825.1919990211
0.555 2 192656403.481481 192673410.851852 0.00925925925925926 6525 0.00011704734559387 0.297687392257144 0.118381481481481 11864.7623728729
0.56 2 249874225.7 249883909.5 0.008 4498 0 NA 0.096745 0
0.565 2 381796625.247191 381825374.483146 -0.00191011235955056 22793 9.39361963322073e-05 0.0661924070076974 0.106138202247191 10620.4395035937
0.57 2 495291410.884615 495300201.692308 0.0242307692307692 5987 0.000124753228662101 0 0.0988192307692308 15149.2653028356
0.575 2 522078723 522107903 0.0375 1527 0 NA 0.097825 0
0.58 2 526980609.666667 527002373.666667 0.04 478 0 NA 0.185666666666667 0
0.585 2 537074283 537081280.6 0.048 1211 0 NA 0.10348 0
0.59 2 542936044.666667 542940931.333333 0.0566666666666667 528 0.00155426753787879 0 0.0987 188968.697614442
0.595 2 552459184.875 552467201.375 0.06125 1675 0 NA 0.0951375 0
0.6 2 565084668.333333 565089641 0.0766666666666667 485 0 NA 0.0905333333333333 0
0.605 2 574056408.6 574069062.2 0.078 880 0 Inf 0.15092 0
0.61 2 577836957.75 577890784.25 0.07 443 0 Inf 0.12485 0
0.615 2 584880353.333333 584884999 0.075 1057 0.000722861873226112 0.299805029676795 0.148 58610.4221534685
0.62 2 589846203.142857 589850650.428571 0.0828571428571429 994 0 NA 0.164314285714286 0
0.625 2 594038543.333333 594044919.666667 0.0966666666666667 404 0 NA 0.105866666666667 0
0.63 2 599500810.8 599512128.4 0.116 958 0.000776650887265136 0.313954300728242 0.10324 90273.2530722746
0.635 2 604250434.8 604256826.2 0.142 515 0.00164899281553398 0.269709206431746 0.1496 132272.150978662
0.64 2 607594097.75 607617738.25 0.1625 1522 0.00104379990801577 0.287852899946475 0.11405 109825.505446639
0.645 2 610435099 610439299.666667 0.18 303 0 NA 0.0953333333333333 0
0.65 2 613289641.5 613294272.5 0.205 271 0 Inf 0.09235 0
0.655 2 615234269.5 615240366 0.22 354 0 NA 0.13455 0
0.66 2 618620008 618628401 0.25 16 0 NA 0.041 0
0.665 2 620059610.333333 620064145.333333 0.263333333333333 483 0 Inf 0.1071 0
0.67 2 621547931.666667 621554061.333333 0.286666666666667 890 0 NA 0.150333333333333 0
0.675 2 623317877 623322264 0.31 15 0 NA 0.1432 0
0.68 2 624592838 624598421.25 0.33 1187 0.000652225526537489 0.484794170487749 0.101625 77015.56032915
0.685 2 625998410 626002299 0.345 262 0 NA 0.1643 0
0.69 2 627562441.5 627567049 0.35 799 0 NA 0.0942 0
0.695 2 629782696.666667 629797474.333333 0.36 809 0 NA 0.116733333333333 0
0.7 2 632310999 632333500.666667 0.37 412 0 Inf 0.0798666666666667 0
0.715 2 636745891 636748298 0.42 138 0 NA 0.1393 0
0.73 2 640279471 640300176 0.43 264 0 NA 0.1133 0
0.755 2 645111107 645128245 0.43 374 0 NA 0.0638 0
0.765 2 646887345.333333 646892400.333333 0.426666666666667 323 0 NA 0.142466666666667 0
0.77 2 647604180 647612368 0.43 298 0 NA 0.1163 0
0.78 2 649203485 649232890 0.43 155 0 NA 0.1667 0
0.785 2 649689087 649692950.5 0.44 127 0 Inf 0.2199 0
0.795 2 651425361.666667 651429972 0.44 1783 0.000438577613011778 0.294233683977047 0.150433333333333 34985.1408562464
0.805 2 653414730 653422788 0.44 138 0 NA 0.1273 0
0.81 2 654051916.5 654077272.5 0.44 164 0 NA 0.192 0
0.815 2 655720764.4 655748999.4 0.434 1321 0.000658262679788039 0 0.12772 61847.4174558133
0.82 2 657892286 657896185.5 0.435 412 0.0020965077184466 0 0.0878 286538.640334388
0.825 2 659203149 659209552 0.45 70 0 NA 0.2903 0
0.83 2 662765401 662771722.5 0.405 135 0 NA 0.1596 0
0.835 2 664078264 664082132 0.4 33 0 NA 0.1429 0
0.845 2 667894326 667897598 0.43 331 0 NA 0.2454 0
0.855 2 669545466 669550376 0.465 352 0 NA 0.1653 0
0.87 2 671998367 672009876 0.54 11 0 NA 0.1006 0
0.875 2 673051672 673057867 0.56 178 0 NA 0.1366 0
0.88 2 673916526.5 673922684.5 0.575 41 0 NA 0.1021 0
0.9 2 676762273 676776061 0.61 115 0 NA 0.0988 0
0.905 2 677527453.5 677537419 0.62 731 0 NA 0.1583 0
0.91 2 678192055 678196991 0.63 17 0 NA 0.1849 0
0.935 2 681920291 681923347 0.63 128 0 Inf 0.0959 0
0.955 2 684121508 684127760 0.63 12 0 NA 0.1229 0
0.965 2 685433233 685441273 0.63 1872 0 Inf 0.1346 0
0.97 2 685840850.5 685847667 0.63 413 0 NA 0.1356 0
0.98 2 687129902.666667 687134435.333333 0.64 315 0 NA 0.135533333333333 0
0.985 2 687695801 687701097.333333 0.64 341 0 NA 0.134666666666667 0
0.99 2 688499499 688505866 0.64 230 0 NA 0.11655 0
0.995 2 688587755 688593631 0.64 27 0 NA 0.2241 0
1 2 689269507.5 689284921 0.64 160 0 Inf 0.1516 0
1.03 2 692341486.666667 692350761.666667 0.65 686 0 NA 0.1529 0
1.04 2 693337534 693345846 0.65 286 0 NA 0.0824 0
1.045 2 694508817 694513144.75 0.65 191 0 NA 0.186325 0
1.05 2 695599869.5 695603341 0.65 105 0 NA 0.11415 0
1.055 2 696934292 696937421.5 0.66 132 0 NA 0.36085 0
1.06 2 698227447.5 698232158.25 0.66 781 0 NA 0.1228 0
1.065 2 700039383.428571 700044334.142857 0.66 1915 0.000851681879895561 0 0.165214285714286 61860.1624826867
1.07 2 702220990.5 702225523 0.67 336 0 NA 0.1032 0
1.075 2 704672218.5 704676577.5 0.67 374 0 NA 0.124275 0
1.12 2 709558335.5 709564212 0.69 684 0 NA 0.1054 0
1.125 2 710604987 710610388 0.69 233 0.00316206 0 0.0518 732523.552123552
1.13 2 710833148 710844185 0.7 85 0 Inf 0.2267 0
1.135 2 711433651 711548034 0.7 259 0.003 0 0.1848 194805.194805195
1.14 2 712186487 712193534 0.71 494 0.00156266222672065 0.596296788696815 0.1096 171094.404385472
1.145 2 712668999 712677544 0.71 171 0.00450704 0 0.1079 501246.339202966
1.15 2 713199995 713206255 0.735 331 0.0287088839577039 0.0483203416620011 0.13785 2499141.14974572
1.155 2 714206001 714208031 0.78 94 0 NA 0.0113 0
1.165 2 715153411 715164148 0.8 1106 0 NA 0.1373 0
1.175 2 716657651.666667 716710306 0.826666666666667 711 0 NA 0.1614 0
1.185 2 718367147 718395208.666667 0.816666666666667 1561 0 Inf 0.150666666666667 0
1.19 2 718879424 718884299 0.81 255 0.00308285 0 0.1864 198466.738197425
1.2 2 720391619 720423844.333333 0.76 310 0 NA 0.120166666666667 0
1.205 2 721189605 721195420 0.76 404 0 NA 0.1953 0
1.21 2 721792356 721803071 0.76 840 0 Inf 0.12045 0
1.215 2 722498329.5 722501913 0.755 45 0 NA 0.1335 0
1.22 2 722894735 722902301 0.75 286 0 NA 0.0733 0
1.225 2 723652502 723658875 0.75 934 0 NA 0.1616 0
1.23 2 724706982 724710722 0.75 191 0 NA 0.0776 0
1.24 2 725773696 725778133 0.74 85 0 NA 0.1195 0
1.25 2 727021196 727026487 0.74 69 0 NA 0.1858 0
1.255 2 727569371 727572003 0.74 420 0.00170576 0 0.1897 107902.58302583
1.265 2 728701290 728705093 0.73 366 0 NA 0.1786 0
1.27 2 729140617 729143956 0.73 133 0 NA 0.283 0
1.275 2 729840759 729846918 0.73 507 0 Inf 0.0957 0
1.285 2 731177914 731182848 0.72 602 0 Inf 0.1583 0
1.295 2 732729131.4 732735655 0.72 1686 0.000476184597864769 0.286936780520656 0.1126 50747.9145148954
1.3 2 733434694 733439264.75 0.71 503 0 Inf 0.1505 0
1.305 2 734177896 734324956 0.71 260 0 NA 0.1761 0
1.31 2 735110355 735120320 0.7 151 0 NA 0.1247 0
1.32 2 736748618 736756524 0.7 27 0 NA 0.1117 0
1.325 2 737171325 737179349 0.69 487 0 Inf 0.1062 0
1.33 2 737638031 737640845 0.69 159 0.0505796 0 0.1572 3861038.16793893
1.355 2 742180685 742184793 0.67 541 0 Inf 0.136366666666667 0
1.36 2 743137237 743140775 0.66 172 0.0222428 0 0.0946 2821496.82875264
1.365 2 743170407 743174337 0.66 68 0 NA 0.2442 0
1.37 2 744575128 744584355 0.66 65 0 NA 0.1296 0
1.385 2 746607720.333333 746612673 0.66 438 0.0017442447260274 0 0.1355 154471.857655563
1.395 2 747546975 747549938 0.65 204 0 NA 0.1025 0
1.4 2 748267764 748358708 0.65 104 0 NA 0.1984 0
1.405 2 749596172 749601897 0.64 119 0 Inf 0.1213 0
1.41 2 749741430 749744583 0.64 11 0 NA 0.1374 0
1.415 2 750575024 750579846 0.635 256 0 NA 0.19125 0
1.42 2 751551435 751555216 0.63 171 0.106991 0 0.1709 7512533.64540667
1.43 2 753121602 753124953 0.62 218 0 NA 0.1488 0
1.435 2 753923725 753928860 0.61 173 0 NA 0.1554 0
1.44 2 754860571.25 754864888.75 0.61 1144 0.012929298951049 0.0317045790588649 0.149075 1040761.94809718
1.45 2 756514760.5 756519825.5 0.6 837 0 NA 0.11585 0
1.455 2 757318935 757324066 0.6 494 0 NA 0.1415 0
1.46 2 757760894.5 757889397.5 0.59 822 0 NA 0.06475 0
1.465 2 758500378 758621232 0.59 231 0.035724 0.0282336804389206 0.0742 5777466.30727763
1.475 2 760723469 760725708 0.58 10 0 NA 0.1587 0
1.485 2 762948938 762953829 0.56 229 0.00317881 0.323133499642948 0.1439 265084.920083391
1.49 2 764119940 764131457 0.56 652 0.0024249801993865 0 0.1073 271200.022298584
1.5 2 766227405 766232079 0.545 182 0.00429337884615385 0.294520139911321 0.1221 421953.694953695
1.505 2 767299110 767302511 0.54 50 0 NA 0.1738 0
0 3 295114 300498 NA 210 0.0453219 0.0235091644436796 0.1128 4821478.72340425
0.005 3 619664 625745 1.26 459 0 NA 0.191733333333333 0
0.01 3 1639997 1646306 1.26 1016 0.00312791231299213 0 0.2281 164554.79068788
0.015 3 1945843 1951867 1.26 421 0 NA 0.1378 0
0.025 3 3687023 3692986 1.26 38 0 Inf 0.1981 0
0.03 3 4050634 4055344 1.26 169 0 NA 0.1958 0
0.035 3 4992532 5000834 1.26 968 0.00247423 0.190982244981267 0.1015 292519.802955665
0.055 3 7213014 7295200.5 1.24 371 0.0020199825606469 0 0.1232 196751.548114958
0.06 3 7768310.5 7774764.5 1.23 354 0.042219343220339 0.0151356369805992 0.15895 3187367.84299508
0.09 3 11267059 11271781 1.2 141 0 NA 0.1331 0
0.095 3 11708976 11715329.5 1.19 699 0 NA 0.097 0
0.12 3 14114434 14117915 1.15 59 0 NA 0.2364 0
0.125 3 14730253 14734545 1.14 83 0 NA 0.1028 0
0.13 3 15315768.5 15322880.5 1.13 335 0.026157323880597 0.052232749858534 0.1058 2966804.22086166
0.155 3 17506802 17512463 1.13 498 0.00166860981927711 0 0.1706 117369.975564627
0.16 3 18003576 18005443 1.12 73 0 NA 1.4689 0
0.17 3 19022221 19025999 1.11 259 0 NA 0.1146 0
0.18 3 19885742 19888789 1.1 83 0.00930233 0 0.2135 522847.587822014
0.195 3 21107056.5 21113213.5 1.09 348 0.00240147879310345 0.279555693305928 0.1229 234481.249123201
0.225 3 23647935.5 23652072.5 1.04 399 0 NA 0.2003 0
0.24 3 24612746 24617933 1.02 590 0.00131507 0.594461891762416 0.1451 108758.373535493
0.245 3 24938037 24942947 1.01 211 0 NA 0.0892 0
0.27 3 26398468 26404973 0.97 120 0 NA 0.1044 0
0.28 3 26934253 26955710 0.96 625 0 Inf 0.1004 0
0.29 3 27797882 27807235 0.98 34 0 NA 0.1028 0
0.295 3 28019135 28025481 0.99 253 0 NA 0.1199 0
0.305 3 28790079 28801654.6666667 1 1112 0.00136272302158273 0.153284156510584 0.140766666666667 116168.668664405
0.325 3 30300188.5 30310048 1.02 766 0.00208406631853786 0 0.07625 327984.207507598
0.33 3 30534526 30538872.6666667 1.01666666666667 623 0.00127459595505618 0.29469730803686 0.133266666666667 114771.021465789
0.34 3 31376497 31381204 1.01 262 0 NA 0.1051 0
0.35 3 32215742 32220605 0.99 117 0 NA 0.1264 0
0.355 3 32559762 32563489 0.98 342 0 NA 0.24475 0
0.365 3 33843617 33848276 0.93 45 0.0342857 0.299465958110816 0.1285 3201777.43190661
0.37 3 34144898 34148437.5 0.92 171 0 NA 0.15025 0
0.38 3 35315116.6666667 35321163.6666667 0.853333333333333 791 0.000975605562579014 0.299327203176347 0.1786 65550.2057723861
0.395 3 37819359 37831333 0.73 46 0 NA 0.1065 0
0.4 3 38304662 38308839 0.72 302 0 NA 0.086 0
0.405 3 39282442 39288478 0.7 87 0 NA 0.1496 0
0.41 3 39930766 39934685 0.68 434 0 Inf 0.0947 0
0.42 3 43194952.5 43199792.5 0.59 64 0 NA 0.1291 0
0.425 3 44980515 44985838 0.54 235 0 NA 0.1505 0
0.43 3 46958934 46961758 0.48 51 0 NA 0.0847 0
0.435 3 47418911 47425372.5 0.465 339 0 NA 0.09925 0
0.44 3 49668564 49672605.5 0.39 103 0 NA 0.0734 0
0.445 3 50598895.3333333 50605014.3333333 0.363333333333333 1001 0 NA 0.157466666666667 0
0.455 3 53691286 53696020.5 0.27 444 0 NA 0.12705 0
0.46 3 57176314.6666667 57180652 0.176666666666667 565 0 NA 0.1429 0
0.465 3 63299045.3333333 63306619.8333333 0.0633333333333333 1717 0.000445230594059406 0 0.14195 37638.3735731798
0.47 3 83868315.9166667 83883261.5833333 -0.0075 3088 0.000797240751295337 0.0935984273868423 0.106333333333333 89970.7430928907
0.475 3 92514120 92519445 0.012 1055 0 NA 0.14196 0
0.48 3 103682909 103687414.2 0.036 1080 0 NA 0.11138 0
0.485 3 117698917 117704017.777778 0.0555555555555556 1502 0 NA 0.109133333333333 0
0.49 3 130953580.428571 130966092.857143 0.06 2131 0 Inf 0.109857142857143 0
0.495 3 141100500.833333 141129059.166667 0.06 645 0 NA 0.175966666666667 0
0.5 3 153111340.5 153116961.9 0.047 2177 0 Inf 0.09785 0
0.505 3 170451314 170457532.875 0.0175 1054 0.00238716115749526 0 0.0975875 293541.015908216
0.51 3 186182660.384615 186189665 0.00153846153846154 2310 0.000338809636363636 0 0.135069230769231 30100.9757234052
0.515 3 211883364.931034 211889655.793103 0.00862068965517241 4907 0.000256965738740575 0.296506585674228 0.101144827586207 30486.8665899768
0.52 3 302012487.90566 302035973.075472 -0.000754716981132075 15320 0.000235468418015666 0.0644164779151654 0.103471698113208 27308.1535116637
0.525 3 408974113.661765 408986593.794118 0.00573529411764706 15548 0.000255811425906869 0.307247497744136 0.109020588235294 28157.4073353664
0.53 3 465652014.8 465656957.4 0.034 475 0 NA 0.12166 0
0.535 3 473286567.428571 473297259 0.0557142857142857 938 0 Inf 0.149085714285714 0
0.54 3 481067834.5 481073979 0.0875 416 0 NA 0.20045 0
0.545 3 482781345.333333 482788698.333333 0.0933333333333333 1230 0.000628160559349593 0 0.0888 84886.5620742694
0.55 3 487210588 487216158.5 0.115 497 0 NA 0.13215 0
0.555 3 490219781.25 490228178.75 0.13 419 0 NA 0.097775 0
0.56 3 494430036.5 494440928 0.15 72 0 NA 0.12855 0
0.565 3 497555677 497560733.5 0.17 124 0 NA 0.12055 0
0.57 3 500201351.5 500248015.5 0.18 420 0 NA 0.1151 0
0.575 3 503600389.666667 503605886.666667 0.18 542 0 NA 0.1 0
0.58 3 506350904.333333 506355271.666667 0.18 776 0 Inf 0.130666666666667 0
0.585 3 508527649.666667 508533834.666667 0.18 1052 0 Inf 0.135866666666667 0
0.59 3 511782119 511816827.666667 0.18 446 0.00168198139013453 0 0.112733333333333 179040.006046254
0.595 3 513568259.666667 513580445 0.18 794 0.00106924345088161 0 0.119766666666667 107132.658590977
0.6 3 514830499 514835085 0.18 28 0 NA 0.1733 0
0.605 3 517965897 517970179 0.18 254 0 NA 0.1057 0
0.61 3 520975473 521009526.75 0.18 904 0 Inf 0.131575 0
0.615 3 524924982 524929715.5 0.17 605 0.0013600152892562 0 0.1437 113571.214134129
0.62 3 526798579 526818957 0.17 43 0 NA 0.1575 0
0.625 3 531073074 531079199 0.175 97 0 NA 0.11285 0
0.63 3 533496107 533504966 0.163333333333333 419 0 NA 0.124233333333333 0
0.635 3 535878221 535885559.666667 0.17 1979 0 NA 0.1028 0
0.64 3 539342033.2 539345873.2 0.194 893 0 NA 0.23672 0
0.645 3 542264360.5 542269357.5 0.211666666666667 1664 0 Inf 0.104816666666667 0
0.65 3 544983215.166667 544990397 0.223333333333333 1626 0 Inf 0.118216666666667 0
0.655 3 547843568 547846953 0.23 25 0 NA 0.1388 0
0.66 3 549890849.666667 549895860.333333 0.24 500 0 NA 0.1951 0
0.665 3 551495692 551503059 0.25 11 0 NA 0.1105 0
0.67 3 552687422 552695318.5 0.26 624 0.0012456903525641 0 0.1445 103448.33377695
0.675 3 554162524 554166944 0.26 81 0 NA 0.092 0
0.685 3 556735950.75 556742562.5 0.2725 1082 0.000716386284658041 0 0.082225 104550.141877732
0.69 3 559239692.666667 559253221.666667 0.285555555555556 2076 0 Inf 0.119977777777778 0
0.7 3 562950891 562955901 0.28 143 0 NA 0.0833 0
0.705 3 564989840.666667 565024558.333333 0.27 855 0 Inf 0.0871333333333333 0
0.71 3 567814319.666667 567820124 0.28 930 0.000839617935483871 0.294789484894742 0.102566666666667 98232.8426305471
0.715 3 568839920.5 568852079 0.28 841 0 NA 0.1352 0
0.72 3 570282635.666667 570288725.666667 0.303333333333333 361 0 Inf 0.113366666666667 0
0.725 3 572137417 572141343 0.33 111 0 NA 0.1965 0
0.735 3 573564340 573565366 0.36 75 0 NA 0.2183 0
0.74 3 575172397.5 575177167 0.39 266 0 NA 0.13315 0
0.755 3 578182218 578227887.666667 0.426666666666667 421 0.00177894612826603 0 0.196566666666667 108601.086344882
0.76 3 580124105 580127525.666667 0.45 155 0 NA 0.122 0
0.765 3 582465119 582489800 0.47 163 0 NA 0.5749 0
0.77 3 584428344.666667 584432635.333333 0.493333333333333 331 0 Inf 0.127833333333333 0
0.775 3 585217582 585223902 0.5 133 0 NA 0.0984 0
0.78 3 587003383 587006252 0.51 126 0 NA 0.1188 0
0.795 3 589428595 589433437.5 0.53 257 0 NA 0.0967 0
0.8 3 590360698 590365911 0.55 419 0 NA 0.133 0
0.805 3 590858927 590866641.5 0.56 808 0 NA 0.2327 0
0.81 3 591990994 592047518 0.58 126 0.0227488 0 0.5218 523161.364507474
0.815 3 592448150 592455316 0.59 216 0 NA 0.0842 0
0.82 3 592600365.5 592606301 0.59 792 0 Inf 0.13 0
0.825 3 593197380 593201865 0.59 277 0 NA 0.1573 0
0.835 3 594831096 594833921 0.61 86 0 NA 0.1192 0
0.845 3 595889940.5 595896179.5 0.62 224 0.00338563357142857 0.306194694092918 0.1331 305241.193517227
0.85 3 596525478 596528633 0.62 216 0 NA 0.1048 0
0.855 3 596965206 596971896 0.62 60 0 NA 0.1274 0
0.86 3 597549072.666667 597610412 0.62 324 0 NA 0.191233333333333 0
0.865 3 598418603 598422327.5 0.62 239 0 NA 0.11155 0
0.88 3 600365009 600368140 0.62 187 0 NA 0.1136 0
0.885 3 601274607 601281940.333333 0.613333333333333 763 0 NA 0.110266666666667 0
0.89 3 602089588 602094803 0.62 95 0 NA 0.149 0
0.895 3 602773272 602776454 0.62 63 0 NA 0.1163 0
0.9 3 604633498 604638003 0.62 132 0 Inf 0.1263 0
0.905 3 606944820 606948009 0.64 216 0 NA 0.1546 0
0.91 3 607099289 607108794 0.64 97 0 NA 0.1067 0
0.915 3 608589576 608595012 0.65 326 0 NA 0.10265 0
0.93 3 610915083 610918656.5 0.665 212 0 NA 0.20855 0
0.935 3 611660053.5 611664545 0.67 696 0 Inf 0.1393 0
0.94 3 612559811.5 612567484.5 0.675 728 0 NA 0.129 0
0.945 3 613068382 613072654 0.68 73 0 NA 0.1361 0
0.95 3 613916331 613922055.5 0.685 773 0 NA 0.1323 0
0.955 3 614680891.5 614686154.5 0.69 407 0 NA 0.1118 0
0.96 3 615118012 615133351 0.7 108 0 NA 0.0873 0
0.965 3 615586347.5 615590571.5 0.7 149 0 NA 0.14925 0
0.975 3 617337781 617341933 0.72 332 0 Inf 0.2763 0
0.98 3 617757549 617763506 0.73 152 0 NA 0.1058 0
0.99 3 619092470.333333 619095602.333333 0.77 323 0 NA 0.0964666666666667 0
1 3 620475311 620478544 0.8 127 0 NA 0.1416 0
1.005 3 620958291 620965190 0.815 1144 0.000787648216783217 0 0.15315 61715.8250172942
1.01 3 621484659.857143 621490184.714286 0.82 1376 0.00056507511627907 0.591080101307791 0.1125 60274.6790697674
1.02 3 622808885 622812863.333333 0.826666666666667 419 0 Inf 0.143266666666667 0
1.035 3 624262794 624267708.5 0.81 481 0.00156683754677755 0 0.13075 143801.53392987
1.045 3 625212192 625217353 0.79 424 0 NA 0.1169 0
1.055 3 626348472.5 626354178.5 0.805 228 0.0072280199122807 0 0.16535 524561.469291614
1.06 3 626792812 626797930 0.82 354 0 NA 0.0994 0
1.065 3 627705774.666667 627712464.666667 0.833333333333333 230 0 NA 0.109566666666667 0
1.07 3 628140193 628147561 0.84 174 0.00395195482758621 0 0.0923 513796.943998207
1.075 3 628775986.25 628783811.5 0.84 1251 0.00124068561151079 0.286720700636307 0.13675 108871.86353294
1.08 3 629237846 629242037.5 0.84 448 0 NA 0.12375 0
1.085 3 630190241 630194476 0.83 219 0 NA 0.149466666666667 0
1.09 3 630668111.5 630672289 0.8225 696 0.00111535778735632 0 0.171975 77826.971642831
1.095 3 631488574 631495632 0.8 486 0 Inf 0.1161 0
1.1 3 632279624.5 632284645.5 0.77 283 0 Inf 0.12935 0
1.105 3 632906770 632912286.5 0.76 555 0 NA 0.10525 0
1.11 3 633193897 633197543.5 0.76 408 0 NA 0.117 0
1.115 3 634071757 634080040 0.75 746 0.00113879 0 0.0981 139301.529051988
1.12 3 634736182 634741763.5 0.74 238 0 NA 0.12915 0
1.125 3 635285622 635291763 0.74 385 0 NA 0.12165 0
1.135 3 636605474.5 636611012 0.73 157 0 NA 0.12525 0
1.14 3 637475110.5 637479967.5 0.72 571 0 NA 0.1331 0
1.145 3 638064568 638074097 0.72 157 0 NA 0.0902 0
1.15 3 638683602 638688496 0.71 152 0 NA 0.1496 0
1.155 3 639083388 639099725 0.71 928 0 NA 0.176166666666667 0
1.16 3 640199465 640207461 0.71 542 0 Inf 0.0783 0
1.165 3 640675893.666667 640682262.666667 0.71 1028 0.000786444357976654 0.560917130838597 0.1812 52082.4078130234
1.17 3 641437481 641441165 0.71 412 0.0038835 0 0.1717 271415.259172976
1.175 3 641892271 641898100.5 0.71 1107 0.00137775536585366 0.454238592748155 0.13555 121970.227888188
1.18 3 642582131 642585604 0.71 72 0 NA 0.2027 0
1.185 3 643314375 643318306 0.71 120 0 NA 0.1139 0
1.19 3 644846424 644852586.5 0.71 533 0 NA 0.13845 0
1.195 3 645319706.333333 645325260.333333 0.72 754 0 NA 0.120066666666667 0
1.2 3 645870839 645879815 0.72 121 0 NA 0.0698 0
1.21 3 647751877 647755718 0.73 319 0.00216509 0.346622542249976 0.0593 438129.510961214
1.215 3 648205455 648211793.333333 0.74 505 0 NA 0.1228 0
1.22 3 649769479 649771489 0.76 117 0 NA 0.0549 0
1.225 3 650134077.5 650140561 0.76 904 0 NA 0.13405 0
1.23 3 650885026.5 650889788 0.775 459 0 NA 0.09735 0
1.235 3 651805507 651808510 0.79 445 0 NA 0.13095 0
1.24 3 652092753.75 652096371.5 0.79 614 0.00131655040716612 0 0.2466 64065.7132440936
1.25 3 653408583.333333 653415149.333333 0.8 674 0.00116948599406528 0 0.0933333333333334 150362.48495125
1.26 3 654519810.5 654524093 0.8 555 0 Inf 0.11255 0
1.27 3 655379013 655384064 0.8 476 0 NA 0.1272 0
1.275 3 656358214 656363707 0.79 438 0.016008504109589 0.0985512580299786 0.1137 1689551.88491705
1.285 3 657358643 657360411 0.79 60 0 Inf 0.1808 0
1.295 3 658125929 658135551 0.81 227 0.0068916 0 0.1821 454141.680395387
1.305 3 659535157 659543398 0.84 81 0 NA 0.0899 0
1.31 3 659935174 659939724.5 0.84 521 0 NA 0.13005 0
1.315 3 660282091 660285460 0.84 120 0 Inf 0.1684 0
1.33 3 662367131 662403455 0.84 333 0 NA 0.1605 0
1.345 3 664548932.5 664554538.5 0.79 731 0.00200165474692202 0.481497039364736 0.0966 248652.763592798
1.35 3 664902741 664906191 0.78 80 0 NA 0.1152 0
1.365 3 667173649 667178470 0.76 48 0 NA 0.1852 0
1.375 3 668184028 668247577 0.75 112 0 NA 0.1341 0
1.405 3 672214446 672221382 0.69 353 0.00442396 0.147398484615593 0.1112 477405.755395683
1.41 3 672933261 672935958 0.67 141 0 NA 0.1334 0
1.415 3 673603427 673609516 0.67 37 0 NA 0.1414 0
1.42 3 673990497 673996191 0.66 334 0 NA 0.1355 0
1.425 3 675089770 675093842.5 0.66 268 0 NA 0.22235 0
1.435 3 676624047 676626992 0.66 181 0.0040404 0 0.1263 383885.985748219
1.445 3 679322291 679324851 0.7 124 0 Inf 0.1724 0
1.45 3 679612663 679618892 0.7 31 0 NA 0.2335 0
1.455 3 680223240 680226664 0.69 454 0 NA 0.0925 0
1.46 3 681736509 681744921.333333 0.69 689 0.00100965558780842 0 0.1179 102763.927512307
1.465 3 682179106 682185552 0.69 218 0 NA 0.118933333333333 0
1.475 3 684183086.5 684185568 0.69 272 0 NA 0.2918 0
1.49 3 686380140 686391875 0.69 113 0 NA 0.1788 0
1.495 3 686903487.333333 686909660.333333 0.69 470 0.0147512227659574 0.032123842542761 0.161933333333333 1093133.01682682
1.5 3 687547237 687550255 0.7 96 0 NA 0.0754 0
1.505 3 687832386 687841232 0.7 160 0 NA 0.1063 0
1.515 3 689317800 689385232.5 0.7 611 0 Inf 0.11485 0
1.52 3 689761543.333333 689768524.333333 0.7 273 0.015211904029304 0 0.160433333333333 1137811.23011624
1.525 3 690563628 690565747 0.7 139 0.00493827 0 0.3345 177157.668161435
1.53 3 690841365 690845185 0.7 189 0.00456708 0.518755966613241 0.1759 311568.845935191
1.555 3 693408117 693412122.5 0.71 365 0.00137629556164384 0.745736042520972 0.1655 99791.8232007615
1.565 3 694330192 694335518.5 0.71 215 0 Inf 0.13815 0
1.575 3 695340363 695354154 NA 191 0 NA 0.0777 0
1.58 3 695629848 695633267.5 NA 161 0.00471014304347826 0 0.24755 228324.445654369
1.62 3 699024910 699050008 NA 67 0 NA 0.23 0
1.625 3 699431624 699441105 NA 218 0 NA 0.1415 0
0.005 4 397933 418091.5 1.63 518 0.0554008528957529 0 0.22735 2924170.81481872
0.01 4 739843 743253 1.62 271 0.024381 0 0.1629 1796022.09944751
0.055 4 3596975 3600958 1.58 391 0.0122761956521739 0.0952384925601446 0.23845 617799.739258071
0.065 4 4242342.5 4247398 1.57 916 0.0022306703930131 0.113341149600942 0.1043 256644.724028353
0.075 4 4835279 4840290 1.56 263 0.0119930946768061 0 0.32385 444394.429895547
0.085 4 5427445 5432467.5 1.55 319 0.00470882219435737 0 0.1035 545950.399345782
0.095 4 6146290.75 6151776.5 1.54 1094 0.00650924741316271 0.0321789307237961 0.121375 643550.722619588
0.115 4 7409915.5 7417374 1.51 540 0 NA 0.11745 0
0.125 4 7855792.5 7861068.5 1.51 147 0 NA 0.16445 0
0.135 4 8702574.5 8717029.5 1.49 706 0 NA 0.1331 0
0.14 4 8811912.5 8819681.5 1.49 341 0 NA 0.2097 0
0.15 4 9583094.5 9592118 1.475 112 0 NA 0.08295 0
0.155 4 9861224 9866894 1.47 569 0.00146577010544815 0 0.19245 91396.4212282559
0.16 4 10160434 10194789 1.46 46 0 NA 0.0929 0
0.165 4 10535381 10540846 1.455 241 0 NA 0.10435 0
0.175 4 11347318 11352992 1.44 24 0 NA 0.0785 0
0.185 4 11932937 11937799 1.43 208 0.0452474 0 0.1555 3491760.77170418
0.19 4 12282924 12286833 1.42 94 0.0712681 0.0659445109382739 0.1537 5564197.7878985
0.205 4 13665703 13670108 1.39 385 0 NA 0.155133333333333 0
0.21 4 14001304.6666667 14004988 1.38666666666667 747 0.00112429499330656 0 0.167333333333333 80626.7325877214
0.215 4 14733348 14739881 1.38 114 0 NA 0.1372 0
0.22 4 14895461.5 14900967.5 1.375 169 0 NA 0.1103 0
0.225 4 15344841.3333333 15348623.3333333 1.37 1166 0 NA 0.1482 0
0.235 4 16464203 16474102 1.35 63 0 NA 0.1189 0
0.245 4 17438157 17446158 1.33 257 0 NA 0.0921 0
0.25 4 17916120 17919867 1.32 10 0 NA 0.1855 0
0.255 4 18336047 18342837 1.31 296 0 NA 0.1096 0
0.26 4 18550241 18555863 1.3 263 0 Inf 0.1463 0
0.265 4 19086492 19088007 1.29 92 0 NA 0.0716 0
0.27 4 19372689.3333333 19387983 1.27666666666667 2028 0 Inf 0.1275 0
0.275 4 19821003.75 19827051.25 1.27 1375 0.0011340432 0.295372239787691 0.1105 123154.012669683
0.28 4 20176460 20183310 1.27 393 0 NA 0.1181 0
0.3 4 21422249 21428200.3333333 1.25 1331 0 NA 0.1173 0
0.305 4 21763213 21770408.5 1.25 342 0 NA 0.1221 0
0.31 4 22226987 22231215 1.23 579 0.00393765 0 0.1333 354477.11927982
0.315 4 22366768.5 22371813.5 1.23 475 0.00324615764210526 0.299700164381549 0.14895 261523.27428844
0.32 4 22665634 22668568 1.22 373 0 NA 0.132 0
0.325 4 23028397 23037462 1.21 166 0 NA 0.0836 0
0.335 4 23520704 23526567.5 1.19 660 0 NA 0.1145 0
0.35 4 24289724 24315017 1.19 1231 0 NA 0.077 0
0.36 4 24979535 24985488 1.2 154 0 NA 0.1097 0
0.37 4 25535830 25543683 1.2 383 0 NA 0.1013 0
0.38 4 26027626 26032352 1.19 211 0 Inf 0.0734 0
0.385 4 26499859 26504881 1.18 53 0 NA 0.1323 0
0.39 4 26675810 26687141 1.18 112 0.00808081 0 0.1052 921765.399239544
0.4 4 27567926 27575347 1.15 195 0 NA 0.0839 0
0.425 4 30505915 30528656 0.98 53 0 NA 0.0821 0
0.43 4 30733993.3333333 30740852.6666667 0.96 1159 0.000688805591026747 0 0.1273 64930.6134510681
0.44 4 33206816.5 33211018 0.905 226 0 NA 0.31115 0
0.45 4 34775087 34779459 0.83 206 0 NA 0.1725 0
0.455 4 35541251.5 35549595.5 0.76 870 0.000924420206896552 0 0.1067 103964.784280774
0.46 4 36194512 36197660 0.68 69 0 NA 0.2724 0
0.465 4 37828048 37837454 0.565 1118 0.000728348926654741 0 0.10005 87358.1921025176
0.475 4 39716978 39727703 0.45 120 0 NA 0.1137 0
0.485 4 43582368 43584005 0.26 169 0 NA 0.1048 0
0.495 4 46962205.5 46967645 0.14 362 0.00217054301104972 0 0.1196 217780.23522238
0.5 4 49719248 49742862.3333333 0.0833333333333333 283 0 NA 0.133366666666667 0
0.505 4 53885204 53892235.25 0.04 252 0 NA 0.09635 0
0.51 4 57550024.8 57560332.6 0.062 1414 0 Inf 0.10654 0
0.515 4 72864163.0588235 72871923.1176471 0.0482352941176471 3951 0.00031515272083017 0.186871743613153 0.123382352941176 30651.3254108961
0.52 4 95249942.2307692 95257723.6153846 -0.0546153846153846 3197 0 NA 0.124961538461538 0
0.525 4 112089487.416667 112114914.5 -0.0483333333333333 2875 0.000877944834782609 0.0915956312041632 0.118075 89225.8142484972
0.53 4 132144922.636364 132150548.181818 -0.0281818181818182 1883 0.000415617896972916 0 0.118472727272727 42097.5770414555
0.535 4 157713828.818182 157722352.090909 -0.00636363636363636 1994 0 NA 0.1214 0
0.54 4 190184844 190195722.444444 0.0122222222222222 1578 0.000495513441064639 0.299449735414819 0.0943222222222222 63040.9372540711
0.545 4 246501246.136364 246526032.363636 0.02 7378 0 Inf 0.0971318181818182 0
0.55 4 360251322.982759 360266468.344828 -0.000862068965517241 15842 0.000140762577957329 0.165613724969761 0.0999465517241379 16900.5424034054
0.59 4 427655645 427661740.6 0.03 886 0 NA 0.07428 0
0.595 4 430314775 430321620 0.03 100 0 NA 0.137 0
0.6 4 431662045.5 431666028 0.03 542 0.00151609538745387 0 0.31295 58134.3494150711
0.605 4 434295252.5 434300188.5 0.03 384 0 NA 0.0775 0
0.615 4 438033827 438038475 0.04 736 0 NA 0.088 0
0.63 4 444577371 444586700 0.045 360 0 NA 0.08735 0
0.635 4 446482704 446487820 0.05 849 0.000889935382803298 0.308434087285807 0.102533333333333 104153.685893754
0.64 4 447777947 447785416 0.05 190 0 NA 0.0955 0
0.645 4 450149253 450159323 0.05 287 0 NA 0.0991 0
0.655 4 456437013 456442734.5 0.06 761 0 NA 0.1008 0
0.66 4 460074274 460077637 0.06 627 0 Inf 0.1928 0
0.665 4 462636868.5 462640875.75 0.07 1047 0 NA 0.1013 0
0.67 4 464638866 464656783.5 0.07 423 0 NA 0.1209 0
0.675 4 470080749.285714 470085808.142857 0.06 1042 0 NA 0.145542857142857 0
0.68 4 474475866 474479865 0.06 276 0 NA 0.25065 0
0.685 4 478507364.5 478510395.5 0.05 285 0 NA 0.1408 0
0.69 4 491360834.428571 491366874.571429 0.0495238095238095 4048 0 NA 0.122547619047619 0
0.695 4 507756669.75 507767500 0.075 2344 0 NA 0.139 0
0.7 4 512503366.692308 512509508.923077 0.0992307692307692 2804 0 Inf 0.138376923076923 0
0.705 4 516569513 516609659.25 0.11 686 0 NA 0.109625 0
0.71 4 521290323 521297468.5 0.12 528 0 NA 0.10505 0
0.715 4 525939991 525944498 0.1375 1337 0 NA 0.1156 0
0.72 4 529759295.666667 529775196.333333 0.15 2085 0.000407541366906475 0.264571632839496 0.0880666666666667 55531.753249936
0.725 4 531800057 531801946 0.15 109 0 NA 0.1669 0
0.73 4 535121957 535127082.5 0.15 684 0.00223857380116959 0.301530441322133 0.141975 189208.562169643
0.735 4 537890104.25 537895606.5 0.1475 632 0 NA 0.132675 0
0.74 4 541647126.333333 541654644 0.133333333333333 883 0.000902488652321631 0 0.1305 82987.4622824488
0.745 4 545024594.25 545031474.75 0.1075 2001 0 Inf 0.09265 0
0.75 4 552219601 552228358.857143 0.107142857142857 1376 0 Inf 0.125385714285714 0
0.755 4 556185138 556192280 0.11 695 0 NA 0.1511 0
0.76 4 559338151 559353322.25 0.2075 997 0 NA 0.141575 0
0.77 4 563563261.6 563568684.6 0.3 319 0 NA 0.13276 0
0.775 4 565436598.666667 565453294.333333 0.333333333333333 902 0 NA 0.0948333333333333 0
0.78 4 567046487.25 567052260.25 0.37 962 0 NA 0.151 0
0.785 4 568314222 568320655.25 0.4 468 0.00110179487179487 0 0.223 59289.4101414281
0.79 4 569234439 569240286.75 0.435 840 0 NA 0.138475 0
0.795 4 570466995.666667 570471691.666667 0.47 96 0 NA 0.101833333333333 0
0.82 4 574876106.166667 574880462 0.49 800 0 NA 0.123616666666667 0
0.825 4 575334413 575338725 0.49 154 0 NA 0.1277 0
0.84 4 578447094 578453528 0.5 298 0 NA 0.0645 0
0.85 4 580291772.666667 580298534.666667 0.516666666666667 505 0 NA 0.1399 0
0.855 4 581683739.666667 581739144.333333 0.53 731 0 NA 0.142366666666667 0
0.865 4 583211766 583215394 0.54 140 0 NA 0.1139 0
0.87 4 583786412 583791660 0.55 439 0 NA 0.1738 0
0.88 4 585626696 585756819 0.58 27 0 NA 0.0775 0
0.885 4 586081514.5 586087007.5 0.58 289 0 Inf 0.07895 0
0.89 4 586906628 586911406 0.59 612 0.00162338 0 0.1873 104007.261078484
0.9 4 589185446 589190534 0.58 219 0 NA 0.1232 0
0.905 4 590099173 590106033 0.59 973 0 NA 0.11065 0
0.91 4 590917395 590921291 0.6 198 0.00466472 0 0.1496 374175.401069519
0.915 4 592215292 592220099 0.62 236 0 NA 0.144 0
0.92 4 593286412 593293501 0.64 1501 0.000518952731512325 0.294042001902438 0.1066 58418.6939788734
0.925 4 594254587 594263084 0.665 781 0 Inf 0.0936 0
0.93 4 595103615 595109265 0.69 129 0 NA 0.2324 0
0.935 4 595810823 595813284 0.72 210 0 NA 0.2005 0
0.945 4 597592308 597596477 0.79 293 0 NA 0.1452 0
0.95 4 598065083 598068656 0.81 349 0 NA 0.1082 0
0.96 4 599278715 599282258.5 0.85 461 0 NA 0.1963 0
0.965 4 599977889.5 599982170.5 0.865 475 0 NA 0.12755 0
0.975 4 601193766 601196315 0.89 19 0 NA 0.1926 0
0.98 4 601634823.5 601641438 0.89 582 0 NA 0.086 0
1 4 603476187 603490579.5 0.89 284 0 Inf 0.12745 0
1.01 4 604417944.5 604424432.5 0.89 889 0 NA 0.149 0
1.03 4 606225436 606234907 0.91 401 0 NA 0.0888 0
1.045 4 608041512 608046921.2 0.91 959 0 NA 0.14798 0
1.055 4 608851179 608856344 0.91 322 0 Inf 0.1934 0
1.06 4 609232390 609237470.5 0.9 534 0 NA 0.13985 0
1.075 4 610930296 610934429 0.89 162 0 NA 0.1259 0
1.08 4 611552899 611557129 0.875 161 0 NA 0.0821 0
1.085 4 612083626 612108450 0.86 47 0 NA 0.0927 0
1.095 4 613670805 613682741 0.823333333333333 637 0 NA 0.128466666666667 0
1.1 4 614363810 614366831 0.8 162 0 NA 0.2262 0
1.12 4 616741713 616748872 0.67 878 0.000875274 0 0.1349 77859.8072646405
1.125 4 618297408 618305383.333333 0.696666666666667 551 0 NA 0.1167 0
1.13 4 618869082 618875298 0.7 83 0 NA 0.1313 0
1.145 4 621846702 621852960 0.71 1092 0.000724943809523809 0 0.1513 57497.1957322255
1.15 4 622059599 622062306 0.72 153 0 NA 0.2409 0
1.16 4 623163327 623171412 0.8 611 0 NA 0.13865 0
1.165 4 623398308 623417651.5 0.82 260 0 NA 0.12175 0
1.175 4 624583900 624589934 0.91 18 0 NA 0.1244 0
1.18 4 625024397.666667 625029560.333333 0.93 440 0.00192579863636364 0 0.0977 236536.168232995
1.185 4 626074071 626080945 0.95 344 0 NA 0.0732 0
1.19 4 627060578 627067278 0.94 323 0.0102509 0 0.1103 1115238.4406165
1.22 4 629589221 629593649 0.99 38 0 NA 0.1536 0
1.25 4 632007694 632049867 1 833 0 NA 0.0858 0
1.255 4 632465736.25 632470599.75 1 908 0 NA 0.1791 0
1.26 4 633083650.333333 633086632.666667 1 345 0 NA 0.268 0
1.27 4 633837715 633843075 1 161 0 NA 0.1164 0
1.275 4 634776721 634782324 1 104 0 NA 0.0973 0
1.28 4 635064480 635066507 1 73 0 NA 0.2009 0
1.29 4 636577557 636581046 1 34 0 NA 0.2096 0
1.295 4 638051327 638062018 1 368 0.0152312 0.122306187299753 0.1939 942621.970087674
1.305 4 639701421.333333 639712375 NA 1139 0.00409102651448639 0.247393339867689 0.140166666666667 350242.460217622
1.31 4 640897223.285714 640903335.142857 NA 1102 0.00225127005444646 0.0912820817093928 0.199842857142857 135182.418023806
1.315 4 641877936 641941912 NA 1210 0.0154318314049587 0.0493543815948531 0.1648 1123677.04405039
1.32 4 644739607.2 644745918 NA 1015 0.0043666984729064 0.0516128117398701 0.15316 342128.373432207
0 5 248988 254173 NA 98 0.00824742 0 0.2304 429553.125
0.005 5 467347.5 472512 1.45 841 0.0048374274078478 0.203602106734905 0.12025 482737.038620986
0.01 5 548492 553160 1.45 472 0.00792341 0.187070970705795 0.1468 647690.190735695
0.025 5 1313687 1319573 1.44 391 0 NA 0.2534 0
0.055 5 2550565 2552346 1.41 46 0.0190476 0 0.9138 250132.632961261
0.07 5 3141079 3152916 1.39 369 0 NA 0.1371 0
0.075 5 3438543 3442516 1.38 213 0 NA 0.2272 0
0.09 5 4122876 4126991 1.37 165 0.0049896 0.27540885040885 0.1768 338660.633484163
0.115 5 5186742 5190560 1.34 154 0.00541761 0 0.2033 319780.226266601
0.125 5 5650431 5662163.5 1.32 252 0.00554808666666667 0 0.08455 787428.030751035
0.135 5 6160787 6166162 1.31 97 0 NA 0.1371 0
0.145 5 6662885 6671504 1.29 413 0 NA 0.1294 0
0.15 5 6932778 6938007 1.28 409 0 NA 0.18945 0
0.16 5 7467691 7479956 1.26 496 0.011148 0.124466271977036 0.1152 1161250
0.165 5 7558219 7562406 1.26 40 0 NA 0.1489 0
0.195 5 9252025 9255073 1.22 219 0 NA 0.2272 0
0.21 5 10156146 10160096 1.2 360 0 NA 0.1395 0
0.24 5 12058959 12064320 1.15 243 0 NA 0.131 0
0.245 5 12449138 12456304 1.15 304 0.00469208 0 0.1813 310562.382790954
0.255 5 13032905 13036977 1.13 667 0 NA 0.0835 0
0.27 5 14012962 14017702 1.11 181 0 NA 0.099 0
0.285 5 15283999 15297809 1.08 87 0 NA 0.0946 0
0.3 5 16322753 16333919 1.06 32 0 NA 0.0801 0
0.31 5 17101129.5 17105780 1.04 306 0.00542660392156863 0.136229931839073 0.22415 290516.382149558
0.335 5 19582454 19584319.5 0.985 189 0 NA 0.1878 0
0.37 5 23794351 23799064 0.865 851 0 NA 0.13645 0
0.375 5 24396295.5 24403007 0.85 650 0 NA 0.1397 0
0.395 5 26707340 26713033 0.79 28 0 NA 0.0984 0
0.405 5 28575679 28580135 0.75 537 0 Inf 0.10475 0
0.415 5 30204145 30208618 0.72 138 0 NA 0.2274 0
0.42 5 30700998 30707808 0.71 470 0 NA 0.1011 0
0.43 5 32866971 32871921.5 0.67 224 0 Inf 0.118 0
0.435 5 34596928 34601320 0.65 484 0 NA 0.1115 0
0.45 5 39497384.3333333 39505478.3333333 0.44 334 0 NA 0.111166666666667 0
0.455 5 41919771.3333333 41923697 0.346666666666667 323 0 NA 0.0965 0
0.46 5 42734272 42760861 0.32 324 0 NA 0.0809 0
0.465 5 44600402 44605017 0.25 223 0.00715884 0 0.1293 664393.503480278
0.47 5 57952039.5714286 57962030.5714286 0.00142857142857143 858 0.000913563636363637 0 0.101085714285714 108450.177295853
0.475 5 66243923.75 66271220 -0.0075 408 0 NA 0.0999 0
0.48 5 79231999.5 79238233.75 0.02 2234 0.000695454680393912 0 0.100825 82771.6951621815
0.485 5 219884565.294643 219897302.4375 0.00455357142857143 26452 0.000137635068425828 0.638593986568321 0.113114285714286 14601.3459810174
0.49 5 358425945.4 358430724.2 0.03 887 0.000976468207440812 0 0.10766 108839.109133288
0.495 5 364634448.666667 364640101 0.03 415 0 NA 0.125033333333333 0
0.5 5 370863253.333333 370867975.333333 0.04 1335 0.000593532116853933 0 0.103066666666667 69104.6449118421
0.505 5 374151432.5 374220391.75 0.04 729 0 Inf 0.1606 0
0.51 5 379324622 379331905.25 0.04 1722 0.000450986146341463 0 0.114875 47110.6311738634
0.515 5 388075404.8 388086112.8 0.038 2212 0 Inf 0.09814 0
0.52 5 405729386.078947 405740803.526316 0.0410526315789474 9795 8.24443654925983e-05 0.560272043123027 0.103255263157895 9581.42331590713
0.525 5 431438025.611111 431445688.277778 0.0411111111111111 3351 0 NA 0.0921944444444444 0
0.53 5 446146061.857143 446150056.142857 0.0357142857142857 1174 0.000732356431005111 0.259739194540691 0.119585714285714 73489.3563545924
0.535 5 458713211 458718105.25 0.0825 721 0 NA 0.100225 0
0.54 5 461359102.25 461364089.5 0.0975 290 0 NA 0.12015 0
0.545 5 466424752 466429677 0.136 971 0.000802274191555098 0 0.10202 94366.695732809
0.55 5 469606700.75 469614482 0.16 573 0 Inf 0.103725 0
0.555 5 471645878 471654426 0.18 286 0 NA 0.1092 0
0.56 5 475638593.5 475643060 0.22 258 0 NA 0.1592 0
0.565 5 477383274 477388411 0.24 375 0 NA 0.1127 0
0.57 5 479746012.333333 479755612.666667 0.266666666666667 855 0 Inf 0.117466666666667 0
0.575 5 481835776.666667 481839249.333333 0.27 302 0.00174593635761589 0 0.1687 124192.272029583
0.58 5 483591965.166667 483596541 0.28 1462 0 Inf 0.105083333333333 0
0.585 5 485683875 485690358 0.286666666666667 692 0 NA 0.1681 0
0.595 5 488758755.333333 488763957 0.3 562 0.00141817382562278 0 0.158233333333333 107550.574515315
0.615 5 495617281 495624679.5 0.33 252 0 NA 0.1107 0
0.63 5 499218868 499222808.5 0.35 245 0 NA 0.1833 0
0.64 5 501859287.5 501864154 0.36 808 0 NA 0.1345 0
0.65 5 504159106 504169851.5 0.375 147 0.0111414421768707 0 0.13205 1012474.86650851
0.66 5 506317498 506319740 0.39 68 0 NA 0.1172 0
0.675 5 509963052 509970724.5 0.41 1804 0 NA 0.10195 0
0.69 5 513390079.5 513394264 0.44 394 0 NA 0.1345 0
0.695 5 514564977.5 514569390 0.445 431 0 NA 0.2126 0
0.7 5 514993595.5 514998473 0.45 216 0 NA 0.0979 0
0.715 5 519193760 519200116 0.48 779 0.00200935394094994 0.147835503261664 0.11885 202879.657479169
0.72 5 519892631 519928121 0.49 159 0 NA 0.1422 0
0.735 5 523521527 523527044 0.52 243 0 NA 0.1648 0
0.74 5 524792990 524797308 0.53 151 0 NA 0.1232 0
0.745 5 525908806 525914010 0.54 36 0 NA 0.0918 0
0.75 5 527268623 527276376 0.55 273 0 NA 0.10645 0
0.755 5 527751458 527758085 0.55 101 0 NA 0.0954 0
0.76 5 528931597 528939788 0.56 11 0 NA 0.0953 0
0.765 5 530004233 530010003.333333 0.57 1382 0 NA 0.1072 0
0.79 5 534077896.333333 534081378 0.61 317 0 Inf 0.264766666666667 0
0.795 5 535196468 535208148 0.62 471 0 NA 0.1015 0
0.8 5 535808754.5 535812001 0.63 561 0 NA 0.1739 0
0.81 5 537721170 537726650 0.66 506 0 NA 0.1202 0
0.815 5 538188176 538192703.5 0.665 892 0 NA 0.11795 0
0.825 5 539862378 539866899 0.68 141 0 NA 0.082 0
0.83 5 540614516 540618713.666667 0.693333333333333 474 0 NA 0.192566666666667 0
0.835 5 541627217 541632822.5 0.7 1361 0 Inf 0.1013 0
0.84 5 542493767 542499764 0.71 282 0 NA 0.1512 0
0.845 5 542729432 542734648 0.72 117 0 NA 0.1511 0
0.86 5 544890718 544896237 0.735 550 0 NA 0.0951 0
0.865 5 545442408 545449805 0.74 81 0 NA 0.1108 0
0.875 5 547118727 547121124.5 0.75 194 0 NA 0.15545 0
0.88 5 547244371 547246487 0.75 133 0 Inf 0.3161 0
0.89 5 548944998 549006264 0.76 261 0 NA 0.1047 0
0.895 5 549443760.75 549447775.5 0.77 554 0.0125881146209386 0 0.107275 1408132.1412376
0.915 5 551854936.666667 551864522.666667 0.78 635 0.00123284466141732 0 0.1279 115669.553846817
0.92 5 552508987 552512905 0.78 292 0.00774194 0.308764986553758 0.1582 587252.08596713
0.925 5 553042955.8 553048633.4 0.78 975 0 NA 0.1092 0
0.93 5 553495391 553504682.5 0.79 41 0 NA 0.1231 0
0.935 5 554414585.666667 554461775.333333 0.81 469 0.00833712281449893 0 0.130333333333333 767612.330746705
0.94 5 554780654.25 554785597 0.815 677 0 NA 0.089825 0
0.945 5 555115763 555118737 0.82 85 0 NA 0.1582 0
0.95 5 555784437.5 555789568.5 0.83 303 0 NA 0.1243 0
0.955 5 556454442.666667 556458712 0.84 766 0.00107925164490862 0 0.121166666666667 106885.995094113
0.96 5 557010130 557026202.666667 0.85 419 0 NA 0.129766666666667 0
0.97 5 557910204 557918845 0.85 12 0 NA 0.1128 0
0.98 5 559199963 559204208 0.86 482 0 NA 0.1857 0
1.005 5 561726956 561733265 0.86 197 0 NA 0.132 0
1.01 5 562503102 562506221.5 0.85 461 0 NA 0.18085 0
1.015 5 563047535.5 563053817 0.845 296 0 Inf 0.12685 0
1.02 5 563754494 563764139 0.84 75 0 NA 0.0793 0
1.025 5 563946877 563952370 0.85 93 0 NA 0.1151 0
1.03 5 564901272 564905526 0.85 597 0 NA 0.1003 0
1.035 5 565298145 565303925 0.85 293 0 Inf 0.1182 0
1.04 5 565882961.666667 565890085.666667 0.86 1326 0 NA 0.1012 0
1.055 5 567886544.5 567890929.5 0.87 328 0.00893388478658537 0 0.1098 976380.850992936
1.06 5 568350423 568355473.4 0.87 959 0.00774745889468196 0.063078076790594 0.20236 459426.303301955
1.07 5 569491226 569493946 0.87 177 0 NA 0.1684 0
1.075 5 570086547 570091616 0.87 182 0 NA 0.0938 0
1.08 5 570981663.666667 570987576.333333 0.87 679 0.00561588379970545 0.0607932560105724 0.193233333333333 348752.487130233
1.085 5 571278315 571281219 0.87 65 0 NA 0.237 0
1.11 5 573946893 573974479 0.87 105 0 NA 0.2311 0
1.12 5 575074648 575080916.5 0.87 140 0 Inf 0.18055 0
1.13 5 576340941 576346950 0.86 165 0 NA 0.1696 0
1.135 5 577087329 577091335 0.86 219 0 Inf 0.1374 0
1.14 5 577772092 577777319 0.85 30 0 NA 0.1266 0
1.165 5 581178445 581182557.333333 0.83 477 0.00730570566037736 0 0.161433333333333 543062.985285123
1.17 5 581618569 581630152 0.82 495 0.00172320888888889 0.265073622337654 0.10025 206269.393183707
1.175 5 582142398.666667 582145581 0.82 923 0.00970013385698808 0.152060594979782 0.168366666666667 691357.788262861
1.18 5 583010234.5 583015690.5 0.81 1385 0.0129095275956679 0.103240138026242 0.09735 1591313.10886507
1.195 5 584640677 584644182 0.79 98 0 Inf 0.089 0
1.2 5 585110919 585256832 0.78 58 0 NA 0.0975 0
1.205 5 585870910 585876397 0.78 446 0.00338983 0.153746058061909 0.0934 435524.197002141
1.215 5 587153755 587156196 0.77 163 0.00451977 0 0.2312 234590.138408305
1.225 5 588064715.333333 588071693.333333 0.766666666666667 225 0.00680058266666667 0.14625411508857 0.126466666666667 645284.596731682
1.23 5 588874517 588921055.5 0.755 200 0 NA 0.123 0
1.235 5 589402019 589409811.333333 0.746666666666667 1008 0 NA 0.1453 0
1.24 5 589981309 589987767.333333 0.74 122 0 NA 0.1201 0
1.245 5 590535514 590541778 0.74 502 0.00143627 0 0.1165 147941.974248927
1.25 5 591453998.8 591460753.2 0.74 1524 0.000516037112860892 0.57085432114539 0.09856 62829.1939359853
1.26 5 593549737 593562646 0.72 133 0 NA 0.1137 0
1.27 5 594785498 594790575 0.695 496 0 Inf 0.0723 0
1.275 5 595278263.333333 595284039 0.666666666666667 378 0 Inf 0.115166666666667 0
1.28 5 596127888 596132673 0.62 14 0 NA 0.4249 0
1.285 5 596929497.5 597008934.25 0.5925 874 0.00087086942791762 0.191855497047402 0.0889 117552.678684043
1.29 5 597413002.25 597417912.5 0.5825 767 0.00113957131681877 0.255327468230694 0.139875 97764.8314697072
1.295 5 598081398.75 598091086 0.575 721 0 NA 0.136125 0
1.3 5 599085656 599133086 0.58 240 0 NA 0.108 0
1.305 5 599673229 599677211.5 0.6 311 0 NA 0.1438 0
1.31 5 600548158 600551090 0.62 95 0 NA 0.115 0
1.315 5 601371255 601378290.5 0.61 701 0.0012020145363766 0.437448424523742 0.10255 140655.040824176
1.32 5 602589794 602597628 0.595 527 0.0014982105313093 0 0.13525 132928.106289919
1.325 5 603612507 603618542 0.59 221 0.00385542 0.263659990351246 0.0601 769800.998336107
1.33 5 604852309.666667 604859108.333333 0.6 424 0 NA 0.0871333333333333 0
1.335 5 605539698.25 605543428.75 0.6125 645 0 NA 0.14855 0
1.34 5 606265647 606271146 0.62 93 0 NA 0.2382 0
1.345 5 607037073 607041609 0.64 60 0.0129032 0 0.1675 924408.358208955
1.355 5 608878114.666667 608944150 0.66 1199 0.00061492093411176 0 0.1415 52148.7717974637
1.36 5 609344692.5 609353448 0.65 171 0 NA 0.1528 0
1.365 5 610011902 610017237 0.63 604 0 NA 0.1392 0
1.38 5 611996487 612000071 0.61 133 0 NA 0.1285 0
1.385 5 612230606 612234688 0.61 465 0.00706496477419355 0 0.17365 488221.003687432
1.39 5 613222910 613227066 0.61 168 0 NA 0.0649 0
1.4 5 614807423.5 614811855.5 0.605 484 0 NA 0.11015 0
1.405 5 615309769.2 615314659.8 0.6 700 0.0108314832285714 0.0295657331594631 0.14438 900247.948073536
1.41 5 616781922.75 616789669.75 0.59 1082 0 Inf 0.143675 0
1.42 5 618749340.2 618754269.4 0.546 1266 0.00305318322274882 0 0.10626 344797.653613644
1.425 5 620195168.5 620201960 0.51 678 0.00454358814159292 0.373465347822837 0.1294 421352.841569668
1.435 5 622132592.333333 622138184.333333 0.51 441 0 Inf 0.124 0
1.44 5 623523084.5 623528901.5 0.55 612 0.00123257055555556 0 0.14865 99501.1548379863
1.445 5 624048092.5 624054769 0.56 799 0.00103924299123905 0.272423853817249 0.15365 81164.437975064
1.45 5 625390278 625393876 0.56 244 0 NA 0.1256 0
1.455 5 625923415.5 625931195.5 0.57 205 0 NA 0.07805 0
1.46 5 626337936.5 626357364.5 0.57 663 0 NA 0.07295 0
1.465 5 627188404 627192704 0.58 160 0 NA 0.1 0
1.48 5 629594608.666667 629598235 0.643333333333333 763 0 NA 0.190666666666667 0
1.485 5 630351941.25 630354987.25 0.6575 467 0.00165842620985011 0 0.559125 35593.3190578159
1.49 5 631450966 631454005.5 0.6525 263 0 NA 0.2297 0
1.495 5 632185424 632196887 0.63 26 0 NA 0.1417 0
1.51 5 634584920 634590431.5 0.62 196 0 NA 0.13535 0
1.52 5 636278838.2 636286529.6 0.62 964 0 Inf 0.14144 0
1.525 5 636745898.75 636753510 0.62 927 0 Inf 0.1326 0
1.53 5 637355022.5 637357606.5 0.63 249 0 NA 0.21935 0
1.54 5 639039843 639044468.5 0.64 180 0 NA 0.1758 0
1.55 5 640539927.5 640545598.5 0.645 377 0.0182649548275862 0.0671545502939688 0.16875 1298841.23218391
1.56 5 642240822 642246866 0.65 110 0 Inf 0.1738 0
1.565 5 643140649.8 643152682.4 0.658 1078 0.000722057922077922 0.888000777616605 0.12036 71989.8227395735
1.57 5 644186121.5 644204248.5 0.685 580 0 NA 0.1067 0
1.575 5 645024580.6 645029251.8 0.702 800 0.00398322145 0 0.15936 299941.374246988
1.58 5 645995367 645999073 0.71 345 0 NA 0.1829 0
1.585 5 646487938.5 646491296.5 0.72 471 0.00164058331210191 0.298818037300544 0.09725 202437.015375043
1.59 5 647324696 647329856 0.73 14 0 NA 0.1035 0
1.595 5 648002783 648006801 0.73 48 0 NA 0.215 0
1.6 5 648471190 648474048 0.74 440 0 NA 0.24845 0
1.605 5 649227202 649233502 0.74 321 0 NA 0.1436 0
1.61 5 649614700 649621187 0.74 55 0 NA 0.073 0
1.615 5 650266634.5 650272405 0.74 979 0 NA 0.0963 0
1.62 5 651164770.5 651173941.5 0.74 434 0.00357069642857143 0.290928240289259 0.15675 273354.750512645
1.625 5 651487738.5 651498506.5 0.74 420 0 NA 0.10685 0
1.63 5 651947533 651949994 0.75 50 0 NA 0.1035 0
1.645 5 653908194 653918421 0.77 227 0 NA 0.1307 0
1.65 5 654684138 654689663 0.78 22 0 NA 0.1741 0
1.665 5 656514952 656518038 0.78 232 0 NA 0.1575 0
1.67 5 657394574 657400317 0.77 222 0 NA 0.1926 0
1.675 5 657821976.5 657828231.5 0.76 341 0.00235496129032258 0 0.09395 300793.352675582
1.69 5 659415973 659422455 0.73 158 0.00993789 0 0.1827 652734.975369458
1.705 5 661386173 661390002 0.73 213 0.00922722 0.336047043421529 0.1542 718071.595330739
1.71 5 661995105 661999262 0.73 328 0.0163504 0 0.1496 1311529.41176471
1.72 5 663376456 663383172 0.72 482 0.00160148012448133 0.191700462987157 0.1306 147149.781728759
1.725 5 664593635 664601118.666667 0.71 550 0.00281923243636364 0.297531880115093 0.144066666666667 234827.320011779
1.73 5 665598695 665602081 0.7 245 0 NA 0.1977 0
1.735 5 666460156.666667 666466009.666667 0.69 285 0 NA 0.1702 0
1.74 5 668068513.5 668072328 0.68 477 0.00306615398322851 0 0.23515 156469.690830288
1.745 5 669621016 669627366 NA 273 0 Inf 0.142 0
0 6 821348 827194.333333333 1.40333333333333 784 0 NA 0.208 0
0.005 6 1469569 1527668 1.4 289 0.00610906574394464 0 0.70825 103506.93812543
0.025 6 5029627.5 5035255 1.42 775 0 NA 0.1329 0
0.03 6 5218564.75 5225847.75 1.42 1053 0.010421264957265 0.0419055137096404 0.18605 672158.986762588
0.04 6 6137844 6140858 1.43 138 0.00577617 0 0.1934 358397.311271975
0.045 6 6632117 6728944 1.43 146 0 Inf 0.1321 0
0.055 6 7538700 7543555 1.44 175 0 NA 0.278 0
0.06 6 7907441.5 7913599.5 1.44 656 0.00235639954268293 0 0.10035 281781.709139961
0.065 6 8331157.5 8339240 1.44 846 0 NA 0.129 0
0.07 6 8646036 8651380 1.44 865 0.000947052023121387 0 0.33605 33818.2540617665
0.085 6 9614292 9619612 1.44 252 0.00626223 0.145418325420817 0.1085 692596.866359447
0.09 6 9845712 9853881 1.44 203 0.0282353 0 0.1079 3140163.11399444
0.105 6 10691525 10695891 1.44 300 0 NA 0.1847 0
0.145 6 12657540 12788778 1.45 390 0 NA 0.1759 0
0.17 6 14199008.5 14203730 1.515 380 0 Inf 0.20445 0
0.195 6 15743975.5 15749309 1.54 261 0 NA 0.84675 0
0.21 6 16788510 16807337 1.54 805 0.0119271899378882 0.0239954111217608 0.17945 797583.05519453
0.255 6 19621868 19624783 1.47 103 0 NA 0.2155 0
0.29 6 22577030.5 22580930 1.34 449 0 NA 0.10695 0
0.31 6 24079652 24082694 1.34 173 0 NA 0.1294 0
0.315 6 24667229 24684418 1.34 125 0 NA 0.5549 0
0.32 6 25049705 25053175 1.33 401 0 NA 0.14555 0
0.33 6 25869026 25874898 1.31 73 0 Inf 0.174 0
0.345 6 26766722 26771972 1.27 73 0 NA 0.1042 0
0.365 6 28362765 28366441 1.18 102 0 NA 0.139 0
0.38 6 29453673 29459393 1.1 311 0 NA 0.1201 0
0.395 6 30651156 30657609 0.99 246 0 Inf 0.1922 0
0.4 6 31123674 31201393 0.94 200 0 NA 0.1347 0
0.41 6 32260487 32264470 0.87 210 0 NA 0.0926 0
0.415 6 32778775 32785762 0.83 57 0 NA 0.0699 0
0.425 6 34026543 34029172 0.77 103 0 NA 0.105 0
0.44 6 36028739.5 36032662 0.67 410 0 NA 0.09705 0
0.445 6 37274278 37279887 0.61 301 0 NA 0.1577 0
0.45 6 37673566 37712468 0.59 274 0 NA 0.1119 0
0.46 6 39761654 39767122 0.44 19 0 Inf 0.1286 0
0.465 6 41299028 41302263 0.34 120 0 NA 0.2224 0
0.47 6 42645470.5 42653295 0.295 721 0 Inf 0.0885 0
0.475 6 48901677.9166667 48907444.5 0.205 1736 0 NA 0.118291666666667 0
0.48 6 55228468.25 55259772.5 0.055 1131 0 NA 0.146325 0
0.485 6 60909640.75 60916983 0.06875 1693 0 NA 0.113325 0
0.49 6 69559556.7142857 69568397.8571429 0.05 2476 0 NA 0.111471428571429 0
0.495 6 93352923.5 93363182.75 0 1273 0 NA 0.113975 0
0.5 6 102793271 102798683 0.01 727 0 NA 0.12235 0
0.505 6 111285074.857143 111291422.142857 0.0285714285714286 1763 0 NA 0.148942857142857 0
0.51 6 120440419.428571 120446967 0.0371428571428571 1399 0 Inf 0.137671428571429 0
0.515 6 138108305.533333 138117677.733333 0.03 3012 0 Inf 0.104606666666667 0
0.52 6 156805557.214286 156813126.285714 0.03 3127 0 NA 0.0997 0
0.525 6 170958014.4 170969009.2 0.024 630 0.00069264 0 0.12294 67607.6134699854
0.53 6 187700057.7 187708235.9 0.02 3416 0.000232201844262295 0.461145301666727 0.09349 29804.4938618841
0.535 6 285885575.59322 285900219.949153 0.00711864406779661 13852 0 NA 0.101816949152542 0
0.54 6 362660634.5 362667904.9375 0.045 3199 0 NA 0.102425 0
0.545 6 380579612.25 380588983.5 0.08 1258 0 NA 0.078575 0
0.55 6 384632176 384638780 0.08 64 0 NA 0.0997 0
0.56 6 391359681 391369012.333333 0.08 867 0 NA 0.102733333333333 0
0.565 6 395846529.333333 395852028.333333 0.09 657 0 NA 0.115466666666667 0
0.57 6 397912754 397916632.666667 0.0833333333333333 229 0 NA 0.131466666666667 0
0.575 6 400155095 400165884 0.08 46 0 NA 0.1051 0
0.585 6 409088866.666667 409094808.666667 0.08 558 0 NA 0.117 0
0.59 6 415916181.5 415925523.75 0.08 306 0 NA 0.082925 0
0.595 6 440730958.25 440735990.25 0.0575 576 0 NA 0.12245 0
0.6 6 451743306.25 451751125.5 0.05 611 0 NA 0.138675 0
0.605 6 456088517.5 456095420 0.06 536 0 NA 0.0924 0
0.61 6 460610634 460616409 0.07 174 0 NA 0.1018 0
0.615 6 463736864.5 463743205 0.07 530 0 NA 0.131 0
0.62 6 466882266.5 466893071.5 0.085 369 0 NA 0.1504 0
0.625 6 471296093 471300393 0.1 457 0 NA 0.22725 0
0.63 6 474017733 474020693 0.11 55 0 NA 0.1186 0
0.635 6 477994532 478042698.333333 0.133333333333333 390 0 NA 0.1458 0
0.64 6 481939792.2 481950102.8 0.126 1782 0 NA 0.09832 0
0.645 6 485188477 485213197 0.12 856 0 NA 0.0703 0
0.65 6 491196936.777778 491203515.888889 0.135555555555556 2773 0 NA 0.153011111111111 0
0.655 6 496486221 496492902.333333 0.166666666666667 712 0 NA 0.103933333333333 0
0.66 6 499938753 499944283 0.201666666666667 2572 0 NA 0.0963833333333333 0
0.665 6 502960393.5 502962917 0.1825 780 0 NA 0.14525 0
0.67 6 504998607.5 505001056.5 0.18 356 0 NA 0.1666 0
0.675 6 506765651.166667 506770716.333333 0.205 1068 0 NA 0.1079 0
0.68 6 508676148.5 508689982.5 0.245 697 0 NA 0.09195 0
0.685 6 511487961 511490910 0.25 56 0 NA 0.0387 0
0.69 6 512857945.6 512863093.4 0.25 1182 0 NA 0.15976 0
0.7 6 516519409 516522218 0.28 101 0 NA 0.1884 0
0.705 6 518251692 518257800 0.32 103 0 NA 0.0903 0
0.71 6 519674370.333333 519680468.666667 0.356666666666667 814 0 NA 0.0960333333333333 0
0.715 6 521629215 521632484 0.43 343 0 NA 0.0943 0
0.72 6 522651685 522654482 0.45 84 0 NA 0.2638 0
0.725 6 524445406 524452111 0.4925 557 0 NA 0.10565 0
0.73 6 525683055.25 525697093.25 0.5175 1107 0 NA 0.110925 0
0.735 6 527219339.333333 527223052.333333 0.55 503 0 NA 0.178966666666667 0
0.745 6 529579505.5 529586980.25 0.595 1422 0 NA 0.132325 0
0.75 6 530356075 530358894.5 0.61 136 0 NA 0.0933 0
0.755 6 530941373.5 530944368 0.62 587 0 NA 0.1535 0
0.76 6 531805991 531812385 0.64 313 0 NA 0.127 0
0.77 6 533611927 533613729 0.67 99 0 NA 0.1032 0
0.775 6 534645227 534665057 0.69 45 0 NA 0.0982 0
0.785 6 535838085 535842826.5 0.71 362 0 NA 0.1204 0
0.81 6 538632707 538636682 0.78 201 0 Inf 0.1385 0
0.825 6 540207325 540211438 0.85 172 0 NA 0.1174 0
0.84 6 541589026.5 541597410.5 0.88 246 0 NA 0.1046 0
0.845 6 542333677 542344469 0.89 15 0 NA 0.0776 0
0.85 6 542620485.5 542624068 0.89 283 0 NA 0.15055 0
0.86 6 543604198 543618645 0.89 680 0 NA 0.0799 0
0.875 6 545378800 545386603 0.85 507 0 Inf 0.102 0
0.88 6 545756670 545766829 0.835 914 0 NA 0.1059 0
0.885 6 546165126 546169774 0.83 126 0 NA 0.2745 0
0.895 6 547167979.5 547171373.5 0.86 281 0 Inf 0.09985 0
0.91 6 548931587 548941023 0.89 283 0 NA 0.0909 0
0.915 6 549919842 549923137 0.88 56 0 NA 0.0957 0
0.92 6 550481672.333333 550486379.333333 0.88 1325 0 NA 0.138533333333333 0
0.93 6 551255872 551261587 0.86 228 0 NA 0.1008 0
0.935 6 552159766.5 552165363.5 0.815 533 0 NA 0.2055 0
0.94 6 552766400.5 552769412 0.785 273 0 NA 0.12445 0
0.95 6 553919206 553930624 0.75 18 0 NA 0.0596 0
0.955 6 554891494 554896282 0.73 363 0 NA 0.1365 0
0.96 6 555669921.333333 555680308.666667 0.73 1933 0 NA 0.0784 0
0.965 6 556203317 556212666 0.73 706 0 Inf 0.16885 0
0.98 6 557891026 557893476 0.76 98 0 NA 0.1634 0
0.985 6 558861492 558869733 0.8 53 0 NA 0.2366 0
0.99 6 559348347 559355419 0.83 273 0 NA 0.1717 0
0.995 6 559996715 560004032 0.86 443 0 NA 0.2065 0
1 6 560486117.5 560491613 0.895 686 0.00114889373177843 0 0.12575 109635.982356589
1.015 6 562814201 562818395 0.97 401 0 NA 0.1217 0
1.02 6 563146998 563153322 0.9775 460 0 NA 0.147825 0
1.03 6 564085703 564091732 0.99 323 0 NA 0.0898 0
1.035 6 564699476 564704186 1 408 0.00194884 0 0.0942 248259.872611465
1.04 6 565192449 565200178.5 1 795 0.000935058778616352 0.628641431694801 0.11265 99606.7939937526
1.045 6 565799867 565805994 1 615 0 NA 0.1299 0
1.05 6 566148722 566152762 1.01 307 0 NA 0.0814 0
1.06 6 566842937.5 566849292.5 1.03 1198 0 NA 0.13585 0
1.065 6 567375944.5 567379624 1.035 297 0.021095943030303 0 0.1733 1460769.28080575
1.075 6 568036829 568041120 1.05 366 0.00222222 0 0.2063 129261.463887542
1.08 6 568471093 568476958 1.06 259 0 NA 0.2405 0
1.105 6 570404914 570414327 1.1 681 0 NA 0.0817 0
1.12 6 571850670 571854751 1.12 338 0 NA 0.1065 0
1.13 6 572797221 572803184 1.13 260 0 NA 0.1841 0
1.14 6 573492912 573497540 1.14 347 0 NA 0.1269 0
1.145 6 574030770 574045386 1.15 625 0.00935412 0.077263066969421 0.1063 1055968.39134525
1.15 6 574788532 574792813.666667 1.17 391 0.0359828705882353 0.0676363655386354 0.1197 3607305.32212885
1.155 6 575315043 575318818 1.18 111 0 NA 0.1007 0
1.16 6 575747361.5 575751682 1.185 468 0.0157790769230769 0 0.14325 1321807.49093838
1.165 6 576470881 576476010 1.2 541 0.0100245615526802 0 0.1761 683104.705463729
1.17 6 576646684.5 576652501.5 1.2 1021 0.0364130859941234 0.0124393085825653 0.19015 2297959.67357077
1.18 6 577490866 577494830 1.21 98 0.039604 0 0.2046 2322815.24926686
1.185 6 578288703 578295411 1.22 51 0 NA 0.0874 0
1.19 6 578609329.5 578614899 1.225 160 0 NA 0.09825 0
1.195 6 578861573 578864712.5 1.23 179 0.00436026815642458 0.294964176258956 0.1929 271245.297444764
1.2 6 579301297 579303943 1.24 23 0 NA 0.193 0
1.205 6 579632253 579637507.5 1.24 537 0.0090505795716946 0 0.15725 690664.259843149
1.225 6 581268107.666667 581272633 1.27 898 0 Inf 0.2411 0
1.23 6 581557828.5 581566063 1.27 245 0 NA 0.1303 0
1.245 6 582785953 582800291 1.29 816 0 NA 0.1345 0
1.25 6 583264938 583268511 1.3 91 0 NA 0.237 0
0 7 541871.8 546450 0.95 998 0.0139555325651303 0.0674896930534765 0.30948 541121.852079498
0.005 7 1309283 1315775 0.95 17 0 NA 0.1793 0
0.01 7 2723174 2726080 0.96 72 0.0111369 0.569728560012212 0.1696 787988.20754717
0.015 7 3951929 3957288.5 0.97 301 0.00533679069767442 0 0.41735 153447.91750831
0.02 7 5387450 5392662 0.97 11 0 NA 0.1268 0
0.03 7 6457141 6470484 0.97 1359 0.0125255897424577 0.121801469966256 0.1567 959202.788190761
0.035 7 6933506 6937788.5 0.97 91 0.0053019 0.48989984722458 0.16725 380405.381165919
0.04 7 7624609 7626289 0.97 108 0 NA 0.1598 0
0.05 7 8553570 8557767 0.97 620 0 NA 0.1119 0
0.065 7 9889081 9895333 0.97 108 0 NA 0.2162 0
0.07 7 10557666 10564963.5 0.97 81 0 NA 0.1572 0
0.075 7 10918950.5 10922053 0.97 301 0.00264344119601329 0.577756882891248 0.28105 112867.085401742
0.08 7 11225779.6666667 11230622.6666667 0.97 691 0.00231949131693198 0.142540068637486 0.1742 159781.261786359
0.085 7 11489263 11540797 0.97 84 0.0274030809523809 0 0.17 1934335.12605042
0.1 7 12704624 12710290 0.97 247 0.00313112 0.298480735327934 0.0696 539848.275862069
0.115 7 14293803 14296558 0.96 236 0.00623782 0 0.1908 392315.72327044
0.125 7 14989806 15116928 0.96 129 0.0227758 0 0.4541 601870.953534464
0.13 7 15661403 15666464 0.97 374 0.0221384 0 0.1449 1833407.86749482
0.135 7 15923337.5 15926789.5 0.98 142 0.00525313521126761 0 0.15915 396089.36559982
0.14 7 16666758 16674195 0.98 14 0 NA 0.1326 0
0.145 7 17084707 17089047 0.98 174 0 NA 0.1398 0
0.155 7 18086018 18090453 0.97 204 0 NA 0.2047 0
0.16 7 18662590 18669859 0.97 763 0.00405491 0.0746093008229529 0.1579 308162.887903736
0.165 7 18910359 18916086 0.96 23 0 NA 0.1748 0
0.17 7 19620901.5 19624474 0.95 1010 0.0162817267326733 0.0424463518112755 0.18925 1032394.82584982
0.185 7 20819709 20823800 0.96 14 0 NA 0.177 0
0.195 7 21858139 21861399 0.97 18 0 NA 0.0864 0
0.2 7 22475854 22480447 0.97 32 0 NA 0.0787 0
0.205 7 22920146.5 22926184 0.97 605 0 NA 0.0993 0
0.21 7 23275857 23279052 0.97 23 0 NA 0.1575 0
0.215 7 24169846 24210540 0.95 37 0 NA 0.1049 0
0.225 7 25222404.5 25262913 0.91 266 0 NA 0.14435 0
0.24 7 26825801 26829859 0.87 187 0.00395062 0 0.229 207019.388646288
0.25 7 27986777 27992005 0.84 32 0 NA 0.1801 0
0.26 7 29776353.5 29779744 0.82 150 0 NA 0.1979 0
0.265 7 30073001 30075177 0.82 55 0 NA 0.1256 0
0.27 7 30840366 30849928 0.82 420 0 NA 0.1193 0
0.285 7 32961031 32965998.5 0.82 441 0.00176632126984127 0.297642557970004 0.1162 182408.392754692
0.295 7 34396250 34402461 0.84 64 0 NA 0.0664 0
0.3 7 34785033 34861412.5 0.85 163 0 NA 0.12585 0
0.32 7 37108568 37114801.5 0.87 376 0.00218534377659574 0 0.14665 178821.175036815
0.325 7 37802545 37806920 0.87 259 0 Inf 0.2213 0
0.34 7 39189002 39194783 0.87 52 0 NA 0.159 0
0.345 7 40113925 40120154 0.87 60 0 NA 0.1393 0
0.36 7 41766864 41772616 0.86 551 0 NA 0.18395 0
0.37 7 43039157 43048420 0.85 275 0 Inf 0.2175 0
0.385 7 44260549.5 44265785.5 0.83 359 0.00222841353760446 0.283387438302223 0.10745 248868.892054476
0.395 7 45548421 45553974.6666667 0.803333333333333 473 0 NA 0.103066666666667 0
0.41 7 47595794 47598767 0.76 117 0 NA 0.1619 0
0.415 7 47959521 47966675 0.745 334 0 NA 0.1373 0
0.42 7 48721258 48726135 0.73 90 0 NA 0.1826 0
0.425 7 49274692.5 49281190.5 0.725 384 0 Inf 0.1296 0
0.43 7 49804783 49816030 0.72 10 0 NA 0.1366 0
0.435 7 50144309 50146903 0.71 120 0 NA 0.4295 0
0.44 7 51040903 51043976 0.7 84 0 NA 0.0442 0
0.455 7 52602667.5 52607254 0.68 387 0 NA 0.12415 0
0.47 7 55235864 55238933 0.66 125 0 NA 0.1519 0
0.475 7 56620339 56625810 0.63 16 0 NA 0.1003 0
0.49 7 59968752.5 59975365.5 0.625 818 0 NA 0.1166 0
0.505 7 62541430 62602136.5 0.6 683 0.00473043991215227 0 0.14935 380082.215907782
0.51 7 63538653.3333333 63544029 0.593333333333333 314 0 NA 0.117833333333333 0
0.52 7 65332285 65334403 0.57 111 0 NA 0.0176 0
0.525 7 65938696.6666667 65942850.3333333 0.563333333333333 326 0 NA 0.209866666666667 0
0.53 7 66759371 66762306 0.56 276 0 NA 0.098 0
0.535 7 67727460 67734472 0.55 736 0.00221556 0 0.1512 175838.095238095
0.54 7 68120280.5 68169327.5 0.54 624 0 NA 0.20335 0
0.545 7 68759790 68767516 0.53 593 0 NA 0.1125 0
0.55 7 69724970 69731303 0.525 320 0 Inf 0.0999 0
0.555 7 70513628 70526034 0.5125 1077 0 NA 0.11195 0
0.565 7 71927582 71938927.5 0.5 548 0 NA 0.1318 0
0.57 7 72597634 72608627 0.49 270 0 NA 0.0789 0
0.58 7 74459532 74467919 0.47 583 0 NA 0.0923 0
0.585 7 75290127 75295118.5 0.46 617 0 NA 0.14835 0
0.595 7 77353906.6666667 77359839 0.433333333333333 983 0 Inf 0.119633333333333 0
0.6 7 78424234.6666667 78430583.6666667 0.423333333333333 343 0 NA 0.1347 0
0.605 7 79738609.6666667 79745107.6666667 0.406666666666667 531 0 NA 0.0948 0
0.61 7 81400882 81404143 0.39 56 0 Inf 0.1892 0
0.615 7 82773568.3333333 82783832.6666667 0.366666666666667 557 0 Inf 0.108366666666667 0
0.62 7 84642367 84646994 0.35 65 0 NA 0.1251 0
0.63 7 87943191 87946757 0.31 196 0 NA 0.1839 0
0.635 7 89927728 89940090 0.28 2030 0 NA 0.0777 0
0.64 7 92521715.5 92532219 0.255 331 0 NA 0.0762 0
0.645 7 94706585.5 94711592 0.23 359 0 NA 0.0823 0
0.65 7 99039118 99069525.5 0.19 545 0.00153875317431193 0 0.1339 137901.703448418
0.655 7 102378659 102383682.2 0.162 854 0 NA 0.13784 0
0.66 7 108006061.555556 108012131.222222 0.125555555555556 1835 0 NA 0.131644444444444 0
0.665 7 112969053 112976833 0.1 91 0 NA 0.1363 0
0.67 7 117624012 117638938 0.08 137 0 NA 0.0857 0
0.675 7 120007472 120013391 0.07 414 0 NA 0.0756 0
0.68 7 130327518.142857 130331950.428571 0.0342857142857143 1377 0 NA 0.144742857142857 0
0.685 7 144616849.357143 144625455.214286 0.03 2697 0.00028620126807564 0 0.107121428571429 32060.9542153147
0.69 7 163348627.26087 163356493.304348 0.0282608695652174 4113 0 NA 0.111465217391304 0
0.695 7 187367859 187373913.583333 0.0025 2404 0 NA 0.106533333333333 0
0.7 7 203507633.882353 203513726.588235 0.00117647058823529 3063 0 Inf 0.124217647058824 0
0.705 7 230870545.4 230876005.366667 0.031 7032 0 NA 0.104126666666667 0
0.71 7 316771907.809524 316790537.460317 0.0107936507936508 15258 0 Inf 0.101255555555556 0
0.715 7 420867819.966667 420873683.166667 0.0233333333333333 5236 0 NA 0.10538 0
0.72 7 445224854 445231176.5 0.04 244 0 NA 0.14575 0
0.725 7 451993112.2 4.52e+08 0.042 479 0 Inf 0.12724 0
0.73 7 459782777.375 459786882.375 0.05 1655 0 NA 0.1446625 0
0.735 7 465152140.6 465162757 0.046 644 0 NA 0.09174 0
0.74 7 472849943.571429 472872233.428571 0.04 1721 0 NA 0.129485714285714 0
0.745 7 485101295.5 485106732.5 0.04625 1978 0 NA 0.1657625 0
0.75 7 494610843.285714 494617589.857143 0.0542857142857143 1124 0 NA 0.155742857142857 0
0.755 7 503041498.1 503096653.3 0.067 1414 0 NA 0.1617 0
0.76 7 509858425.8 509863298.6 0.084 928 0 NA 0.10972 0
0.765 7 516322785.857143 516327682.571429 0.0971428571428571 1591 0.000950294318038969 0.151562526931846 0.1076 105980.778963454
0.77 7 523879993.75 523887809 0.095 1775 0.00043077821971831 0 0.11535 44814.3791644536
0.775 7 528896826 528912278.666667 0.0833333333333333 1254 0 NA 0.0706666666666667 0
0.78 7 533778950.5 533785104.5 0.105 569 0 Inf 0.12 0
0.785 7 540493557.666667 540497768 0.133333333333333 910 0 NA 0.148166666666667 0
0.79 7 546446145 546451360.8 0.13 1109 0 Inf 0.1265 0
0.795 7 549810559 549814664.666667 0.13 861 0 NA 0.135066666666667 0
0.8 7 553355626 553361019.75 0.14 591 0 Inf 0.12555 0
0.805 7 557594323 557601646 0.16 328 0 NA 0.11155 0
0.81 7 559983913.5 559988530.5 0.17 218 0 NA 0.14035 0
0.815 7 561016900 561023385.25 0.18 1236 0 Inf 0.116275 0
0.82 7 562588696.5 562594763.5 0.19 141 0 NA 0.0756 0
0.825 7 565786877.333333 565791668.333333 0.22 843 0 NA 0.130733333333333 0
0.83 7 566875125 566878840 0.23 169 0 NA 0.1453 0
0.835 7 569755592 569764069.5 0.265 684 0 Inf 0.23455 0
0.84 7 571188091.666667 571193725.666667 0.28 671 0 NA 0.122866666666667 0
0.85 7 574963888 574968280 0.33 57 0 NA 0.1389 0
0.855 7 575953069 575961581.5 0.345 448 0 NA 0.1029 0
0.86 7 578363460 578369742 0.38 492 0 Inf 0.0922 0
0.87 7 580561803 580564945 0.39 105 0 NA 0.1932 0
0.875 7 581853871.5 581867004 0.395 239 0 NA 0.093 0
0.88 7 583557896 583565145.5 0.405 551 0 NA 0.09105 0
0.895 7 587200202 587204788 0.44 573 0 NA 0.08705 0
0.905 7 588971019.5 588978381.5 0.46 1012 0 Inf 0.10495 0
0.91 7 590606136 590613799 0.48 184 0 NA 0.1353 0
0.915 7 591528410 591533831.5 0.49 453 0 NA 0.1435 0
0.925 7 592967964.5 592973887.5 0.505 120 0 NA 0.2012 0
0.93 7 594027869.333333 594033028 0.523333333333333 119 0 NA 0.0884 0
0.955 7 597747293 597749578 0.56 26 0 NA 0.3786 0
0.965 7 599452511 599458197 0.58 324 0.00438757 0.104230131940915 0.1149 458231.853785901
0.985 7 603143342 603146132 0.63 160 0 NA 0.0748 0
0.995 7 604590776.5 604615143 0.65 677 0 NA 0.18385 0
1 7 606517930 606522329 0.68 11 0 NA 0.1396 0
1.005 7 606975375 606979957 0.69 50 0 NA 0.1249 0
1.03 7 610910077 610913027 0.74 165 0 NA 0.2031 0
1.035 7 611157115.5 611160791.5 0.74 174 0 NA 0.15645 0
1.055 7 614229976 614232292 0.78 151 0 NA 0.1378 0
1.08 7 616997418 617003809.666667 0.823333333333333 319 0 NA 0.131566666666667 0
1.085 7 617433024 617437317 0.83 62 0 NA 0.3643 0
1.09 7 617943629 617946527 0.84 70 0 NA 0.168 0
1.095 7 618942336 618948783 0.88 210 0 NA 0.115 0
1.1 7 619438106 619442305 0.9 205 0 NA 0.12 0
1.125 7 621838004 621840865 0.96 352 0 NA 0.2981 0
1.14 7 623349422 623355421 0.97 161 0.00499523571428571 0 0.14925 401626.992103374
1.145 7 623672699.5 623677916.5 0.97 1186 0.00187599173693086 0 0.14265 157812.133495761
1.16 7 624871459 624873764 0.97 102 0.0217852 0 0.1994 1311045.13540622
1.165 7 625630612 625636687 0.96 319 0 NA 0.0858 0
1.17 7 625778395 625789018 0.96 676 0 NA 0.1016 0
1.175 7 626392778.75 626397480.75 0.95 229 0 NA 0.169575 0
1.185 7 627435412 627439994.333333 0.93 154 0.00608818961038961 0 0.161366666666667 452747.006763119
1.2 7 628881709.5 628890678 0.885 899 0.0128602825472748 0.0200194275707415 0.12415 1243039.79514536
1.205 7 629272958 629278828 0.87 72 0 NA 0.1034 0
1.215 7 631162565 631165405 0.8 128 0.00603774 0 0.2621 276432.201449828
1.225 7 632371979.25 632377823.75 0.7725 576 0.001243311875 0 0.135125 110414.375578168
1.23 7 632754700 632757798 0.77 264 0 NA 0.1705 0
1.235 7 633737055 633745339 0.76 38 0 NA 0.125 0
1.24 7 634618189 634622621 0.76 52 0 NA 0.1291 0
1.25 7 636403133 636408251 0.79 398 0 NA 0.1366 0
1.255 7 636880897 636884028.5 0.805 384 0 Inf 0.1248 0
1.265 7 638085727 638105117 0.8 18 0 NA 0.0906 0
1.275 7 639661750.5 639666980 0.81 360 0 NA 0.1717 0
1.28 7 639920378 639923988 0.81 19 0 NA 0.1442 0
1.285 7 640930729 640936553 0.84 185 0 NA 0.1913 0
1.29 7 641086044 641099360 0.85 827 0.000976205 0 0.0728 160912.912087912
1.295 7 641797435.666667 641802932.5 0.86 1158 0.00206081532815199 0 0.26155 94550.884870288
1.3 7 642227605 642231393.5 0.86 267 0 NA 0.12125 0
1.305 7 642747946.5 642751984 0.865 269 0.00302605442379182 0.279423864591904 0.1474 246354.498544789
1.31 7 643326641.5 643331868.5 0.87 733 0 NA 0.15715 0
1.32 7 644947994 645046292 0.9 12 0 NA 0.1353 0
1.33 7 645815374 645825726 0.91 297 0 NA 0.1414 0
1.335 7 646432525 646437065 0.92 237 0 NA 0.1036 0
1.34 7 647090190.5 647097428 0.93 499 0.00314403246492986 0.293044137055905 0.1476 255612.395522753
1.37 7 650017700 650021253 0.97 188 0 NA 0.2698 0
1.375 7 650398234 650404481 0.98 553 0 Inf 0.1436 0
1.38 7 651008226 651010988 0.99 175 0.0250871 0 0.1968 1529701.2195122
1.39 7 651897278 651906855 1 64 0 NA 0.1558 0
1.395 7 652117288 652121302 1.01 142 0 NA 0.3859 0
1.4 7 652853918 652868651 1.02 1576 0.00209515 0.137235042837028 0.1024 245525.390625
1.405 7 653319401 653326321.5 1.03 1387 0.00115091911319394 0.576122048745205 0.1544 89449.672009892
1.41 7 654028814 654031317 1.04 149 0.0179775 0.0828680294812961 0.2316 931476.683937824
1.415 7 654499218.5 654503712 1.045 531 0.00940827762711864 0 0.1939 582255.448816007
1.43 7 656037263 656058136 NA 172 0.05 0.1824104 0.1286 4665629.8600311
1.435 7 656869393 656873517 NA 102 0 NA 0.2879 0
