Species Windows piS_obs piS_est Fis_obs Fis_est u1_est s1_est u2_est s2_est u3_est s3_est lnLNull lnLMax lnLSat R2deviance R2efron
Ae_umbellulata 1cM 0.00367524168079735 534.884731465648 0.8 0 9.99999999999556e-08 0.683047590278419 1.00861017784304e-10 0.99936378767124 1.0086102763766e-13 0.9999996903785 -2521.86322341869 -2434.04260181208 -1747.65212147095 0.113432397682845 0.0232459285529171
Ae_umbellulata 1cM 0.00346703058542338 534.884731465648 0.8 0 9.99999999999556e-08 0.683047590278419 1.00861017784304e-10 0.99936378767124 1.0086102763766e-13 0.9999996903785 -2450.50741908923 -2434.04260181208 -1702.64269346738 0.0220157693137096 0.0265938889405497
Ae_umbellulata 1cM 0.00362284064462944 534.884731465648 0.8 0 9.99999999999556e-08 0.683047590278419 1.00861017784304e-10 0.99936378767124 1.0086102763766e-13 0.9999996903785 -2511.82872486187 -2434.04260181208 -1705.54350099937 0.0964746974738726 0.0480848382471609
Ae_umbellulata 1cM 0.00358759833625861 534.884731465648 0.8 0 9.99999999999556e-08 0.683047590278419 1.00861017784304e-10 0.99936378767124 1.0086102763766e-13 0.9999996903785 -2520.52204392551 -2434.04260181208 -1704.10721898861 0.105925859589964 0.0248488779662244
Ae_umbellulata 1cM 0.00382902731915683 534.884731465648 0.8 0 9.99999999999556e-08 0.683047590278419 1.00861017784304e-10 0.99936378767124 1.0086102763766e-13 0.9999996903785 -2536.18790341911 -2434.04260181208 -1747.07627457813 0.129443411899861 0.0272169172221055
Ae_umbellulata 1cM 0.00344806525226348 534.884731465648 0.8 0 9.99999999999556e-08 0.683047590278419 1.00861017784304e-10 0.99936378767124 1.0086102763766e-13 0.9999996903785 -2438.78681628674 -2434.04260181208 -1679.43003374544 0.00624767511628321 0.043426902505065
Ae_umbellulata 1cM 0.00396511188903319 534.884731465648 0.8 0 9.99999999999556e-08 0.683047590278419 1.00861017784304e-10 0.99936378767124 1.0086102763766e-13 0.9999996903785 -2517.23483815252 -2434.04260181208 -1702.60232752456 0.102122411338963 0.0331900201112982
Ae_umbellulata 1cM 0.00404929274309166 534.884731465648 0.8 0 9.99999999999556e-08 0.683047590278419 1.00861017784304e-10 0.99936378767124 1.0086102763766e-13 0.9999996903785 -2569.09508632033 -2434.04260181208 -1706.23640116226 0.156517500294404 0.0421103077484835
Ae_umbellulata 1cM 0.00385034789781817 534.884731465648 0.8 0 9.99999999999556e-08 0.683047590278419 1.00861017784304e-10 0.99936378767124 1.0086102763766e-13 0.9999996903785 -2528.98132698814 -2434.04260181208 -1740.45409899152 0.120400059510022 0.0346943537009336
Ae_umbellulata 1cM 0.00353496483067482 534.884731465648 0.8 0 9.99999999999556e-08 0.683047590278419 1.00861017784304e-10 0.99936378767124 1.0086102763766e-13 0.9999996903785 -2467.47915022051 -2434.04260181208 -1704.25081194441 0.0438093644216057 0.0337277325686437
Ae_umbellulata 1cM 0.00396863102404964 534.884731465648 0.8 0 9.99999999999556e-08 0.683047590278419 1.00861017784304e-10 0.99936378767124 1.0086102763766e-13 0.9999996903785 -2569.09508632033 -2434.04260181208 -1749.2005510617 0.164719337305567 0.0516809531393545
Ae_umbellulata 1cM 0.00369697840170606 534.884731465648 0.8 0 9.99999999999556e-08 0.683047590278419 1.00861017784304e-10 0.99936378767124 1.0086102763766e-13 0.9999996903785 -2462.07152883636 -2434.04260181208 -1645.43765837855 0.0343225134766594 0.0484614154393155
Ae_umbellulata 1cM 0.00398434094319465 534.884731465648 0.8 0 9.99999999999556e-08 0.683047590278419 1.00861017784304e-10 0.99936378767124 1.0086102763766e-13 0.9999996903785 -2550.7117987221 -2434.04260181208 -1725.60883026327 0.141399560260872 0.0350267051623853
Ae_umbellulata 1cM 0.00399998352535165 534.884731465648 0.8 0 9.99999999999556e-08 0.683047590278419 1.00861017784304e-10 0.99936378767124 1.0086102763766e-13 0.9999996903785 -2495.25144404533 -2434.04260181208 -1700.89551862732 0.0770546807478615 0.0483598329547044
Ae_umbellulata 1cM 0.00419863956024113 534.884731465648 0.8 0 9.99999999999556e-08 0.683047590278419 1.00861017784304e-10 0.99936378767124 1.0086102763766e-13 0.9999996903785 -2562.44237294098 -2434.04260181208 -1752.42425269648 0.15851468988144 0.0301494024688835
Ae_umbellulata 1cM 0.00349210818067907 534.884731465648 0.8 0 9.99999999999556e-08 0.683047590278419 1.00861017784304e-10 0.99936378767124 1.0086102763766e-13 0.9999996903785 -2458.23395519091 -2434.04260181208 -1675.95113025774 0.0309240502383555 0.0413050737066169
Ae_umbellulata 1cM 0.00378501337795875 534.884731465648 0.8 0 9.99999999999556e-08 0.683047590278419 1.00861017784304e-10 0.99936378767124 1.0086102763766e-13 0.9999996903785 -2505.93378133153 -2434.04260181208 -1729.88792138236 0.0926377978798323 0.051245091168578
Ae_umbellulata 1cM 0.00373701065953653 534.884731465648 0.8 0 9.99999999999556e-08 0.683047590278419 1.00861017784304e-10 0.99936378767124 1.0086102763766e-13 0.9999996903785 -2543.33503424591 -2434.04260181208 -1692.66034725828 0.12847735345324 0.0240272846734439
Ae_umbellulata 1cM 0.00418502133487307 534.884731465648 0.8 0 9.99999999999556e-08 0.683047590278419 1.00861017784304e-10 0.99936378767124 1.0086102763766e-13 0.9999996903785 -2516.93538188222 -2434.04260181208 -1771.39754498856 0.111185208809149 0.0293682682823448
Ae_umbellulata 1cM 0.00401078981529267 534.884731465648 0.8 0 9.99999999999556e-08 0.683047590278419 1.00861017784304e-10 0.99936378767124 1.0086102763766e-13 0.9999996903785 -2554.87859029612 -2434.04260181208 -1765.75418548982 0.153126665134256 0.0405619882378088
Ae_umbellulata 1cM 0.0037416656912436 534.884731465648 0.8 0 9.99999999999556e-08 0.683047590278419 1.00861017784304e-10 0.99936378767124 1.0086102763766e-13 0.9999996903785 -2502.13376405881 -2434.04260181208 -1715.16851317202 0.0865237215620471 0.0422753014939698
Ae_umbellulata 1cM 0.00389678676059271 534.884731465648 0.8 0 9.99999999999556e-08 0.683047590278419 1.00861017784304e-10 0.99936378767124 1.0086102763766e-13 0.9999996903785 -2554.16160595878 -2434.04260181208 -1766.50115488362 0.152500997076521 0.0203885344275694
Ae_umbellulata 1cM 0.00376488426570554 534.884731465648 0.8 0 9.99999999999556e-08 0.683047590278419 1.00861017784304e-10 0.99936378767124 1.0086102763766e-13 0.9999996903785 -2503.65577173063 -2434.04260181208 -1683.95448937902 0.0849250469864326 0.0293417941327269
Ae_umbellulata 1cM 0.0039289236482435 534.884731465648 0.8 0 9.99999999999556e-08 0.683047590278419 1.00861017784304e-10 0.99936378767124 1.0086102763766e-13 0.9999996903785 -2556.88299605103 -2434.04260181208 -1736.13769154415 0.149669323192484 0.0610727772793583
Ae_umbellulata 1cM 0.00376722930867604 534.884731465648 0.8 0 9.99999999999556e-08 0.683047590278419 1.00861017784304e-10 0.99936378767124 1.0086102763766e-13 0.9999996903785 -2467.32058346308 -2434.04260181208 -1660.3759149622 0.0412394838828655 0.00778214433671188
Ae_umbellulata 1cM 0.00388271160175181 534.884731465648 0.8 0 9.99999999999556e-08 0.683047590278419 1.00861017784304e-10 0.99936378767124 1.0086102763766e-13 0.9999996903785 -2518.28212075428 -2434.04260181208 -1674.87625526436 0.0998801672943878 0.0427633251314514
Ae_umbellulata 1cM 0.00334645176537499 534.884731465648 0.8 0 9.99999999999556e-08 0.683047590278419 1.00861017784304e-10 0.99936378767124 1.0086102763766e-13 0.9999996903785 -2438.29499878704 -2434.04260181208 -1637.47969539018 0.0053100845562325 0.0397949394937574
Ae_umbellulata 1cM 0.00340931877202292 534.884731465648 0.8 0 9.99999999999556e-08 0.683047590278419 1.00861017784304e-10 0.99936378767124 1.0086102763766e-13 0.9999996903785 -2461.27343525187 -2434.04260181208 -1638.61129739214 0.0331008711676483 0.0489483909995892
Ae_umbellulata 1cM 0.00407045717759483 534.884731465648 0.8 0 9.99999999999556e-08 0.683047590278419 1.00861017784304e-10 0.99936378767124 1.0086102763766e-13 0.9999996903785 -2571.20758640283 -2434.04260181208 -1714.13237878847 0.160038446302219 0.0442549722674406
Ae_umbellulata 1cM 0.00332195981456302 534.884731465648 0.8 0 9.99999999999556e-08 0.683047590278419 1.00861017784304e-10 0.99936378767124 1.0086102763766e-13 0.9999996903785 -2444.17845545888 -2434.04260181208 -1675.55533791032 0.0131870267955599 0.0246229322030682
Ae_umbellulata 1cM 0.00374809768428254 534.884731465648 0.8 0 9.99999999999556e-08 0.683047590278419 1.00861017784304e-10 0.99936378767124 1.0086102763766e-13 0.9999996903785 -2496.47897050862 -2434.04260181208 -1702.39304421741 0.0786267161138974 0.0389484396184998
Ae_umbellulata 1cM 0.00385286820039561 534.884731465648 0.8 0 9.99999999999556e-08 0.683047590278419 1.00861017784304e-10 0.99936378767124 1.0086102763766e-13 0.9999996903785 -2519.62676945658 -2434.04260181208 -1735.87839691842 0.109198526776312 0.0477758889556128
Ae_umbellulata 1cM 0.00347505790711164 534.884731465648 0.8 0 9.99999999999556e-08 0.683047590278419 1.00861017784304e-10 0.99936378767124 1.0086102763766e-13 0.9999996903785 -2452.76812098108 -2434.04260181208 -1698.45927428367 0.0248247375739965 0.0315052430014788
Ae_umbellulata 1cM 0.00349457335737624 534.884731465648 0.8 0 9.99999999999556e-08 0.683047590278419 1.00861017784304e-10 0.99936378767124 1.0086102763766e-13 0.9999996903785 -2526.61511758063 -2434.04260181208 -1724.89266213361 0.115467036178914 0.0496327215320799
Ae_umbellulata 1cM 0.00338643097086804 534.884731465648 0.8 0 9.99999999999556e-08 0.683047590278419 1.00861017784304e-10 0.99936378767124 1.0086102763766e-13 0.9999996903785 -2490.32386997332 -2434.04260181208 -1710.24871526252 0.0721485203334074 0.0464493852952347
Ae_umbellulata 1cM 0.00367995996407932 534.884731465648 0.8 0 9.99999999999556e-08 0.683047590278419 1.00861017784304e-10 0.99936378767124 1.0086102763766e-13 0.9999996903785 -2498.92881761684 -2434.04260181208 -1725.2172192458 0.0838635687268613 0.0260758285025508
Ae_umbellulata 1cM 0.00346772032604429 534.884731465648 0.8 0 9.99999999999556e-08 0.683047590278419 1.00861017784304e-10 0.99936378767124 1.0086102763766e-13 0.9999996903785 -2448.7270044264 -2434.04260181208 -1694.3951301384 0.019466766704219 0.0289102584606306
Ae_umbellulata 1cM 0.00386280843785959 534.884731465648 0.8 0 9.99999999999556e-08 0.683047590278419 1.00861017784304e-10 0.99936378767124 1.0086102763766e-13 0.9999996903785 -2499.69297623854 -2434.04260181208 -1720.89657935282 0.0842972241384107 0.0319255165346461
Ae_umbellulata 1cM 0.00352744839737457 534.884731465648 0.8 0 9.99999999999556e-08 0.683047590278419 1.00861017784304e-10 0.99936378767124 1.0086102763766e-13 0.9999996903785 -2525.87434992528 -2434.04260181208 -1750.07941030121 0.118371161531041 0.0415185072171758
Ae_umbellulata 1cM 0.00325369109955371 534.884731465648 0.8 0 9.99999999999556e-08 0.683047590278419 1.00861017784304e-10 0.99936378767124 1.0086102763766e-13 0.9999996903785 -2413.67854413543 -2434.04260181208 -1614.81964190966 -0.0254914323667295 0.0489705881074599
Ae_umbellulata 1cM 0.00363361625728174 534.884731465648 0.8 0 9.99999999999556e-08 0.683047590278419 1.00861017784304e-10 0.99936378767124 1.0086102763766e-13 0.9999996903785 -2498.01093663185 -2434.04260181208 -1698.50764740016 0.08001009586996 0.0362479264147207
Ae_umbellulata 1cM 0.00368901001152471 534.884731465648 0.8 0 9.99999999999556e-08 0.683047590278419 1.00861017784304e-10 0.99936378767124 1.0086102763766e-13 0.9999996903785 -2549.27031550698 -2434.04260181208 -1710.73853125471 0.137416035812707 0.0389212349224443
Ae_umbellulata 1cM 0.00354957483230322 534.884731465648 0.8 0 9.99999999999556e-08 0.683047590278419 1.00861017784304e-10 0.99936378767124 1.0086102763766e-13 0.9999996903785 -2491.55839368702 -2434.04260181208 -1698.13173021205 0.0724903693342509 0.0205773045755732
Ae_umbellulata 1cM 0.0037724650757762 534.884731465648 0.8 0 9.99999999999556e-08 0.683047590278419 1.00861017784304e-10 0.99936378767124 1.0086102763766e-13 0.9999996903785 -2563.57836266805 -2434.04260181208 -1776.61749581017 0.164602544181353 0.0336884709201748
Ae_umbellulata 1cM 0.00380379353538775 534.884731465648 0.8 0 9.99999999999556e-08 0.683047590278419 1.00861017784304e-10 0.99936378767124 1.0086102763766e-13 0.9999996903785 -2509.41513688379 -2434.04260181208 -1746.53235282643 0.0987996277368471 0.083445354577783
Ae_umbellulata 1cM 0.00330155326825504 534.884731465648 0.8 0 9.99999999999556e-08 0.683047590278419 1.00861017784304e-10 0.99936378767124 1.0086102763766e-13 0.9999996903785 -2517.683828577 -2434.04260181208 -1716.58604601849 0.104408261495614 0.0390522818941522
Ae_umbellulata 1cM 0.00368948824327843 534.884731465648 0.8 0 9.99999999999556e-08 0.683047590278419 1.00861017784304e-10 0.99936378767124 1.0086102763766e-13 0.9999996903785 -2509.26406414232 -2434.04260181208 -1694.70825498328 0.0923466034916633 0.0269348076262779
Ae_umbellulata 1cM 0.00391918382041613 534.884731465648 0.8 0 9.99999999999556e-08 0.683047590278419 1.00861017784304e-10 0.99936378767124 1.0086102763766e-13 0.9999996903785 -2607.02900985645 -2434.04260181208 -1751.94918578943 0.202304396824145 0.0337738065727115
Ae_umbellulata 1cM 0.00365221659318167 534.884731465648 0.8 0 9.99999999999556e-08 0.683047590278419 1.00861017784304e-10 0.99936378767124 1.0086102763766e-13 0.9999996903785 -2508.96183960496 -2434.04260181208 -1683.75580164208 0.0907885235278101 0.0455197237502731
Ae_umbellulata 1cM 0.00375121675272391 534.884731465648 0.8 0 9.99999999999556e-08 0.683047590278419 1.00861017784304e-10 0.99936378767124 1.0086102763766e-13 0.9999996903785 -2569.37705072039 -2434.04260181208 -1721.62323426134 0.159638855385615 0.0407361367865567
Ae_umbellulata 1cM 0.00377248436308261 534.884731465648 0.8 0 9.99999999999556e-08 0.683047590278419 1.00861017784304e-10 0.99936378767124 1.0086102763766e-13 0.9999996903785 -2545.65608107004 -2434.04260181208 -1726.84479574942 0.136311603490242 0.0430597595624593
Ae_umbellulata 1cM 0.00445011980985834 534.884731465648 0.8 0 9.99999999999556e-08 0.683047590278419 1.00861017784304e-10 0.99936378767124 1.0086102763766e-13 0.9999996903785 -2620.68737174144 -2434.04260181208 -1785.49382607584 0.223474871061915 0.0359519741342223
Ae_umbellulata 1cM 0.00354028461791157 534.884731465648 0.8 0 9.99999999999556e-08 0.683047590278419 1.00861017784304e-10 0.99936378767124 1.0086102763766e-13 0.9999996903785 -2503.95985265519 -2434.04260181208 -1721.79614230801 0.08938953561535 0.0444793488950109
Ae_umbellulata 1cM 0.00392327702634242 534.884731465648 0.8 0 9.99999999999556e-08 0.683047590278419 1.00861017784304e-10 0.99936378767124 1.0086102763766e-13 0.9999996903785 -2546.38013499831 -2434.04260181208 -1785.51535655509 0.147644543904484 0.0424062588499175
Ae_umbellulata 1cM 0.00356583608042688 534.884731465648 0.8 0 9.99999999999556e-08 0.683047590278419 1.00861017784304e-10 0.99936378767124 1.0086102763766e-13 0.9999996903785 -2486.76478282649 -2434.04260181208 -1718.63187827375 0.0686367954060122 0.0330084432250184
Ae_umbellulata 1cM 0.00355379860581577 534.884731465648 0.8 0 9.99999999999556e-08 0.683047590278419 1.00861017784304e-10 0.99936378767124 1.0086102763766e-13 0.9999996903785 -2494.32965637898 -2434.04260181208 -1704.21795166797 0.0763019383302896 0.0437954985608495
Ae_umbellulata 1cM 0.00352710006305637 534.884731465648 0.8 0 9.99999999999556e-08 0.683047590278419 1.00861017784304e-10 0.99936378767124 1.0086102763766e-13 0.9999996903785 -2512.43107269027 -2434.04260181208 -1668.36644567634 0.0928702238778966 0.0303399339581039
Ae_umbellulata 1cM 0.00394366903194098 534.884731465648 0.8 0 9.99999999999556e-08 0.683047590278419 1.00861017784304e-10 0.99936378767124 1.0086102763766e-13 0.9999996903785 -2549.41457178699 -2434.04260181208 -1751.01452022283 0.144503961076767 0.017141611838094
Ae_umbellulata 1cM 0.00359255473369768 534.884731465648 0.8 0 9.99999999999556e-08 0.683047590278419 1.00861017784304e-10 0.99936378767124 1.0086102763766e-13 0.9999996903785 -2522.30982228141 -2434.04260181208 -1695.8831089282 0.106805865593567 0.0303809705906222
Ae_umbellulata 1cM 0.00369552446361368 534.884731465648 0.8 0 9.99999999999556e-08 0.683047590278419 1.00861017784304e-10 0.99936378767124 1.0086102763766e-13 0.9999996903785 -2539.40411385411 -2434.04260181208 -1757.67419979337 0.134779941443873 0.0399810341984496
Ae_umbellulata 1cM 0.00377900681612769 534.884731465648 0.8 0 9.99999999999556e-08 0.683047590278419 1.00861017784304e-10 0.99936378767124 1.0086102763766e-13 0.9999996903785 -2587.37264644573 -2434.04260181208 -1713.94191790638 0.175549175937594 0.0111994253797698
Ae_umbellulata 1cM 0.00329066907059916 534.884731465648 0.8 0 9.99999999999556e-08 0.683047590278419 1.00861017784304e-10 0.99936378767124 1.0086102763766e-13 0.9999996903785 -2473.32580679834 -2434.04260181208 -1664.23272095288 0.0485521452024418 0.0320207003600815
Ae_umbellulata 1cM 0.00320314376472753 534.884731465648 0.8 0 9.99999999999556e-08 0.683047590278419 1.00861017784304e-10 0.99936378767124 1.0086102763766e-13 0.9999996903785 -2474.42750545456 -2434.04260181208 -1705.38791430875 0.0525134259762988 0.044260826781257
Ae_umbellulata 1cM 0.00363561377419701 534.884731465648 0.8 0 9.99999999999556e-08 0.683047590278419 1.00861017784304e-10 0.99936378767124 1.0086102763766e-13 0.9999996903785 -2522.30982228141 -2434.04260181208 -1677.21440629817 0.10444645515754 0.0326696700444222
Ae_umbellulata 1cM 0.0037735537574437 534.884731465648 0.8 0 9.99999999999556e-08 0.683047590278419 1.00861017784304e-10 0.99936378767124 1.0086102763766e-13 0.9999996903785 -2537.79750092338 -2434.04260181208 -1760.40568871296 0.133465387056614 0.0460376387819848
Ae_umbellulata 1cM 0.00389607628833718 534.884731465648 0.8 0 9.99999999999556e-08 0.683047590278419 1.00861017784304e-10 0.99936378767124 1.0086102763766e-13 0.9999996903785 -2516.03639154342 -2434.04260181208 -1713.91479995816 0.102221147755534 0.0334961689952396
Ae_umbellulata 1cM 0.00386090958919929 534.884731465648 0.8 0 9.99999999999556e-08 0.683047590278419 1.00861017784304e-10 0.99936378767124 1.0086102763766e-13 0.9999996903785 -2568.95406970801 -2434.04260181208 -1744.31706302812 0.163601035125871 0.0559975473402475
Ae_umbellulata 1cM 0.00374707290948777 534.884731465648 0.8 0 9.99999999999556e-08 0.683047590278419 1.00861017784304e-10 0.99936378767124 1.0086102763766e-13 0.9999996903785 -2540.13340881878 -2434.04260181208 -1733.82527412804 0.131576009768762 0.03479089788613
Ae_umbellulata 1cM 0.00320671629896229 534.884731465648 0.8 0 9.99999999999556e-08 0.683047590278419 1.00861017784304e-10 0.99936378767124 1.0086102763766e-13 0.9999996903785 -2393.19243270725 -2434.04260181208 -1615.39726769629 -0.0525204718960379 0.0309019742105691
Ae_umbellulata 1cM 0.00399335537167878 534.884731465648 0.8 0 9.99999999999556e-08 0.683047590278419 1.00861017784304e-10 0.99936378767124 1.0086102763766e-13 0.9999996903785 -2588.06268317197 -2434.04260181208 -1814.68058094382 0.199151339184284 0.047953200591452
Ae_umbellulata 1cM 0.00375622663196293 534.884731465648 0.8 0 9.99999999999556e-08 0.683047590278419 1.00861017784304e-10 0.99936378767124 1.0086102763766e-13 0.9999996903785 -2537.79750092338 -2434.04260181208 -1717.94593263537 0.126553272719797 0.0314309282422889
Ae_umbellulata 1cM 0.00356137264315647 534.884731465648 0.8 0 9.99999999999556e-08 0.683047590278419 1.00861017784304e-10 0.99936378767124 1.0086102763766e-13 0.9999996903785 -2531.78283316605 -2434.04260181208 -1703.96642323892 0.118069936983465 0.0408079128765213
Ae_umbellulata 1cM 0.00390042526234009 534.884731465648 0.8 0 9.99999999999556e-08 0.683047590278419 1.00861017784304e-10 0.99936378767124 1.0086102763766e-13 0.9999996903785 -2593.01479446537 -2434.04260181208 -1778.41570107156 0.195153903242114 0.0432592456398243
Ae_umbellulata 1cM 0.00386840803857916 534.884731465648 0.8 0 9.99999999999556e-08 0.683047590278419 1.00861017784304e-10 0.99936378767124 1.0086102763766e-13 0.9999996903785 -2577.65399328626 -2434.04260181208 -1782.17309210892 0.180534053377816 0.0112478193838991
Ae_umbellulata 1cM 0.00352434940182556 534.884731465648 0.8 0 9.99999999999556e-08 0.683047590278419 1.00861017784304e-10 0.99936378767124 1.0086102763766e-13 0.9999996903785 -2519.77604612732 -2434.04260181208 -1746.86041632222 0.110922125273705 0.0273935551955876
Ae_umbellulata 1cM 0.00396544457401617 534.884731465648 0.8 0 9.99999999999556e-08 0.683047590278419 1.00861017784304e-10 0.99936378767124 1.0086102763766e-13 0.9999996903785 -2607.97325860609 -2434.04260181208 -1798.48223292322 0.21486421871977 0.0391090538192935
Ae_umbellulata 1cM 0.00354170343077366 534.884731465648 0.8 0 9.99999999999556e-08 0.683047590278419 1.00861017784304e-10 0.99936378767124 1.0086102763766e-13 0.9999996903785 -2523.79682474635 -2434.04260181208 -1742.39849340074 0.114863596879852 0.0259746971070252
Ae_umbellulata 1cM 0.00355360949618688 534.884731465648 0.8 0 9.99999999999556e-08 0.683047590278419 1.00861017784304e-10 0.99936378767124 1.0086102763766e-13 0.9999996903785 -2515.28651968991 -2434.04260181208 -1722.5621038598 0.102486963004363 0.0732497541947926
Ae_umbellulata 1cM 0.0037737045045495 534.884731465648 0.8 0 9.99999999999556e-08 0.683047590278419 1.00861017784304e-10 0.99936378767124 1.0086102763766e-13 0.9999996903785 -2528.98132698814 -2434.04260181208 -1735.51062537245 0.119649944204303 0.0435638405777606
Ae_umbellulata 1cM 0.00351607667168648 534.884731465648 0.8 0 9.99999999999556e-08 0.683047590278419 1.00861017784304e-10 0.99936378767124 1.0086102763766e-13 0.9999996903785 -2519.32813893296 -2434.04260181208 -1723.96767635802 0.107228786360309 0.035581796634537
Ae_umbellulata 1cM 0.00362683625370308 534.884731465648 0.8 0 9.99999999999556e-08 0.683047590278419 1.00861017784304e-10 0.99936378767124 1.0086102763766e-13 0.9999996903785 -2523.79682474635 -2434.04260181208 -1749.36808040204 0.11589732895344 0.0515122383355525
Ae_umbellulata 1cM 0.00358228355194593 534.884731465648 0.8 0 9.99999999999556e-08 0.683047590278419 1.00861017784304e-10 0.99936378767124 1.0086102763766e-13 0.9999996903785 -2526.31888651523 -2434.04260181208 -1734.78904911756 0.116579666796301 0.0365985152518702
Ae_umbellulata 1cM 0.0035654717182642 534.884731465648 0.8 0 9.99999999999556e-08 0.683047590278419 1.00861017784304e-10 0.99936378767124 1.0086102763766e-13 0.9999996903785 -2508.81068779066 -2434.04260181208 -1725.88893302736 0.0954987973238586 0.0356067407866922
Ae_umbellulata 1cM 0.00375906349458076 534.884731465648 0.8 0 9.99999999999556e-08 0.683047590278419 1.00861017784304e-10 0.99936378767124 1.0086102763766e-13 0.9999996903785 -2477.41078638438 -2434.04260181208 -1671.51844333679 0.0538138684979972 0.0157797953315434
Ae_umbellulata 1cM 0.00352609834791916 534.884731465648 0.8 0 9.99999999999556e-08 0.683047590278419 1.00861017784304e-10 0.99936378767124 1.0086102763766e-13 0.9999996903785 -2512.2805249901 -2434.04260181208 -1675.71536428942 0.0935228083279208 0.0250281841395939
Ae_umbellulata 1cM 0.00331713634854895 534.884731465648 0.8 0 9.99999999999556e-08 0.683047590278419 1.00861017784304e-10 0.99936378767124 1.0086102763766e-13 0.9999996903785 -2465.25656971601 -2434.04260181208 -1663.76005474424 0.0389446083929986 0.0640240677162928
Ae_umbellulata 1cM 0.00397553012273421 534.884731465648 0.8 0 9.99999999999556e-08 0.683047590278419 1.00861017784304e-10 0.99936378767124 1.0086102763766e-13 0.9999996903785 -2546.81427711637 -2434.04260181208 -1758.40001675624 0.143036067425743 0.0255402657152901
Ae_umbellulata 1cM 0.00389809819824319 534.884731465648 0.8 0 9.99999999999556e-08 0.683047590278419 1.00861017784304e-10 0.99936378767124 1.0086102763766e-13 0.9999996903785 -2554.59186774822 -2434.04260181208 -1771.07195932307 0.153856034339246 0.0306220396150456
Ae_umbellulata 1cM 0.00385428269231768 534.884731465648 0.8 0 9.99999999999556e-08 0.683047590278419 1.00861017784304e-10 0.99936378767124 1.0086102763766e-13 0.9999996903785 -2531.48836398695 -2434.04260181208 -1747.94899295138 0.124366133696749 0.0316596463509853
Ae_umbellulata 1cM 0.00370749183680303 534.884731465648 0.8 0 9.99999999999556e-08 0.683047590278419 1.00861017784304e-10 0.99936378767124 1.0086102763766e-13 0.9999996903785 -2507.60052296325 -2434.04260181208 -1729.62909874365 0.0945509293287446 0.0690167866752633
Ae_umbellulata 1cM 0.00368810710983519 534.884731465648 0.8 0 9.99999999999556e-08 0.683047590278419 1.00861017784304e-10 0.99936378767124 1.0086102763766e-13 0.9999996903785 -2506.84331062233 -2434.04260181208 -1704.40898853026 0.090724819223153 0.0398749347869901
Ae_umbellulata 1cM 0.00386474558770316 534.884731465648 0.8 0 9.99999999999556e-08 0.683047590278419 1.00861017784304e-10 0.99936378767124 1.0086102763766e-13 0.9999996903785 -2493.86839447093 -2434.04260181208 -1735.40038797912 0.0788771472847867 0.0615304868805474
Ae_umbellulata 1cM 0.00366238991946909 534.884731465648 0.8 0 9.99999999999556e-08 0.683047590278419 1.00861017784304e-10 0.99936378767124 1.0086102763766e-13 0.9999996903785 -2526.17073299284 -2434.04260181208 -1772.41014238319 0.122224659034307 0.032111869571657
Ae_umbellulata 1cM 0.00382991245137473 534.884731465648 0.8 0 9.99999999999556e-08 0.683047590278419 1.00861017784304e-10 0.99936378767124 1.0086102763766e-13 0.9999996903785 -2566.12890766856 -2434.04260181208 -1797.46013848887 0.17183774227935 0.0368126115336634
Ae_umbellulata 1cM 0.00331126563688738 534.884731465648 0.8 0 9.99999999999556e-08 0.683047590278419 1.00861017784304e-10 0.99936378767124 1.0086102763766e-13 0.9999996903785 -2460.15486735408 -2434.04260181208 -1669.78920481312 0.0330382084895424 0.0392105655626128
Ae_umbellulata 1cM 0.00349970479623657 534.884731465648 0.8 0 9.99999999999556e-08 0.683047590278419 1.00861017784304e-10 0.99936378767124 1.0086102763766e-13 0.9999996903785 -2464.93859214666 -2434.04260181208 -1700.45073632333 0.0404139713917416 0.0420857366237241
Ae_umbellulata 1cM 0.00363752943974627 534.884731465648 0.8 0 9.99999999999556e-08 0.683047590278419 1.00861017784304e-10 0.99936378767124 1.0086102763766e-13 0.9999996903785 -2470.32839929987 -2434.04260181208 -1693.90726524275 0.0467346854640369 0.0275600616838849
Ae_umbellulata 1cM 0.00399281626534945 534.884731465648 0.8 0 9.99999999999556e-08 0.683047590278419 1.00861017784304e-10 0.99936378767124 1.0086102763766e-13 0.9999996903785 -2556.31078165136 -2434.04260181208 -1742.53271751566 0.150247573912114 0.0584435636296713
Ae_umbellulata 1cM 0.00378169797661157 534.884731465648 0.8 0 9.99999999999556e-08 0.683047590278419 1.00861017784304e-10 0.99936378767124 1.0086102763766e-13 0.9999996903785 -2567.96631036015 -2434.04260181208 -1776.77146336486 0.16926767035538 0.0369412321419265
Ae_umbellulata 1cM 0.0036229208749613 534.884731465648 0.8 0 9.99999999999556e-08 0.683047590278419 1.00861017784304e-10 0.99936378767124 1.0086102763766e-13 0.9999996903785 -2474.11287736416 -2434.04260181208 -1691.20712085524 0.0511814802981626 0.0259167893958428
