Species Windows piS_obs piS_est Fis_obs Fis_est u1_est s1_est u2_est s2_est u3_est s3_est lnLNull lnLMax lnLSat R2deviance R2efron
Ae_comosa 1cM 0.0067950254010275 0.189345693538883 0.8 0.931596075923934 8.46562548990931e-10 0.0167452117731366 6.98476741792972e-10 0.0139549184897419 5.7535078902648e-10 0.00314765263571701 -2991.73963340456 -2940.63631140798 -2159.68271138099 0.0614180600436568 0.0701396950080414
Ae_comosa 1cM 0.00704831724339653 0.23949245977039 0.8 0.926967885293762 1.01059867188342e-09 0.0152182563763736 7.56368704463263e-10 0.0118205515373453 6.01023627576364e-10 0.00667624099583998 -2999.45210511924 -2938.97201252533 -2217.12570921314 0.0773080045750676 0.105246733483289
Ae_comosa 1cM 0.00725953262533516 0.122206808920509 0.8 0.896859511039464 1.16562256844782e-09 0.023965664177855 9.27350228083457e-10 0.0178872112373692 7.52558780792249e-10 0.00270452908179138 -3031.10675672141 -2989.30851732021 -2283.1342258454 0.0558820513799411 0.0905791317323032
Ae_comosa 1cM 0.00704812600465361 0.217348016696853 0.8 0.922214164324348 1.02501020135689e-09 0.0154148471910357 8.50479215706967e-10 0.0123719492115318 7.02693465030652e-10 0.00444232242128778 -2995.51465942797 -2931.15874187782 -2215.54691417584 0.0825109986174456 0.0947211585464254
Ae_comosa 1cM 0.00674191168851262 0.0974179912821217 0.8 0.902350213636588 1.01484837030378e-09 0.0225251958512111 8.33959542843734e-10 0.0210063698272528 6.8254218111641e-10 0.00260794639783123 -2953.35055473143 -2925.91223454083 -2198.83002096127 0.0363652398609974 0.0658676755058115
Ae_comosa 1cM 0.00722860906310089 0.0946258759639626 0.8 0.899131546666971 9.4652164004797e-10 0.0282968810057456 8.28626325859328e-10 0.0211053128976691 6.89046309907621e-10 0.00237110920948056 -3062.07488543011 -2998.16918559387 -2224.94417558932 0.0763389744098487 0.0330832723742627
Ae_comosa 1cM 0.00642666868049729 0.10101862833604 0.8 0.891123109751745 1.19720553314042e-09 0.0195096336459744 9.84483625391851e-10 0.0172989124688981 8.05875994372966e-10 0.00417466975534872 -2948.06484772328 -2868.79628699027 -2131.37363846495 0.0970606268738885 0.0756221126638732
Ae_comosa 1cM 0.00687438468666504 0.105054428994426 0.8 0.920776165562545 8.02170809978771e-10 0.0255730368238754 6.5933144695232e-10 0.0190453277927262 5.38379746832169e-10 0.00283264788242787 -2993.35949091485 -2954.07719842913 -2239.6112536439 0.0521159328052898 0.0591028294428379
Ae_comosa 1cM 0.00662540275522204 0.0336777096069979 0.8 0.92811921403262 4.04608603002584e-10 0.0158214133511984 4.04344162173322e-10 0.0143230501766546 3.72839862140369e-10 0.00124157835500047 -3039.67708475892 -2953.03232763417 -2199.75439089858 0.103158014134046 0.0522299193462229
Ae_comosa 1cM 0.00672620299916513 0.0929472366259506 0.8 0.898271662833805 1.05614295089499e-09 0.021202300509919 8.69704990928235e-10 0.020100433444995 7.13318724114613e-10 0.0025206477721033 -2947.02283141611 -2901.6795660145 -2184.13619331971 0.0594364393571776 0.0836794933014409
Ae_comosa 1cM 0.00732240305582917 0.153820713717596 0.8 0.927130965347815 9.08320805441839e-10 0.0196092533686378 6.38537553582133e-10 0.0152278716813191 4.90578780968703e-10 0.0032556941664834 -2965.12823547149 -2954.38263670097 -2183.49820668444 0.0137476790486107 0.107485932713873
Ae_comosa 1cM 0.00691617754010407 0.138646462788 0.8 0.924418176561629 8.7812970611803e-10 0.0207886945229637 6.61050003341417e-10 0.0159359550955107 5.21628635711897e-10 0.00337719313670037 -3020.01315549311 -2965.82806121297 -2226.68405640505 0.068300903549905 0.0781404492727165
Ae_comosa 1cM 0.00687623273462069 0.0994730442369333 0.8 0.887009118802243 1.19948888326071e-09 0.0264555470937398 9.79242417967372e-10 0.0197769477808822 7.95989465064749e-10 0.0026737352709941 -3040.69992159849 -2944.69781479556 -2237.64108065751 0.119545544994485 0.0915536356310176
Ae_comosa 1cM 0.00674773581069235 0.0961190560152666 0.8 0.903881456869093 9.76648869286733e-10 0.027705479618919 8.03342618590937e-10 0.0208784904430156 6.58092942241674e-10 0.00233028322998319 -2978.30618931932 -2923.6856021092 -2193.4283415646 0.0695911948163265 0.0691995161604352
Ae_comosa 1cM 0.00674032336592526 0.0716815826729887 0.8 0.885254144309496 1.06548885304027e-09 0.0242448294260054 8.73028874408366e-10 0.0267626029815556 7.05342135014906e-10 0.00153836723612419 -2978.21471963224 -2952.07311369146 -2169.6020927437 0.0323289608293363 0.0522652171524645
Ae_comosa 1cM 0.006817685096051 0.144673136864488 0.8 0.912295039423431 1.02708635205026e-09 0.0204468237572124 8.44285874755056e-10 0.0155214682844735 6.91926283739866e-10 0.0033242544824596 -2955.60614567306 -2938.8787052716 -2172.79920204497 0.0213685386130218 0.0711662992505633
Ae_comosa 1cM 0.0063920714947617 0.0683709463999512 0.8 0.888990600157266 1.01450964988693e-09 0.0261928073123513 8.4105630743272e-10 0.0200922898858834 6.92921328615905e-10 0.00353214431791636 -2951.84359936415 -2873.26755243962 -2183.10652584012 0.102214462695704 0.10966687788514
Ae_comosa 1cM 0.00632754002509934 0.140682102178801 0.8 0.913091597174742 1.01798542350063e-09 0.0135504320820062 8.30049997208086e-10 0.010226623178405 6.73401969844177e-10 0.0127315479936371 -2962.71083259015 -2895.54341789378 -2165.37447936818 0.0842397495422692 0.0611914764392093
Ae_comosa 1cM 0.00697283295977625 0.114154678121343 0.8 0.919067276963836 8.72659138282996e-10 0.0173880335595509 7.13309085285596e-10 0.013259581678012 5.789141876348e-10 0.00433227450075909 -2986.95261246949 -2930.37105344765 -2200.18559375675 0.0719165365045596 0.0913905142762329
Ae_comosa 1cM 0.00717775700057851 0.145379131951136 0.8 0.916704147055315 9.47944651009973e-10 0.020355231734496 7.58051450353379e-10 0.0176618176998418 6.10719562249172e-10 0.00365207337262732 -3055.64989393907 -3023.02929815287 -2239.54932093659 0.0399712938151656 0.0816735541667984
Ae_comosa 1cM 0.00703849428935991 0.113503230646398 0.8 0.906101586844053 1.00539100362687e-09 0.0251237482708242 8.16959901782449e-10 0.018718125945641 6.64477962994741e-10 0.00279930157571232 -2970.49702127464 -2955.73026636342 -2219.49979651015 0.0196628621575224 0.0776333095450535
Ae_comosa 1cM 0.00692052867125917 0.0365676397101762 0.8 0.924101125839381 4.9986294493174e-10 0.0116380222847628 4.51482978984865e-10 0.0123035316809481 3.75178877298617e-10 0.00116252494476813 -3040.87027854827 -2983.23619555983 -2175.8407309369 0.0666267217664221 0.0775010575858534
Ae_comosa 1cM 0.00720992094887201 0.106034541662442 0.8 0.91550494239107 8.38054985433082e-10 0.0262520093272967 6.94402274840878e-10 0.0195425928737006 5.68442838640663e-10 0.00290007377932431 -3016.51744316516 -2964.43208140846 -2154.25190340088 0.0604052456635789 0.0589310474022529
Ae_comosa 1cM 0.0065477956159566 0.0763365387492477 0.8 0.874334019640208 1.19138498948425e-09 0.0335606609827037 9.89366935205993e-10 0.0253457565366051 8.18480802916944e-10 0.00195711779005398 -2970.12781304677 -2917.64887393824 -2190.31120630553 0.0672965138916883 0.0837796508697105
Ae_comosa 1cM 0.00650655363338671 0.108140356753366 0.8 0.911632557783896 9.34501750825969e-10 0.0259355325391426 7.64447822058125e-10 0.0193057541338961 6.22753441037672e-10 0.00288703023607078 -2961.87248501574 -2911.18366165753 -2170.73186893327 0.064070561323487 0.0582698760576203
Ae_comosa 1cM 0.00650193345311245 0.106163084080712 0.8 0.915803345516257 8.66601186229766e-10 0.0256299258376339 7.10300755397947e-10 0.0190730992199549 5.79193404832803e-10 0.00289075536117214 -2953.91499634703 -2912.53171419741 -2157.05764188655 0.051933111890079 0.086087412985326
Ae_comosa 1cM 0.00614324762057792 0.0881493632986102 0.8 0.914599941178681 8.24805801511933e-10 0.0304718418864142 6.80621927311348e-10 0.0230036004434061 5.51885021928063e-10 0.00376321526579365 -2911.33087811868 -2854.14419592184 -2126.29275798329 0.0728457392450877 0.0910537495974007
Ae_comosa 1cM 0.00643645377092459 0.100741359214454 0.8 0.912545590260842 8.87036220320625e-10 0.0274315083191075 7.27806351717805e-10 0.0205179281024045 5.92012452651242e-10 0.00315399470763573 -2930.37324708256 -2904.6230986113 -2166.66252104477 0.0337171491683197 0.0554275833766606
Ae_comosa 1cM 0.00658000112361615 0.113495959448287 0.8 0.906352780947161 1.00530343854072e-09 0.0251227486360652 8.19340701284472e-10 0.0187165202939846 6.67063144381917e-10 0.00280181127738903 -3052.12542295161 -2966.14580181149 -2239.51794003525 0.105807075307198 0.0637977267306594
Ae_comosa 1cM 0.0067369222085379 0.128124886057802 0.8 0.914508536250126 9.41570336264051e-10 0.0114091392999175 7.80135313591943e-10 0.0179205693970096 6.45346381933641e-10 0.00917208801663579 -2962.89702331459 -2914.37020129775 -2136.80040372061 0.0587423079405471 0.0976358785427897
Ae_comosa 1cM 0.00677094022081813 0.112426323447925 0.8 0.907664507354328 9.87943503647107e-10 0.025282580313562 8.07490530317457e-10 0.0188394311551292 6.57752876714331e-10 0.00281004424169547 -2986.68086642128 -2914.97040862641 -2155.45600987571 0.0862708294033622 0.0993446760753675
Ae_comosa 1cM 0.00709295180563354 0.142230631366367 0.8 0.934833279861074 7.79529568099344e-10 0.024418901608944 5.62405785635325e-10 0.0189819180112303 4.39771291342301e-10 0.00133304014890898 -3018.35442852633 -2985.6850409405 -2198.76182895699 0.0398605204622408 0.0702423562350483
Ae_comosa 1cM 0.00688775215127577 0.202524024836206 0.8 0.929309688446084 8.83740628705677e-10 0.01616219069207 7.01141227720098e-10 0.015172354304421 5.57641569501782e-10 0.00641205539896964 -2957.20035464153 -2915.06708084323 -2148.9065199027 0.0521261847950644 0.108415806554452
Ae_comosa 1cM 0.00729230743119477 0.116819845523253 0.8 0.903207374049003 1.05527327012169e-09 0.0246530774526361 8.51957633414693e-10 0.0183806623969381 6.92560227597299e-10 0.00278199803017787 -3006.03458362074 -2981.84096753385 -2263.7471749736 0.0325933267964101 0.0597526237479106
Ae_comosa 1cM 0.00638470909842459 0.12436350947753 0.8 0.895922469950861 1.23018128455397e-09 0.0208400702472744 1.00621073773405e-09 0.0145839968569754 8.19332426480669e-10 0.00471456432283054 -2941.22180831984 -2876.38219966423 -2115.98056743952 0.0785704899896239 0.0513274661264744
Ae_comosa 1cM 0.00656249842552793 0.0999158553287151 0.8 0.907500320090662 9.45024910764372e-10 0.0312154025440309 7.72798310331227e-10 0.0239730773132216 6.28905193259146e-10 0.00220422442069933 -2973.35312932475 -2930.50213081811 -2183.00650848425 0.0542179815497558 0.0913597645669891
Ae_comosa 1cM 0.00593879771930707 0.0514181457171254 0.8 0.85496396238729 1.20037505826829e-09 0.0344251472087428 9.95087310531912e-10 0.0338322757204175 8.18766891300071e-10 0.00242945580945858 -2963.26928626773 -2882.37529835873 -2130.06898658461 0.0970882847014878 0.0598466283181319
Ae_comosa 1cM 0.0063743575511829 0.112666034005812 0.8 0.911182183218706 9.80037660797939e-10 0.0250936942760809 8.00296994343778e-10 0.0186317781335857 6.50793369568615e-10 0.00273528222408965 -2945.12507977292 -2862.38355379641 -2116.85928024289 0.099897310770837 0.0605277437509758
Ae_comosa 1cM 0.0067969826684787 0.214742192818488 0.8 0.94626471137969 6.76475079516286e-10 0.0104996755223566 5.39739957953673e-10 0.0085169012206427 4.54455758697596e-10 0.00826486856127108 -2993.17965435819 -2931.17991357264 -2202.29653432659 0.0783930510276585 0.0936217017961975
Ae_comosa 1cM 0.00686681297175856 0.0955983439788136 0.8 0.90675849184705 9.68385339864486e-10 0.0220632893137587 7.9640785425088e-10 0.0165491687385239 6.52338230943244e-10 0.0026020956873764 -2980.68106023134 -2922.78023001258 -2186.07504643008 0.072867344587247 0.106486750007291
Ae_comosa 1cM 0.00720194870418545 0.0661929254698115 0.8 0.92652484654761 6.68442262430265e-10 0.0140630860787365 5.05130775454118e-10 0.0211639083762248 3.95893078212554e-10 0.00125400416563425 -2998.38000744934 -2971.89676786327 -2240.95379160128 0.0349647781287994 0.0642830529340371
Ae_comosa 1cM 0.00685576045372842 0.129814347142778 0.8 0.929681865662377 8.16848731503011e-10 0.0132044708155011 6.82211456965379e-10 0.010387820684066 5.66927595300079e-10 0.00286147402066854 -2989.39454691925 -2912.72731680554 -2207.65113509941 0.0980721154211406 0.102019625468557
Ae_comosa 1cM 0.00698491995916053 0.113924409011197 0.8 0.906258593976064 1.00733782794914e-09 0.0250603811673362 8.19753749569261e-10 0.0186728551239826 6.67172030624416e-10 0.00280482480490379 -2994.43773688442 -2957.70920354718 -2205.22496891629 0.0465381894819049 0.0727431325280423
Ae_comosa 1cM 0.0061382565086333 0.114944826665402 0.8 0.928156163476619 7.85337862056825e-10 0.0252520329932587 6.40131572955259e-10 0.019181069562406 5.19497180069804e-10 0.00190385485174128 -2902.00170364299 -2846.21642205883 -2162.32772954511 0.0754187433080881 0.0957912546761095
Ae_comosa 1cM 0.00660934375147884 0.114540668828396 0.8 0.911073173317307 9.7698526835998e-10 0.0247544957915407 7.97252162225404e-10 0.0183674519565057 6.47857679820291e-10 0.00268901225488507 -2990.65806458583 -2923.3506202118 -2177.29140145085 0.0827516634559428 0.126369999924582
Ae_comosa 1cM 0.00661691379799268 0.107377296478247 0.8 0.92747019977778 7.80278281961577e-10 0.00964988469878185 6.53012284258247e-10 0.00787268351310765 5.44920354264142e-10 0.00943967924033724 -2952.3148010243 -2905.03014276445 -2186.05868691947 0.0617086864162742 0.119462444436256
Ae_comosa 1cM 0.0066336668130283 0.0552630838974374 0.8 0.931559136524743 5.89076636911306e-10 0.0125175941492816 4.95472431441992e-10 0.00991654165104829 4.15240928712701e-10 0.00131320116318522 -2998.11177822305 -2928.47129942968 -2222.19079437542 0.0897520240373373 0.0743050496123583
Ae_comosa 1cM 0.00676530066949227 0.0687576479105357 0.8 0.896049021987385 1.01653743293103e-09 0.014640382747078 8.48151233717612e-10 0.011296208564074 7.05008230980069e-10 0.00527644975127801 -2935.76629287595 -2882.26666426804 -2126.08001653337 0.0660745157365987 0.0891685917130295
Ae_comosa 1cM 0.00673165191116225 0.0914518445231656 0.8 0.90609555424413 9.9511781436495e-10 0.00988674982772006 8.32351678386981e-10 0.0100901058342869 6.93141917050658e-10 0.0108095811024148 -2926.01539684369 -2867.90677460415 -2142.89650582693 0.0742015330061765 0.0675526347158318
Ae_comosa 1cM 0.00642100175667921 0.183814504006964 0.8 0.952312792318004 5.70803016525669e-10 0.0138498355239563 4.57339091158746e-10 0.011109785894941 3.8352449493605e-10 0.0038102294111913 -2945.97957603904 -2863.55342742467 -2167.43691709335 0.105872359937202 0.0906159079794831
Ae_comosa 1cM 0.00642745792821101 0.102964619877035 0.8 0.882713649431135 1.2933950850445e-09 0.0236751103591541 1.0617519162895e-09 0.0188439125362018 8.679126109463e-10 0.00420106930458625 -2959.91321978493 -2882.09822894776 -2130.38149495992 0.0938059250881438 0.0593806865919532
Ae_comosa 1cM 0.00633218828843914 0.102375170773457 0.8 0.912599513528675 9.02719653130924e-10 0.0270710100768077 7.401756382666e-10 0.0202306941345994 6.04418171075516e-10 0.0031015370310574 -2908.36424678582 -2875.59682465478 -2095.38695631995 0.0403054581171247 0.0642601960927491
Ae_comosa 1cM 0.0067565116048713 0.0919165845147746 0.8 0.902134638584422 9.94115552197615e-10 0.0213531762334192 8.18727567432777e-10 0.0220896232251912 6.71462664147096e-10 0.00248096318418067 -2942.17542819894 -2888.32243526135 -2167.13557716248 0.0694841598991041 0.0984916105051622
Ae_comosa 1cM 0.0065491335356793 0.136002210697827 0.8 0.932123000077793 7.66258514607317e-10 0.0180146633734706 6.21476719723522e-10 0.0147592216007559 5.01487234742598e-10 0.00361426570031195 -2982.8675579091 -2902.68985207432 -2172.9101470136 0.0989900268288604 0.108397404033288
Ae_comosa 1cM 0.00683889046419212 0.131325854078771 0.8 0.923914688724192 8.60295724232376e-10 0.021454520952183 6.60882670899831e-10 0.0167918501553247 5.2494298353602e-10 0.00308895696715825 -2939.12018881296 -2950.67816527173 -2158.61592052207 -0.0148083449742993 0.0683938062067964
Ae_comosa 1cM 0.00708911688907097 0.101360401698234 0.8 0.909884731684564 8.95378541507081e-10 0.0259510191341198 7.46495363346147e-10 0.0197076682608513 6.12307560190731e-10 0.00284147161426232 -3038.48226623767 -2961.14462333733 -2227.56703303548 0.0953708103311253 0.0869345579674278
Ae_comosa 1cM 0.00659227382428955 0.0977322457006675 0.8 0.917618737493204 8.21664304798196e-10 0.0280692112666124 6.65513344698631e-10 0.0210353828818131 5.35782791335428e-10 0.00327632064529622 -2975.19085780971 -2916.65185643502 -2119.34715592194 0.0683991729396038 0.101664014699237
Ae_comosa 1cM 0.00596806495686786 0.209939499273888 0.8 0.944738649543323 7.31664795159563e-10 0.0115683879983651 5.83701198830284e-10 0.00879746459417798 4.63197432586623e-10 0.00599496477153999 -2859.58550178126 -2808.94419170467 -2101.29556526266 0.0667835713461957 0.0796505459759245
Ae_comosa 1cM 0.00639135729358098 0.100418384947268 0.8 0.916766152509981 8.59018257688048e-10 0.0215571226459439 7.03669970014332e-10 0.0179565089841589 5.73414982625773e-10 0.0030965681280147 -2938.73753470417 -2893.7710397694 -2119.70468320881 0.0549019430083494 0.095661028974468
Ae_comosa 1cM 0.00621220019039571 0.113065365991028 0.8 0.911219652613218 9.74370326372e-10 0.0250261804458213 7.95551339161175e-10 0.0185791745093455 6.46836694169428e-10 0.00272606781245954 -2906.48017820981 -2845.30360253313 -2098.34603010053 0.0757010155056643 0.0417580191240707
Ae_comosa 1cM 0.00637143720936377 0.12685613797793 0.8 0.929895014752182 8.01146965838172e-10 0.0231809946760338 6.49737045525934e-10 0.0175003228994832 5.24543853035145e-10 0.00154792788575823 -2936.72585788329 -2871.78614680609 -2099.51247349224 0.0775664989212206 0.110730745696667
Ae_comosa 1cM 0.00701249547519959 0.114598539783426 0.8 0.904528984982954 1.02940586494941e-09 0.0249793894020632 8.34319520051455e-10 0.0186133898349709 6.78322246530933e-10 0.00277874030991002 -2968.8343593647 -2946.81982881189 -2200.22485341291 0.0286420222262915 0.0835196777780258
Ae_comosa 1cM 0.00675457797715223 0.106428905427307 0.8 0.911867055297163 9.17549690231404e-10 0.0262581045913592 7.51023098040094e-10 0.0195696958552018 6.11511260849216e-10 0.00294800865244557 -2988.76210510029 -2909.70360188888 -2188.94885548651 0.0988462034725995 0.102299815503082
Ae_comosa 1cM 0.00660144182330996 0.0682172051706553 0.8 0.915842715272595 7.53653788365553e-10 0.0222332331866432 6.21557764796492e-10 0.0174255327379576 5.06947719416934e-10 0.00169534359692959 -2947.59135736288 -2904.93888929946 -2148.16359082354 0.0533537485795117 0.0621530314649889
Ae_comosa 1cM 0.00657836627269193 0.0973723400349341 0.8 0.934271506036141 6.32564771173684e-10 0.0250021210725695 5.28522147379376e-10 0.0185965817656781 4.37183714844576e-10 0.00276209415568455 -2967.72416505578 -2902.79574612618 -2122.77527106839 0.0768430131001054 0.0507095626976347
Ae_comosa 1cM 0.0070759879939077 0.178269871037772 0.8 0.922802977664215 9.46357024892561e-10 0.0154203555637301 7.81513985310835e-10 0.0124586811034501 6.43844561076753e-10 0.00556677941950496 -2995.6940180803 -2947.44111214251 -2188.37636473765 0.0597694175743638 0.106434791532495
Ae_comosa 1cM 0.00669021615995763 0.104278489038482 0.8 0.936778517179849 6.25353189962901e-10 0.025333869287909 5.1725481237941e-10 0.0188823998149386 4.24969939589925e-10 0.00280012951070243 -2966.42716035422 -2900.70509963472 -2164.29105144841 0.0819338014955504 0.0651274537234251
Ae_comosa 1cM 0.00667498276564939 0.0927152842597968 0.8 0.903434749153677 1.00246662598321e-09 0.0194253451612301 8.26235154997326e-10 0.0182287130505879 6.7810139286334e-10 0.00284801433703346 -2989.39454691925 -2902.48795916411 -2153.95180979736 0.104024589470412 0.0641310180710868
Ae_comosa 1cM 0.00638224078820844 0.0992752011221107 0.8 0.917253982569513 8.37418537023337e-10 0.0277135330291203 6.77097616454023e-10 0.020748487204006 5.43350281978286e-10 0.00321141878033784 -2946.64360934296 -2892.48118392946 -2148.14312256087 0.0678301720663576 0.0707274309739864
Ae_comosa 1cM 0.00674040549127858 0.0655262143036587 0.8 0.92726842957363 5.3558649139101e-10 0.0257988215908916 5.35566628376782e-10 0.0292204036378942 4.73066857707989e-10 0.00131723954269381 -2990.83841866699 -2982.04626361064 -2236.68007010321 0.0116582347369039 0.0483229830216311
Ae_comosa 1cM 0.0062420174762965 0.154108484316096 0.8 0.923126195973151 9.16554905830525e-10 0.0124377392318005 7.41106056556532e-10 0.0102785896087481 5.95869879451538e-10 0.0129507517366546 -2943.88933625462 -2871.95584971262 -2124.81303119602 0.0878226925840012 0.0962457930846711
Ae_comosa 1cM 0.006557942750071 0.10551246422232 0.8 0.923464629462311 7.80353921331198e-10 0.026576045114041 6.35462891551352e-10 0.0198660096218732 5.15591091358167e-10 0.00299513870815461 -2954.66702074089 -2934.07931784862 -2142.40837673549 0.0253462404422573 0.0914350032141569
Ae_comosa 1cM 0.00695472672906379 0.0542244698081447 0.8 0.931698018151961 5.8559810946115e-10 0.0119466165082837 4.93007600499868e-10 0.0093824119400889 4.13560751312477e-10 0.00150945298231151 -2968.27943780971 -2923.85129556906 -2229.45711301785 0.0601337300590689 0.122366994661861
Ae_comosa 1cM 0.00622496570639764 0.0443985553588558 0.8 0.905365069766674 7.31925737830415e-10 0.0197830569648554 6.02050301898531e-10 0.0181524282568812 4.82440079571352e-10 0.00194889801945312 -2970.77382552226 -2914.66977597012 -2178.28631950498 0.070794869478879 0.0693669329777431
Ae_comosa 1cM 0.00693251030165691 0.0724929341798596 0.8 0.894627741982308 8.43435225374336e-10 0.0351603645852601 8.07830438266203e-10 0.0265087562231589 6.95309628760278e-10 0.00163143462657962 -2999.6306607747 -2964.23970080989 -2194.79030770109 0.0439726460404987 0.0280336181370963
Ae_comosa 1cM 0.00700021644627041 0.219307737308848 0.8 0.937424470444533 8.08506063853964e-10 0.0150855513354037 6.62731980091344e-10 0.0119424884322189 5.47936825088035e-10 0.0034197158685712 -2992.90983039199 -2943.43117407839 -2196.27666791275 0.062109712028073 0.100257573565584
Ae_comosa 1cM 0.00691070878506282 0.204687374373716 0.8 0.929171670460616 9.06391632670411e-10 0.0144941792495799 7.53575646216529e-10 0.011791900363247 6.23409077581296e-10 0.00419081567289434 -2970.86607420172 -2943.72707383753 -2218.81340594089 0.0360865688129913 0.0934573143899024
Ae_comosa 1cM 0.00665049763979234 0.142507186525738 0.8 0.93207460437844 7.36513979352716e-10 0.0129127471048936 6.09128775102206e-10 0.0117000162379819 5.07909035413104e-10 0.0107230867153734 -3015.46600794273 -2969.07136914292 -2219.61917465065 0.0582959394433961 0.093558635848443
Ae_comosa 1cM 0.00648672934997147 0.146895115338339 0.8 0.902783945333142 1.2377218852793e-09 0.0155808193402696 1.00248877288836e-09 0.0117407231766987 8.07946818085409e-10 0.0076739581777756 -2901.40284257665 -2825.07146097528 -2099.5369940169 0.0951922091936896 0.0877763093897889
Ae_comosa 1cM 0.00610570020123167 0.106134984426843 0.8 0.912034068726248 9.43292879267207e-10 0.0263094563113394 7.72259228420297e-10 0.019611438356631 6.29632017456502e-10 0.00295914697103034 -2903.19820074989 -2844.10346247104 -2082.62441883509 0.0720163616987048 0.0453594505570127
Ae_comosa 1cM 0.00640537618553718 0.0857319323994104 0.8 0.899641767755321 9.83236231788993e-10 0.0189866547109862 8.12569206188101e-10 0.0232709599176799 6.63439030084483e-10 0.00400643417701152 -2976.74990626346 -2900.7944907712 -2183.33946679098 0.0957328158459374 0.0724433901626483
Ae_comosa 1cM 0.0065772191323259 0.0787796116269081 0.8 0.867618212257621 1.39226559742133e-09 0.0128358363527631 1.17923150781668e-09 0.0164870092700874 9.85336592063356e-10 0.00829854708909978 -2998.4693989726 -2905.90708261981 -2203.67413772759 0.116460579052518 0.0882196276828124
Ae_comosa 1cM 0.00671100912857178 0.0840895611400913 0.8 0.909969584327191 9.01192006702702e-10 0.0188526558812402 7.45152650117855e-10 0.016619531936085 6.13674591681134e-10 0.0024122672229563 -2934.99788450371 -2924.78666407304 -2153.94144090603 0.0130736011646387 0.103552735641241
Ae_comosa 1cM 0.00641486747962235 0.0751446822393737 0.8 0.895276029356602 9.68285881153541e-10 0.0300775260768085 8.04040635062099e-10 0.0260494374611543 6.64447881471152e-10 0.00166417182167055 -3031.02062930815 -2956.53362551429 -2187.28601127529 0.0882825028176744 0.0720935458495983
Ae_comosa 1cM 0.0070819118775513 0.0843289812554178 0.8 0.897050766484987 9.7769280944446e-10 0.0311724065754842 8.04296044461329e-10 0.0231940443685495 6.56643849928827e-10 0.00226741880064783 -3035.91644915878 -2969.30989036567 -2196.53444536405 0.0793519023424183 0.115462997240379
Ae_comosa 1cM 0.00644566629011766 0.0744293598847251 0.8 0.924981249895787 7.18384815194542e-10 0.0147287318289438 5.86519589720375e-10 0.0136593473079899 4.73758505823383e-10 0.00296036236029416 -2969.01925524896 -2919.24907571697 -2183.1000095896 0.0633273454071452 0.103685059098126
Ae_comosa 1cM 0.00631764387861489 0.0725453751256902 0.8 0.896723067448957 9.29605856731731e-10 0.0355202044977194 7.73596745743047e-10 0.0271302519702725 6.36066042508859e-10 0.00202257739935296 -2974.36435630018 -2918.28095637571 -2168.47726561273 0.0695921309232378 0.0546639351955323
Ae_comosa 1cM 0.00648006203914446 0.102202332739923 0.8 0.893917703179936 1.1134504401511e-09 0.0143424756300367 9.21749300876797e-10 0.0131515103835719 7.59517372465427e-10 0.014391883339882 -2925.62698274207 -2850.13090668233 -2089.30035068732 0.0902710414401788 0.0776251682957369
Ae_comosa 1cM 0.00691307820500003 0.102496282020184 0.8 0.918885370308121 8.09365587959629e-10 0.026864931492415 6.66023274950188e-10 0.0201813442342821 5.43683203181547e-10 0.00211697209006323 -2994.70709146446 -2944.32278744948 -2170.94076206938 0.0611633447703263 0.0710469699660762
Ae_comosa 1cM 0.00656658788456386 0.100419370314108 0.8 0.912559091862157 8.86413848991172e-10 0.0274817482232821 7.27392719115861e-10 0.0205671277373637 5.92929850392781e-10 0.00317022130676879 -2981.77499017478 -2905.4471556784 -2208.69924143212 0.0987326722129467 0.0827182104523742
Ae_comosa 1cM 0.00661079641264129 0.173274816074741 0.8 0.904580633030417 1.18575300185431e-09 0.0116714360957629 9.76905391714725e-10 0.013519019135241 8.00969605546998e-10 0.0139639716086946 -2982.8675579091 -2930.35941860289 -2256.75494074713 0.0723140433937667 0.0624128998105562
Ae_comosa 1cM 0.00666117518752407 0.435261560560723 0.8 0.894294745116184 1.59521874648272e-09 0.0161298337470711 1.28531714514374e-09 0.0240082995814803 1.0300345045547e-09 0.0190690143581346 -2954.9488637862 -2903.19530558578 -2180.6854092044 0.0668423104489421 0.0724098051421532
Ae_comosa 1cM 0.00641594588941999 0.110430409407798 0.8 0.909588359647782 9.74589925924119e-10 0.0259508592204456 7.96554277568654e-10 0.0189262077158909 6.48335854944476e-10 0.00281973630792265 -2928.72949121306 -2907.7683698559 -2155.8527661625 0.0271209116250558 0.0694742368273034
Ae_comosa 1cM 0.00623467003707273 0.1535785679052 0.8 0.921426624990597 9.43083310989202e-10 0.0131507738681746 7.62804019471572e-10 0.0106649913939614 6.1362558278326e-10 0.0112809076622026 -2959.81981221727 -2891.94487797729 -2146.82825540455 0.0834878710254728 0.0697416444263265
Ae_comosa 1cM 0.00624484901223895 0.0945046949502326 0.8 0.921486951394727 7.9084785488394e-10 0.0252675454959805 6.51738494673288e-10 0.0226677787338754 5.34447247106128e-10 0.00146559764328694 -2906.97637816046 -2890.45326972313 -2138.02051675623 0.0214877202537422 0.0473291303662473
Ae_comosa 1cM 0.00634514075624983 0.141053192539561 0.8 0.929411821102911 8.25350898473961e-10 0.0190255177223689 6.68328015540291e-10 0.0144260156784955 5.38678844019422e-10 0.00329105396531159 -2914.3858943381 -2864.9471602984 -2155.76862891041 0.0651695344843297 0.0734036301366027
Ae_comosa 1cM 0.00670217198831542 0.155335803018168 0.8 0.929507050726406 8.22426407937642e-10 0.0122618495411255 6.64245061458902e-10 0.0104458427824266 5.36820064885408e-10 0.0109716929380477 -2996.14225437122 -2927.66109768142 -2213.51975626227 0.0875021569853563 0.176536940081548
Ae_comosa 1cM 0.00670663510909098 0.105538231887811 0.8 0.912110939636722 9.11357061436645e-10 0.0263236026237374 7.46293654828416e-10 0.0197079815399409 6.07350517024166e-10 0.00298939824337291 -2927.95489207984 -2900.1199575637 -2149.74058975211 0.0357676984769919 0.0859690238905907
Ae_comosa 1cM 0.00667997395010171 0.11129753076023 0.8 0.905670118016271 9.92659180820331e-10 0.0145357545857683 8.17510032766267e-10 0.0127571697981207 6.69777487025599e-10 0.0135504263275413 -2966.42716035422 -2891.76869931995 -2155.62602942668 0.09207986790652 0.0918632146961364
Ae_comosa 1cM 0.00674778035003463 0.109130062128841 0.8 0.911205802629496 9.26080869504074e-10 0.0257665393692834 7.57020858439896e-10 0.0191751082877169 6.1643592985578e-10 0.00286267122303603 -2983.95876682498 -2920.76788182506 -2162.87293727325 0.0769601456091609 0.07598553087965
