poscM Chromosome Start End Recombination nb_complete_site piSyn f0 div Ne
0 1 126049.333333333 130348.666666667 NA 117 0.00664906752136752 0 0.261933333333333 304614.953893142
0.01 1 1267860.33333333 1274612 1.955 898 0.00383641724944321 0.0931280951163752 0.153066666666667 300764.418510356
0.02 1 2477071 2481228 1.93 28 0 Inf 0.1646 0
0.04 1 4025885.33333333 4045273 1.90666666666667 525 0.0142622221714286 0.0329322945125132 0.137866666666667 1241392.64548218
0.05 1 4865617.25 4873004 1.8925 113 0.00680735398230089 0.519403092179072 0.113775 717980.644145116
0.07 1 6686731 6690773 1.83 58 0.043956 0 0.1902 2773249.21135647
0.08 1 7217840 7229089 1.81 684 0.00995372 0.100690997938459 0.1264 944973.417721519
0.09 1 7841371 7856406 1.79 22 0.05 0 0.0881 6810442.67877412
0.1 1 8336318 8341576 1.77 11 0 NA 0.165 0
0.11 1 8929487 8937936 1.74 176 0.0227704 0 0.111 2461664.86486486
0.14 1 10739577 10746629 1.7 45 0 NA 0.227 0
0.2 1 12990954 13005515 1.59 130 0.00380228 0.397761343194084 0.0829 550390.349819059
0.21 1 13537075.5 13550271.5 1.555 492 0.00727665849593496 0.105666745746041 0.15085 578852.515420746
0.22 1 13857194 13863951.5 1.575 71 0.0375532563380282 0 0.17365 2595099.77573474
0.23 1 14369286 14375231 1.61 298 0.00567363 0.0568990223190444 0.1856 366829.525862069
0.25 1 15598792 15607504 1.63 282 0 Inf 0.1058 0
0.28 1 17566211 17571933 1.47 123 0.0237904 0 0.1887 1512903.02066773
0.29 1 18219841 18226505 1.36333333333333 241 0.00992079852697095 0 0.1089 1093200.93961112
0.3 1 18802466 18807666 1.3 33 0.032967 0 0.1399 2827762.68763402
0.33 1 22166621 22176854 1.06 37 0 NA 0.0518 0
0.34 1 23812071 23816472 0.95 332 0.000967118 1.48487568218149 0.1768 65641.4932126697
0.36 1 25352879.6666667 25359590.3333333 0.85 170 0 NA 0.103066666666667 0
0.41 1 34083562 34088731 0.39 76 0 NA 0.1552 0
0.42 1 37421749 37453453.8333333 0.426666666666667 921 0.00450173713355049 0.0879436257674351 0.116933333333333 461979.865472684
0.43 1 39762346 39784496.5 0.355 422 0 Inf 0.0914 0
0.44 1 42490639 42497130 0.27 31 0 NA 0.1705 0
0.45 1 52116266.4666667 52123007.8 0.0926666666666667 2402 0.00309827079963126 0.0613913773945039 0.110506666666667 336443.498994707
0.46 1 68785860.375 68791224.375 0.0625 1267 0.00438752936069455 0.147159126128393 0.1028 512162.96039236
0.47 1 99613646.38 99622176.2 0.0246 8220 0.000850626423357664 0.220854850322702 0.110744 92172.190640504
0.48 1 222884417.556962 222898852.772152 -0.00481012658227848 12180 0.000896470159390671 0.166577464095786 0.105636708860759 101836.208536824
0.49 1 334301353.15 334309988.816667 0.0166666666666667 9546 0.0011354750716424 0.22784755538442 0.109775 124123.897606092
0.5 1 378199477.3 378206524.5 0.075 1658 0.00077029135504624 0.249176316068514 0.12433 74346.4671483543
0.51 1 384577416.666667 384583124.25 0.0841666666666667 1251 0.000718320143884892 0.724955338667076 0.117758333333333 73199.4202246299
0.52 1 396788507.529412 396798877.352941 0.105882352941176 3890 0.00079123413033419 0.448021324074091 0.139464705882353 68080.3756329558
0.53 1 406810773.181818 406815991.181818 0.13 914 0.0033098612205203 0 0.131109090909091 302941.118505533
0.54 1 412915615 412919893.25 0.145 371 0.00521019094339623 0.127624337962915 0.133725 467543.775066403
0.55 1 419197963.222222 419207574.111111 0.157777777777778 1434 0.000668793318514644 0.268383358345399 0.1074 74725.5104485636
0.56 1 425984847.111111 425990797.777778 0.152222222222222 951 0.00145729171135647 0.194269950726248 0.129244444444444 135305.626570236
0.57 1 433128849 433141981.142857 0.121428571428571 1494 0.000891276923694779 0 0.106728571428571 100210.496038497
0.58 1 438430482.416667 438444665.75 0.160833333333333 1154 0.0051766448440208 0.0290704865003976 0.132391666666667 469211.844614461
0.59 1 446809551.75 446816756.625 0.17375 1083 0.0015157821421976 0.122002344480151 0.1209625 150372.104630536
0.6 1 452573947.545455 452581550.363636 0.229090909090909 2166 0.000834405701754386 0.333161395771729 0.129527272727273 77303.1672035225
0.61 1 456507857 456513258.666667 0.293333333333333 653 0.000694034747320061 1.0705523292356 0.1325 62855.9771157791
0.62 1 458765391 458771130.166667 0.335 620 0 Inf 0.151616666666667 0
0.63 1 462727949.666667 462734633.333333 0.385 785 0.000914399082802548 0 0.0978833333333333 112100.687828679
0.64 1 464988881.75 464993822.5 0.4125 246 0.00152439024390244 0 0.13355 136972.541571166
0.66 1 469543041 469552480 0.45 41 0 NA 0.1408 0
0.67 1 471245162.5 471250789.5 0.46 68 0.00503705264705882 0 0.1976 305893.885448916
0.68 1 474180096 474216609 0.48 77 0 NA 0.071 0
0.69 1 475552257.333333 475557701.666667 0.493333333333333 119 0.00591134285714286 0.337348834273604 0.102066666666667 694997.853877018
0.7 1 477335980.666667 477344997 0.51 648 0.00452269728395062 0.0855349754003456 0.114066666666667 475795.15552958
0.71 1 479735762 479740474 0.53 26 0.0380952 0 0.1363 3353942.7732942
0.72 1 481301681 481306855.5 0.54 323 0.00104145990712074 0 0.1631 76624.8858703183
0.73 1 482677609 482683031.333333 0.55 291 0.00109845697594502 0.294655376936432 0.1285 102579.639776967
0.74 1 483521236 483525244 0.56 176 0 NA 0.1396 0
0.75 1 485985464 485992576 0.57 63 0.0157895 0 0.166 1141409.63855422
0.77 1 488625377.666667 488630642.333333 0.58 590 0.00245157345762712 0.0748662626452687 0.150633333333333 195301.2712427
0.78 1 489498953.5 489502896.5 0.59 27 0.057445162962963 0 0.1381 4991614.45007643
0.79 1 491161710 491168311.666667 0.593333333333333 248 0.0124345524193548 0.136538346419592 0.142733333333333 1045408.42385982
0.8 1 492653107.5 492658962.5 0.6 449 0.000815503897550111 0.700206698551526 0.16155 60575.962677817
0.81 1 494029816 494035718 0.6 755 0 Inf 0.1256 0
0.82 1 496115120.333333 496117857.666667 0.61 342 0 NA 0.1336 0
0.83 1 498453872 498467074 0.616666666666667 983 0.00117085695829095 0.149351208176387 0.1272 110458.203612353
0.84 1 502158738 502162531.5 0.63 365 0 NA 0.19255 0
0.85 1 504367675.333333 504373041 0.646666666666667 365 0 Inf 0.166333333333333 0
0.87 1 507662698 507666268 0.68 331 0.00888307069486405 0.0701883320334644 0.26595 400815.372582698
0.88 1 508666203.5 508674268 0.705 96 0 NA 0.15975 0
0.89 1 509778916.5 509782331.5 0.735 76 0.0188494263157895 0 0.32495 696085.90795345
0.9 1 510995922.5 511003511.25 0.74 1330 0.00200429902932331 0.137938473664542 0.143325 167811.535683793
0.91 1 511720502 511726837 0.74 101 0.00895522 0 0.1275 842844.235294118
0.92 1 512555352 512561365 0.79 29 0 NA 0.159 0
0.93 1 513514283 513522223.5 0.84 820 0.00449005380487805 0 0.12495 431217.652329224
0.95 1 516086087 516090616.333333 0.853333333333333 151 0.00521650860927152 0 0.1633 383331.924747448
0.96 1 517150061 517157405.5 0.795 365 0.00179565668493151 0 0.0875 246261.488219178
0.97 1 517947531.333333 517954233.666667 0.76 369 0.00534131869918699 0 0.132066666666667 485329.311384987
0.98 1 519271023.5 519279289.75 0.72 771 0.00546598067444877 0.146548730336784 0.134375 488124.785811239
0.99 1 520876084.5 520888252 0.715 396 0.01580085 0.0637606137606138 0.16535 1146720.29029332
1 1 522726253.875 522731868.875 0.765 813 0.00885937140045686 0.0492441531193485 0.1583125 671535.455541934
1.01 1 524759476.833333 524765284 0.896666666666667 1370 0.0100329802189781 0.146242046659124 0.128433333333333 937418.343844307
1.02 1 525799103.5 525802828.5 0.995 90 0.0275443466666667 0 0.26815 1232639.04531046
1.03 1 527065547.5 527078676 1.065 439 0.0057008583143508 0.135409030842496 0.1272 537816.822108566
1.04 1 528061206.5 528069214.75 1.0725 827 0.00294075701330109 0 0.1853 190442.979814426
1.05 1 528532996 528535826 1.12 109 0.0251397 0 0.3183 947773.798303487
1.06 1 529763125.5 529769948.5 1.27 237 0 Inf 0.12355 0
1.07 1 530175208 530180789 1.31 246 0.00791667 0 0.1604 592269.576059851
1.08 1 530847359.5 530851322 1.36 48 0.0242395208333333 0 0.17195 1691621.11078802
1.09 1 531730195 531733479.666667 1.4 189 0.0019430253968254 0.530469501824188 0.162166666666667 143779.885479372
1.1 1 532235820.666667 532240102.333333 1.41666666666667 491 0.010319149694501 0.0586768494893868 0.223133333333333 554958.752617324
1.11 1 532664801.5 532668919 1.42 418 0.00574111590909091 0 0.13315 517411.873143754
1.12 1 533223403 533226070 1.42 22 0 NA 0.1236 0
1.13 1 533819521.5 533822487.5 1.405 95 0.0272841726315789 0.10040185240998 0.1664 1967608.60323887
1.14 1 534599553.75 534604756.5 1.365 240 0.00174292 0 0.153175 136543.430716501
1.15 1 535610393 535616797 1.29 96 0 NA 0.1406 0
1.16 1 535921908 535927648.5 1.26 187 0.00481283422459893 0 0.0844 684289.226246294
1.17 1 537207725.25 537213379.75 1.155 557 0.00180017055655296 0.763702920628905 0.12245 176415.244415153
1.18 1 538530550.333333 538537156.666667 1.14333333333333 653 0.0137978052679939 0.0476590051467936 0.0983666666666667 1683229.37867767
1.19 1 538990055 539001908.5 1.11 1004 0.00285709338645418 0.139458285998848 0.13655 251081.073873674
1.2 1 540846029.25 540852369 0.9675 628 0.00408820566878981 0.0883552833022271 0.1796 273154.053593974
1.21 1 541748623.333333 541753247.333333 0.923333333333333 158 0 NA 0.169 0
1.22 1 542657139 542660410 0.9 103 0 NA 0.1558 0
1.23 1 543858569 543863416 0.89 169 0.00249169 0 0.2351 127181.114419396
1.24 1 545171918.666667 545178065.333333 0.896666666666667 181 0.00286069983425414 0 0.1483 231479.420168913
1.25 1 546069432 546073216.5 0.885 433 0.031778747113164 0.00629093906537315 0.14775 2581014.99396256
1.26 1 547113643.4 547130224.6 0.866 781 0.0102711423815621 0.119256536550036 0.16006 770046.911025523
1.27 1 548087673 548093351.5 0.85 255 0.0146986152941176 0.0378812927529601 0.09595 1838284.35153113
1.28 1 548965195.166667 548971315.5 0.833333333333333 1481 0.00448057414044564 0.235206447364141 0.139283333333333 386025.293899828
1.29 1 550405545 550412153.5 0.795 403 0.00339083523573201 0.350757669227503 0.12985 313361.7468524
1.3 1 551641417.5 551646336.5 0.7625 296 0.00466370158783784 0 0.1418 394671.502496855
1.31 1 552981755.833333 552987435.5 0.721666666666667 1209 0.00224987416873449 0.124331327093021 0.144566666666667 186754.600125528
1.32 1 554242815.666667 554250445.333333 0.68 128 0.0053571375 0 0.136766666666667 470038.873994638
1.33 1 556140057 556147555 0.625714285714286 2284 0.00247526798598949 0.0846961812806456 0.132757142857143 223740.999486837
1.34 1 558193343.666667 558200950 0.563333333333333 868 0.00304610889400922 0.468649888806545 0.197766666666667 184830.473932803
0.01 2 2084530 2097842 0.8 480 0.00338505 0.304187530464838 0.1029 394758.017492711
0.02 2 3388489.33333333 3413935 0.8 548 0.00577218343978102 0.054762415211179 0.129366666666667 535425.415697286
0.03 2 4332309 4342474 0.8 182 0 NA 0.213 0
0.04 2 6297875.5 6345729.5 0.8 237 0.00329846523206751 0 0.2518 157194.5305195
0.05 2 7266680 7273365 0.81 294 0.00545653 0 0.1051 623010.085632731
0.06 2 9164984 9182015 0.81 104 0.0202703 0 0.1169 2080783.57570573
0.07 2 11853417 11857653.5 0.81 75 0 NA 0.14995 0
0.08 2 12752581.8 12781427.2 0.81 537 0.0180990013035382 0 0.15164 1432260.72040661
0.09 2 14019238 14030803 0.81 38 0.0166667 0 0.1174 1703580.91993186
0.1 2 16406629 16411125 0.8 116 0.00258398 0 0.18 172265.333333333
0.12 2 18793626.3333333 18808258 0.81 642 0.00336566523364486 0.352681273176714 0.0573 704851.357831384
0.13 2 19716180.5 19725854 0.81 2689 0.00703196278914094 0.0789362608504807 0.11015 766078.560777951
0.14 2 21829668.5 21837221 0.8 901 0.00245973735849057 0.312733910538692 0.1034 285462.749534688
0.15 2 22534275.25 22561962.5 0.8 271 0.0120659162361624 0.12971058453728 0.083325 1737665.70457784
0.16 2 23520780.5 23533841 0.8 167 0.00484248958083832 0 0.19295 301165.457217206
0.17 2 25206123 25209713 0.79 66 0 Inf 0.1782 0
0.18 2 25776379 25782473 0.79 131 0.0251479 0 0.0791 3815104.93046776
0.19 2 27419324.3333333 27431781 0.77 574 0.00430581742160279 0.034439693289105 0.187866666666667 275034.469797197
0.2 2 28684526 28689746 0.78 293 0.0201621 0.0318719280233706 0.142 1703839.43661972
0.21 2 29626559.5 29653498.25 0.7875 387 0.00374503607235142 0.544011164311517 0.1607 279654.218221637
0.22 2 30892369 30898664 0.79 370 0.00776322 0 0.1744 534166.513761468
0.23 2 31633498.3333333 31637981.6666667 0.79 255 0.00819005854901961 0 0.157066666666667 625726.035154299
0.24 2 32347378 32389420 0.78 303 0.0113744 0 0.0762 1791244.09448819
0.25 2 34192810 34201755 0.75 313 0.00130605 0.607471383178286 0.146 107346.575342466
0.26 2 34351990 34355573 0.75 38 0 NA 0.1505 0
0.27 2 36112868.3333333 36122873.3333333 0.76 225 0.00226468666666667 0 0.150533333333333 180533.038086802
0.29 2 38247397 38252320.6666667 0.78 242 0.0113636454545455 0 0.1542 884330.38556774
0.3 2 38633561 38639213 0.78 105 0 NA 0.1213 0
0.31 2 40284521 40288387 0.79 164 0.00202634 0.645380340910212 0.1429 170161.511546536
0.33 2 42155216 42169436 0.79 229 0 NA 0.2648 0
0.34 2 43736987 43739127 0.78 123 0 NA 0.165 0
0.35 2 44509813.25 44541095.25 0.77 584 0.00493564534246575 0.0898368975690983 0.1284 461275.265651005
0.36 2 46418009 46420906 0.74 349 0.004769 0 0.2531 226108.257605689
0.38 2 48333285 48339559 0.705 401 0.00075851183042394 0.561411128295304 0.10515 86563.4043279818
0.39 2 50848300.5 50854199.3333333 0.64 712 0.00271646153932584 0.382996874275601 0.12755 255566.746153744
0.4 2 52242477.3333333 52246514.3333333 0.593333333333333 254 0 NA 0.1705 0
0.41 2 54307052 54313061.3333333 0.556666666666667 465 0 NA 0.142233333333333 0
0.42 2 57279627 57296277.5 0.51 236 0.0286400008474576 0.0350890589465646 0.18255 1882662.34001365
0.43 2 59695221 59699887 0.48 273 0.0198513622710623 0 0.12385 1923426.29998181
0.44 2 62194013.75 62273499.5 0.445 1055 0.0017856225971564 0.357209016596726 0.10955 195595.355233928
0.45 2 65092598 65098086.4444444 0.408888888888889 662 0.00125857679003021 1.94340678181867 0.1301 116087.021370965
0.46 2 67666399.6666667 67675608.3333333 0.38 660 0.00193011187878788 0 0.0885333333333333 261611.549835706
0.47 2 70281455.3333333 70288178.3333333 0.35 422 0.00707128843601896 0.100231608783416 0.125433333333333 676498.495074894
0.48 2 74595064 74600241 0.3 0 NA NA 0.0943 NA
0.49 2 78086160.5 78096200.8333333 0.273333333333333 3260 0.00273194179141104 0.0640799791403006 0.133883333333333 244864.694362748
0.5 2 82230925.8571429 82235939.4285714 0.235714285714286 1259 0.00143176289118348 0.271183128174031 0.1542 111421.236667975
0.51 2 87311716.6 87341233.2 0.174 503 0.00352145067097415 0 0.09614 439540.337546181
0.52 2 93594736 93601247.5 0.12375 624 0.00300933834935897 0.321647333958797 0.1612625 223933.401704102
0.53 2 103794301.583333 103799194.166667 0.114166666666667 1731 0.000689433264009243 0.168246178271593 0.159991666666667 51710.1880396536
0.54 2 117266085.7 117273111.35 0.092 2661 0.00169811698016179 0 0.123905 164459.8988091
0.55 2 167045312.451613 167057935.774194 -0.00290322580645161 8367 0.00180405682752865 0.114482400649337 0.119785483870968 180728.759702333
0.56 2 312515107 312543262.565789 0.000394736842105263 10619 0.000630297552089067 0.238951949822705 0.101739473684211 74342.5373768435
0.57 2 474751126.727273 474764706.075758 0.0142424242424242 10751 0.00103055972569993 0.118268066680724 0.115818181818182 106776.988848031
0.58 2 528773372.222222 528785222.555556 0.0411111111111111 890 0.000447015168539326 0.529924254135106 0.145111111111111 36966.032314125
0.59 2 542063837.8125 542068946.25 0.055 1896 0.00155158727988748 0.0308388010399288 0.13553125 137378.260428129
0.6 2 562503363.933333 562509887.466667 0.0726666666666667 1968 0.00127428861788618 0.183031956296355 0.13454 113657.376353755
0.61 2 578927142.166667 578969243.916667 0.0708333333333333 866 0.00401037060046189 0 0.131775 365201.648306149
0.62 2 589937049.384615 589942293.153846 0.0846153846153846 1239 0.0015039614850686 0.533852676666222 0.1415 127544.436896277
0.63 2 600651562.777778 600659369.555556 0.122222222222222 1609 0.00301249099129894 0.114089627325371 0.114644444444444 315321.794010744
0.64 2 608076656.9 608089302.3 0.166 1508 0.00174024692307692 0.223165466213528 0.0937 222870.470404729
0.65 2 613056990 613065401.4 0.202 261 0 NA 0.10896 0
0.66 2 618276291.333333 618282221.333333 0.246666666666667 292 0 Inf 0.101533333333333 0
0.67 2 620811428.666667 620816489.166667 0.275 1213 0.00238586591920857 0.0887520748739236 0.137916666666667 207591.959133556
0.68 2 625245860.75 625253822.75 0.3375 160 0.0040716625 0 0.12815 381271.556769411
0.69 2 628114050.6 628129602.8 0.354 849 0.00298492043580683 0.0344386093514537 0.1162 308253.401288141
0.7 2 631876122.875 631889438.875 0.36625 942 0.00105148817409766 0.296721785055507 0.1027125 122846.373023458
0.71 2 635782638.4 635786995.4 0.408 778 0.001881 0.218493008832746 0.17272 130685.502547476
0.72 2 637248158 637249412 0.42 61 0 NA 0.3555 0
0.73 2 640279471 640300176 0.43 109 0.00678119 0 0.1088 747925.367647059
0.74 2 642572906.5 642581730 0.435 131 0.0102413129770992 0.0901964204255776 0.11825 1039287.57484305
0.76 2 646656287 646661459 0.42 25 0 NA 0.164 0
0.77 2 647536425.75 647543535.25 0.43 264 0.00596672161616162 0 0.118825 602572.349202099
0.78 2 649689087 649692950.5 0.44 20 0 NA 0.2224 0
0.79 2 650897742 651060215 0.44 77 0.00916031 0 0.1463 751358.304853042
0.8 2 651693637 651698292 0.44 1014 0.00135418293688363 0.174800457454385 0.14832 109561.726285083
0.81 2 654830329 654845856.4 0.444 577 0.000765455025996534 0.529099341801316 0.1347 68191.9844985776
0.82 2 656862524 656868076 0.44 492 0 NA 0.136533333333333 0
0.83 2 663831295 663837330.666667 0.4 244 0.00354920868852459 0 0.149533333333333 284822.810492388
0.84 2 666008094 666015438 0.41 76 0 Inf 0.1225 0
0.85 2 668265548.666667 668270261 0.44 162 0 NA 0.178466666666667 0
0.88 2 673597894.5 673605569.5 0.57 62 0 NA 0.09865 0
0.9 2 677114564.5 677129830.5 0.615 480 0.00155640827083333 0 0.0952 196185.916491597
0.91 2 678192055 678196991 0.63 27 0 NA 0.1848 0
0.93 2 680332013 680337386 0.63 32 0 NA 0.1396 0
0.94 2 681981780.5 681986890.5 0.63 43 0 Inf 0.18065 0
0.95 2 683770660 683774280 0.63 6 NA NA 0.1145 NA
0.96 2 684514459.333333 684520126.666667 0.63 551 0.001839517676951 0 0.129 171117.923437302
0.97 2 685695338 685703706 0.63 482 0.00699519174273859 0 0.133 631145.119645587
0.98 2 687376791 687380840.5 0.64 395 0.00534778835443038 0 0.1338 479622.273939944
0.99 2 688528917.666667 688535121 0.64 414 0.0127281701690821 0 0.135066666666667 1130834.46714451
1 2 689311719 689326894.5 0.64 212 0 NA 0.14505 0
1.02 2 691180713.5 691185939 0.645 44 0 NA 0.15185 0
1.03 2 692367458 692397094 0.65 1136 0.00591430680457746 0.0126896873471741 0.143 496305.466118389
1.04 2 693942096.6 693948397 0.65 626 0.00073330892571885 1.35475113339027 0.15318 57446.8410277203
1.05 2 695634684.25 695641340 0.6525 135 0 Inf 0.0975 0
1.06 2 698226266.571429 698230371.285714 0.66 694 0.00299736449567723 0 0.170271428571429 211241.394107633
1.07 2 701315783 701320966.272727 0.663636363636364 2097 0.00950659742680019 0.11501879464798 0.135363636363636 842760.819568587
1.08 2 704875529 704885840 0.67 24 0 NA 0.0904 0
1.1 2 707811008.4 707817049.8 0.674 251 0.00119616290836653 0.285424712466213 0.12132 118314.827731606
1.12 2 709597536 709601129 0.69 49 0.0174927 0 0.1073 1956313.14072693
1.13 2 710896424.25 710928901.5 0.695 401 0.00696041197007481 0.0631425670192079 0.131375 635775.022956405
1.14 2 712189163 712195396 0.71 543 0.00682290703499079 0.153377858962663 0.123366666666667 663671.043662979
1.15 2 713431570 713435235 0.745 515 0.0188065957281553 0.0218972040464052 0.23075 978024.47990407
1.16 2 715153411 715164148 0.8 220 0.00855513 0.194914630169267 0.1253 819326.097366321
1.17 2 716480145 716484046 0.82 280 0.00594796 0 0.1291 552870.0232378
1.19 2 718626209.6 718646254.4 0.812 1029 0.00254926851311953 0.0759843417039198 0.16066 190409.698477744
1.2 2 720381018 720405685.5 0.76 358 0.00193410234636872 0.124180408840652 0.12105 191732.574609042
1.21 2 721609249.5 721618471.5 0.76 1099 0.015930201455869 0.0694849124405389 0.146375 1305977.23293204
1.22 2 723005240.25 723009204.75 0.75 436 0.0101617254587156 0.0526731615212986 0.17415 700205.027301678
1.23 2 724706982 724710722 0.75 114 0.0100382 0 0.0825 1460101.81818182
1.24 2 725773696 725778133 0.74 99 0.00612245 0.282014552997575 0.1095 670953.424657534
1.25 2 727206601 727211591 0.74 166 0.00895522 0 0.1879 571913.996806812
1.26 2 727570768.5 727577657 0.735 183 0.0354681240437158 0 0.16645 2557029.06893716
1.27 2 729840759 729846918 0.73 20 0 NA 0.1046 0
1.28 2 731053054 731058752 0.72 18 0.0387097 0.236641203625965 0.2181 2129832.18707015
1.29 2 732061613.75 732067837 0.72 730 0.00403981123287671 0.0899798858091227 0.13645 355278.37885321
1.3 2 733267480.142857 733272440.428571 0.714285714285714 644 0.00592826315217391 0.099672393389277 0.159285714285714 446613.546890232
1.31 2 734996143 735037469.75 0.7025 244 0.0057152 0 0.172125 398445.315904139
1.32 2 736959971.5 736967936.5 0.695 331 0 Inf 0.127 0
1.33 2 737638031 737640845 0.69 90 0 NA 0.1475 0
1.35 2 740889705 740894825 0.67 112 0.00489297 0 0.0743 790250.874831763
1.36 2 742689752.25 742694114.75 0.665 232 0.00714496224137931 0 0.1364 628589.053493781
1.37 2 744111800.5 744117936.5 0.66 55 0.0396694327272727 0 0.1764 2698600.86580087
1.38 2 745829936.5 745834703.5 0.66 30 0 NA 0.12985 0
1.39 2 747034944 747043975 0.653333333333333 490 0.00461155741836735 0.170941816289798 0.114866666666667 481764.559086548
1.4 2 748454316 748490900 0.65 230 0.0374181 0.0568465528714713 0.136 3301597.05882353
1.41 2 750283807.857143 750288561 0.635714285714286 293 0.00680598651877133 0 0.168542857142857 484576.087113741
1.42 2 751551435 751555216 0.63 37 0.00995025 0 0.2281 523467.777290662
1.43 2 753788991 753829402 0.615 97 0.0110766391752577 0 0.1642 809498.599897033
1.44 2 754893596.5 754899084 0.61 398 0.00581848603015075 0.359557657299376 0.152375 458223.674236647
1.45 2 756514760.5 756519825.5 0.6 128 0.006806205 0 0.1183 690401.183431953
1.46 2 758500378 758621232 0.59 120 0 Inf 0.1199 0
1.49 2 763729606 763738914.333333 0.56 418 0.0112539259330144 0 0.1418 952377.370917999
1.5 2 767417339.666667 767422248.666667 0.54 270 0.00603919555555556 0 0.191033333333333 379359.692898273
0 3 487687.333333333 494300.666666667 NA 492 0.00586920778455284 0.112058398430062 0.1876 375429.069374382
0.01 3 1433669.875 1444747.75 1.26 1406 0.0082204883560252 0.0169638960383065 0.2203625 447652.664461069
0.02 3 2487325 2526868 1.26 61 0 NA 0.5332 0
0.03 3 3868828.5 3874165 1.26 48 0 NA 0.18405 0
0.04 3 4992532 5000834 1.26 794 0.00361953 0.357643119410531 0.0849 511594.346289753
0.05 3 7058074 7213677 1.24 241 0.0155251 0 0.1066 1747666.0412758
0.06 3 7767423.5 7777868.25 1.2325 342 0.0032590818128655 0 0.154 253954.426976532
0.08 3 10173748 10181915 1.21 178 0.0306818 0 0.1208 3047860.92715232
0.09 3 11561670.3333333 11567480 1.19333333333333 899 0.00274192040044494 0.174079502035719 0.123333333333333 266781.444367616
0.12 3 14730253 14734545 1.14 76 0 NA 0.1278 0
0.13 3 15487099.5 15490141 1.13 124 0.062127689516129 0.0321804501615981 0.2126 3506736.94352563
0.16 3 17608750 17614286 1.13 88 0.0179641 0 0.187 1152776.47058824
0.17 3 18618116 18621675 1.12 26 0 NA 0.1711 0
0.18 3 19885742 19888789 1.1 89 0.0156346 0 0.5596 335266.619013581
0.21 3 22513178 22520195 1.06 197 0 NA 0.1007 0
0.23 3 23653661 23657574 1.04 158 0.0039604 0 0.2044 232508.806262231
0.24 3 24612746 24617933 1.02 140 0.0216642 0.0815894424903758 0.1392 1867603.44827586
0.25 3 24938037 24942947 1.01 71 0 NA 0.1049 0
0.26 3 25768311 25865479 0.99 54 0 NA 0.2092 0
0.27 3 26398468 26404973 0.97 12 0 NA 0.089 0
0.28 3 26934253 26955710 0.96 464 0.0167029 0.0217583174179334 0.0963 2081358.25545171
0.29 3 27908508.5 27916358 0.985 627 0.0164770909090909 0.0230387535310734 0.1101 1795868.21897449
0.3 3 28687190 28708130 1 1364 0.00280062 0.233841078047004 0.1075 312627.348837209
0.31 3 28878247 28888559 1 117 0.00535714 0.405307682830764 0.1323 485908.390022676
0.33 3 30538741.6 30545183.6 1.016 467 0.00652622715203426 0.106258615049312 0.12016 651753.710256418
0.34 3 31376497 31381204 1.01 78 0 NA 0.1165 0
0.36 3 32621434.5 32627997.5 0.98 203 0.00521119344827586 0.139858623952776 0.22545 277375.566109161
0.37 3 34156548 34159235.5 0.92 151 0.0232665039735099 0 0.172 1623244.46326814
0.38 3 35315116.6666667 35321163.6666667 0.853333333333333 519 0.0270675011560694 0.0162854337238143 0.157166666666667 2066659.68529904
0.39 3 37421442 37431420 0.74 57 0 Inf 0.0654 0
0.4 3 38062010.5 38070086 0.725 48 0 NA 0.0971 0
0.41 3 39715678.5 39719575 0.685 116 0 Inf 0.12775 0
0.42 3 43434741.25 43439699 0.585 93 0 NA 0.164925 0
0.43 3 45578735.5 45582756.25 0.5225 387 0.0089306157622739 0.0251692041108305 0.11845 904747.903311835
0.44 3 49577985.75 49583025.5 0.395 252 0 NA 0.0882 0
0.45 3 51458235 51466926.6666667 0.336666666666667 192 0 NA 0.1206 0
0.46 3 57203083.6666667 57210002.1666667 0.18 1738 0.00118574413693901 0.212649490072004 0.102283333333333 139112.885546047
0.47 3 79440704.08 79452854.28 -0.004 4069 0.000747066343337839 0.537028621716871 0.128412 69812.7598671002
0.48 3 105339054.846154 105343921.230769 0.0376923076923077 1465 0.0114459569726962 0.00548246045109645 0.158976923076923 863971.204209907
0.49 3 130156634.888889 130183385.444444 0.06 1119 0.00263680291331546 0.127998624380083 0.109122222222222 289965.089744496
0.5 3 157819191.5 157830440.777778 0.0388888888888889 1670 0.00104308282185629 0 0.141405555555556 88518.4023576624
0.51 3 193492059.851852 193498807.444444 0.00185185185185185 3579 0.00100710815913341 0.0439455337880694 0.106196296296296 113801.500909993
0.52 3 329086572.754386 329102287.087719 0.00315789473684211 15150 0.000623884560559542 0.34329830155772 0.106534210526316 70274.2779969743
0.53 3 453587554.972222 453598767.722222 0.0172222222222222 4175 0.000434295648608665 0.634361007763681 0.101833333333333 51177.2286412829
0.54 3 481245906.1 481251151.3 0.087 656 0.00403137662601626 0.0426031112755619 0.11543 419098.32376501
0.55 3 488949532.714286 488957085.428571 0.121428571428571 905 0.0125424851049724 0.016608766339081 0.135885714285714 1107620.63584701
0.56 3 495781023.8 495790747.6 0.158 861 0 NA 0.1189 0
0.57 3 501055879.75 501060850.75 0.18 602 0.00105233895348837 0 0.1046 120727.222197519
0.58 3 506544118.142857 506549524.857143 0.18 1156 0 NA 0.140042857142857 0
0.59 3 510457817 510464469.5 0.18 1050 0.00256438075238095 0.0824242320838924 0.14875 206874.413637455
0.6 3 515049561.2 515059140.6 0.18 782 0.00162597051150895 0.485179899718204 0.1302 149859.033318797
0.61 3 520887431.5 520893104.666667 0.18 654 0.00135721571865443 0.0949217585543565 0.124883333333333 130414.429124675
0.62 3 527618689.428571 527626039.714286 0.175714285714286 582 0.00145717749140893 0.479157577970782 0.143928571428571 121491.72136809
0.63 3 534947086.5 534953228.666667 0.166666666666667 986 0.0049971973346856 0.0284091778331605 0.133233333333333 450085.32411479
0.64 3 540206580.666667 540212144.333333 0.203333333333333 493 0.00088734645030426 0.516070614622808 0.120533333333333 88342.013857725
0.65 3 544427000.272727 544432594.454545 0.219090909090909 1976 0.00129989155870445 0.300564078507763 0.126181818181818 123620.811058349
0.66 3 549753729.333333 549759334.666667 0.24 315 0 NA 0.1826 0
0.67 3 551838370.333333 551856478.666667 0.253333333333333 899 0.000978168576195773 0 0.1137 103236.789044409
0.68 3 555276569.8 555283514.8 0.268 336 0.00251440166666667 0 0.10492 287579.298513153
0.69 3 558556461.5 558569836.7 0.283 943 0.00149090286320255 0.183715796629883 0.11455 156183.62600114
0.7 3 564786808 564825142 0.27 561 0.000534759290552585 0 0.1055 60825.7012950807
0.71 3 567270754.428571 567278521.285714 0.275714285714286 855 0.00272732685146199 0 0.105885714285714 309087.230872648
0.72 3 570144641.666667 570152731.666667 0.3 289 0.00256048166089965 0.58141742362488 0.0686333333333333 447680.134980027
0.73 3 572803534.5 572855846.5 0.345 343 0.00128248583090379 0 0.12565 122481.734746084
0.74 3 574971653 574976204.75 0.3875 467 0.000651394582441114 0.28066068889193 0.118125 66173.4178987798
0.75 3 577046942 577255366 0.41 3 NA NA 0.1032 NA
0.76 3 579817756.875 579840131.875 0.445 455 0.00485129846153846 0 0.1412 412291.65395511
0.77 3 584654216 584659570.333333 0.496666666666667 231 0 Inf 0.0884 0
0.78 3 587219892.25 587227929.25 0.515 648 0.000449289737654321 0 0.1317 40937.561517478
0.8 3 590006193.25 590012861.5 0.5425 1005 0.0056325952106136 0.0548224739101144 0.095625 706835.477410334
0.82 3 592543008 592550565.5 0.59 268 0.009583425 0.355346861899582 0.0863 1332573.58053302
0.84 3 595760545 595768678.5 0.62 66 0 NA 0.08935 0
0.85 3 596322400 596326829 0.62 150 0 NA 0.11135 0
0.86 3 597708947.333333 597750707.333333 0.62 435 0.00587222933333333 0.113652684866484 0.119333333333333 590503.508379888
0.87 3 598509139.833333 598515129.333333 0.62 608 0 Inf 0.0977 0
0.88 3 600405418.5 600415233.75 0.62 304 0.00328947631578947 0 0.090825 434612.890608023
0.89 3 602111025 602115305.333333 0.616666666666667 312 0 NA 0.134766666666667 0
0.9 3 604516931.333333 604522880 0.62 480 0 NA 0.1363 0
0.91 3 607022054.5 607028401.5 0.64 230 0.00382953217391304 0 0.1367 336169.612925798
0.92 3 608929947 608936979 0.65 88 0 NA 0.1099 0
0.93 3 611667293 611859453 0.67 99 0 NA 0.2904 0
0.94 3 612467725.333333 612473040.666667 0.673333333333333 96 0.007783015625 0 0.0906333333333333 1030483.86355278
0.95 3 614563787.5 614568805 0.69 77 0 NA 0.097 0
0.96 3 615168831.666667 615177965.666667 0.696666666666667 373 0.00381744471849866 0.236137088543318 0.125166666666667 365986.710694945
0.97 3 616489074.666667 616493341 0.713333333333333 192 0.00273839895833333 0.267956337017182 0.112233333333333 292789.909414909
0.98 3 617547665 617552719.5 0.725 70 0.00434137414285714 0 0.20205 257839.592745784
0.99 3 619092470.333333 619095602.333333 0.77 343 0.0151163897959184 0 0.1035 1752624.90387459
1 3 620304369 620311023 0.8 409 0 NA 0.114266666666667 0
1.01 3 621508145.111111 621513616.333333 0.818888888888889 778 0.00207483318766067 0.402199372772074 0.129811111111111 191801.749779468
1.02 3 622808885 622812863.333333 0.826666666666667 353 0.000787441586402266 0 0.148766666666667 63517.582591265
1.03 3 623714478 623718001 0.815 231 0 NA 0.16405 0
1.04 3 624818734.5 624823755 0.8 197 0.00341116538071066 0 0.1499 273075.280643949
1.05 3 625599526.5 625610188 0.78 174 0.00968694195402299 0.140808668904264 0.0868 1339208.5650723
1.06 3 627001248 627006910.666667 0.823333333333333 74 0 NA 0.1703 0
1.07 3 628027689.2 628033299.2 0.838 682 0.0022122651026393 0.143591427239024 0.1087 244224.298359444
1.08 3 629122572.5 629127189 0.84 228 0.00560457609649123 0.068960798676927 0.14335 469165.77019808
1.09 3 630438797 630442606.75 0.8275 188 0 Inf 0.12895 0
1.1 3 631968260.25 631973859.5 0.7825 332 0.00736897734939759 0.0920493913003442 0.113 782546.267192665
1.11 3 633171892.75 633175808.75 0.76 233 0 NA 0.116525 0
1.12 3 634461708.5 634468370.5 0.745 492 0.0189550463414634 0.0916755419658501 0.1396 1629373.61101405
1.13 3 635411812 635419350 0.74 149 0.00818452 0 0.1764 556770.068027211
1.14 3 637660763.666667 637665674.666667 0.72 516 0.00305769565891473 0.432778475020227 0.134233333333333 273347.513585623
1.15 3 638729232.333333 638747448.666667 0.713333333333333 1184 0.000308045253378378 1.70745323648536 0.105966666666667 34884.017369052
1.16 3 640363426.5 640372392 0.71 1001 0.000620687552447552 0.457525559294047 0.08685 85759.9381620107
1.17 3 641550390 641556082 0.71 866 0.0051481057852194 0.0727745444146533 0.14338 430863.923996602
1.19 3 644846424 644852586.5 0.71 373 0.00247101198391421 0 0.1207 245668.134274818
1.2 3 645789704.25 645796122 0.72 375 0 Inf 0.108375 0
1.21 3 648227594.5 648232714.5 0.74 701 0.00365466962196862 0.0710488173240292 0.1298 337873.924989394
1.22 3 649490752.333333 649498785 0.753333333333333 850 0.00225327138823529 0.5279542004256 0.0957 282541.86686336
1.23 3 650885026.5 650889788 0.775 119 0.00655030588235294 0 0.10805 727474.970737948
1.24 3 652088083.142857 652092300.714286 0.79 655 0.0167553516793893 0 0.168285714285714 1194778.89734185
1.25 3 653473061.333333 653479032 0.8 358 0.00240653273743017 0 0.108766666666667 265507.749149513
1.26 3 654531262.333333 654535686 0.8 338 0.00529313899408284 0.116877845294627 0.154966666666667 409879.552133754
1.27 3 655174578 655178299 0.8 10 0 NA 0.1955 0
1.28 3 656335494 656341387 0.79 441 0.00208817 0.349365712561717 0.0856 292734.112149533
1.29 3 657788086 657795804.5 0.8 116 0.00711900689655172 0 0.2542 336066.415258146
1.3 3 659169793 659174471 0.83 51 0 NA 0.1188 0
1.31 3 659845294.4 659851068.4 0.84 1051 0.00690834340627973 0.122728378723541 0.1167 710369.501931078
1.33 3 662367131 662403455 0.84 167 0 Inf 0.133 0
1.35 3 664666868.666667 664671756 0.786666666666667 107 0 NA 0.121833333333333 0
1.36 3 666352278 666355704 0.76 130 0.00466667 0 0.1793 312325.934188511
1.37 3 667678838.5 667713023.5 0.755 140 0 Inf 0.15695 0
1.4 3 671243651.333333 671246855 0.71 87 0.00677934482758621 0 0.124866666666667 651512.049634553
1.41 3 672987030.6 672993762.8 0.674 692 0.0127998292196532 0.0822081461523113 0.169 908863.613229811
1.42 3 674481335.75 674486404.5 0.66 396 0.01037761 0.0378315202273223 0.174275 714567.89556735
1.43 3 676118507.75 676123834.75 0.66 541 0.0040800134935305 0.313961449422556 0.142075 344607.861498265
1.44 3 677159774 677165242 0.66 66 0.0362173 0 0.3989 1089515.16670845
1.45 3 679600774 679605340.333333 0.696666666666667 227 0.0223897185022026 0 0.109433333333333 2455162.55278494
1.46 3 681921829.333333 681930410.666667 0.69 279 0.00474691870967742 0.0765519337229828 0.129566666666667 439642.586952372
1.47 3 682754365 682756614 0.69 32 0 NA 0.1669 0
1.48 3 684549137.75 684553845.5 0.69 256 0.0029565475390625 0.404756834925851 0.1567 226410.787930759
1.49 3 686680165 686683878 0.69 154 0.00366876 0 0.1192 369338.255033557
1.5 3 687445554.666667 687451282.333333 0.696666666666667 772 0.0146373900466321 0 0.169716666666667 1034952.45345921
1.51 3 688372688 688376902 0.7 33 0.0176471 0 0.1047 2022590.25787966
1.52 3 689497290 689544691.666667 0.7 776 0.00358542289948454 0.111765482221779 0.139666666666667 308055.428118003
1.53 3 690929243 690933918 0.7 127 0.0108383456692913 0.120141610070805 0.1375 945891.985683608
1.56 3 693425142 693427780 0.71 55 0 NA 0.3082 0
1.57 3 694330192 694335518.5 0.71 82 0.0174100280487805 0.323812958091226 0.1493 1399332.46205871
1.58 3 695570274 695577166 NA 406 0.00511923891625616 0.0584110265005333 0.138566666666667 443330.769750353
1.63 3 699496042 699505211.5 NA 538 0.00136469094795539 1.36947047653926 0.18955 86395.6284645987
0 4 369520 374029 1.63 25 0 NA 0.1932 0
0.01 4 419978 422167 1.63 55 0.0149533 0 0.3252 551782.287822878
0.02 4 1100187 1104779 1.62 27 0 NA 0.2961 0
0.03 4 2254894 2264900 1.6 48 0 NA 0.0978 0
0.05 4 3292322 3298518 1.58666666666667 297 0.0267076222222222 0.0209127048031963 0.132333333333333 2421849.87405542
0.06 4 4143044 4148811 1.57 801 0.0213971386766542 0.0458341717861435 0.124033333333333 2070134.35194719
0.07 4 4778106 4784175 1.56 129 0.00855263 0 0.0999 1027342.94294294
0.08 4 5407890.33333333 5412955.66666667 1.55 244 0.0138093639344262 0 0.109 1520296.94690931
0.09 4 5999210 6003671 1.54 24 0 NA 0.124 0
0.1 4 6222221 6229346 1.54 817 0.00467683406364749 0.0525222053166698 0.10575 530704.574598297
0.12 4 7553778.66666667 7561478.33333333 1.51 375 0.00438407392 0 0.1471 357640.292590075
0.13 4 7966665 7971989 1.5 68 0 NA 0.1184 0
0.14 4 8711877.75 8722831.75 1.49 850 0.00481934797294118 0.177408218138853 0.151 382994.540895988
0.15 4 9539407 9546573.66666667 1.47666666666667 736 0.0125906436548913 0.0379501234468371 0.0971 1556001.27557874
0.16 4 10271297.5 10278381 1.46 194 0.0278948494845361 0.0831122502605883 0.13715 2440672.21155256
0.17 4 11218969 11302463 1.44 608 0.0280473 0.0270708766975787 0.1175 2864405.10638298
0.19 4 12282924 12286833 1.42 11 0 NA 0.1214 0
0.21 4 13852075.6666667 13856167.8333333 1.38833333333333 477 0.0140900237316562 0 0.151316666666667 1117393.66524865
0.22 4 15110393.9 15114992.5 1.373 902 0.0219259502217295 0.0402247312260789 0.14636 1797700.20948862
0.23 4 15524765 15527575 1.37 51 0 NA 0.0598 0
0.24 4 16464203 16474102 1.35 55 0 NA 0.1143 0
0.25 4 17570576.6666667 17575592.6666667 1.32666666666667 119 0.0159083924369748 0 0.139033333333333 1373057.12714239
0.26 4 18336047 18342837 1.31 60 0 Inf 0.135 0
0.27 4 19426125.5714286 19437181.8571429 1.27714285714286 2232 0.00515801867831541 0.0350611465591259 0.138671428571429 446351.672997316
0.28 4 19887247 19890599 1.27 43 0.00998336 0 0.1793 668155.716675962
0.3 4 21512335 21519320.5 1.25 1373 0.00813781109249818 0.0309356155275073 0.101925 958094.021191839
0.31 4 22275428.5 22281095.5 1.23 666 0.00365588076576577 0.0354750416744943 0.15195 288717.138461265
0.32 4 22798860.5 22802856 1.215 274 0.00107529737226277 0.717806189616941 0.11765 109677.590031052
0.33 4 23244904 23253183 1.2 314 0.00367061786624204 0.0935626363811553 0.1086 405593.134391385
0.34 4 23599210 23606048 1.19 90 0 NA 0.0891 0
0.35 4 24289724 24315017 1.19 1559 0.00493029 0.121418618377418 0.0753 785703.585657371
0.36 4 24979535 24985488 1.2 114 0 Inf 0.1086 0
0.38 4 26198429 26203483 1.19 13 0 Inf 0.2121 0
0.39 4 26587834.5 26596011 1.18 348 0.00109097655172414 0.42420040002124 0.1164 112471.809456097
0.4 4 27567926 27575347 1.15 133 0 NA 0.088 0
0.42 4 29183901 29193482 1.07 46 0 NA 0.0986 0
0.43 4 30676973.75 30687803.5 0.965 372 0 NA 0.116875 0
0.44 4 32936990.3333333 32941898.6666667 0.903333333333333 371 0.00828175579514825 0.137698674129091 0.1153 861934.688133382
0.45 4 35098032.8 35105183.4 0.8 593 0.00502119359190556 0.0504915112260416 0.16808 358485.977527765
0.46 4 36231703.3333333 36244274 0.68 212 0.00190153301886792 0.5584 0.111 205571.137174911
0.47 4 39166336 39176531.6666667 0.483333333333333 456 0.00184289567982456 0 0.0799666666666667 276549.580965753
0.48 4 41367239.3333333 41376295 0.36 142 0 NA 0.1128 0
0.49 4 46136506 46142020 0.16 319 0.000927357 0 0.1326 83923.7104072398
0.5 4 51306238 51330494.3333333 0.06 433 0.00381451593533487 0.0590543423099823 0.0934 490087.70047129
0.51 4 57764084.3333333 57771849.0666667 0.0593333333333333 1537 0.00178992503578399 0.20702657851302 0.121946666666667 176135.19923525
0.52 4 86920778.3513514 86927996.7027027 -0.00621621621621622 4235 0.00125120272817557 0.136514709778475 0.145081081081081 103489.942494402
0.53 4 130703399.68 130720409.44 -0.0304 2000 0.00102263661458333 0.391792177522329 0.111524 110035.861115096
0.54 4 213098030.5 213120458.47619 0.0114285714285714 7129 0.0014111568220242 0.178085953848948 0.106747619047619 158634.750033501
0.55 4 362596638.677419 362614577.919355 -0.000483870967741935 11392 0.000780887973970037 0.128261130766732 0.109062903225806 85919.7344878966
0.59 4 427019660.6 427026150.4 0.028 746 0.00128095959785523 0.335784993878061 0.08284 185556.677622679
0.6 4 431662045.5 431666028 0.03 354 0 Inf 0.3699 0
0.61 4 435962311.333333 435967146 0.0333333333333333 421 0 NA 0.0700333333333333 0
0.62 4 438408576 438412687 0.04 207 0 NA 0.08195 0
0.63 4 444367303.75 444374000.5 0.045 463 0 Inf 0.08235 0
0.64 4 447475062.4 447481639.8 0.05 1214 0 Inf 0.12776 0
0.65 4 453233771 453245938 0.06 241 0.00396825 0 0.0738 645243.902439024
0.66 4 459302778.833333 459308520.666667 0.0633333333333333 318 0 NA 0.1381 0
0.67 4 463663856.333333 463667900 0.07 489 0.000616676012269939 0 0.0890666666666667 83085.0914734947
0.68 4 472566941 472571893.363636 0.0581818181818182 962 0.00266235117671518 0.101387641890785 0.158881818181818 201081.624607429
0.69 4 492962657.821429 492968502.392857 0.0496428571428571 4024 0.00113600469516236 0.167427443359475 0.132539285714286 102852.948606761
0.7 4 512277214.565217 512282763.869565 0.0973913043478261 2300 0.000522953408695652 0.521177236139849 0.134295652173913 46728.5485625486
0.71 4 521566808 521598823 0.122 291 0.00551524627720504 0 0.17546 377196.827347888
0.72 4 527035090.363636 527041965.454545 0.141818181818182 1870 0.000883577272727273 0.142808932696116 0.116618181818182 90920.0187090739
0.73 4 535477202.666667 535481986.5 0.15 640 0.001266779375 0 0.134983333333333 112616.514384492
0.74 4 543330016 543335862.2 0.114 2059 0.00119611460417678 0.188664842723707 0.1099 130603.960419667
0.75 4 552378817.666667 552385321.444444 0.111111111111111 1086 0.000277409162062615 1.09737116342399 0.121622222222222 27370.9021585624
0.76 4 559583640.333333 559611403.833333 0.216666666666667 1072 0.00164064324626866 0.426964849221066 0.138616666666667 142029.955189784
0.77 4 564370631 564382005.333333 0.315 1069 0.000822131038353602 0 0.125116666666667 78850.9854288788
0.78 4 567451759.857143 567457521.428571 0.377142857142857 389 0.00113427784061697 1.10142489446871 0.122 111568.312191833
0.79 4 569455498.833333 569461430.666667 0.441666666666667 741 0.00408424974358974 0 0.118983333333333 411914.808150247
0.8 4 570601406 570605661 0.475 156 0 NA 0.1747 0
0.81 4 572976756.333333 572985121.666667 0.5 399 0.0042664680952381 0.05639742385332 0.103533333333333 494503.707110661
0.82 4 574890928.25 574896697.75 0.49125 662 0.0016478436858006 0 0.1094 180750.678515606
0.83 4 577176563 577182498.5 0.495 238 0.00428198319327731 0 0.13585 378239.222078231
0.84 4 578716627 578722246.5 0.505 256 0.002222969921875 0 0.1315 202856.57081749
0.85 4 580291772.666667 580298534.666667 0.516666666666667 500 0.0152172017 0.0262599200482438 0.151833333333333 1202676.75345774
0.86 4 581683739.666667 581739144.333333 0.53 553 0.00189140549728752 0.131260406595652 0.134833333333333 168332.75130371
0.87 4 583711608.8 583716884.8 0.55 280 0 Inf 0.14122 0
0.88 4 585971664.25 586008348.25 0.58 115 0 NA 0.0833 0
0.89 4 587219839.5 587227988 0.585 132 0.00724292181818182 0.2351357701701 0.10795 805141.841761758
0.9 4 589159726 589166987.75 0.5825 1313 0.00306500332063976 0.316002783615188 0.10395 353824.337158991
0.91 4 591181401 591185046.666667 0.603333333333333 478 0.0015861640167364 0.251636800660102 0.131433333333333 144818.424048974
0.92 4 593519855.6 593526976.8 0.646 1741 0.00143688211372774 0.13271163839588 0.12774 134981.880105941
0.93 4 595556957 595560722.5 0.705 272 0.0064106925 0 0.13 591756.230769231
0.94 4 596423267.666667 596427676.333333 0.74 228 0.00286549421052632 0 0.157333333333333 218554.643175736
0.95 4 597959841.333333 597963913.333333 0.806666666666667 593 0 NA 0.1381 0
0.96 4 599228057.428571 599232915.285714 0.847142857142857 568 0.0021848060915493 0 0.119757142857143 218923.668961161
0.97 4 600027670 600031417 0.87 148 0.0040153 0 0.1115 432139.910313901
0.98 4 601621415 601626247.666667 0.89 257 0 NA 0.148966666666667 0
0.99 4 602480492.5 602485882.5 0.895 137 0 NA 0.1163 0
1 4 603598534.5 603601415 0.89 219 0.00380517442922374 0 0.1224 373056.316590563
1.01 4 604417944.5 604424432.5 0.89 721 0.00770804951456311 0 0.14405 642114.50312223
1.02 4 605644071 605649078 0.9 240 0.00252101 0.282660124315255 0.093 325291.612903226
1.03 4 606207051.5 606216344 0.91 473 0 NA 0.10205 0
1.05 4 608200338.8 608205048.6 0.91 606 0.0035337699669967 0.30651277634942 0.16882 251186.113043244
1.06 4 609253363 609263215.5 0.9 1045 0.00790859527272727 0.0103261653156762 0.127175 746240.56043033
1.07 4 610930296 610934429 0.89 37 0.0333333 0 0.1233 3244116.78832117
1.08 4 611660166.2 611669204.6 0.87 300 0 Inf 0.0826 0
1.09 4 613321019 613330736.5 0.835 470 0.00131604971914894 0 0.2627 60116.4698507318
1.1 4 613641592 613648256 0.82 206 0.00297619 0.689465390314463 0.118 302663.389830509
1.11 4 615383587 615388493 0.77 35 0.0144928 0 0.1343 1294963.51451973
1.12 4 617008435 617015102 0.665 846 0.00405675423167849 0.0926129277418349 0.13965 348593.27447291
1.13 4 618899903.5 618905310 0.6925 385 0.0048103425974026 0 0.1238 466269.072446132
1.14 4 621215242.5 621222407.5 0.68 317 0.00225847722397476 0 0.0856 316608.956631976
1.15 4 622003604.5 622008718.5 0.72 358 0.00944769463687151 0.0249300414595541 0.1539 736662.349853529
1.16 4 623170501.5 623182007.166667 0.806666666666667 1065 0.009265156657277 0.0240691574684643 0.132116666666667 841543.180678622
1.18 4 625052776.333333 625058413.333333 0.928333333333333 905 0.00427660528176796 0.19772643649319 0.128216666666667 400254.231492646
1.19 4 626954218.666667 626960668.333333 0.936666666666667 458 0.00754704868995633 0 0.201533333333333 449377.692422143
1.2 4 628189120.333333 628194334 0.97 278 0.00155247931654676 0.41859800724879 0.147633333333333 126189.332570972
1.21 4 628801846 628803652 0.98 86 0.0495127 0 0.5029 1181452.37621794
1.22 4 629589221 629593649 0.99 12 0 NA 0.1362 0
1.23 4 630166309 630173377 1 34 0 NA 0.1112 0
1.24 4 630517243 630521946 1 16 0 NA 0.1206 0
1.25 4 632210744.333333 632228410 1 1533 0.000276112198303979 0.246327182952183 0.166166666666667 19939.8979718019
1.26 4 632943176 632946383.666667 1 68 0 NA 0.172866666666667 0
1.27 4 634606406 634610947 1 17 0 NA 0.1639 0
1.28 4 634929343.75 634933659.5 1 300 0.013617884 0 0.1491 1096006.76056338
1.29 4 636582909 636595402 1 247 0 NA 0.1061 0
1.3 4 638632660.5 638640830 1 427 0.0134628519906323 0.0674386725147304 0.2296 703633.379301341
1.31 4 640813100.153846 640829158.692308 NA 3908 0.00433769736438076 0.0793975759264046 0.158884615384615 327611.12991692
1.32 4 645022584.25 645026523.625 NA 880 0.0127810636363636 0.0747272091809118 0.29115 526782.633131938
0 5 320459 326008.5 NA 351 0 NA 0.1516 0
0.01 5 545628.5 550170 1.45 263 0 NA 0.14205 0
0.03 5 1313687 1319573 1.44 282 0.00196078 0 0.2138 110053.133769878
0.05 5 2254287.5 2261846 1.41 439 0.01014065261959 0.115388450353137 0.2097 580294.856628897
0.06 5 2896212 2902464 1.4 589 0.00354726 0.110568438738632 0.1797 236878.797996661
0.07 5 3141079 3152916 1.39 398 0.00454485 0.139755327458552 0.1356 402199.115044248
0.08 5 3761222 3766664 1.38 138 0 NA 0.2195 0
0.09 5 4122876 4126991 1.37 102 0 NA 0.185 0
0.13 5 5685205 5702441 1.32 122 0 Inf 0.0972 0
0.15 5 6865726 6871506 1.2825 457 0.0081668370678337 0.0870916609338787 0.181975 538546.749905231
0.16 5 7512955 7521181 1.26 609 0.00607019068965517 0.100759422449169 0.12745 571536.196750585
0.19 5 9252025 9255073 1.22 116 0.00737705 0 0.2149 411933.92275477
0.2 5 9866256 9870141 1.21 153 0.00382166 0 0.1306 351147.932618683
0.21 5 10156146 10160096 1.2 203 0.0283429 0.0457056264531858 0.1585 2145834.70031546
0.24 5 12058959 12064320 1.15 214 0.00916325 0.0433262215916842 0.1463 751599.453178401
0.25 5 12449138 12456304 1.15 253 0.00245148 0.666870625091781 0.1822 161458.616904501
0.26 5 13032905 13036977 1.13 121 0.00672269 0 0.0815 989843.926380368
0.27 5 14012962 14017702 1.11 164 0 NA 0.103 0
0.29 5 15283999 15297809 1.08 155 0 NA 0.0817 0
0.3 5 16494534 16500867 1.05 57 0 NA 0.1167 0
0.31 5 17006662.5 17012663.5 1.04 527 0.00384464222011385 0.101296415137367 0.12595 366301.759756778
0.33 5 19372145 19373859 0.99 11 0 NA 0.122 0
0.34 5 19790379.5 19793156 0.98 102 0 NA 0.21315 0
0.35 5 21256049 21260540 0.93 325 0.0149873 0 0.1402 1282793.15263909
0.36 5 22616947 22620731 0.9 89 0.00872093 0 0.133 786850.827067669
0.37 5 23794351 23799064 0.865 80 0.021063845 0 0.1129 2238849.7785651
0.38 5 24509754.3333333 24515416.6666667 0.846666666666667 379 0.00872910079155673 0.799160736482935 0.146966666666667 712741.275790524
0.39 5 25650078 25654495 0.82 20 0.0176471 0 0.0312 6787346.15384615
0.4 5 27480188 27488604 0.77 83 0 NA 0.0638 0
0.41 5 28700723.3333333 28705277.3333333 0.746666666666667 227 0 NA 0.0932333333333333 0
0.42 5 30452571.5 30458213 0.715 403 0.00197458064516129 0.410338910419777 0.16965 139669.718490631
0.43 5 33365129 33373298 0.665 185 0.00494099286486487 0.263231873913338 0.1465 404722.965040126
0.44 5 34536282 34540113.6666667 0.65 391 0.00842978012787724 0.168725604675857 0.124266666666667 814034.561704883
0.45 5 39967215 39977149.5 0.42 449 0.00491991966592428 0.0686348215809361 0.09395 628409.111134554
0.46 5 42194966.25 42200240.75 0.3375 531 0.00817863941619586 0 0.101275 969080.947858309
0.47 5 56618897.25 56640049.25 0.0258333333333333 1306 0.00310495830154532 0.0381755192841721 0.118675 313962.499418949
0.48 5 192914481.325397 192929846.507937 0.00412698412698413 19613 0.000811573982772531 0.322623160845171 0.11214126984127 86844.8146436656
0.49 5 355617030.944444 355621881.222222 0.03 1549 0.0019364363460297 0.0279605782206798 0.128955555555556 180195.696511466
0.5 5 370662037.555556 370695349.222222 0.0388888888888889 1610 0.00180867690139752 0 0.150144444444444 144554.951047829
0.51 5 380623473.666667 380630422.777778 0.04 1540 0.000465700103896104 0.962817384176897 0.115455555555556 48403.0518918095
0.52 5 409016007.872727 409032490.163636 0.0450909090909091 9890 0.000935094766505636 0.124435224914807 0.111796363636364 100371.218106577
0.53 5 444158061.705882 444163632.294118 0.0382352941176471 1809 0.000830162332089552 0.060887779073779 0.122505882352941 81318.1195362857
0.54 5 461477396.8 461482246.5 0.1 898 0.001262849922049 0.210696203163977 0.1165 130078.961927794
0.55 5 469161854.444444 469178359.666667 0.156666666666667 896 0.00198319456473214 0 0.0985777777777778 241416.831594986
0.56 5 475371847.25 475376817 0.2175 356 0.00174982005617978 0.228786953599113 0.1346 156001.788069519
0.57 5 479669652.666667 479674755.333333 0.26 576 0.00054270125 0.674324220226547 0.109633333333333 59401.7786561265
0.58 5 483283320.888889 483287581.333333 0.276666666666667 659 0.00425561573596358 0.0330094045473296 0.117766666666667 433631.945923263
0.59 5 487719678 487726195.75 0.295 293 0.0172032209328783 0.0631000073589945 0.164425 1255518.6327781
0.6 5 489074235 489081274 0.3 275 0 NA 0.1219 0
0.61 5 494235079 494240167 0.32 763 0.0061188 0.0359807478590573 0.1146 640712.041884817
0.62 5 496234132.75 496245916.25 0.3325 314 0 NA 0.170925 0
0.63 5 498759100.666667 498763044.666667 0.346666666666667 225 0.0076274 0 0.159266666666667 574688.991209711
0.64 5 501895126 501899954.25 0.36 319 0 NA 0.116275 0
0.65 5 504819918.5 504825257.5 0.38 447 0.00223713691275168 0.0839092492181502 0.1291 207944.561990861
0.66 5 506360012 506361654 0.39 175 0.00875455857142857 0 0.240366666666667 437060.19771381
0.68 5 510161801 510172518 0.41 640 0.00695297 0 0.085 981595.764705882
0.69 5 513390079.5 513394264 0.44 176 0.0132462505681818 0 0.11795 1347647.36598713
0.7 5 514792452 514798215 0.446666666666667 198 0.0105097454545455 0.112451819609851 0.1312 961257.206208425
0.72 5 520164702.666667 520180343 0.49 532 0 Inf 0.1186 0
0.73 5 522832552.5 522837701 0.51 257 0.00238267206225681 0 0.1565 182696.899342375
0.74 5 524792990 524797308 0.53 48 0 NA 0.0842 0
0.75 5 527271209.75 527277461 0.5475 443 0.00513688788562829 0.167528165832811 0.128375 480176.472269052
0.76 5 529037178.666667 529044014.333333 0.563333333333333 962 0.00737239361746362 0.129582389810672 0.1009 876796.0694704
0.77 5 530417037.5 530422384.25 0.5725 695 0.00182108242877698 0.481939329190125 0.09565 228468.260797948
0.78 5 532471852 532484362 0.59 30 0.021978 0 0.1459 1807649.0747087
0.79 5 534095222.2 534099118.6 0.612 270 0 Inf 0.14376 0
0.8 5 535812042.5 535818203.75 0.63 1045 0.000599485100478469 0 0.15125 47562.4542528372
0.81 5 537895567.5 537900479.5 0.66 204 0.00456747176470588 0 0.0845 648635.043508528
0.82 5 538823684 538830959.5 0.675 93 0 NA 0.0836 0
0.83 5 540223114.5 540226493 0.685 81 0 NA 0.17535 0
0.84 5 542166882.5 542172177.25 0.7075 1129 0.00346875951284322 0.458913897816545 0.134025 310577.2367403
0.86 5 544885819 544891762 0.735 245 0.00552491502040816 0 0.14015 473057.297501948
0.87 5 546402156 546409373 0.745 49 0 NA 0.1 0
0.88 5 547191014.6 547194257 0.75 467 0.0122951765738758 0.0886046526913482 0.16684 884333.006991786
0.89 5 549102144.5 549134168 0.765 297 0.00581071898989899 0 0.0863 807979.465571123
0.9 5 549604147.25 549608741.5 0.77 373 0.00215620203753351 0.24903832495863 0.143725 180027.30527328
0.91 5 551574812.75 551583408.5 0.7775 613 0.00423352544861338 0 0.137125 370481.716560514
0.92 5 552619510.4 552626567.2 0.78 911 0.00298260875960483 0.0317433896282856 0.0904 395921.516761703
0.93 5 553381965 553389821 0.786666666666667 357 0.00230764537815126 0.202870885646956 0.1369 202277.169742989
0.94 5 554649444.571429 554654091.857143 0.812857142857143 501 0.00109943872255489 0.601511531559925 0.104871428571429 125804.185662186
0.95 5 556017071 556022813.5 0.835 250 0.0153400748 0 0.1086 1695035.88950276
0.96 5 556674011.666667 556679148.666667 0.843333333333333 270 0 Inf 0.1307 0
0.97 5 557828115 557834357 0.85 92 0 NA 0.14005 0
0.98 5 559221220.666667 559226199.333333 0.86 659 0.0047322468892261 0.0280207565649005 0.131 433488.264661933
1 5 561644311 561648315.666667 0.86 142 0 NA 0.1723 0
1.01 5 562444113.25 562448068.75 0.8525 267 0.00748230224719101 0 0.183375 489639.410859125
1.02 5 563701678 563705426 0.845 240 0.00194805225 0 0.10815 216150.041608877
1.03 5 565060812.666667 565064829.333333 0.85 677 0 Inf 0.139666666666667 0
1.04 5 565795021 565801853.4 0.858 1752 0.00318947656392694 0.0211405034837257 0.0989 386994.123024502
1.06 5 568218957.4 568224062.4 0.87 403 0.00714384044665013 0 0.16028 534852.042424516
1.07 5 569874787.666667 569878735 0.87 177 0.00628748711864407 0 0.161233333333333 467954.385509999
1.08 5 571048560.5 571052588.5 0.87 222 0.0052763777027027 0 0.2182 290176.59226596
1.1 5 572518347 572521870.5 0.87 39 0 NA 0.18875 0
1.13 5 576340941 576346950 0.86 80 0.0129496 0 0.1651 941218.655360388
1.16 5 580610708.5 580614294 0.83 122 0.00424300655737705 0.206098057594483 0.1285 396234.075397078
1.17 5 581516184.166667 581522951 0.825 374 0.00484920681818182 0.0924533140060642 0.151833333333333 383252.350064864
1.18 5 582853700.2 582858637.8 0.812 1041 0.0102439566954851 0.0644302108770689 0.12236 1004637.79295375
1.2 5 585451064.833333 585478822.166667 0.781666666666667 417 0.00197327961630695 0 0.15985 148134.847642687
1.22 5 587633896 587640789.25 0.77 308 0.000901202142857143 0 0.14455 74814.4290161585
1.23 5 588775151.833333 588794135.666667 0.756666666666667 595 0.0179723889277311 0.150075901695395 0.130766666666667 1649263.32245302
1.24 5 589728952.333333 589736466 0.743333333333333 622 0.00696936704180064 0.0527319630233943 0.0968 863971.120884377
1.25 5 591288114.166667 591294443.333333 0.74 1052 0.00355355950570342 0.392983067960081 0.110733333333333 385093.74535016
1.26 5 593304128 593311723 0.7225 434 0.0102901405529954 0.0577047901205597 0.252125 489763.754629429
1.27 5 595198243 595204091 0.673333333333333 514 0.00314667688715953 0.059113479434224 0.124 304517.118112213
1.28 5 596155755.666667 596164750.666667 0.623333333333333 1067 0.00468610338331771 0.0637328161960122 0.134866666666667 416954.329706964
1.29 5 597433549 597441733.333333 0.583333333333333 785 0.0020911278343949 0.129752514924519 0.12145 206616.171368784
1.3 5 598624492 598645342.666667 0.576666666666667 792 0.0027258353030303 0.245851845173435 0.128833333333333 253894.103257674
1.31 5 600567024.142857 600572062.142857 0.612857142857143 697 0.0119504491439503 0 0.128871428571429 1112778.76963953
1.32 5 603146879 603152770.333333 0.593333333333333 289 0.00572183432525952 0 0.1049 654547.301268963
1.33 5 604838464.4 604844168 0.6 485 0.00545024309278351 0 0.10684 612157.591851386
1.34 5 606298425.666667 606303068.333333 0.623333333333333 188 0.0103393930851064 0.193488629703202 0.176366666666667 703493.009003647
1.35 5 608533807 608537012 0.66 21 0 NA 0.1295 0
1.36 5 609165825.428571 609197785.857143 0.655714285714286 918 0.0038568722875817 0.152590306250047 0.190314285714286 243189.66533318
1.37 5 610350823 610356522.5 0.62 637 0.0156597827629513 0.0567511653871482 0.13595 1382253.71942196
1.38 5 611829750 611835284.333333 0.61 237 0.00268472405063291 0 0.1557 206915.148411014
1.39 5 613222910 613227066 0.61 55 0 NA 0.152 0
1.4 5 615008758.333333 615028365.166667 0.603333333333333 883 0.0114655784824462 0.0103123398809206 0.12995 1058768.30926783
1.41 5 616781922.75 616789669.75 0.59 857 0.00360258851808635 0 0.165225 261649.642711673
1.42 5 618916085.2 618920786.2 0.542 1247 0.000843972941459503 0.301491865727541 0.10334 98003.4381412235
1.43 5 622132592.333333 622138184.333333 0.51 188 0.00742212585106383 0 0.136933333333333 650429.724046489
1.44 5 623827590 623834219.333333 0.556666666666667 835 0.00716055774850299 0.0252820137926164 0.12525 686041.460934419
1.45 5 625236495.75 625240923 0.5625 395 0.00170652151898734 0 0.140075 146194.954330524
1.46 5 626415388.2 626426071.4 0.572 933 0.0031302 0.0291425967939616 0.1387 270817.591925018
1.48 5 629367055.4 629375472 0.63 873 0.00331037468499427 0.128847677358256 0.12024 330376.715069289
1.49 5 631086746.8 631092170.2 0.652 974 0.00102859524640657 0 0.32796 37636.1231762375
1.5 5 632547993 632552828 0.62 136 0.0221612 0.109587477212425 0.1652 1609772.39709443
1.51 5 635071701.5 635078122 0.62 446 0 Inf 0.09995 0
1.52 5 636501090.75 636508347.75 0.62 784 0.00245432841107872 0.090098848925373 0.1423625 206879.908212799
1.53 5 636949144.5 636953026.5 0.62 194 0.00355002577319588 0.125043015514625 0.1821 233939.095433007
1.54 5 638939029 638942839.5 0.64 145 0 Inf 0.17505 0
1.55 5 640539927.5 640545598.5 0.645 336 0.00538092172619048 0.0528880695503962 0.1759 367089.600422318
1.56 5 642706270.5 642716587 0.6525 1273 0.0116471846032993 0.0636899335301203 0.131675 1061448.37850459
1.57 5 644346730.428571 644354976.857143 0.687142857142857 679 0.0023228676730486 0.105820807104417 0.126914285714286 219631.792589017
1.58 5 645868508 645872045 0.715 96 0.0109263364583333 0 0.17165 763856.903582872
1.59 5 647002920.5 647008017.5 0.725 37 0 NA 0.19965 0
1.6 5 648235775 648239243.75 0.735 348 0.0092791183908046 0.0708352848374294 0.135475 821918.587854993
1.61 5 649605300.666667 649611265.666667 0.74 667 0.00605396295352324 0.167193482136767 0.108133333333333 671833.126778165
1.62 5 651181795.142857 651190678.857143 0.74 1231 0.00476817433793664 0.207267978000378 0.112142857142857 510225.024696404
1.63 5 652241030 652246973 0.75 886 0.0106152 0 0.1753 726653.736451797
1.64 5 652969084 652974847 0.76 89 0 NA 0.1287 0
1.65 5 654684138 654689663 0.78 58 0 NA 0.177 0
1.66 5 656514952 656518038 0.78 172 0.0107218 0 0.1379 933006.526468455
1.67 5 657440549.5 657446880 0.77 94 0.00501475308510638 0.421988490598135 0.2131 282388.723703785
1.68 5 657832262.666667 657839775.666667 0.76 280 0.00558967660714286 0.055116788797103 0.0919666666666667 729352.511261844
1.69 5 659626331.5 659632904.5 0.73 120 0 NA 0.1195 0
1.71 5 661608200 661611656.333333 0.73 450 0.0241416 0.029021847948953 0.1556 1861820.05141388
1.72 5 663594444.5 663598888.5 0.7175 325 0.0108784123076923 0.0311037289378201 0.198175 658715.517559267
1.73 5 665012438.666667 665021942 0.706666666666667 1516 0.00722826382585752 0.228189974174926 0.174766666666667 496314.128801966
1.74 5 669053316.666667 669073368.5 0.68 1644 0.00644519268248175 0.110293320269861 0.213133333333333 362882.290536977
0 6 596538 601736 1.405 483 0.00704792819875776 0.0959819036375291 0.275566666666667 306913.529884214
0.02 6 4781177 4786863 1.42 116 0.0357143 0 0.2572 1666297.04510109
0.03 6 5146749.75 5153147 1.42 1051 0.0138831727497621 0.0385504213982307 0.15015 1109544.27570527
0.04 6 6221744.25 6226632.25 1.4275 294 0.0150594631292517 0.0365964207521505 0.1914 944166.967351204
0.06 6 8009379 8015945.33333333 1.44 653 0.00789165773353752 0.0694063069876743 0.101033333333333 937313.356672223
0.07 6 8580377.66666667 8586867.66666667 1.44 259 0.0414065233204633 0.0731105493819034 0.260366666666667 1908379.0033756
0.09 6 9614292 9619612 1.44 184 0.00456621 0 0.1168 469131.164383562
0.11 6 10691525 10695891 1.44 101 0.0164204 0 0.2329 846048.948046372
0.12 6 11509347 11515094 1.43 18 0 NA 0.1946 0
0.13 6 11796633 11806289 1.425 71 0 Inf 0.18825 0
0.14 6 12657540 12788778 1.45 314 0.0037293 0.145061807845976 0.1375 325466.181818182
0.15 6 13265913 13278057 1.48 696 0.0027671 0 0.1126 294895.204262877
0.18 6 14498767 14502658 1.52 134 0.00515021 0.512524732001219 0.2096 294859.351145038
0.19 6 15689517 15694661 1.54 31 0 NA 0.2193 0
0.2 6 16268218 16339252.5 1.54 98 0 Inf 0.1528 0
0.21 6 16838459 16842029 1.54 411 0.0060086804622871 0.0346528345991831 0.201166666666667 358429.986151343
0.22 6 17167823 17172865 1.54 34 0 NA 0.1541 0
0.24 6 18617841.6666667 18621743 1.50666666666667 290 0.00297640772413793 0.425973202781451 0.187833333333333 190152.046262583
0.26 6 19614372.3333333 19619354 1.47 206 0.00622648791262136 0.0734800620939428 0.154933333333333 482258.099944856
0.29 6 22577030.5 22580930 1.34 290 0 Inf 0.11515 0
0.3 6 23621073 23626364 1.35 33 0 NA 0.1325 0
0.31 6 24373440.5 24383556 1.34 180 0.00664453333333333 0 0.4707 169395.368599958
0.32 6 25049705 25053175 1.33 95 0.0133050231578947 0.179393133040691 0.16235 983432.570956186
0.33 6 25869026 25874898 1.31 30 0 NA 0.1499 0
0.36 6 28204142 28206497 1.19 47 0 NA 0.1322 0
0.37 6 28881564 28885717 1.14 96 0.00301508 0 0.1676 215876.849642005
0.38 6 29453673 29459393 1.1 258 0.00563725 0 0.087 777551.724137931
0.39 6 30663453 30693544.3333333 0.986666666666667 215 0.00692284437209302 0 0.127766666666667 650201.923807328
0.4 6 30983493 31024798.5 0.955 139 0 NA 0.12375 0
0.41 6 32260487 32264470 0.87 138 0 NA 0.1043 0
0.42 6 33252575.5 33258140.5 0.805 53 0 NA 0.1305 0
0.43 6 34026543 34029172 0.77 85 0.00534759 0 0.0997 643641.725175527
0.44 6 36242351.5 36249478 0.6575 107 0.00932878130841121 0.250570167933707 0.116425 961523.519011678
0.45 6 37758404 37763659.5 0.59 170 0 NA 0.14795 0
0.46 6 40408681 40420893 0.39 1 NA NA 0.1066 NA
0.47 6 45359501.0909091 45366385.2727273 0.261818181818182 964 0.0057772419346473 0.0712231429223362 0.132718181818182 522361.761335327
0.48 6 55223749.4 55240640.6 0.086 1479 0.000612500338066261 0.668619271918824 0.14367 51158.9340627489
0.49 6 71987231.4705882 71994150.5882353 0.0476470588235294 3397 0.00353315006284957 0.121102260564053 0.111552941176471 380068.874088437
0.5 6 103195017.125 103205021.25 0.00875 1000 0.000382726692 1.0141644314685 0.112975 40652.5364372649
0.51 6 124776576.607143 124785173.857143 0.0328571428571429 4598 0.00179307175229166 0.248548330345176 0.124325 173069.463321938
0.52 6 155983153.222222 155991278.740741 0.0296296296296296 3094 0.000997489692954105 0.270422766687899 0.109437037037037 109376.831094196
0.53 6 233325264.326923 233345865.557692 0.00942307692307692 8689 0.00273020668327066 0.0862494568877996 0.105138461538462 311612.703094983
0.54 6 341716570.23913 341724442.717391 0.0226086956521739 6083 0.000816630200493178 0.368172184239466 0.108871739130435 90010.1576790068
0.55 6 381390125 381398942.8 0.08 1006 0.000518562644135189 1.60396191476049 0.08596 72391.2485996076
0.56 6 392553491.25 392563697.625 0.085 762 0.00127284592425947 0 0.163675 93320.000556674
0.57 6 397391890.714286 397397680.428571 0.0842857142857143 621 0 NA 0.1092 0
0.58 6 407003414.571429 407008738.285714 0.08 1080 0.000600824888888889 1.26975202671981 0.107557142857143 67033.1925443839
0.59 6 423290170.4 423297462.2 0.0733333333333333 1251 0 Inf 0.149746666666667 0
0.6 6 450335201.333333 450341356.555556 0.0522222222222222 648 0.000482253086419753 0.396028224 0.0961777777777778 60170.2094886014
0.61 6 462061449.25 462067450.25 0.0675 489 0.000819158098159509 0 0.107875 91123.0329354726
0.62 6 469760664.2 469765632.8 0.094 437 0.00132672339816934 0 0.17734 89774.9000678473
0.63 6 476323409.666667 476327099.333333 0.123333333333333 175 0.00715454685714286 0.180342778222872 0.142 604609.593561368
0.64 6 480621725 480642664.545455 0.13 2643 0.00191365707718502 0.085708208470514 0.0940909090909091 244060.612742437
0.65 6 491536490.615385 491542623.384615 0.137692307692308 1956 0.00142500493865031 0.306428723100683 0.150161538461538 113877.757507017
0.66 6 500085570.25 500090610.5 0.1925 1411 0.00116057069960514 0.448584665345681 0.126325 110246.1776787
0.67 6 505406843.4 505411455.2 0.19 751 0.00140883508655127 0.376712968846073 0.11102 152279.05817524
0.68 6 508713430.25 508721892.75 0.245 631 0.00123706949286846 0 0.0952 155933.129353168
0.69 6 512678767 512684315 0.25 236 0.00653287512711864 0.133315532880496 0.1456 538423.774213075
0.7 6 516519409 516522218 0.28 9 NA NA 0.13 NA
0.71 6 519990913.166667 519995948.166667 0.37 420 0.000879405428571429 0 0.111833333333333 94362.4304875453
0.72 6 522707152 522713033 0.455 441 0.00074188820861678 0 0.10635 83710.9403234731
0.73 6 525172217 525182235.75 0.5075 1958 0.000324078784473953 1.29054577675708 0.1056625 36805.3511291843
0.74 6 527794422 527800290.666667 0.561666666666667 1639 0.000705690065283709 0.0748394742360356 0.11925 71012.8367581091
0.75 6 530062602.428571 530068199.285714 0.604285714285714 335 0 NA 0.106028571428571 0
0.76 6 531679551 531684670 0.64 218 0 NA 0.1454 0
0.77 6 533717786 533720946 0.675 86 0 NA 0.10325 0
0.79 6 536087071 536093721.5 0.715 201 0 NA 0.104625 0
0.81 6 538801564 538806092.5 0.79 35 0 NA 0.151 0
0.82 6 540207325 540211438 0.85 160 0.0044586 0 0.1235 433224.291497976
0.84 6 541669443.333333 541676439.666667 0.883333333333333 411 0.00641161333333333 0.115027852364066 0.1266 607735.860979463
0.85 6 542372587 542380759 0.89 348 0 NA 0.1116 0
0.86 6 543604198 543618645 0.89 388 0.00227998 0 0.0816 335291.176470588
0.88 6 545774157.25 545780775.75 0.8375 173 0.00594550751445087 0 0.14575 489510.052647756
0.89 6 547083745.75 547088179.75 0.8575 325 0 NA 0.1149 0
0.9 6 548251132 548255470 0.88 11 0 NA 0.0782 0
0.91 6 548931587 548941023 0.89 263 0.00402315 0.17172439506357 0.0901 535824.639289678
0.92 6 550397643.5 550404306.666667 0.878333333333333 1636 0.00478971374694377 0.113110335905259 0.113266666666667 507444.658298927
0.93 6 551205289.333333 551211802.666667 0.86 639 0.00522227651017214 0 0.112633333333333 556383.410376434
0.94 6 552465615 552471757.4 0.8 369 0.00473060955284553 0 0.14322 396364.43676963
0.96 6 555392248 555400326.333333 0.73 424 0.00385647066037736 0.365865074256844 0.0815666666666667 567359.802916162
0.98 6 557994616.5 557996994.5 0.765 153 0.00442924183006536 0 0.14675 362186.725456793
0.99 6 559687199.333333 559694247 0.846666666666667 559 0.00456885293381038 0.102086446510989 0.118366666666667 463189.821507106
1 6 560432574 560439696 0.89 468 0.00540465 0.034030880815594 0.0845 767524.26035503
1.02 6 563067353.25 563072819 0.975 223 0.00612854708520179 0 0.147275 499355.389729564
1.03 6 564085703 564091732 0.99 377 0.00342319 0 0.117 351096.41025641
1.04 6 565192449 565200178.5 1 536 0.00312603552238806 0 0.134 279943.479616841
1.05 6 565974294.5 565979378 1.005 445 0.0145133123595506 0.0977853250266628 0.11535 1509837.43662425
1.07 6 568036829 568041120 1.05 99 0.0386266 0 0.2095 2212502.14797136
1.08 6 568471093 568476958 1.06 205 0 NA 0.2372 0
1.1 6 570019107 570021234 1.09 32 0 NA 0.2658 0
1.11 6 570404914 570414327 1.1 435 0.00331754 0 0.0842 472808.551068884
1.12 6 571848658.5 571852315.5 1.12 172 0.0404183453488372 0.0336363564702961 0.1529 3172139.595723
1.13 6 572429678 572432959 1.13 24 0 NA 0.0573 0
1.14 6 573741756.5 573772320 1.145 794 0.00916106848866499 0 0.130725 840947.193451749
1.15 6 574949003.2 574953993.6 1.172 488 0.00521997645491803 0 0.16314 383962.96100905
1.16 6 575637791 575642606.666667 1.18333333333333 663 0.00543115800904977 0 0.1404 464201.539235023
1.17 6 576510419.666667 576514986.666667 1.2 537 0.0211037929236499 0.0176323148173705 0.243233333333333 1041162.86864656
1.18 6 577449528.5 577453512.5 1.21 132 0.00861705 0.109068648783516 0.2115 488910.638297872
1.19 6 578759434.875 578764829.125 1.2275 951 0.00438940334384858 0.204794429423325 0.1317125 399907.678665145
1.2 6 579646570 579650611 1.24 16 0 NA 0.1031 0
1.21 6 579834771 579840764 1.24 236 0.00230382 0.156795235738903 0.1406 196627.59601707
1.22 6 581243298 581249010 1.27 494 0.00939542 0.130991483084311 0.1155 976147.532467532
1.23 6 581557828.5 581566063 1.27 732 0.00653670237704918 0 0.13075 599926.79559916
1.25 6 582942013 582948718.333333 1.29333333333333 1088 0.0166002854779412 0.0124853621127817 0.273766666666667 727639.446250922
0 7 598538.833333333 603467.333333333 0.95 481 0.0372376390852391 0.0493646718996077 0.320166666666667 1395684.54666175
0.01 7 2888651.6 2894188.4 0.962 577 0.0132297869670711 0.0187384067936774 0.33812 469529.881713157
0.02 7 5288930 5342195.5 0.97 467 0.000852876231263383 0 0.09705 105456.102783726
0.03 7 6519526.2 6527795 0.97 1560 0.00140865775961538 0 0.19554 86447.2390067742
0.04 7 7730590 7735504.5 0.97 322 0.00665866770186335 0.0399198005121984 0.26505 301467.694481646
0.05 7 8553570 8557767 0.97 463 0.0160413 0 0.0911 2113014.27003293
0.07 7 10452369.6666667 10460322.6666667 0.97 415 0.00995120621686747 0.0559491464494207 0.133566666666667 894043.982548612
0.08 7 11297303.6 11320619.8 0.97 421 0.014154009216152 0.0854798385620788 0.1836 925098.641578563
0.1 7 12704624 12710290 0.97 79 0.010582 0 0.0964 1317261.41078838
0.12 7 14293803 14296558 0.96 143 0.0199073 0 0.2028 1177946.74556213
0.13 7 15892099.6666667 15895609 0.976666666666667 116 0.0144251517241379 0.125160973625091 0.146833333333333 1178900.02739833
0.14 7 16709430.3333333 16714304.3333333 0.98 297 0.00636252892255892 0 0.148766666666667 513222.140291555
0.15 7 17084707 17089047 0.98 150 0.00353435 0 0.1371 309352.297592998
0.16 7 18592502.5 18598303.5 0.9675 236 0.00638526016949153 0.375942514320919 0.15975 479643.95639373
0.17 7 19620901.5 19624474 0.95 683 0.0138102549048316 0.0162209818809608 0.1923 861794.377836607
0.19 7 21700877 21708604 0.97 966 0.0071267098757764 0.139005364030368 0.12215 700127.044693547
0.2 7 22625092.5 22629288 0.97 74 0.00502498216216216 0 0.11555 521850.159636053
0.21 7 23561971.5 23568828.5 0.96 160 0 NA 0.08835 0
0.22 7 24712828.25 24727416.75 0.93 397 0.0170176721410579 0.305884966664021 0.1663 1227973.93681717
0.23 7 25814595.5 25856890 0.89 119 0.00360143697478992 0 0.14205 304239.659961133
0.24 7 26774340 26778721 0.87 239 0.00519320439330544 0 0.1585 393176.357852778
0.25 7 27924018.5 27928259.5 0.845 75 0.01174602 0 0.1368 1030352.63157895
0.26 7 30073001 30075177 0.82 95 0 NA 0.1984 0
0.27 7 30770681.5 30781881.5 0.82 524 0 Inf 0.1207 0
0.28 7 32899283.3333333 32904055.6666667 0.82 276 0.0236278357971014 0.105267944005151 0.1166 2431681.21410993
0.3 7 34796990 34945086 0.85 133 0.0229797 0.289738334268942 0.1176 2344867.34693878
0.32 7 37165908.25 37171197 0.87 275 0.0142641396363636 0.0448777231161557 0.169375 1010595.8709158
0.33 7 37802545 37806920 0.87 149 0.00997537 0.194171243773414 0.1586 754756.872635561
0.34 7 39189002 39194783 0.87 140 0 NA 0.1567 0
0.35 7 40734383 40737494 0.87 0 NA NA 0.1169 NA
0.36 7 41834939 41841912 0.86 300 0.00201342 0 0.1245 194064.578313253
0.37 7 42684121 42690645 0.85 32 0 Inf 0.1732 0
0.38 7 44200483.5 44206780 0.83 87 0 NA 0.233625 0
0.39 7 45278072 45281673 0.81 119 0.00533491 0.290361037018431 0.1542 415168.093385214
0.4 7 45743641.6666667 45749244.6666667 0.8 183 0 Inf 0.0936333333333333 0
0.41 7 47658827.5 47664889 0.755 85 0.00975232094117647 0.298331445155354 0.12635 926219.638259736
0.42 7 48628041 48634118 0.733333333333333 161 0 NA 0.1619 0
0.43 7 49804783 49816030 0.72 18 0 NA 0.1329 0
0.44 7 51040903 51043976 0.7 57 0 NA 0.0454 0
0.45 7 52377930.3333333 52382558.3333333 0.683333333333333 290 0.0194831889655172 0.0618523420933994 0.1614 1448564.23535444
0.46 7 53406324.6666667 53481259 0.673333333333333 161 0 Inf 0.115966666666667 0
0.47 7 54969380.5 54972710 0.66 161 0.0100534534161491 0 0.1396 864193.703393903
0.48 7 56620339 56625810 0.63 166 0.0117994 0.0733766971201926 0.0897 1578515.05016722
0.49 7 59370389 59404654 0.6225 538 0.00267211657992565 0.417009219373818 0.268975 119213.305917308
0.5 7 62553494 62559649 0.6 240 0.00958606 0 0.1099 1046703.54868062
0.51 7 63422872.6 63429184.4 0.594 358 0.00469274329608939 0.201350904263751 0.11582 486210.667873188
0.52 7 65523228.6666667 65528245 0.57 266 0.020633154887218 0.0441550528793427 0.282866666666667 875316.49297649
0.53 7 66396989.3333333 66400673.6666667 0.56 428 0.00402067299065421 0 0.145333333333333 331982.173540256
0.54 7 68295634.8 68318739.8 0.538 1717 0.00462726170529994 0.0479371088509774 0.17296 321040.358832096
0.55 7 69869818.3333333 69875431 0.523333333333333 322 0.000909754751552795 0 0.124933333333333 87383.0604479739
0.56 7 70880139.25 70893187.5 0.5075 435 0.00126177563218391 1.09455376149356 0.10425 145240.360539155
0.57 7 71991115 71998859 0.5 122 0 NA 0.1724 0
0.58 7 74550588.5 74559177.5 0.47 588 0.00770750785714286 0.150368941219347 0.0989 935188.0109779
0.59 7 76124425.5 76132477.5 0.45 1006 0.00884389001988072 0 0.1214 874190.117286397
0.6 7 78066857 78069620 0.43 135 0.00451128 0 0.1493 362594.507702612
0.61 7 81348231.6666667 81358587 0.383333333333333 727 0.0109854266850069 0.0756593053906155 0.0794333333333333 1659569.28518778
0.62 7 83514153.6666667 83519356.6666667 0.36 72 0 NA 0.129933333333333 0
0.63 7 87936442 87940314.5 0.31 79 0 NA 0.1731 0
0.64 7 91657053 91668176 0.263333333333333 2264 0.00238527291961131 0.0779499223138027 0.0756 378614.749144652
0.65 7 97995824 98011453.3636364 0.2 989 0.000369059287158746 1.16965702719127 0.117863636363636 37574.8753605511
0.66 7 107643759.909091 107661794.545455 0.128181818181818 1592 0.00101381572236181 0.0756530063547981 0.125054545454545 97283.8582086063
0.67 7 116525488.833333 116531858.666667 0.085 1135 0.00183268983259912 0.179629054515648 0.1077 204199.424245027
0.68 7 130931166.777778 130936511.222222 0.0355555555555556 1291 0.0021143650580945 0.157341555539621 0.136177777777778 186318.069740703
0.69 7 162559831.40678 162568226.305085 0.0261016949152542 7447 0.00225649586629727 0.149426727875771 0.130089830508475 208148.094971984
0.7 7 208165287.487179 208170242.230769 0.00769230769230769 5846 0.000318636165619317 0.915198069373912 0.113107692307692 33805.2515210918
0.71 7 332445495.116071 332458221.5625 0.0133035714285714 17918 0.000916060891485078 0.177134312557629 0.105245535714286 104448.427415138
0.72 7 444699785.846154 444705699.076923 0.0376923076923077 964 0 NA 0.120584615384615 0
0.73 7 460624800 460630197 0.04875 1280 0 Inf 0.13015625 0
0.74 7 477097983.642857 477106637.428571 0.0414285714285714 1972 0.00156876247464503 0.187794611916711 0.142314285714286 132278.706956618
0.75 7 494523095.823529 494532276.588235 0.0564705882352941 2285 0.00153617966739606 0.026013610563064 0.129670588235294 142161.428120485
0.76 7 508547074.272727 508553594.636364 0.0790909090909091 1078 0.00197561038961039 0 0.144354545454545 164229.845348304
0.77 7 522949729 522968403.272727 0.0963636363636364 1710 0.00257728497192982 0.209299661162854 0.118636363636364 260690.893712442
0.78 7 533960657.428571 533967118.571429 0.107142857142857 1455 0.00100899144696449 0.226651134586762 0.143928571428571 84124.3489280568
0.79 7 544808167.428571 544813352.428571 0.13 646 0.00166408890608875 0.130293159609121 0.141442857142857 141181.161611408
0.8 7 554603723.75 554616511.916667 0.145833333333333 1337 0.00282053221391174 0 0.120358333333333 281213.486674023
0.81 7 560228791.428571 560244333.285714 0.174285714285714 849 0.000670954397330192 0.190446900451826 0.144742857142857 55625.9073980815
0.82 7 562950515 562956667 0.1925 508 0.000647361377952756 0 0.089275 87015.8110941817
0.83 7 566865634 566872705 0.232 1060 0.00221716619811321 0.169373424687353 0.11508 231195.641096268
0.84 7 570979816 570983281 0.28 166 0.0018018 0.286822066822067 0.1291 167479.47327653
0.85 7 575156415.666667 575163900.666667 0.333333333333333 297 0.00345508686868687 0 0.1053 393742.093297649
0.86 7 578363460 578369742 0.38 247 0 NA 0.0984 0
0.87 7 580755848 580758309.5 0.39 122 0 NA 0.11685 0
0.88 7 583557896 583565145.5 0.405 319 0 NA 0.0974 0
0.89 7 586213723 586217640 0.43 308 0 Inf 0.1261 0
0.9 7 588157997 588167531 0.45 418 0 Inf 0.121066666666667 0
0.91 7 590170729 590176377.5 0.475 214 0 NA 0.10355 0
0.92 7 591960956 591967158.5 0.495 102 0 NA 0.12965 0
0.93 7 593917247.833333 593922089.166667 0.521666666666667 368 0.00612555831521739 0 0.168033333333333 437453.083411677
0.96 7 599200707.5 599206246 0.58 285 0.00548426 0.111796304332763 0.1503 437865.06986028
0.99 7 604292349.666667 604311492.333333 0.646666666666667 854 0.0017214724824356 0.0575195551436515 0.125566666666667 164515.554466901
1 7 605587468.25 605604192.25 0.6675 588 0.0153235424319728 0.0327634528434108 0.145075 1267499.63249129
1.01 7 607458027.5 607465045.5 0.695 84 0 NA 0.10775 0
1.03 7 611015484 611019132 0.74 81 0 NA 0.2538 0
1.05 7 613714240 613719279 0.78 41 0 NA 0.1046 0
1.06 7 614229976 614232292 0.78 150 0.00581395 0 0.1339 521041.075429425
1.08 7 616789361 616795319 0.82 105 0.00911854 0 0.1099 995654.959053685
1.1 7 619093930.75 619099446.25 0.885 303 0.00582339700770077 0.211938151970047 0.10695 653396.578704154
1.11 7 620108918 620114942 0.92 100 0 NA 0.1425 0
1.12 7 621825575 621833118 0.96 16 0 NA 0.1149 0
1.14 7 623511060.75 623516668.75 0.97 526 0.00922322870722433 0 0.14775 749094.717338017
1.16 7 624830909.5 624891043.5 0.97 73 0.0372216616438356 0.191677242884014 0.16465 2712784.32873384
1.17 7 625869790 625877422.5 0.9575 759 0.0119524358893281 0.0477849593172933 0.131225 1093002.32937273
1.18 7 626758131 626763292 0.943333333333333 189 0.00427350555555556 0 0.142966666666667 358699.463744462
1.19 7 628338140.333333 628341849.666667 0.903333333333333 136 0.0112729764705882 0 0.159766666666667 846708.017820105
1.2 7 629065945 629073032.25 0.8775 667 0.0044734527936032 0.0925878701255399 0.120325 446136.991674535
1.21 7 629654279.5 629658440 0.855 139 0.0232358741007194 0 0.13665 2040471.92981071
1.22 7 631929524.5 631935236.75 0.78 194 0.00239056494845361 0 0.148625 193014.495417617
1.23 7 632982680 632988295.666667 0.766666666666667 197 0.0291213683248731 0 0.1248 2800131.56969934
1.24 7 634961659.5 634965386.5 0.765 71 0.0182014985915493 0 0.20905 1044812.16502555
1.25 7 636457048.25 636461981.5 0.795 318 0.0080188679245283 0 0.24615 390925.919538248
1.26 7 637065652.5 637073206.5 0.81 196 0.0121887714285714 0 0.0917 1595040.97211404
1.27 7 638911322 638913789 0.8 14 0 NA 0.1128 0
1.28 7 640038998.75 640043518.5 0.815 241 0.0324928572614108 0 0.165 2363116.89173897
1.29 7 641325166.375 641332000.125 0.85 1384 0.0124574064450867 0.0507938958234663 0.1386 1078563.32857894
1.3 7 642228150.142857 642234108.714286 0.861428571428571 1259 0.0128004509610802 0.0147670221825038 0.120185714285714 1278067.13506566
1.31 7 643666586.333333 643671178 0.876666666666667 808 0.00269767459158416 0.187150777048735 0.0819333333333333 395102.869393937
1.32 7 644384975 644389821 0.89 70 0.0077922 0.211538718205385 0.2262 413379.310344828
1.33 7 646123949.5 646131395.5 0.915 355 0.00980832842253521 0.1110654656381 0.11475 1025707.54745466
1.34 7 647083596.666667 647089533.666667 0.93 361 0.0114766709141274 0.100014810244229 0.1599 861288.623949525
1.35 7 648182506 648186442 0.94 55 0 NA 0.2121 0
1.37 7 649994417 649998004 0.97 91 0.0119205 0 0.1825 783813.698630137
1.38 7 650398234 650404481 0.98 11 0 NA 0.1353 0
1.39 7 651915617.333333 651921856.666667 1.00333333333333 498 0.00160642248995984 0.423758767517535 0.236333333333333 81567.2914507112
1.4 7 653252867 653257679 1.03 129 0.00840336 0.271201043392167 0.1362 740384.140969163
1.41 7 653385935 653394964 1.03 506 0.00886598 0.18043126648154 0.1205 882919.170124481
1.42 7 654409318 654414027 1.04 380 0.013278 0 0.2211 720651.289009498
1.43 7 656037263 656058136 NA 117 0.00418702 0.293347058289667 0.1337 375798.354525056
