poscM Chromosome Start End recRate nb_complete_site piSyn f0
0 1D 1452847.64285714 1457699.14285714 6.17662302829637e-07 6805 0.00192789573078619 0.144158635495634
0.01 1D 3957939.5 3962043.5 7.90417519030599e-07 384 0.0333638473958333 0.127551976755279
0.02 1D 5320967.33333333 5324374.22222222 8.97605504504382e-07 1110 0.010091423018018 0.117673251566129
0.04 1D 6355894.75 6364387.5 9.83496038966017e-07 1727 0.0275705547249566 0.0580750947050509
0.05 1D 6776478.5 6779306.5 1.01910743566838e-06 177 0.0180207519774011 0
0.06 1D 7487543 7492403.5 9.76008496030621e-07 705 0.0318187655319149 0.0951978130823081
0.07 1D 9466044.30769231 9470828.30769231 9.46008886751358e-07 5351 0.0254748678807699 0.0590414911197652
0.08 1D 10707318.3333333 10712043.6666667 1.29931071411308e-06 1198 0.0210478644407346 0.108199286897624
0.1 1D 11580304.5 11587739.5 1.17433541115337e-06 1355 0.0195639461254613 0.0345029630715768
0.11 1D 12201475.6666667 12206032 1.09296141099887e-06 960 0 Inf
0.12 1D 13790496.25 13793756.625 5.19944096623597e-07 1265 0.00262840814229249 0.113858533169493
0.13 1D 17066692 17071329.5 8.46413239667381e-07 174 0.0131986017241379 0.502895865797696
0.15 1D 18155325.6666667 18158611.3333333 1.04779004485356e-06 850 0 NA
0.16 1D 19651223.9090909 19656411.6363636 1.33392337347973e-06 3860 0.00304042604663212 0.374341147566913
0.17 1D 20699500 20703979 1.23264224107034e-06 747 0 NA
0.18 1D 21828436 21832490 1.07349020733297e-06 954 0 NA
0.19 1D 22254555 22257445 1.04925637536396e-06 376 0 Inf
0.2 1D 22883248 22888807 1.02679634502334e-06 312 0 NA
0.21 1D 24399054 24402498.6666667 9.84558259357803e-07 1021 0.00555696549461312 0.200687794965261
0.22 1D 24779031 24786455 9.74006980762083e-07 273 0.0115942 0
0.23 1D 25919523 25923934.6666667 9.42825891352919e-07 798 0 NA
0.24 1D 27903986.8 27910877.6 8.89353982222632e-07 2116 0.00324463853969754 0.0679597130654021
0.27 1D 31421662 31431937 7.97441065649626e-07 1024 0.000777202 0.287630500178847
0.28 1D 32640925 32643544 7.6654813905423e-07 389 0 Inf
0.29 1D 33636752.6666667 33640076.6666667 7.44604173971962e-07 571 0 NA
0.3 1D 34626868 34630617 7.23727222804044e-07 1078 0.00476297934693878 0.131104932797968
0.32 1D 36762767.8333333 36767630 6.79046365559288e-07 3960 0.00172162286035354 0.120190518907842
0.33 1D 37530336 37533695 6.63122898946303e-07 189 0 NA
0.34 1D 38643782.1666667 38647272.3333333 6.40117328569447e-07 1859 0.00171837824636902 0.286820657014146
0.35 1D 39722202 39726433.75 6.17952492369458e-07 778 0.0133352406169666 0.137217846691313
0.36 1D 41262757.6666667 41265437 5.8654539543882e-07 1797 0.00165140337228714 0.156847665350217
0.37 1D 43173708.6666667 43178988 5.47845694936579e-07 522 0.00150707344827586 0
0.38 1D 45237864 45241835.25 5.06562308027504e-07 1222 0 Inf
0.39 1D 47679302.6666667 47686181.3333333 4.58226216637579e-07 1153 0.00331199308759757 0.119981619900802
0.4 1D 49790293.5454545 49795200.0909091 4.16998819222649e-07 4395 0 NA
0.41 1D 52874320.4 52878659.6 3.57593536999922e-07 871 0 Inf
0.42 1D 56029439.5714286 56033883.7142857 2.97863702106993e-07 1896 0 NA
0.43 1D 59824491.5 59830108.2142857 2.2740577221967e-07 4891 0.000825152013903087 0.148753631264637
0.44 1D 72314453.4736842 72319879.3333333 5.03911742352591e-08 19375 0.000281544755612903 0.541857920645884
0.45 1D 84498956 84507724 0 76 0 NA
0.46 1D 85540829 85547015 0 2325 0.00145063083010753 0
0.47 1D 87269212.4 87278928.8 0 3208 0.000255425561720698 0.284440462949368
0.48 1D 91245541.9 91249499.3 0 4888 0.00046024772606383 0.304619452196429
0.49 1D 116393181.743363 116399530.327434 0 37066 0.000528151886904441 0.136608046853846
0.5 1D 150930208 150953005 0 795 0 NA
0.51 1D 153846668.666667 153859199.666667 0 2300 0 Inf
0.52 1D 207708046.98324 207715103.653631 3.54593519081121e-08 64910 0.000213538920936682 0.242785272743628
0.53 1D 251325874.244444 251332111.844444 7.77965636979938e-08 15662 0.000531635469799515 0.238861119257576
0.54 1D 262711718.756757 262716542.189189 8.79514037980539e-08 11885 0.000128251673538073 1.29772362022153
0.55 1D 281288676.311111 281293458 1.03581509170749e-07 15630 0.000397571316634677 0.392279075918659
0.56 1D 293504760.029412 293509525.676471 1.1306169503804e-07 12925 0.000174028971760155 0.201552058434469
0.57 1D 301784582.842105 301790449.973684 1.19351691114271e-07 14179 0.000335803248607095 0.270649018134329
0.58 1D 310046995.535714 310051709.428571 1.27000678936431e-07 11245 0.00035455737421076 0.229565965939303
0.59 1D 317214718.2 317221121.56 1.35222410933003e-07 10888 0.000275683451047024 0.382207125830185
0.6 1D 324600286.380952 324605552.47619 1.40094494614365e-07 7514 0.000422319044982699 0.235579507921183
0.61 1D 329483410.631579 329488568.684211 1.42196280081379e-07 6724 0.00023877109518144 0.287497567326267
0.62 1D 335180002.777778 335185999.222222 1.45635953460065e-07 10892 0.0001403488321704 0.242288085792844
0.63 1D 343341600 343347612 1.52343731025105e-07 12063 0.00110045526403051 0.222958260471708
0.64 1D 349760738.083333 349764941.125 1.59112825127795e-07 7199 0.00119125556466176 0.294794591417243
0.65 1D 355896762.1875 355900831.0625 1.6680099343408e-07 4406 0.000757642959600545 0.141007624202121
0.66 1D 361597627.166667 361602728.875 1.75088661047191e-07 8250 0.000868053300606061 0.160681077462618
0.67 1D 365782601.217391 365786103.086957 1.81789358075926e-07 5217 0.00205882168870999 0.0860806241280533
0.68 1D 371237241.111111 371240945.555556 1.91734891887771e-07 3686 0.00115763300054259 0.162362929067349
0.69 1D 376173974.6 376178031.35 2.18247633989946e-07 4530 0.000875519885209713 0.459786772467461
0.7 1D 381169473.583333 381173189.875 2.5012034349724e-07 5995 0 NA
0.71 1D 386730783.210526 386736139.105263 2.88250371578612e-07 8070 0 Inf
0.72 1D 391882971.111111 391888071 3.30152749973089e-07 3500 0.000444671611428572 0.145231917018391
0.73 1D 396945564 396949493.6 3.85182993838377e-07 1760 0.000894927931818182 0.144953326485482
0.74 1D 399040821.333333 399043991.5 4.00850292611653e-07 1536 0.0019543309765625 0.23251904245871
0.75 1D 400137562.6 400142831.6 4.06867308459317e-07 1845 0 Inf
0.76 1D 402132628.8 402136558.4 4.13833409547889e-07 1344 0.00056508140625 0
0.77 1D 403473896.25 403477465.833333 4.15976835032939e-07 2936 0 Inf
0.78 1D 405979573.857143 405982883.428571 4.13946544931159e-07 1371 0.0011863752297593 0.141883297820715
0.79 1D 408300575.4 408306379.4 4.13837568163796e-07 3695 0.00109284310690122 0.284175207477595
0.8 1D 410344987.333333 410350997.666667 4.20257204686255e-07 3821 0.000858753619471343 0.346081531562889
0.81 1D 412028007.75 412034492 4.30493998219821e-07 1763 0.00188728734543392 0.135907790585664
0.82 1D 414272158.2 414276004.8 4.32355466166522e-07 1335 0 NA
0.83 1D 415772070.857143 415777633.857143 4.29346470827207e-07 2814 0.000833137285003554 0.097233045853619
0.84 1D 418990600.75 418996001.75 4.90349205929584e-07 3727 0.000845992015293802 0.432949193551831
0.85 1D 421842926.1875 421850469 5.06732114858204e-07 7249 0.00311967250613878 0.324978287475081
0.86 1D 426489267.578947 426492928.631579 5.51282797095702e-07 3603 0.00112369779350541 0.430815463047534
0.87 1D 430414399.333333 430419137 6.17909339671244e-07 1021 0.000793803095004897 0.280985122563497
0.88 1D 430564939 430573646 6.20568788217035e-07 974 0.002596 0.0891040061633282
0.89 1D 430976701 430983376 6.27658063680163e-07 519 0.00299532 0.0926685629582148
0.9 1D 431754080.75 431758725.25 6.40763314634729e-07 2861 0.000265137420482349 0
0.91 1D 432058408 432062311.333333 6.4579507217574e-07 1196 0.00127177989130435 0
0.92 1D 432876223.5 432881684.25 6.59044544466044e-07 2131 0.00220251312623182 0.336477429407486
0.93 1D 433599104.8 433603779.2 6.70387100482134e-07 2500 0.0018847991 0.0487329706386214
0.95 1D 435807018.75 435809305.25 7.03052265874071e-07 717 0.00313692831241283 0
0.96 1D 436503169 436507990.25 7.12701234915431e-07 1414 0.000544606690240453 0.300148871434228
0.97 1D 437640631.5 437648711.75 7.45302923508046e-07 1143 0.00344352133858268 0.290401339943558
0.98 1D 438803569.6 438808038.2 7.7162330756241e-07 1391 0.00055628396836808 0.29655666711037
0.99 1D 439939934.545455 439943712 7.43256792436804e-07 2863 0.000276924876004191 0
1 1D 443551497.947368 443556325.052632 7.20648540755864e-07 5399 0.000715106495647342 0.452501419521827
1.01 1D 445999742 446003976 7.2920519692159e-07 2236 0.00317271026833631 0.130059863323234
1.02 1D 446981946.5 446985864 7.2825582144251e-07 814 0.00197146968058968 0
1.03 1D 447965894 447969679.428571 7.25402426064054e-07 1386 0.00640217699134199 0.0531273593397582
1.04 1D 449005605.5 449009926.5 7.24676338605879e-07 913 0.00931983290251917 0.134778761457987
1.05 1D 449802892.666667 449808114.666667 7.27648975323778e-07 2057 0.00322551001458435 0
1.06 1D 451133877.5 451136560 7.38867549630411e-07 548 0.00938701770072993 0.13103121124129
1.07 1D 451950313.333333 451952514 7.5021698278203e-07 383 0.00318854425587467 0.19495067381601
1.08 1D 452494071 452500203.5 7.59288875583914e-07 942 0.00653165781316348 0
1.09 1D 453279660.666667 453283376 7.75021188949347e-07 973 0 NA
1.1 1D 454394531 454399086.5 8.02456861524297e-07 497 0 NA
1.11 1D 455503876.2 455507347.6 8.3569209611503e-07 1119 0.00144204477211796 0.423921392774546
1.12 1D 457336432 457342247.5 9.02840685815892e-07 1219 0.000599432616899098 0
1.13 1D 458451376.25 458456837.875 9.45274068367806e-07 2116 0.000745852348771267 0.287582119940079
1.14 1D 461609196 461613591.8 1.01561660874332e-06 1515 0.00156479827062706 0.193083566971283
1.15 1D 462718281.4 462723126.6 1.04660021053201e-06 1437 0.0123049631176061 0.0652107822134672
1.16 1D 463490591 463494658 1.10445679939063e-06 279 0.00972644 0
1.17 1D 464140500 464147926 1.14170428773417e-06 515 0 Inf
1.18 1D 464512902.666667 464517485 1.15727490624447e-06 1569 0 Inf
1.19 1D 465197357.875 465201148.75 1.17544152509054e-06 2432 0.00518684881578947 0.167855380010163
1.2 1D 466124310 466131412 1.18035837954181e-06 1470 0.00054902930952381 0
1.21 1D 467002160 467003836 1.16320915359036e-06 92 0 NA
1.22 1D 467976993.285714 467983933.571429 1.12789331233086e-06 2650 0.00177100524188679 0.1469849167899
1.23 1D 469083136.5 469087539.75 1.15110802155529e-06 1656 0.00141218458937198 0
1.24 1D 469971236.454545 469973457.636364 1.16315052039188e-06 2024 0.00307731543478261 0.220721341732583
1.25 1D 470559918.5 470563797.5 1.15681013875977e-06 1242 0.00325025597423511 0.117327404749531
1.26 1D 471505183.285714 471511245.571429 1.12011682682254e-06 2038 0.00246922823356232 0.343431880160956
1.27 1D 472116569.5 472120408.5 1.08015212803411e-06 804 0.00307058457711443 0
1.28 1D 472526935.666667 472530229.333333 1.05595047701203e-06 861 0 Inf
1.29 1D 473837233.4 473842389.6 1.02036789175939e-06 2202 0.0108981339600363 0.0095698095784047
1.3 1D 475364476.714286 475369045.142857 9.92141506120136e-07 3550 0.00983022181408451 0.177133987580784
1.31 1D 476875353.769231 476880071.692308 9.84018092170215e-07 2311 0.00561852414971874 0.0895008489223296
1.32 1D 478232207.6 478236917.4 9.91710653966297e-07 1737 0.000476826902705815 0.551578878523063
1.33 1D 479103586.6 479108711.8 1.00455837721536e-06 1980 0.00103546879292929 0.298247896023243
1.34 1D 479851805.75 479857408.25 1.02042050456771e-06 2305 0.00895808449023861 0.0211431836090714
1.35 1D 480578730.666667 480583746.333333 1.03974301850268e-06 2250 0.00158393574933333 0.362268041783724
1.36 1D 481479135.666667 481484243.666667 1.05621431996317e-06 1919 0.00152175951537259 0
1.37 1D 482217137 482218242 1.06049841476365e-06 166 0 NA
1.38 1D 483066434 483070928.5 1.05837717269826e-06 1465 0.00539102793174061 0.0884116255187395
1.39 1D 483906410.3 483914031.8 1.05171792093832e-06 3128 0.0106381924968031 0.217869544367657
1.4 1D 484678218.125 484683325.625 1.05082224899672e-06 3493 0.000231682482107071 0
1.41 1D 485618328.285714 485622760.142857 1.05146508449003e-06 2735 0.00277305060694698 0.61509493749926
1.42 1D 486414968 486418025 1.0523479992147e-06 520 0.0155424069230769 0.140997461585125
1.43 1D 487167824.666667 487173146.666667 1.05331201274416e-06 1788 0.00996775088366891 0.0640863355206217
1.44 1D 488052362.8 488057332.8 1.05337920810273e-06 2391 0.00494497816813049 0.309228653434176
1.46 1D 491027876 491040580 1.04847231923424e-06 1874 0 NA
1.47 1D 492747840 492754069.666667 1.04805968518512e-06 4206 0.0109212199120304 0.105270728328023
1.48 1D 493973501.285714 493978823.857143 NA 2898 0.00318357002070393 0.0505123697392333
0 2D 312755.666666667 317601.333333333 1.65063745148952e-06 1398 0.00231933572246066 0
0.01 2D 672180 675387 1.63675003794495e-06 265 0.0390977 0.0883392117694903
0.02 2D 1912608 1922943 1.57729347682739e-06 329 0.00230991 0.610729422358447
0.03 2D 2475035 2480695 1.55104046882513e-06 250 0 NA
0.04 2D 3077076 3080377 1.52307003389834e-06 378 0.0100756 0.365336059391004
0.05 2D 3773856 3790417 1.49011709750458e-06 1791 0.00045151 1.97256317689531
0.06 2D 4461128 4465758 1.45761527914681e-06 225 0 NA
0.07 2D 5128180 5132372.5 1.42524642028195e-06 942 0.0118805286624204 0.163179985127943
0.08 2D 5368100.8 5373299 1.41342585205453e-06 2137 0.0081130810388395 0.0798375616233453
0.09 2D 5744852.5 5750534 1.39478607304196e-06 245 0 NA
0.1 2D 6581908.8 6588649.8 1.3526773159954e-06 1691 0.00312131819633353 0.0430735297515953
0.11 2D 7225967.2 7229142.2 1.3198388856083e-06 1377 0.0113635992737836 0.102659068571473
0.12 2D 8424253 8431177 1.25707849912081e-06 658 0.0236899978723404 0.0582389605308785
0.14 2D 10680490.6666667 10685008 1.13517207035322e-06 1689 0.00972528434576672 0.126009347144213
0.15 2D 11713324.5 11721467.25 1.05174561175173e-06 1893 0.0105563144638141 0.0459702734419336
0.16 2D 12686195 12690654 9.3654210619395e-07 301 0 NA
0.17 2D 12842392.25 12845803.5 9.1818087956142e-07 1441 0.00756359972241499 0.12467342178845
0.18 2D 13749686.7777778 13756016.7777778 8.52397510303218e-07 3503 0.00634818636597202 0.0940475434595411
0.19 2D 14501157.8 14505625.6 8.51865903833286e-07 1414 0.0149387795473833 0.0657938081742644
0.2 2D 15648992.3333333 15658290.3333333 8.86614651847717e-07 510 0.00331318215686274 0
0.21 2D 18241573.8333333 18245721.8333333 8.8800450627586e-07 1738 0.00700874944764097 0.0590746835822061
0.22 2D 20060183 20062259 8.31865124244991e-07 158 0.00990712 0.293903778292783
0.23 2D 20778047 20783120 9.60590299907669e-07 170 0 Inf
0.24 2D 22176221.75 22181623 1.06123465567584e-06 1162 0.00897572106712564 0.145186642089216
0.25 2D 22635724.3333333 22639325 1.08566289842349e-06 1062 0.00148900324858757 0.290068145221201
0.27 2D 24630220.5 24635012.5 1.14813834901622e-06 1408 0 Inf
0.28 2D 25153441.7777778 25160224.2222222 1.15166209033708e-06 3228 0.000524500545229244 0.221408227533344
0.29 2D 26532331 26535858 1.13700380969102e-06 153 0.0103896 0.144060406560407
0.3 2D 26979932.3333333 26989046 1.1236129321101e-06 1664 0.00246939889423077 0.444625223580474
0.31 2D 27771653 27774792 1.11884339648287e-06 856 0.000976439485981308 2.16956446521204
0.32 2D 28316087 28325187 1.16113101112215e-06 2325 0.000294930967741935 1.02206867435354
0.33 2D 28994680 28999303.2 1.20172331774466e-06 2159 0 NA
0.34 2D 29643974.6666667 29646588.6666667 1.21515995505585e-06 665 0 NA
0.35 2D 30478671.8 30484918.6 1.1944272366966e-06 2023 0.00038247937716263 0
0.36 2D 31805895 31811622 1.08079072254637e-06 538 0 NA
0.37 2D 32294590.5 32302601.75 1.01170923199309e-06 1012 0 NA
0.38 2D 32980886.2 32985046.6 9.57453115088028e-07 2071 0.000383068334138097 0
0.39 2D 33982622.7142857 33986386.5714286 9.3491314524224e-07 2105 0 NA
0.4 2D 35517935.6666667 35526008 8.97543103322106e-07 2719 0 NA
0.41 2D 36515497.4 36521880 8.71591637485622e-07 2179 0.00113903464433226 0.0910983141368445
0.42 2D 37641395.4285714 37645258 8.40588722376215e-07 3212 0.00519508051681195 0.0826989276500018
0.45 2D 43369633 43377942 6.46586993945924e-07 408 0 NA
0.46 2D 44071157.6666667 44075737.6666667 6.20855364963367e-07 325 0.0113603532307692 0
0.47 2D 46136362.7142857 46143510.8571429 5.5748432761536e-07 3444 0.00022843637630662 0.180186074882049
0.48 2D 48309835 48313658 5.102165793157e-07 430 0 NA
0.49 2D 49682270 49687435.3333333 4.91972116498288e-07 3175 0.000999334529133858 0
0.5 2D 51484304.6666667 51493501.3333333 4.80415264653312e-07 2191 0 NA
0.51 2D 53967069.25 53968764 4.8791167177364e-07 517 0 NA
0.52 2D 55716699 55722974.5454545 5.10791790289917e-07 6200 0.000889817550967742 0.415116515614462
0.53 2D 58021597.6 58026877 5.30745723152727e-07 1114 0.000675757998204668 0.918457947901074
0.54 2D 60032191.7142857 60034664.5714286 5.18903608131117e-07 1465 0.00153604255972696 0.205055282460155
0.55 2D 62342054 62345532.1428571 5.1035033495669e-07 2895 0.00169738153713299 0.276871980942382
0.56 2D 64156501.1666667 64161612.5 5.02468862179395e-07 2144 0.000602668964552239 0.353054010539219
0.57 2D 66974324.5555556 66981148.8888889 4.77291625267859e-07 2119 0.00301691449268523 0.095686159329508
0.58 2D 67965700.25 67971008.75 4.68322155947477e-07 2507 0.0012822542481053 0
0.59 2D 69853863.6666667 69857696 4.51056040915821e-07 1241 0.00123148549556809 0.30114774482447
0.6 2D 72174228 72178123.6 4.29512709689163e-07 1701 0.00531697639035861 0.204268575535726
0.61 2D 73765006.6666667 73769517.3333333 4.14543780049214e-07 927 0.00181236645091694 0.134352030818831
0.62 2D 75358994.5833333 75363744.6666667 3.98986743145108e-07 5105 0.000298736311459354 1.05303690235186
0.63 2D 77943942.8 77950437.6 3.72995382523058e-07 5120 0.00150460634375 0.117824338832979
0.64 2D 80023548.4666667 80029039.5333333 3.53962945945001e-07 5809 0.000676614005852987 0.34624771587267
0.65 2D 83171334 83176866.8333333 3.2837681694391e-07 3245 0.000753903201848998 0.0943462871310896
0.66 2D 86099691.75 86106097.75 3.08185342247644e-07 6084 0.0066093918816568 0.130675080238647
0.67 2D 89226595.3846154 89230636.4615385 2.90417644455427e-07 3883 0.00123350090651558 0.607012306836892
0.68 2D 95250339.8 95255384.2666667 2.62376005503722e-07 4926 0.000351985228989038 0.262446060271702
0.69 2D 101367698.333333 101371860.2 2.14711114633925e-07 4222 0.00196979482709616 0.0823838538751068
0.7 2D 109041006.2 109045424.04 1.85808943741609e-07 7911 0.00278732850587789 0.155582528828782
0.71 2D 115807222 115811286.3 1.6499387560044e-07 7780 0.00134412136632391 0.109576576702796
0.72 2D 121022044.125 121026808.541667 1.52463998122672e-07 6731 0.000113259925716833 0
0.73 2D 126500480.533333 126505153.133333 1.43071996191465e-07 4254 0.000216267204983545 0.246976858245617
0.74 2D 131685856.764706 131691926.764706 1.28693782858327e-07 7659 9.74887870479175e-05 0
0.75 2D 136960595.733333 136965806.266667 1.17257758885615e-07 4548 0 Inf
0.76 2D 145379849.681818 145384910.136364 9.9257498978196e-08 7675 0.00042480468534202 0.213265070203744
0.77 2D 169251940.268293 169257444.918699 4.9818937367876e-08 42004 0.000506115415293781 0.248799817407282
0.78 2D 195659510.5 195665395.227273 1.85737241502131e-08 8197 0.000597019441990972 0.231120934913494
0.79 2D 207524076.265306 207531931.122449 1.07800741323634e-08 18063 0.000289205948679621 0.159186716024454
0.8 2D 298385189.072917 298394113.932292 1.01522654584963e-08 71142 0.000265233201034551 0.242285255087032
0.81 2D 353528656.381818 353535007.327273 4.70925200978894e-08 18760 0.00040785695575693 0.0900265529175315
0.82 2D 371811762.634146 371816561.390244 6.17555006197245e-08 11775 0.000444389827600849 0.187834539152214
0.83 2D 382720570.897436 382725923.871795 6.80272668989415e-08 14119 0.000163879157164105 0.589603820161849
0.84 2D 397826887.916667 397831665.583333 7.41622057286246e-08 17542 0.000133521420020522 0.354899242186755
0.85 2D 414755318.423077 414759478.153846 7.90614770219804e-08 6175 0 Inf
0.86 2D 422431016.121212 422436047.121212 7.95716515442597e-08 12015 0 Inf
0.87 2D 439456731.916667 439461618.402778 8.61503252368469e-08 26172 0.000768647737276479 0.203115769430627
0.88 2D 454349443.5 454353339.5 9.46309586727264e-08 6906 0.000119425816681147 0
0.89 2D 460795907.590909 460801729 9.72284235047235e-08 8132 0.000577917646089523 0.375197122535125
0.9 2D 470992178.030303 470997485.818182 1.0068277582445e-07 9067 0.00130776571633396 0.166830699197916
0.91 2D 478144839.766667 478148886.266667 9.68586648397514e-08 7025 0.000444699735231317 0.366958454791859
0.92 2D 489083276.411765 489087841.941176 8.92788222985338e-08 8735 0.00100277211906125 0.338319493321322
0.93 2D 499300900.647059 499305037.588235 9.13308844070314e-08 4425 0.00138204320903955 0.0747751548137719
0.94 2D 509267352.909091 509273133.590909 1.02557499653779e-07 7308 0 Inf
0.95 2D 517916640.384615 517921258.115385 1.19552200043015e-07 8518 0.000520314727987791 0.411454762147699
0.96 2D 525956976.774194 525961449.354839 1.38474135825426e-07 8947 0.000427072837822734 0.0595678691799177
0.97 2D 534527096.178571 534531212.321429 1.55550624812718e-07 10090 0.00105397696333003 0.216333086045563
0.98 2D 540078357.115385 540084084.384615 1.69272707289417e-07 10833 0.000213565997046063 0.583993803721867
0.99 2D 546179603.695652 546183257.478261 1.87142230625144e-07 5704 0.00265109836781206 0.0908467939519225
1 2D 552187198 552191635.5 2.11132736928289e-07 1155 0.00480736121212121 0.206139494730862
1.01 2D 554612758.153846 554617363.461538 2.13947649373809e-07 3264 0.000461522993259804 0.449409467621736
1.02 2D 557879623.5 557884342.625 2.30108067067681e-07 2289 0.00127795283529926 0.317323047765436
1.03 2D 562686117.888889 562690813.888889 2.56723359797903e-07 2087 0.000373007043603258 0
1.04 2D 565947242.6 565951178.88 2.71758185950572e-07 9325 0.00109901357512064 0.170665055275889
1.05 2D 571689087.454545 571693652.636364 3.07244206503241e-07 3653 0.000209796304407336 0.302622934477265
1.06 2D 574939375.375 574943649 3.3372843487035e-07 3350 0.000492630202985075 0.552282945813892
1.07 2D 578353696.333333 578358054.333333 3.77059814758191e-07 3860 0.00177712401658031 0.133917514403997
1.08 2D 580153811 580158539 4.02561967082467e-07 3148 0.00257427059085133 0.195795308011294
1.1 2D 585202340.285714 585206239.285714 4.25993277234077e-07 1868 0.00238030815310492 0.163266928557464
1.11 2D 587787334.2 587792096.8 4.20638506116758e-07 2267 0.000629744614027349 0.159063689172799
1.12 2D 589043476.625 589047016 4.20041750637821e-07 1278 0.00977135125195618 0.0914854791444271
1.13 2D 590318165.9 590323635.9 4.17901116134141e-07 2315 0.000347095282937365 0.287212193045553
1.14 2D 593033768.222222 593039041.444444 4.16775556349712e-07 3397 0.000148700011775096 1.36078174038355
1.15 2D 595347595.933333 595352391.266667 4.22566170158797e-07 4574 0.000686395872321819 0.0725853226388573
1.16 2D 597672410.9 597677582.3 4.39157540946402e-07 2147 0.00291444164415463 0.0364481731188923
1.17 2D 600972599.090909 600978539 4.63990701109367e-07 3315 0.00120296238310709 0.152067476059541
1.18 2D 604570088.75 604573808.25 4.69783497903741e-07 904 0 NA
1.19 2D 607103476.625 607108722.375 4.80717421531617e-07 3172 0.00248445307692308 0.0284387810767459
1.2 2D 608937408.090909 608943186.090909 4.86015717726896e-07 5704 0.000272923014025245 0.149296627730904
1.21 2D 610576410.666667 610581505 4.83873312934928e-07 1192 0.00649891337248322 0.0893046620749354
1.22 2D 611907698.5 611911875 4.77429583174504e-07 1599 0.00139302624140088 0.207694747357982
1.23 2D 613346392 613352710.571429 4.65656369951714e-07 2644 0.0034238276172466 0.0992034087638082
1.24 2D 615060627 615063946 4.45101371779439e-07 305 0 Inf
1.25 2D 617162328.1875 617166665.5625 4.09799826218536e-07 5139 0.00737331409612765 0.105230948346586
1.26 2D 620050348.266667 620053721.8 3.86940501120503e-07 2348 0.00553315776405451 0.208826930028957
1.27 2D 622222114.4 622228469.2 3.5523412393636e-07 2201 0.00533364116310768 0.0774309959324644
1.28 2D 624796652.4 624801138.933333 3.30822028311209e-07 5258 0.00829347544503614 0.0633550980253135
1.29 2D 628123066.5 628127619.5 2.99161132177699e-07 5743 0.0055168112310639 0.171372405379358
1.3 2D 634074613.484848 634078875.727273 2.42205553504675e-07 11037 0.0127374602156383 0.106509427705451
1.31 2D 644703548.611111 644708762.277778 1.84022291216084e-07 21629 0.0120805401294558 0.0887470527409478
0 3D 1646713.06666667 1652246.06666667 8.99849634981906e-07 5780 0.00296676700519031 0.130634563932997
0.01 3D 3889513.16666667 3895996.33333333 9.29188971847814e-07 2198 0.00255536440400364 0.243955898545645
0.02 3D 6210908.5 6215949.8 9.66226535346475e-07 3146 0.00871324555626192 0.134775526621012
0.03 3D 7312167.88888889 7318774.66666667 9.82271558059329e-07 3269 0.00688019588253288 0.0410785355813654
0.04 3D 8546322 8551051.25 9.98177088965441e-07 1593 0.00991172789077213 0.0292341419382915
0.05 3D 9131314.5 9134069 1.00500054937966e-06 702 0.0139590632478632 0.0237412105629501
0.06 3D 10474615.3333333 10477986 1.01979411052965e-06 278 0.00932428884892086 0.140333548302698
0.07 3D 10659758 10663012 1.02135836759986e-06 223 0 NA
0.08 3D 11603558.8 11608743 1.02705732607378e-06 1850 0.00472226659459459 0.132617022824083
0.09 3D 12230761 12234542.5 1.02924232515376e-06 626 0.0279613643769968 0.212477339438837
0.1 3D 13403006.5 13407692.25 1.05543490077301e-06 1369 0.00396967468955442 0.0423968624145438
0.11 3D 13896582 13900927.5 1.06279960556696e-06 704 0.003450364375 0.375114005169382
0.12 3D 14698991.5 14702085 1.07044592502468e-06 334 0.00238674583832335 0.587536915288073
0.13 3D 15563411.5 15567788.5 1.0799339963444e-06 446 0.00535475726457399 0.0952876971968273
0.14 3D 16404639.6 16409914.6 1.0937012511935e-06 2119 0.00542790207645116 0.194830586752447
0.15 3D 17228774.6 17237076 1.0956933250261e-06 485 0.00467636432989691 0.207667186337858
0.16 3D 18433687 18434946 1.07986416949365e-06 66 0 NA
0.18 3D 19833529.75 19836405.5 1.10812692551527e-06 507 0.00631925680473373 0.333360504281207
0.19 3D 21004883 21005972 1.20693226838003e-06 216 0.0262295 0
0.2 3D 22047120 22052398 1.26047788850451e-06 414 0.00760275362318841 0
0.21 3D 22263195 22268678 1.26640346319786e-06 1900 0.00307411591578947 0.193824110567046
0.22 3D 23126863.25 23129977.75 1.27419578618096e-06 908 0.0128610349118943 0.394972619760519
0.23 3D 23669446 23673272.5 1.26522617057576e-06 437 0.00183852247139588 0
0.25 3D 25126814.5 25130889.5 1.18811242126333e-06 908 0.000859044933920705 0
0.26 3D 26215820.5 26219240.5 1.08021369422023e-06 305 0.0565237567213115 0.0389744650411261
0.27 3D 26449214 26453950 1.05144118125485e-06 218 0 NA
0.3 3D 29165377 29172091 8.30142756725139e-07 591 0.0135249 0.0858076584669757
0.31 3D 30040898.6666667 30048126.5555556 7.87967151405362e-07 2521 0.00837580305434352 0.200418388674105
0.32 3D 31977949.5 31983703 7.17664151534811e-07 1600 0.0009836745 0.875522085811922
0.33 3D 33092270.6 33098524 6.92142295290384e-07 2990 0.00520773625852843 0.161614100045358
0.34 3D 36727826.5454545 36732830.0909091 6.09108105715637e-07 2842 0.00156021263194933 0.155798317155881
0.35 3D 39722719.3076923 39727005.2307692 5.57019813703712e-07 3898 0.00233766185736275 0.290114250403156
0.36 3D 42457391.9285714 42460395.2857143 5.36317584456899e-07 4956 0.000157573069007264 0.584124909804902
0.37 3D 44386800.9230769 44391060 5.53340335781676e-07 3516 0.00673828081626849 0.112512861124305
0.38 3D 46594097.4444444 46600498.2222222 5.34356344983978e-07 3879 0.00058862180974478 0.304048710092219
0.39 3D 48916242.4 48920668.2 4.99714916505005e-07 4794 0.00034816854401335 0.13533984375
0.4 3D 50758151.2857143 50766887.5714286 4.73345622695241e-07 1503 0.000619417099135063 0.724870201299937
0.41 3D 51688592 51696138 4.60390894673247e-07 310 0 NA
0.42 3D 53433486 53438057 4.36869733554096e-07 1539 0.000492288395061728 0.307128136272626
0.43 3D 54829660 54831549 4.18701463010141e-07 113 0 NA
0.44 3D 56946343.6666667 56948898 3.92255870037141e-07 638 0 NA
0.45 3D 58502391.8181818 58506776.9090909 3.73656694156918e-07 3530 0.000472032 0.279629197727604
0.46 3D 61370928.5 61374615.6666667 3.41272827404267e-07 2006 0.000810047676969093 0
0.47 3D 63922603.5454545 63926394.4545455 3.14468796012172e-07 2473 0 NA
0.48 3D 66684669.6666667 66691093.7777778 2.87783916517556e-07 3876 0 NA
0.49 3D 70088679.9090909 70095321.4545455 2.57244036287463e-07 5333 0.000156402008250516 0.558668432595156
0.5 3D 82729155.8837209 82734724.9302326 1.79999515636912e-07 15923 8.38626634428186e-05 0.450952565306353
0.51 3D 93256397 93264153 1.26350710440072e-07 559 0.00145455 0
0.53 3D 95002954.4 95008119 1.18750524621199e-07 1752 0.000463701118721461 0.855334986139168
0.54 3D 96304291.3333333 96307608.6666667 1.13264181192164e-07 1459 0 NA
0.55 3D 110000343.716981 110005292.377358 6.68358296676343e-08 17137 0.000495936097333255 0.261422584606643
0.56 3D 131175854.960784 131181516.588235 2.67902328143574e-08 17151 0.000369815117019416 0.310127329338951
0.57 3D 147976846.275862 147981573.310345 2.58548239520825e-08 8858 0.000138266160532852 0.952938608095706
0.58 3D 166495622.724138 166500791.655172 2.66465578348078e-08 18115 4.06767518630969e-05 0.815762025469826
0.59 3D 241851996.035088 241860959.77193 1.7839935369943e-08 66272 7.86370007544664e-05 0.625210090603527
0.6 3D 308314351.745763 308320526.59322 3.97964050959897e-08 21613 7.28157895710915e-05 0.28705607789653
0.61 3D 327889365.714286 327895772.696429 3.47395321192232e-08 18323 4.32082764831087e-05 2.0331650409038
0.62 3D 344927747.173913 344933401.217391 3.95807086690661e-08 18650 0.000406104131152815 0.120801519551521
0.63 3D 366196109.956989 366201840.408602 6.58221910900181e-08 30877 0.000570096946918418 0.247475955875259
0.64 3D 385206773.25 385211275.816667 1.06266190745695e-07 18337 0.000336944356219665 0.46714590914948
0.65 3D 396212934.846154 396217761.461538 1.378969900101e-07 7759 0.000502562152339219 0.178032062606962
0.66 3D 402624340.782609 402629527.565217 1.60401417062351e-07 6418 8.31407603614833e-05 0.262993222980472
0.67 3D 409230912.583333 409236065 1.88245070755295e-07 3737 0 Inf
0.68 3D 414950648.448276 414955218.034483 2.07156481749583e-07 11346 0.00117316927639697 0.206891617814985
0.69 3D 420374984.318182 420382233.590909 2.19590849300455e-07 8671 0.00184976655287741 0.246117439544893
0.7 3D 426332060.9 426339839.35 2.27181567809811e-07 10694 0.000920030634000374 0.210143805637586
0.71 3D 430148602.421053 430152858.157895 2.36517184022143e-07 4529 0 Inf
0.72 3D 434518282.166667 434522863.166667 2.49075606495179e-07 3780 0 NA
0.73 3D 438105232.421053 438108407.631579 2.57571026150311e-07 4467 0.000718950803671368 0.640787854415267
0.74 3D 441244935.692308 441249421.769231 2.63607942745527e-07 4776 0.000964403027638191 0.398087910486175
0.75 3D 444124384.785714 444129746 2.68173258875209e-07 5363 0.000294784361364908 0.57538023682829
0.76 3D 447564300.571429 447570649.714286 2.72195502333946e-07 3104 0.000516372371134021 0.141706047886205
0.77 3D 450784123 450789776 2.74657589070053e-07 1734 0 NA
0.78 3D 454208223.666667 454211546.25 2.77823565945269e-07 3001 0 Inf
0.79 3D 456852714.769231 456855844.307692 2.80207905735174e-07 3025 0 Inf
0.8 3D 459613689.230769 459620061.461538 2.8184163268641e-07 4098 0.000119952796486091 3.29768599393742
0.81 3D 462780131.818182 462783657.909091 2.82690950695961e-07 2857 0.0033532391459573 0.162109125974124
0.82 3D 465387438.625 465391838.75 2.82644960896025e-07 2990 0 Inf
0.83 3D 469113936.142857 469118349 2.81258392850579e-07 3958 0.000193406483072259 0.296388232958398
0.84 3D 472970704.625 472975217.5625 2.7823909637317e-07 3701 0 Inf
0.85 3D 476865700.461538 476871498.538462 2.73564699587632e-07 3944 0.000950844452332657 0.308534618683085
0.86 3D 480447484.333333 480450777.5 2.67198508914411e-07 2877 0.000731657580813347 0.286198346904063
0.87 3D 484478727.166667 484483376.333333 2.52048663970408e-07 3314 0.000912269597465299 0.230880376198863
0.88 3D 488033657 488040983.444444 2.40414335622663e-07 3727 0.000846800485108667 0.0719335298836732
0.89 3D 491407612.5 491413331.5 2.3518138197474e-07 2631 0.00152997718738122 0.114400636534781
0.9 3D 497321434.05 497325690.15 2.40399429770175e-07 6543 0.000619669099801314 0.334922577730101
0.91 3D 502203659.722222 502209559.055556 2.44253004885621e-07 6738 0.000848308444642327 0.438579808125832
0.92 3D 506208188.529412 506213133.647059 2.31553412578683e-07 6243 0.000239367244914304 0.15578200725174
0.93 3D 509676812.769231 509680455.769231 2.29853602518181e-07 3462 0.00985908529462738 0.0473195349346212
0.94 3D 514575960.375 514580912.25 2.44620152104226e-07 5886 0.000652675011892627 0.300476884496817
0.95 3D 518395502 518399418.769231 2.55690937522864e-07 3894 0.000829471312275295 0.427411132843639
0.96 3D 523159760.6 523163886.3 2.61037916823768e-07 3917 0.000607205541230533 0.477170554912451
0.97 3D 525881081.65 525886239.7 2.65724433202021e-07 5533 0.000546379504789445 0.609138985255553
0.98 3D 530475441.8 530480700.9 2.87858813743508e-07 3975 0.000402917149685535 0.569892346799364
0.99 3D 534161115.111111 534164620.888889 3.0525860599229e-07 1859 0 Inf
1 3D 536462133.25 536467273.375 3.18662524199145e-07 2791 0.0014277791114296 0.404231455923395
1.01 3D 540179185.333333 540191257.666667 3.48808602376823e-07 1435 0.000557365644599303 0.285796913979488
1.02 3D 542695028.5 542697865.5 3.74944158356178e-07 457 0 NA
1.03 3D 544269726.6 544273971 3.96810408625082e-07 2537 0.000932806020496649 0.290527700529548
1.04 3D 546912914.894737 546917521.473684 4.42058337482303e-07 4983 0.000333177391129841 0.506577461819676
1.05 3D 549333186.7 549338045 4.72127614369049e-07 3491 0.0011825451160126 0.220649319992781
1.06 3D 551931382.875 551935174.625 5.08677105131644e-07 2231 0.000679895141192291 0.610671612253125
1.07 3D 553804476 553808584 5.43732896602405e-07 884 0.00246049830316742 0
1.08 3D 556997021.777778 557001394 5.58850757639681e-07 3414 0.00726681640011716 0.080275343635506
1.09 3D 558995011.4 558996819.2 5.26820728532711e-07 962 0.000752321330561331 0.301209595050728
1.11 3D 561164885.666667 561167974.666667 4.66513180995158e-07 539 0.00287153128014842 0.149117183480469
1.12 3D 562477697.75 562481288.75 4.24681374343525e-07 780 0.00187128173076923 0
1.13 3D 563726486.5 563729461 4.05199872209746e-07 322 0.0024267 0
1.14 3D 565976234 565979322.666667 4.36835599399193e-07 659 0.0133497185128983 0.259475486374512
1.15 3D 569985989 569988153.666667 4.20947355197758e-07 371 0.00208067223719677 0
1.16 3D 573937752.25 573942175.5 4.4722592693966e-07 1372 0.00918734838921283 0.19994674686522
1.17 3D 575997328.666667 576003676.333333 6.35029168873132e-07 1060 0.00223484555660377 0.291685926682309
1.19 3D 578615905 578620322 7.91433829933438e-07 16 0 NA
1.2 3D 579726218 579733444 8.40535912502353e-07 405 0.00193315 0.587553992188914
1.21 3D 580676599 580679587.75 8.75605716396944e-07 1211 0.00611209141205615 0.124050629049832
1.22 3D 581658206 581663918 9.09473428133234e-07 457 0.0016435675273523 0
1.23 3D 582004280.666667 582008638.666667 9.309038070712e-07 723 0.0034043052835408 0.0922093771977093
1.24 3D 583101880 583105083.5 1.01982232713796e-06 787 0.0230519504447268 0.0253010474931354
1.25 3D 584189723 584193572.25 1.09656635124425e-06 2180 0.00253852532110092 0.289504133476902
1.27 3D 586074808.333333 586080660.333333 1.17008046864763e-06 983 0.000813353407934893 0.285931856659142
1.28 3D 587022898 587025999 1.17835878193925e-06 623 0.0225409149277689 0.0744016331279877
1.29 3D 587704838 587710298.833333 1.17170886056119e-06 1953 0.00330913215053763 0.212542934356915
1.3 3D 588393624 588396164 1.15647821665452e-06 233 0 NA
1.31 3D 589663030.666667 589667179 1.11199595136209e-06 592 0.0113570200168919 0.0515133019472709
1.32 3D 590444926.333333 590451193.333333 1.1157935129001e-06 666 0.0186445288288288 0.0557134240332417
1.33 3D 591530061 591534722.5 1.10857670461484e-06 568 0.011172998415493 0.0361070958435366
1.35 3D 593269829.75 593277196 1.09627477282911e-06 1229 0.0232526650447518 0.0642598807332559
1.36 3D 594619492.333333 594624752 1.07929252576513e-06 963 0.0233692047975078 0.0100971911618657
1.37 3D 595053521.5 595058194.25 1.06336815690203e-06 1514 0.018228850660502 0.184354606066546
1.38 3D 596912028 596915547 9.73379670328619e-07 236 0.0061657 0
1.39 3D 597069527 597071687 9.62214995733798e-07 128 0.0256342 0.138344867403703
1.4 3D 598621624 598625476.5 8.93554959521685e-07 1146 0.0421553994764398 0.047292188320138
1.42 3D 600123710 600126996 8.54213563703903e-07 229 0.0280497 0.14218939953012
1.44 3D 601917967 601925473 8.39242228673895e-07 485 0.0498492 0.0345255289954503
1.45 3D 602919437.833333 602924303 8.47625315265672e-07 1094 0.00272579213893967 0.583946447514746
1.46 3D 604205953.153846 604210517.307692 8.48982837153101e-07 6098 0.00195262541489013 0.350009327872343
1.47 3D 606995691.714286 607000674.714286 8.33384072406212e-07 6629 0.00312384510785941 0.110521695907755
1.48 3D 609382957.25 609387420.5 8.13381864735285e-07 1997 0.000787401001502253 0.882787735339693
1.49 3D 610209389.5 610216703.5 8.1000832575488e-07 1337 0 NA
1.5 3D 611286414.875 611289828.625 8.0523514800582e-07 1461 0.00720642683093771 0.283746256003748
1.51 3D 611754912.333333 611756506.666667 8.02896667010013e-07 411 0.0172250800486618 0.161833019495606
1.53 3D 612893125 612902319 7.96489615194158e-07 1861 0.00302956977968834 0
1.54 3D 613630203 613636698 7.91834839663841e-07 2503 0.00303184917299241 0.153054749502316
1.55 3D 614204249 614208876 7.87942240021488e-07 393 0.0041415 0.419268381021369
0 4D 2026677.94736842 2030977.42105263 2.03711815937581e-06 6197 0.0135592152364047 0.112041829946103
0.01 4D 4517321.6 4522390.8 1.93361247779379e-06 2275 0.00206776880879121 0
0.03 4D 5602744.5 5608050.5 1.88701911522695e-06 1987 0.00998144534474082 0.0942288832355317
0.04 4D 6032395 6038324 1.86872691417363e-06 766 0.036799 0.0122892741650588
0.06 4D 6597174.8 6601892.4 1.84486343563107e-06 1835 0.00564620852861035 0.243648112193424
0.07 4D 6896320 6899884 1.832296722521e-06 323 0.00503673 0
0.08 4D 7107798 7112439 1.82339986465315e-06 534 0.0289157 0.0147371842978036
0.09 4D 7591012 7594761 1.80273763892101e-06 162 0 NA
0.1 4D 7747939.57142857 7753260.14285714 1.79596928964955e-06 3372 0.0067399971737841 0.0254529172239837
0.11 4D 8077703 8081173 1.78188214669539e-06 399 0.00192771 0
0.12 4D 8256254 8259493 1.77425436330342e-06 110 0.0152381 0
0.14 4D 8688767.5 8696082.75 1.75572490675554e-06 1236 0.00884775788834951 0.104244147934376
0.15 4D 8890176 8891654 1.74728245487831e-06 130 0.00597015 0.29711816286023
0.16 4D 9437741.33333333 9445890 1.72392964696146e-06 2566 0.00210619894777864 0.0427343800955739
0.18 4D 10254737 10259290.6666667 1.68955274965127e-06 766 0 NA
0.2 4D 10973131 10978557 1.65943680571887e-06 1499 0 Inf
0.21 4D 11478793.5 11485046.5 1.63834311145706e-06 2792 0.00394047142550143 0.290620578318619
0.22 4D 11901992 11907231.8 1.62079223187722e-06 1324 0.00600132101208459 0.0575746169239058
0.23 4D 12458543 12464968 1.59775350538049e-06 480 0.00472906 0
0.24 4D 12577721.4 12581487.8 1.59289503461414e-06 1643 0.00409539055995131 0.232295111692224
0.25 4D 13186939 13192019 1.56782642594294e-06 2191 0.00813655818347787 0.1282233043208
0.28 4D 14608229 14611486 1.50994040881085e-06 229 0 NA
0.29 4D 15329700.5 15334581.6666667 1.48077980811105e-06 2074 0.00229417380906461 0.0972298139283887
0.3 4D 15885564.5555556 15890231.5 1.45846242670266e-06 6032 0.00884757258289125 0.0779311708970591
0.31 4D 16507223.7777778 16512106.7777778 1.43356748270394e-06 2709 0.00402097225913621 0.103799987824083
0.32 4D 17391537.8181818 17396734.8181818 1.39591181707302e-06 3255 0.00280922266666667 0.099797821303488
0.33 4D 19422277 19427304.25 1.30959393387579e-06 2690 0.00114178405204461 0.0737674888945562
0.34 4D 20485332 20487595 1.26534417526803e-06 170 0.0187359517647059 0
0.35 4D 21438036.1428571 21447264.5714286 1.22599115893514e-06 4308 0.00435871457520891 0.0482035131064146
0.36 4D 22092413 22096749.8571429 1.19940502160339e-06 1795 0.00271071149860724 0.0450124500816131
0.37 4D 23182802 23188428.7142857 1.15539041714033e-06 2952 0.00685038335704607 0.0342775578658086
0.39 4D 25596631.4 25602510.8 1.0601126998926e-06 1968 0.00192006101117886 0.185916471091981
0.4 4D 26963898 26969598.8 1.00746328802066e-06 1890 0.00744916391534392 0.081553162622604
0.41 4D 28845394.8571429 28853088 9.36453419069605e-07 6151 0.00107374617135425 0.160687952042971
0.42 4D 30278872.5 30282917.625 8.83110980034981e-07 2207 0.00283684077933847 0
0.43 4D 32003563.8888889 32008516.5555556 7.65524751956323e-07 3023 0.000542907036718492 0.276068632208667
0.44 4D 35689216.8571429 35695515.6666667 4.98786362396249e-07 4575 0.000443727304918033 0
0.45 4D 39614005.1666667 39617549.6666667 2.92818575015165e-07 2903 0 NA
0.46 4D 44000439.5 44005891.5714286 1.62926867588832e-07 9279 0.000432821392930273 0.380281511941299
0.47 4D 48935138.4615385 48940107.7692308 1.31447925656071e-07 4122 0 NA
0.48 4D 52124483.1875 52128929.1875 1.55589336935217e-07 4730 0 Inf
0.49 4D 55489633 55494845.2666667 1.52792012017804e-07 3080 0 Inf
0.5 4D 58334347.3333333 58341801.5 1.08601427551632e-07 5047 0.000466165096096691 0.197782205191945
0.51 4D 75395024.368932 75400623.5339806 6.63206164313775e-08 39162 0.000403150731525458 0.351533975890444
0.52 4D 96010034.7741936 96015329.0967742 5.35701321431714e-08 11527 0.000472280042508892 0.167819791800731
0.53 4D 107777167.25 107782219.888889 5.37934376765804e-08 10826 0.000221643083317938 0.189786783875805
0.54 4D 138231196.822917 138237722.9375 2.2944530208882e-08 33341 0.000143652592903632 0.24291548230156
0.56 4D 201896944 201905027 0 1145 0 Inf
0.57 4D 235856357.767857 235870422.625 8.95044964664285e-09 25218 3.21971251487033e-05 0.562241493165647
0.58 4D 280582744.384615 280596632.692308 1.94021585951427e-08 8286 0 NA
0.59 4D 303949118.595238 303955190.702381 2.26726309552941e-08 29069 5.37235443255702e-05 0.436129569554505
0.6 4D 337635709.569343 337641090.547445 2.88236224659657e-08 45522 0.000201249236676772 0.391873799913364
0.61 4D 366945258.637681 366950038.086957 8.94041139469151e-08 23284 0.000198789338172135 0.341967758815417
0.62 4D 378636283.9375 378641954.625 1.16429890679449e-07 5239 0.000489731034548578 0
0.63 4D 381192701.083333 381197655.833333 1.27743437379506e-07 5557 0 NA
0.64 4D 387440718.36 387444895.8 1.19562319466718e-07 6482 0.000364873866090713 0.189423454039647
0.65 4D 395767628.30303 395772434.30303 1.11144125013169e-07 7955 0 Inf
0.66 4D 406041436.869565 406046257.586957 1.24302385558958e-07 15810 0 NA
0.67 4D 418167247.608696 418172593 1.51647637532254e-07 10267 0.000230543327164702 0.286369658246817
0.68 4D 422883559.5625 422888526.3125 1.6445899489726e-07 4012 0.000591404935194417 0.0980589371693189
0.69 4D 428420767.761905 428426036.619048 1.80913750621933e-07 9114 0.00036255363254334 0.553783455470699
0.7 4D 432474233.857143 432478730.857143 1.93951031733791e-07 1821 0 NA
0.71 4D 435963470.5 435968775.642857 2.05874320555814e-07 4741 0.00083689300991352 0
0.72 4D 440744484.7 440749586.2 2.15101993700078e-07 2936 0.00236874214918256 0.232345964437388
0.73 4D 444689115.461538 444694003.692308 2.00421499251633e-07 6576 0.000367079528284672 0.0927268040672475
0.74 4D 449543652.777778 449547965.833333 1.96665647705819e-07 4519 0.000723068006196061 0.487806349938048
0.75 4D 455583891.85 455587179.25 2.5190461654465e-07 4070 0.00113172873710074 0.450745466054371
0.76 4D 459389344.285714 459393537.428571 3.29964964486274e-07 1873 0.00132173264281901 0.0924562916178025
0.77 4D 460842613.428571 460845480.857143 3.69738639025604e-07 2049 0.00109834129819424 0.0998536503857727
0.78 4D 463371786.222222 463376519.333333 3.9170315964485e-07 2673 0.00028656785634119 0
0.79 4D 465713727.285714 465718478.071429 3.74915837269907e-07 3986 0.000529262957852484 0.976266041138778
0.8 4D 468735475.277778 468740982 4.11146486927796e-07 7313 0.00150886639956242 0.0962138974260607
0.81 4D 470070596 470074362.333333 4.48257861002196e-07 587 0 NA
0.82 4D 473861022.571429 473867084 6.34138182592057e-07 6048 0.000645231633597884 0.234465560146087
0.83 4D 476129838.333333 476135062.333333 7.91867254770627e-07 1133 0 Inf
0.84 4D 477103259.166667 477110754.833333 8.73030953261366e-07 2806 0.00137598585174626 0.241000145479831
0.85 4D 478082186.875 478086999.5 9.61678237540429e-07 3183 0 NA
0.86 4D 479037373 479040288 1.05496061126125e-06 109 0 NA
0.87 4D 479818594 479826531.5 1.1369360031931e-06 1650 0 NA
0.88 4D 480858184 480862053.333333 1.3332685499517e-06 818 0.00192679509779951 0
0.89 4D 481123259.8 481127638 1.40682031826947e-06 1766 0.0022004212797282 0.118383605725577
0.9 4D 481717712 481721006.75 1.5504270698042e-06 1284 0.00313469724299065 0.113376418873703
0.91 4D 482549034.888889 482556886.111111 1.57427421265664e-06 3699 0.00388559926196269 0.111399107897574
0.92 4D 483089405.857143 483093721.571429 1.48341403239478e-06 2225 0.00613989777078652 0.050878523356068
0.93 4D 483914179.5 483920299 1.42863488554877e-06 981 0.00155937614678899 0.151404348951592
0.94 4D 484479834.727273 484484268.727273 1.38325631605507e-06 2650 0.00511677689811321 0.124796657112593
0.95 4D 485428492 485434875 1.2913403485576e-06 581 0.00435106469879518 0
0.97 4D 486181976 486186469 1.20437339667996e-06 487 0 NA
0.98 4D 486839890.2 486843480.4 1.11814139689394e-06 1513 0.00101241960343688 0.151141275252158
0.99 4D 487364577.5 487367855 1.0421215208624e-06 263 0.00304182509505703 0
1 4D 489215663.5 489219078.333333 6.71916248790974e-07 1967 0.000399141433655313 0.294232804219326
1.01 4D 494087399.2 494094087.7 4.81228497738298e-07 4220 0.00128328443127962 0.112594925679725
1.02 4D 495978547 495980686 7.54922996620186e-07 214 0.00345794392523364 0
1.03 4D 497131932.333333 497136907 8.93239702176285e-07 1053 0.0173955925071225 0.0748398126483765
1.04 4D 498007422.333333 498011141.666667 9.93078824347717e-07 686 0.0160360313411079 0.0416453608594167
1.05 4D 498585442 498593011 1.05683436446447e-06 701 0.00678580483594865 0.145220483645394
1.06 4D 498921813 498930363 1.09310007657407e-06 2056 0.000388112954766537 0.291403044664249
1.07 4D 499459659 499463901 1.12896098749687e-06 1419 0.00333597627202255 0.290870933617659
1.08 4D 500148022 500161406 1.1897877741121e-06 2275 0.00782129698021978 0.0512241169491474
1.09 4D 500721783 500725505.75 1.29834336179934e-06 1176 0.00738308078231293 0.103240385865689
1.1 4D 501318167.5 501322494.5 1.47447382317567e-06 607 0.00128795756177924 0
1.11 4D 502539956.363636 502543619 2.01812342246019e-06 2626 0.00660690785986291 0.0395885608900455
1.12 4D 504003228.285714 504008703.142857 2.53255965960273e-06 3580 0.00272066350670391 0.16479156000542
1.13 4D 504339499 504344372 2.77226059342016e-06 330 0.00512821 0
1.16 4D 505328257.5 505331672 3.10684724661953e-06 870 0.0106712554022989 0.0495085154207691
1.17 4D 505430706.5 505434793.5 3.07038176084406e-06 861 0.00486178536585366 0.214730826862474
1.22 4D 506167612.5 506170110.5 2.41585076838613e-06 246 0 Inf
1.23 4D 506463560 506466966 2.20961466909972e-06 490 0.0187622 0.125902079713466
1.25 4D 508794333.541667 508799982.875 1.25701168938579e-06 11263 0.00271429937139306 0.172558727716349
0 5D 554527 558722 NA 512 0.00435572 0
0.01 5D 935699 941610 9.27956340645568e-07 470 0.00523636 0.184440145444545
0.02 5D 1804517 1809312.25 8.99836145034792e-07 951 0.00320722026288118 0.303203756080765
0.03 5D 2665246 2670782.33333333 8.70685401837319e-07 1201 0 Inf
0.04 5D 3658605 3661995.5 8.35371815089734e-07 796 0.00208542713567839 0.278524138554217
0.05 5D 5194822.5 5198704.5 7.77194484988952e-07 691 0.00121015010130246 0
0.06 5D 5900671.5 5910466 7.48903276855727e-07 1232 0.00890164123376623 0.128143358668537
0.07 5D 7007708.25 7013348.5 7.03009177520376e-07 2159 0.000731201746178786 0
0.08 5D 7765875 7771283.83333333 6.70187986420479e-07 2936 0.00298119323569482 0.0782594186776706
0.09 5D 8540792.66666667 8547375.66666667 6.35638049174395e-07 1634 0 Inf
0.1 5D 9120488.5 9123721.5 6.0946554404295e-07 495 0.0173356676767677 0
0.11 5D 10124447.5 10130326.5 5.71669820879976e-07 1259 0.00121647938840349 0.54692888901817
0.12 5D 13351215.4666667 13356492.4666667 4.76702342988005e-07 5217 0.0031366337684493 0.0861682098345119
0.13 5D 22572711.5 22577478.5 2.37342296693064e-07 1938 0.00403534106811146 0.14517641609098
0.14 5D 25300148.3333333 25303774 3.63833066396309e-07 785 0.0010714170955414 0
0.16 5D 28292617.25 28297343 4.13435313279681e-07 1574 0.00147932582592122 0.399185609399969
0.17 5D 29938363 29944112.5 4.52396326432245e-07 1849 0.00260716073553272 0.189787042808132
0.18 5D 33191592.25 33196955 5.68049880110395e-07 2380 0.00132793444285714 0.362795216629059
0.19 5D 36283696 36287641 6.57542893514976e-07 1645 0 NA
0.2 5D 37349699.75 37355747.25 6.82095118553855e-07 1755 0.000836060284900285 0.159907983843366
0.21 5D 40137040.5 40139470 6.74854011714632e-07 436 0 NA
0.22 5D 40863961 40867858.25 6.57932028463912e-07 948 0.00389676446202532 0.377252323996774
0.23 5D 41432438.1666667 41435828.6666667 6.5327051514118e-07 1402 0.0103384541512126 0.0316653556325969
0.24 5D 42481560 42483718 6.40608703814872e-07 327 0.0110182896024465 0.262007206977267
0.25 5D 43714464 43719525.3333333 6.12827805861208e-07 1283 0 NA
0.26 5D 44677421.6 44681649.4 5.94384346804183e-07 2338 0.00232368194183062 0.0427050530727761
0.27 5D 45411274 45414489 5.9129344840089e-07 739 0.0111954764546685 0.0725117536416548
0.28 5D 46309145 46312912 5.85361100772254e-07 134 0 NA
0.29 5D 47023818 47035761 5.78025927267768e-07 535 0.00142412186915888 0
0.3 5D 49013554 49019952 5.4402094071548e-07 1989 0.0015715662745098 0.266038572887541
0.31 5D 53364125.375 53368334.125 4.44904247515814e-07 4613 0.00290342513765445 0.0505798437979038
0.32 5D 85023280.2560976 85028585.4878049 1.75789891209002e-07 60131 0.000335701870249954 0.424672284267271
0.46 5D 117264378.5 117267745 4.86336184033483e-08 332 0 NA
0.47 5D 117342860 117345201 4.84124661441701e-08 262 0 NA
0.52 5D 117739586 117745517 4.72853664508308e-08 511 0 NA
0.54 5D 118032197.666667 118037837 4.64617026437236e-08 366 0 NA
0.55 5D 119338916.230769 119343511.307692 4.2821874190842e-08 4945 0 Inf
0.56 5D 136340907.342466 136348659.232877 1.45809203050874e-08 26583 2.94330764022119e-05 0.293037277050378
0.57 5D 184926942.7 184937075.933333 0 13855 5.41743464453266e-05 0.607904784260641
0.58 5D 214645147.054795 214651595.342466 0 28498 7.06631713453576e-05 0.709022505466502
0.59 5D 255248970.817204 255255166.629032 7.58619218527528e-09 67964 0.000654658411673827 0.257450693842634
0.6 5D 289160492.285714 289165849.071429 6.76712376882141e-08 17010 0.000564834952380952 0.343553110103322
0.61 5D 299585732.35 299590153.4 9.95827984638223e-08 7640 0.00112490221596859 0.36386534611799
0.62 5D 310477048.666667 310481361.121212 1.39515190069488e-07 11048 0.000903747431209269 0.252685312145684
0.63 5D 320192564.851852 320197322.037037 1.88948076952894e-07 10313 0.00060937287927858 0.221109373174804
0.64 5D 326592673.391304 326597115.826087 2.20343851544833e-07 5925 0.00194504711898734 0.178093071185568
0.65 5D 330988687.375 330994527.25 2.39908601932244e-07 2526 0.000310013618368963 0.296527315225342
0.66 5D 334088132.875 334098398.75 2.54996271478317e-07 2000 0.00172224132 0.260299766237173
0.67 5D 336742715.285714 336748135.142857 2.69207157013851e-07 4453 0.000879726680889288 0
0.68 5D 339996479.125 339999984.375 2.85681759269168e-07 1643 0.000979101065124772 0
0.69 5D 342773128.25 342778321 2.99034537099822e-07 1830 0 Inf
0.7 5D 346155330.25 346158221.75 3.14256986219502e-07 2874 0.000543607627000696 0.294765438291485
0.71 5D 350049881.357143 350053268.428571 3.30305317994673e-07 2930 0.000510321549488055 0.466771504981795
0.72 5D 352430195.333333 352434581.5 3.39701071787183e-07 2904 0.00290420501033058 0.283914526971249
0.73 5D 355707057 355711694.555556 3.53588580729834e-07 2354 0.00301685263806287 0.129273471804019
0.74 5D 357954516.5 357958468.5 3.63781563864771e-07 508 0.00138884875984252 0
0.75 5D 361433212.7 361439600.7 3.80849963457865e-07 3002 0.00285597368421053 0.134708949519999
0.76 5D 364725296.555556 364730148.111111 3.98238170944927e-07 3721 0.000862482002687449 0.21374480073903
0.77 5D 367041187.4 367046150.933333 4.1124055594097e-07 4071 0.00228309025546549 0.216029877809701
0.78 5D 369604065 369606809 4.26269768851661e-07 1968 0.000412310853658537 0.823428200188764
0.79 5D 371486191.230769 371490835.692308 4.37928566650128e-07 3804 0.00127974491587802 0.0296721643927438
0.8 5D 373420311 373424158.333333 4.50608945387865e-07 1145 0.00259147011353712 0.0966680685112834
0.81 5D 375685852.083333 375690370.833333 4.64673398453864e-07 3639 0.00066761 0.376825176546662
0.82 5D 377806130.166667 377810079.166667 4.77063505161266e-07 1331 0.000574179000751315 0.295596763941852
0.83 5D 379440338.285714 379444034.142857 4.8610547530466e-07 2353 0.000673835507862303 0.722624468164515
0.84 5D 381490582.7 381494907.5 4.96764349314633e-07 2395 0.000983312759916493 0.447665708919726
0.85 5D 384129330 384134660.111111 5.09471186823377e-07 2675 0.00130387910280374 0.512149073737299
0.86 5D 385202536.571429 385209316.428571 5.14289778510353e-07 3119 0.00999853867265149 0.0812624392256011
0.87 5D 387300813.833333 387304183 5.23134989140142e-07 2442 0.0016371561015561 0.114104465725207
0.88 5D 389252275.6 389256618.4 5.30711841406907e-07 2416 0.00195916402317881 0.0472330157509825
0.89 5D 390635590.25 390639492.75 5.35686510639948e-07 734 0.00103415493188011 0.305832144114509
0.9 5D 393054946 393060263 5.43601340012295e-07 37 0 NA
0.91 5D 393824688.75 393828367.75 5.45900526267975e-07 980 0 Inf
0.92 5D 396280791 396284074.5 5.52587547370427e-07 742 0.00101686716981132 0.922428979054425
0.93 5D 396875407.833333 396882781.166667 5.5404608196327e-07 3462 0.000455002102830734 0
0.94 5D 398462206.5 398468286 5.57656179867339e-07 1005 0 NA
0.95 5D 399452749.181818 399457533.727273 5.59689124910539e-07 3178 0.00143850417558213 0.0990012816767064
0.96 5D 400903114.5 400908377.5 5.62382200794715e-07 381 0.00217699803149606 0
0.97 5D 402760972.2 402767283.8 5.65283278762035e-07 3255 0 NA
0.98 5D 404942462.166667 404946658.833333 5.6793256548677e-07 1053 0.000768232592592593 0.284587066387331
0.99 5D 406502103.2 406506369.2 5.69358477005671e-07 1785 0.00170927499159664 0.382499671769366
1 5D 408444695.5 408449949.4 5.70521995445296e-07 2433 0.00554063162351007 0.203120338193661
1.01 5D 410141511 410145298.666667 5.7103166976295e-07 1367 0.00295967618873445 0.110170556702615
1.02 5D 412994821.153846 412998415.846154 5.68199759851654e-07 2304 0.00261538417534722 0.075099593083801
1.03 5D 414993300.857143 414996604 5.54798817688536e-07 1374 0.000564823580786026 0
1.04 5D 418070503 418074782 5.40098776766574e-07 635 0.00131507 0.27047001300311
1.05 5D 420175433 420181333.571429 5.40991930516938e-07 2328 0.000891767852233677 0.109844939264913
1.06 5D 421797514.888889 421801354.555556 5.46355834765968e-07 2063 0.00675095676199709 0.0482002219279337
1.07 5D 423427894.666667 423431841.166667 5.56899844233604e-07 4558 0.00122403820315928 0.286665010278158
1.08 5D 425740224.888889 425743749.666667 5.77137722708095e-07 2119 0.00144426082114205 0.321311674698784
1.09 5D 427206078.6 427210356 5.87115203924005e-07 846 0.000924919952718676 0
1.1 5D 429202242 429206366.375 6.07357997206923e-07 2957 0.00194587703753805 0.198966411192684
1.11 5D 431475121 431484370.857143 6.36073748620436e-07 4106 0.00858022168046761 0.177659881736047
1.12 5D 432770040.2 432772696 6.53806417839482e-07 986 0.0180828419878296 0.0258582316739218
1.14 5D 435280963.571429 435282901.714286 6.94987623588541e-07 1107 0.00844709886178862 0.122947923074981
1.15 5D 436335319.5 436338656 7.12335759154556e-07 1570 0.00154219752229299 0.282567710446072
1.16 5D 437481088.4 437486217 7.22538556738105e-07 1011 0.000520589020771513 0
1.17 5D 439483965.2 439490846.6 7.3918660342514e-07 1008 0.00170558422619048 0.530317620882246
1.18 5D 440820138.875 440822472 7.72737152049708e-07 990 0.000764024606060606 1.21647994413845
1.19 5D 442915264.6 442920846.6 8.16652434789284e-07 5657 0.00580019735442814 0.125197170658933
1.2 5D 444299869 444303646 8.4028318398326e-07 348 0.0044465 0.298329022826943
1.21 5D 444936925.571429 444941864.714286 8.49391593405231e-07 3858 0.00206646067651633 0.143160107957833
1.22 5D 445616771 445622772 8.58088012381871e-07 1068 0.00395518548689139 0.107327248604869
1.23 5D 446695420.272727 446702025.909091 8.69397495387386e-07 3100 0.00861222742580645 0.261395787601015
1.24 5D 448664796.166667 448671367 8.82878638426857e-07 3803 0.00162742469103339 0.258719889161198
1.25 5D 450053365 450055664 8.87256457751538e-07 889 0.0106000587401575 0.0257140763642562
1.26 5D 450653442 450659594.125 8.87554493565486e-07 3866 0.00260086056647698 0.069587217239803
1.27 5D 451492328.666667 451500220 8.86417398607958e-07 1066 0.00148742073170732 0.290125782161283
1.28 5D 452059418 452063882.5 8.84781803177747e-07 1113 0.00148283525606469 0.416717327246453
1.29 5D 452596676.8 452601058.8 8.82475283854151e-07 1608 0.000932631894900498 0.153438242929703
1.3 5D 453406278 453410936 8.77689869556267e-07 131 0 NA
1.31 5D 453883690.5 453889183 8.74088054938417e-07 2833 0.00535393810095305 0.0442201377518203
1.32 5D 454531092.5 454535499.25 8.68297572210252e-07 1957 0.00202078183444047 0.0584877249114626
1.34 5D 456445827.333333 456450824.777778 8.45305676961129e-07 4028 0.000583692348560079 0
1.35 5D 457858355.5 457862917.25 8.22810476941597e-07 1453 0.000544829470061941 0.581792970775174
1.36 5D 459549213.444444 459554856.111111 7.88928882746207e-07 3343 0.00149563527370625 0.183416836857774
1.37 5D 461460942 461467698.5625 7.42771662122029e-07 7910 0.00185125702402023 0.171527533976016
1.38 5D 464263546.642857 464269671 6.55643124716023e-07 7446 0.00140265568976632 0.244188343668528
1.39 5D 466170218.666667 466174062 6.09507022176442e-07 4691 0.000346265512683863 0.283813577661782
1.4 5D 469732780.4375 469737185.375 6.05153178624086e-07 7267 0.000426005455896519 0.90817875537713
1.41 5D 473059413 473063945 5.44473972692659e-07 4895 0.000503106475995914 0.706064109880423
1.42 5D 475553044.666667 475556822.555556 5.21211762563216e-07 2429 0 NA
1.43 5D 476990780.8 476993890.7 5.17073047322395e-07 2255 0 NA
1.44 5D 478437964 478441830.25 5.19281935680959e-07 1643 0.00150364131710286 0
1.45 5D 479957350.727273 479962718.636364 5.28764704811044e-07 4344 0.00497577416666667 0.0636586375373708
1.46 5D 480960291.666667 480964122.555556 5.39054438001573e-07 2096 0.00692750688931298 0.14130982417997
1.47 5D 482185851.5 482190566.75 5.55614496597051e-07 1626 0.011498892804428 0.121094989427748
1.48 5D 483877209 483880502.555556 5.86433809084994e-07 2257 0.00197885517058042 0.151576485154706
1.49 5D 486166559 486170950 6.42262515187996e-07 198 0.00415584 0
1.5 5D 486865977.5 486871376.5 6.34245117390213e-07 914 0.000867895076586433 0
1.51 5D 488273940.833333 488278047.166667 6.20388262425691e-07 3619 0.00526291559546836 0.308146021049292
1.52 5D 489790007.454545 489794961.909091 6.40460665986579e-07 2470 0.00333547856275304 0
1.53 5D 491135031.454545 491141800.909091 6.68948309347897e-07 2703 0.00217306743618202 0.141753666886054
1.54 5D 492663586 492667784.4 6.88795071042511e-07 1981 0.000416753154972236 0.827668989859349
1.55 5D 493568796.333333 493572377.666667 6.97721185393871e-07 1211 0 NA
1.56 5D 494863439.625 494868017.75 7.10071500918923e-07 3318 0.000255241952983725 1.23072110189153
1.57 5D 495960252.833333 495963813.333333 7.20027825710802e-07 1244 0.00064164421221865 0.573082755391031
1.58 5D 497242700.6 497248536.8 7.31167565337037e-07 2065 0.000789432605326877 0.701557109399191
1.59 5D 498555706 498559065.6 7.41980441153895e-07 1049 0.00156006152526215 0.562052867876554
1.6 5D 499712099.2 499714377.8 7.5097937858915e-07 777 0.000959866795366795 0
1.61 5D 500733530.285714 500738207.571429 7.58534257764425e-07 2350 0.00324254659574468 0
1.62 5D 501855467 501862602 7.66443717933105e-07 1692 0.00097673195035461 0.137060392799489
1.63 5D 502947891 502952984.8 7.73678536526233e-07 1201 0.00199977045795171 0.285450713177606
1.65 5D 505370057.75 505375263.75 7.88255485702488e-07 836 0 Inf
1.66 5D 506146575 506154334.666667 7.92499395840384e-07 2584 0.000600875309597523 0.141616751310556
1.67 5D 507830661.166667 507836167.666667 8.00935818683654e-07 2945 0.000795946937181664 0.197545284743602
1.68 5D 509107282.333333 509110144 8.06657550161083e-07 842 0.00304251377672209 0.0547759646491841
1.69 5D 510045594.6 510047376.4 8.10504308723836e-07 525 0 Inf
1.7 5D 511089780.666667 511092470.333333 8.14441417804499e-07 1933 0.00123777237454734 0.668707202248252
1.71 5D 512480253.166667 512485578.333333 8.19088937409168e-07 1858 0.00171385665769645 0.288669964024352
1.72 5D 513732606 513735980 8.22672368945945e-07 904 0.00173205595132743 0.299494855779672
1.73 5D 515260733 515264450.5 8.26308606031111e-07 899 0.0084325171301446 0.0600108519737983
1.74 5D 517278321.777778 517283680.777778 8.29810999812375e-07 3915 0.000616461657726692 0.188496711751401
1.75 5D 519177837.428571 519183167.142857 8.31834257977645e-07 1955 0.000844749340153453 0.14052368360654
1.76 5D 520415951.5 520422452.25 8.32460394372054e-07 4828 0.00412608704183927 0.24093328813044
1.77 5D 521521725.333333 521525865.888889 8.32578700427837e-07 1931 0.000433508917659244 0.547838330384363
1.79 5D 524570223.666667 524574000.333333 8.30646481955271e-07 1341 0.00281797865771812 0.119954207528522
1.8 5D 526173156.916667 526177924.333333 8.48256904738675e-07 2970 0.00531148596296296 0.0731756492847657
1.81 5D 527107192.142857 527110337 8.78814546257284e-07 1448 0.00214438789364641 0.301463935958724
1.82 5D 528735785.875 528741803.875 9.43157985281996e-07 3645 0.0131664185294925 0.0822711725162201
1.83 5D 529817388.375 529821862.625 9.79801889010148e-07 2190 0.00766866302283105 0.0267061974967493
1.84 5D 531253952 531254534 1.02192106737382e-06 54 0 NA
1.85 5D 532293064.2 532296438 1.0469089235312e-06 1005 0.00235669567164179 0.354743473675924
1.86 5D 533492437.333333 533498309.666667 1.07053974837737e-06 1086 0.0118291274033149 0.124747982871098
1.87 5D 534270086 534274698.428571 1.0826141552795e-06 2881 0.000542426324192988 0.588624645799393
1.88 5D 535087811.333333 535091929.333333 1.09303829899939e-06 797 0.00403654905897114 0.0716462526097798
1.89 5D 536050560.666667 536055912.333333 1.1015254927341e-06 1559 0.000525494996792816 0.55428405143408
1.9 5D 536796183.25 536800229 1.10557397720081e-06 958 0.00163001329853862 0.150724327120709
1.91 5D 537829953.4 537835111.6 1.10763863316445e-06 1378 0.00460324561683599 0.0721929180699263
1.92 5D 538738463.428571 538745936 1.10606420115003e-06 3509 0.000673172912510687 0.193471693907757
1.93 5D 539259748.625 539265833 1.1035227911005e-06 2763 0.00250066738327904 0.202834831216494
1.94 5D 540017207.166667 540021594.833333 1.09792112111633e-06 1677 0.0045003604293381 0.211302138810736
1.96 5D 541607250 541611954 1.07890040834517e-06 728 0 Inf
1.98 5D 542936076 542940300.333333 1.04643321272755e-06 1070 0.00219371971962617 0.297749267332859
1.99 5D 543505090.6 543508059.8 1.02783760012716e-06 1258 0.00446568839427663 0.121949341347807
2 5D 544611899 544615156 9.74840153618513e-07 262 0.00294659 0
2.01 5D 545742457.333333 545749083 9.01951098139683e-07 713 0.0192742323141655 0.0173243238970848
2.02 5D 546905509.25 546910929.75 7.99008771685069e-07 2820 0.00801956819858156 0.183513425683495
2.03 5D 548164426 548170541.25 7.1753586685217e-07 1607 0.00271525291848164 0.104402536928766
2.04 5D 549698760.714286 549703170.714286 5.90136552472718e-07 2830 0.00439085726360424 0.303066069910147
2.05 5D 550865245.8 550867696.6 6.16503719185239e-07 1064 0.00377543683270677 0.283567570489696
2.06 5D 553842230.25 553846440.75 6.46056648200598e-07 1815 0.00575918269972452 0.0436190708725257
2.07 5D 555928153 555932166 7.81212906644104e-07 880 0.0181406 0.515789444671069
2.08 5D 556611666.5 556618442 7.28282838627188e-07 904 0.0131864392699115 0.0391749289803631
2.09 5D 557419725 557423254 6.04409591149249e-07 2658 0.0248275911550038 0.0455422039700631
2.1 5D 558549972 558554565.777778 4.69544441487491e-07 4557 0.00859386549264867 0.170464545673436
2.11 5D 563048832.088235 563053561.117647 1.14424030451112e-07 11794 0.00244782207732745 0.188341824040445
0.01 6D 1769875 1774534 8.88949760267612e-07 507 0.0285375 0.0651619798510732
0.02 6D 2372268.83333333 2377273 9.38017047978473e-07 3226 0.00765569385616863 0.103123350963885
0.03 6D 3592252.5 3594630.16666667 1.04323248704095e-06 861 0.00646498963995354 0.272523844719614
0.04 6D 4549970 4554131.25 1.13241564799674e-06 1386 0.00123172746753247 0
0.05 6D 5994581 5999878 1.25870457516413e-06 315 0 NA
0.06 6D 6274077 6276905 1.26619979109519e-06 349 0 Inf
0.07 6D 7128846.25 7134100.75 1.38046681973714e-06 1567 0.0218671127632419 0.158447220106919
0.08 6D 7656886 7660837.75 1.43369832376643e-06 1379 0 NA
0.09 6D 8384929 8386680 1.43181381506555e-06 34 0 NA
0.1 6D 8681445.25 8684977.125 1.45760785335488e-06 2488 0.00342307789790997 0.217180213233028
0.11 6D 9295299.6 9300343.8 1.47895253306629e-06 2005 0.00465758033416459 0.0243917287001774
0.12 6D 10182397.6 10185454.4 1.42639324664608e-06 987 0.0119131094224924 0.271814224476982
0.13 6D 11029693.5 11035177 1.28199296035072e-06 3652 0.00481401653012048 0.0730236830184907
0.14 6D 11890682 11893982 9.8142863329946e-07 380 0.00192077 0
0.15 6D 13302147.5 13311958.625 1.00680529617139e-06 3002 0 Inf
0.16 6D 14117471.25 14121719.75 9.72449303114128e-07 909 0.00506102541254125 0.100142886422461
0.18 6D 15515266 15523093 8.8920674559036e-07 270 0 NA
0.19 6D 16406763.5 16413942 8.49676334743747e-07 2064 0.000824222887596899 0.271250431549323
0.2 6D 17731472.6666667 17734864.6666667 7.37281161907468e-07 950 0.00685384030526316 0.0707059196773416
0.22 6D 22124063 22127086 1.20903876366361e-06 714 0 Inf
0.23 6D 23075148 23077733 1.61234452382925e-06 293 0.056872 0.0135625967083978
0.24 6D 23876425.75 23879889.75 1.92323283784906e-06 809 0.00403200213844252 0
0.25 6D 24439300 24445791 2.06237684793939e-06 240 0 Inf
0.26 6D 24643765 24647753 2.09427810017561e-06 935 0.00830480406417112 0
0.29 6D 25661048.3333333 25665296.6666667 2.13382479994004e-06 1153 0.0207297509106678 0.135744314555462
0.3 6D 25829675.6 25832487.8 2.11879575206624e-06 1000 0.00879304266 0.0260056165814167
0.31 6D 26242125 26245428 2.05838839354612e-06 159 0.0315789 0.269743087947965
0.34 6D 27421302 27423375 1.85287195635347e-06 129 0 NA
0.35 6D 27503270 27507071 1.860102405608e-06 28 0 NA
0.36 6D 28295207 28301806 1.89175273067822e-06 353 0.0168281 0.301439853578241
0.37 6D 28698748 28701929 1.88180498240244e-06 176 0 NA
0.38 6D 29380475 29381372 1.82510620918039e-06 103 0 NA
0.39 6D 29932677 29937544 1.74192094548412e-06 41 0 NA
0.41 6D 32177335 32186523 1.3001756121845e-06 544 0.00420300727941176 0
0.42 6D 32729975.5 32734734.25 1.24883242384509e-06 1261 0.000744619349722443 1.58061951190939
0.43 6D 33572414.5 33575041.5 1.16986101538488e-06 372 0.00208602150537634 0.185735
0.44 6D 34390111.5 34393450.75 1.09259530948423e-06 881 0.00358247809307605 0
0.45 6D 35154739.2857143 35158292.8571429 1.01981502956511e-06 1339 0.00121136944734877 0.424570173817868
0.46 6D 36801708 36806276.3333333 8.6149526207337e-07 1781 0.00300214198764739 0.131086930393221
0.47 6D 37920912 37926334 7.52901840056245e-07 429 0.00362127 0
0.48 6D 39712624 39721402.5 6.37576924898503e-07 1806 0.000440107983388704 0.288106385368139
0.49 6D 41667385.25 41675858 5.3925696536673e-07 1708 0.0013869887412178 0
0.5 6D 48791228 48796845.92 3.99733541047937e-07 7510 0.00136487790146471 0.334808867916236
0.51 6D 53552439 53556497.6 3.35114855818384e-07 2150 0.00249428937209302 0.380808598856832
0.52 6D 56220188.8571429 56224090.2857143 3.13338000054464e-07 2283 0.00103267626806833 0.193566643826489
0.53 6D 57537910.3333333 57543413.4166667 3.06493274565432e-07 5415 0.00119119616915974 0.358692755913716
0.54 6D 59195580.2 59201590.8 3.00884987160771e-07 3663 0.000668552518154518 0.187224384742209
0.55 6D 60201241.4 60206310.8 2.99325952613342e-07 1849 0.00261007804326663 0.33099079866424
0.56 6D 61467335 61470592.25 2.99537772163631e-07 773 0.00103823510996119 0
0.57 6D 62904252 62908228.6 3.02478576324439e-07 1348 0 Inf
0.58 6D 65546825.2 65554340.6 3.15159304202532e-07 3142 0.00190241439210694 0.0382473508043571
0.59 6D 67175469 67178299 3.28267559827723e-07 892 0.0072848232735426 0.315265292868011
0.6 6D 68854907.6666667 68860018.6666667 3.35843083570025e-07 3659 0.00404684583164799 0.125504843271466
0.61 6D 72595761 72600369.5 3.32903929846883e-07 3025 0.00145724714049587 0.245022006397844
0.62 6D 75465460 75470477 3.29844679548737e-07 951 0 Inf
0.63 6D 78647528.1428571 78652103.7142857 3.27206139599718e-07 2641 0.00117515525179856 0.148697552355115
0.64 6D 83728222 83736728.9333333 3.08520283229194e-07 4928 0.00142867709415584 0.196219206070315
0.65 6D 88403415.1818182 88406566.4545455 2.66939813704706e-07 3665 0 Inf
0.66 6D 91729260 91737924.3076923 2.36693823816278e-07 5603 0.000425623892379083 0.251073384448775
0.67 6D 95835796.4444444 95841140.4444444 2.05035839339797e-07 2397 0.00100267597830622 0.381443144184978
0.68 6D 99407333.25 99411161 1.77459451834334e-07 4612 0.000832628675195143 0.0595013110978096
0.69 6D 109494714.017857 109500274.75 1.06269945995685e-07 16390 0.000498320647956071 0.486627186470308
0.7 6D 146396380.693878 146402731.102041 4.77929767141489e-09 52655 0.000361312859044725 0.234766564151172
0.71 6D 219004968.805556 219022079.75 3.4352384062408e-08 14836 0.000316374822593691 0.291849485500387
0.72 6D 243478124.75 243485913.5 6.52920273105069e-08 1625 0.00145659560553846 0.0960729061593903
0.73 6D 247350667 247356069.5 6.95569282291163e-08 510 0 NA
0.74 6D 253068749.470588 253075261.529412 7.55454809976012e-08 6009 0.00041792797470461 0.546529430709443
0.75 6D 262930319.6 262936375.2 8.53343730930552e-08 4364 0.000531006290100825 0.301601962049598
0.76 6D 264595771.666667 264603157.333333 8.68915544266923e-08 925 0 Inf
0.77 6D 265173638 265180559 8.74251554173748e-08 362 0 Inf
0.78 6D 267179605.222222 267184125.666667 8.92521340733904e-08 2649 0 Inf
0.79 6D 270428325.545455 270434145.454545 9.21363006351911e-08 6157 0.000746089453467598 0.197829689986635
0.8 6D 272975999.75 272980041.75 9.43294339376031e-08 3159 0.000975537461221906 0.0753377909221713
0.81 6D 276822972.375 276828307.375 9.75348013540283e-08 2482 0.000347115560032232 0.53843531174762
0.82 6D 277903993.75 277909984.25 9.84105424906821e-08 1662 0 Inf
0.83 6D 283638684 283643263 1.02877333448594e-07 577 0 NA
0.84 6D 285688754.076923 285692910.461538 1.04396567702798e-07 2636 0.000901701984066768 0.19381295049928
0.85 6D 289913985 289919256.272727 1.07417596108245e-07 3425 0.00452794416934307 0.281833692852825
0.86 6D 293386422.466667 293393569.266667 1.09775700395143e-07 4754 0.0016122607425326 0.180689668607066
0.87 6D 297695804.222222 297701465.555556 1.12546535938957e-07 2734 0.000596101667885882 0
0.88 6D 303837440.142857 303843596.571429 1.16213133502484e-07 7454 0.000425214597531527 0.117312474563224
0.89 6D 307572326.521739 307578143.782609 1.18273120409829e-07 6641 0.000847312131004367 0.390856567431705
0.9 6D 314339472.590909 314343894.909091 1.21674934424414e-07 5868 0.00109647434730743 0.252193329967285
0.91 6D 319040772.736842 319045803.421053 1.23798999346952e-07 5055 0.000915217024727992 0.300030958264971
0.92 6D 328063143.368421 328067507.157895 1.27299769549224e-07 3499 0.000639837750785939 0.34011887364504
0.93 6D 336135834.875 336141977.75 1.29798591086058e-07 7552 0.000526515256885593 0.34512717685313
0.94 6D 350663763.924051 350668042.78481 1.29947045358506e-07 21162 0.000634078382005482 0.254516302636868
0.95 6D 363200393.777778 363206376.703704 1.26937791808109e-07 12924 0.000497643376818323 0.269441820487108
0.96 6D 371672939.384615 371678254.307692 1.51508711494107e-07 4971 0.00030742617984309 0.151235802117285
0.97 6D 375728390.888889 375733533.111111 1.73026049391375e-07 4966 0.000320462353604511 0.14593003777476
0.98 6D 379622610.5625 379626343.875 1.90975940749139e-07 5685 0.00112899009146878 0.251223641757323
0.99 6D 381948653.7 381952356.7 1.95546379403657e-07 2865 0.00080736959860384 0.203827489861178
1 6D 385240366.1 385244658.4 2.10793361986925e-07 3179 0.000242422164202579 0
1.01 6D 388033402.083333 388038773.416667 2.31530162101418e-07 4456 0.000174238496409336 0.18159079865793
1.02 6D 392331932.875 392337137.416667 2.51446204246601e-07 7441 0.000428795747883349 0.215651103105908
1.03 6D 400045116.74359 400050949.538462 2.90835679126136e-07 17034 0.000306468818069743 0.176864947458013
1.04 6D 405051370.5 405057981.5 3.37686124218277e-07 3014 0.000525330840743198 0
1.05 6D 409632791.454545 409638857.181818 4.52704268697992e-07 4961 0.000331194339850837 0.366648233931434
1.06 6D 412137160.888889 412140938 5.13699103588613e-07 2619 0.00306694433524246 0.282366569933415
1.07 6D 414562164 414570763.6 5.64739670884924e-07 2214 0.00111066435862692 0.244486961178118
1.08 6D 417754195 417758589 6.2590170990756e-07 426 0.00189349 0
1.09 6D 418633367.4 418639741.4 6.41530017243159e-07 1922 0.000409583912591051 0.289082649141102
1.1 6D 420457059.5 420461193.5 6.72475231167639e-07 1439 0.00104890150104239 0.747549000037274
1.11 6D 422112326 422118073.166667 6.98696103605773e-07 1499 0 Inf
1.12 6D 423749502 423753558 7.22917768300332e-07 257 0.00294118 0
1.13 6D 424730045.5 424738741 7.36594123931798e-07 1246 0 Inf
1.14 6D 426050131.6 426057761.2 7.53973922175154e-07 2186 0.000610061619396157 0.437191412053452
1.15 6D 427227535 427229881.333333 7.68471882911059e-07 455 0 Inf
1.16 6D 428556271 428560661.5 7.82447748613365e-07 962 0.000776045280665281 0.937682119733995
1.17 6D 429074576.4 429080420.2 7.83301259036281e-07 3078 0.000782578944444444 0.284123433357956
1.18 6D 429836321 429844955 7.85328968806466e-07 758 0.00761559 0.196301271470759
1.19 6D 430856622.5 430864655.5 7.89685661458249e-07 1313 0.00243227486671744 0.0446049719360132
1.2 6D 431590889.4 431595811.4 7.93996447654034e-07 1977 0.000797830500758725 0.14767050681004
1.21 6D 432542485 432550743 8.00914646001848e-07 1860 0 Inf
1.22 6D 433221803 433226852.666667 8.00295620713927e-07 1412 0 NA
1.23 6D 433957842.777778 433961612.222222 7.98907010878857e-07 1919 0.00159497928087546 0.307865712040039
1.24 6D 434533277.166667 434537150.166667 7.99633070930985e-07 1863 0 NA
1.25 6D 435944107 435948027 8.08288850387361e-07 39 0 NA
1.26 6D 436621325.666667 436624621.333333 8.16072340431447e-07 1033 0.00865328266214908 0.102731563188932
1.27 6D 437507466.25 437515554.125 8.28775696759012e-07 4279 0.000866513643842019 0.31753576542425
1.28 6D 438782079.666667 438790692.666667 8.23382836371993e-07 4532 0.00116010690578111 0.540782160510998
1.29 6D 439862843.5 439865948.5 8.19621918847556e-07 626 0 Inf
1.3 6D 440374520.5 440377890 8.21206754670356e-07 818 0.00204803579462103 0
1.31 6D 442847400.090909 442851829.909091 8.64354113757846e-07 4365 0.00179354874684994 0.0580328996059171
1.32 6D 446069084.6 446073356.4 9.82427651657688e-07 2058 0.00577080058309038 0.223580568088351
1.33 6D 447857563 447861630.333333 1.00390597331951e-06 981 0.000817294872579001 0.284905761874966
1.34 6D 448703650.833333 448708631 1.07569466495462e-06 1536 0.00154720767578125 0.096451748367467
1.35 6D 449518691 449521013 1.2089369275398e-06 489 0 Inf
1.36 6D 450274024.333333 450277331.333333 1.31492730801781e-06 682 0.00676785454545454 0.0810426314944755
1.37 6D 451039274.272727 451043796.363636 1.40106700454109e-06 3955 0.00076168411125158 0.277735076547024
1.38 6D 451699170.666667 451704376.666667 1.45779735570224e-06 1863 0.00460006253354804 0.135870649848222
1.39 6D 452013486.5 452017067 1.47930148388858e-06 717 0.00207174755927476 0.160368125872215
1.4 6D 452735812 452739910 1.51494267208496e-06 387 0 NA
1.41 6D 452999544.6 453003973.2 1.5231224111969e-06 1428 0.00382270196078431 0
1.42 6D 453729914.5 453733869 1.53242601952766e-06 1062 0.000779561129943503 0.275745996540233
1.43 6D 454143295 454147233.666667 1.52891443183059e-06 1664 0.00287869234975962 0.189979989474513
1.44 6D 454556830 454560655.5 1.51959261904449e-06 757 0.0010424477675033 0
1.45 6D 455558362 455567526 1.59492409707962e-06 596 0.00410959 0
1.46 6D 456027330.142857 456030638.428571 1.67300292042869e-06 1156 0.00288192197231834 0.278117460419802
1.47 6D 456563721.2 456567809.4 1.7435068831355e-06 1527 0.00251644495743288 0.0599489807901343
1.48 6D 457471571 457473456 1.80400226957593e-06 94 0.0155592 0
1.49 6D 458360206 458365689 1.79477551608772e-06 861 0.0300512 0.0621991800660207
1.5 6D 458766203 458769952 1.76811097825713e-06 162 0 NA
1.51 6D 459693961 459700262 1.65390936739069e-06 654 0.00120755 0
1.52 6D 459829226 459838904.5 1.63082388342559e-06 2253 0.00109797039502885 0.18323922770307
1.53 6D 460646662.4 460650969.1 1.45955319688223e-06 3232 0.000237481630569307 1.80238172277603
1.54 6D 461289538.166667 461293834.5 1.36003846784593e-06 1043 0.00563071503355705 0.076924473444071
1.55 6D 461580628.5 461586443.5 1.31748049456506e-06 486 0.0101297777777778 0
1.56 6D 462337925.555556 462342616.111111 1.18860554256359e-06 3121 0.0100658815892342 0.0366292748766448
1.57 6D 463150190.5 463154418.5 1.03071140054104e-06 521 0.0282868809980806 0.215009091455009
1.58 6D 463709377.333333 463713147 9.39693906743846e-07 1329 0.00443348146726862 0.156274289156417
1.59 6D 465211880.117647 465216189.705882 7.38763249257429e-07 5733 0.00603412098901099 0.217376822082705
1.6 6D 468304210.857143 468309097.857143 3.24723932214854e-07 5229 0.01356923886594 0.179663400331768
1.61 6D 472098304.647059 472104087.058824 7.5679207177469e-10 6142 0.0319455436274829 0.043472915307487
0 7D 225029.5 229112.5 NA 342 0.00906086549707602 0.184627322177244
0.01 7D 1922984.5 1930382.625 6.70558233818017e-07 3509 0.00243612065545739 0.323227317769578
0.02 7D 2746703 2750450 6.79925330804586e-07 61 0 NA
0.03 7D 4688955.94117647 4693930.82352941 7.0859639817567e-07 7867 0.00832848228193721 0.0525411629749341
0.04 7D 6471816 6478364 7.34416761380169e-07 998 0.00077332 0.299291367092536
0.05 7D 7347428.4 7351338.4 7.47641652458005e-07 1203 0.00557587906068163 0.068865837452443
0.06 7D 8404829 8406524 7.63849219703004e-07 429 0.00511474564102564 0
0.07 7D 10712165 10714174 8.0017939348012e-07 335 0 NA
0.08 7D 11387664.8 11393165.8 8.11088023951972e-07 2705 0.0018300267245841 0.0921797855263587
0.09 7D 12843166.125 12852682.5 8.34923717678433e-07 3200 0.001943183121875 0.0740219656890642
0.1 7D 13534344 13537202.6666667 8.46339691007451e-07 836 0.000559130669856459 0
0.11 7D 14916521.3333333 14920285 8.67478011544376e-07 1217 0 NA
0.12 7D 16004582 16008086 8.82102789340863e-07 1233 0.0184256309002433 0.0199045236666057
0.13 7D 16797261.25 16801785.75 8.93401997997613e-07 862 0.000852394025522042 0.308559817840744
0.15 7D 18461614.5 18465145 9.18985589847643e-07 801 0.0411444100873908 0.027669412030398
0.16 7D 19630168.5 19634300 9.38408433292353e-07 966 0.00245947710144928 0.479922652514871
0.17 7D 20479377.6 20486208.4 9.53393935142643e-07 1529 0.0123769168606933 0.0123038039797315
0.18 7D 21476129.5 21478951 9.71609397154998e-07 276 0.00782486152173913 0.208785331191998
0.19 7D 22583662.2857143 22587526 9.9333137554077e-07 2257 0.00242323297740363 0.127379625284941
0.21 7D 24958720 24961756 1.05301794769957e-06 445 0.00528522431460674 0
0.22 7D 25948791.5 25951400 1.08118628257748e-06 697 0 NA
0.23 7D 27881580.7142857 27885598 1.1219086471567e-06 1320 0.00349024588636364 0.250663447982263
0.25 7D 29563607.6666667 29567805.6666667 1.13965553252891e-06 2063 0.0139931997576345 0.102273726815529
0.26 7D 30672510 30675122 1.1426467918652e-06 617 0 NA
0.27 7D 31773718.3333333 31777739.6666667 1.18835270295057e-06 790 0.00401822784810127 0.07217109375
0.28 7D 32686306 32691756 1.22545073973307e-06 363 0.00422535 0.301766717550025
0.29 7D 33049149 33054065.3333333 1.23718672210018e-06 883 0.00361268912797282 0.0715528369944306
0.3 7D 33991643 33994423 1.27444334568577e-06 351 0.00424375601139601 0
0.31 7D 34470475 34475277 1.31103886267753e-06 84 0.00591716 0
0.32 7D 35600155 35604233 1.37217619996966e-06 197 0.0119502 0
0.35 7D 37271937.5 37277065.25 1.39895855644109e-06 1198 0.00263491559265442 0.147812099469862
0.37 7D 39014309 39018176 1.34598925141187e-06 521 0.0352941 0.0382488857911096
0.38 7D 39507720.5 39514239 1.31588682282261e-06 430 0.0109743418604651 0.194837906262112
0.39 7D 40125406 40133378 1.26889551740868e-06 870 0 NA
0.4 7D 41052790.3333333 41062170.3333333 1.17856894464043e-06 936 0.00339112980769231 0
0.43 7D 42848612.6666667 42855580.3333333 1.02931773119617e-06 1045 0.00368257270813397 0.0593636070131624
0.44 7D 43362708 43366803 1.020772409004e-06 566 0 NA
0.45 7D 44418938.75 44423066.25 9.96822907048219e-07 1358 0 NA
0.47 7D 45803241 45807531 9.53660532094149e-07 208 0.044376 0.0250502523886786
0.48 7D 46854025.3333333 46857979.3333333 9.1184729662024e-07 989 0.000490472972699697 0.752945382345598
0.49 7D 48536356 48543423 8.23675572948769e-07 404 0.00602258 0.46788751664569
0.5 7D 50791759.2857143 50796589 6.72564058470269e-07 1922 0.00280219218002081 0.0850567007300515
0.51 7D 53822927.2857143 53826347 6.32316210154292e-07 1874 0.0212476219850587 0.0631122358809211
0.52 7D 55943505 55947460.6666667 5.57835583151221e-07 1958 0.00484587168028601 0.0148870571490686
0.53 7D 58739666.6666667 58742891.8888889 4.93498440646562e-07 1863 0.000823991663982823 0.301073006831942
0.54 7D 60538969.75 60543879 5.11014187465636e-07 1162 0 NA
0.56 7D 63670609.6 63675349.6 4.67007092429147e-07 1033 0.00217671545982575 0
0.57 7D 64795198.4444444 64799383.5555556 4.42085639018425e-07 2158 0.00601512432808156 0.178723514081738
0.58 7D 66662067 66668357.3333333 4.24854678774458e-07 774 0.00105837167958656 0.554340864509725
0.59 7D 68791867 68796167 4.47382348162388e-07 434 0 NA
0.6 7D 70208146 70213680 4.7034093366429e-07 885 0.000871690847457627 0.29945613849517
0.61 7D 72356107.75 72363310 4.92305226070229e-07 953 0 Inf
0.62 7D 75077258.0909091 75082905.9090909 5.08432748549223e-07 3477 0.00467875209663503 0.179156978764271
0.63 7D 77734995.7142857 77738890.1428571 5.02508671013142e-07 2323 0.00364314279380112 0.0547632446949312
0.64 7D 79050751.8 79056392.4 4.97394499361859e-07 1788 0.000952721563758389 0
0.65 7D 81471251 81478168.1428571 4.9013521036822e-07 2027 0.00232391042427232 0.14574733213135
0.66 7D 83327017.2 83332222.9 4.88673523972091e-07 2883 0.00487158663198058 0.196461552411201
0.67 7D 84680672.1666667 84686231 4.89619529592133e-07 1486 0.00160623196164199 0.287690620754891
0.68 7D 87352873.5 87355908 4.89038043704117e-07 558 0 NA
0.69 7D 89325722 89329926.5 4.84742054696295e-07 2132 0.00384482941369606 0.199514102924059
0.7 7D 91187376.2857143 91191259.4285714 4.77836790354605e-07 1870 0.00434766418181818 0.0290169361850043
0.71 7D 93455317.1666667 93459316.5 4.65752259593744e-07 2371 0.00125533002108815 0.0781074593150755
0.72 7D 95060669 95065742 4.54783083395734e-07 528 0 Inf
0.73 7D 98145607.75 98148640 4.27520766703597e-07 1397 0.00400589566213314 0.449581762116604
0.74 7D 99846929.1666667 99853700 4.09147503101372e-07 2857 0.00714697577878894 0.115265634994871
0.75 7D 101494244.875 101500531 3.89261658961542e-07 4122 0.00348042938622028 0.255469789268955
0.76 7D 104546568.125 104551234.25 3.46304377922419e-07 2753 0.00226343102215765 0.110625842299386
0.77 7D 106882457.333333 106886191.333333 3.16357607718904e-07 1160 0 Inf
0.78 7D 111137943.933333 111143476.533333 2.92114259267261e-07 4828 0.00150741538111019 0.222478770120228
0.79 7D 116610512.75 116616643.6875 2.73794850797799e-07 5876 0.000660032049012934 0.118737790678894
0.8 7D 122498771.5 122504270 2.54558034576649e-07 4497 0.000478902673337781 0.174315658886927
0.81 7D 130097396.0625 130103761 2.36863895209894e-07 4889 0.00135694135201473 0.345569484130329
0.82 7D 137204040.3 137210283.8 2.27213646143789e-07 5292 0.000424555700680272 0.30854839885685
0.83 7D 140696203.9375 140701640.125 2.20544673271406e-07 3435 0.00023086122852984 0
0.84 7D 145689537.4 145695760 2.09598843143735e-07 3427 0.000732281543624161 0
0.85 7D 149468614.090909 149472483.181818 2.02571324090658e-07 3486 0 Inf
0.86 7D 153295872.375 153301339.625 1.96428455111875e-07 2743 0 NA
0.87 7D 156115291 156120020.6 1.92650415324061e-07 3925 0.000205049620382166 0
0.88 7D 159521059.5 159527972 1.88843943309375e-07 1310 0 NA
0.89 7D 161916006 161920099.444444 1.86737615621074e-07 1941 0 NA
0.9 7D 166357298.95 166361473.65 1.83786303533979e-07 5274 0.000155592506636329 0.173719363201486
0.91 7D 170394672.611111 170399727.944444 1.81022202642324e-07 7606 0.00010532158296082 0.284395252605009
0.92 7D 174948222.7 174953468.9 1.77050196016851e-07 3388 0 Inf
0.93 7D 180246919.727273 180250587.181818 1.67601821101331e-07 2919 0.00163185330935252 0.0474541078008222
0.94 7D 184503417.375 184508832.875 1.59471947444589e-07 6375 0.00179650870462745 0.132269337228484
0.95 7D 190252940.571429 190257885.571429 1.4772787633978e-07 9804 0.000408124803957568 0.553042212841121
0.96 7D 197549130.111111 197555305.555556 1.31700903234426e-07 8183 0.000680201229377979 0.205637143277967
0.97 7D 214511530.3 214516008.1375 8.67797465299944e-08 28092 0.000356503259148512 0.348938177246934
0.98 7D 245134791.578313 245139544.144578 2.347837681478e-08 24408 0.000178969754875451 0.422794072991213
0.99 7D 318860770.560811 318869525.716216 2.19207322362842e-08 51058 3.12211733714599e-05 0.231498882055435
1 7D 386511237.325 386515708.375 4.20432082506686e-08 11895 0.000119574032786885 0.162250023398176
1.01 7D 395606619.25 395612063.05 4.13105542600213e-08 8255 0.000568334989218655 0.292777846094597
1.02 7D 402059983.769231 402065888.769231 4.24178330741687e-08 4819 0.000158088690599709 0.903866704277887
1.03 7D 409734140.333333 409738022.541667 4.54856338164239e-08 7602 0.000942004346224678 0.180359365973999
1.04 7D 416719272.90625 416723781.8125 4.98936493262316e-08 11370 0.000141613600703606 0.427326873780887
1.05 7D 426006523.041667 426012846.666667 5.80086886156666e-08 9561 0 NA
1.06 7D 447586969.144231 447592661.807692 8.89602326269425e-08 31179 0.000508850700214888 0.320642169299865
1.07 7D 470865410.904762 470871755.380952 1.2544449587617e-07 6110 0.000529542271685761 0.282251309910587
1.08 7D 479658348.72 479663986.64 1.30791835294253e-07 6666 0.000110307418241824 0
1.09 7D 486572832.115385 486578184.576923 1.49248965567815e-07 9194 0 Inf
1.1 7D 492053375.777778 492058860.888889 1.72984995850035e-07 2762 0 Inf
1.11 7D 496996737.529412 497002267.941176 2.01658510722469e-07 4737 0 NA
1.12 7D 501072484.727273 501076974.181818 2.30129331672054e-07 3090 0.00024351527184466 1.42790327179097
1.13 7D 506588726.416667 506595554.583333 2.61394095966347e-07 4741 0.000690950930183505 0.413970895327025
1.14 7D 509901916.555556 509908066.555556 2.76004417573872e-07 2261 0 NA
1.15 7D 511863079.666667 511868908.333333 2.84822499011394e-07 585 0 NA
1.16 7D 515748652.5 515754496.5 3.02712955614702e-07 1207 0 NA
1.17 7D 517929594.166667 517933273.166667 3.1298459596578e-07 1502 0 NA
1.18 7D 520405670.25 520410072.583333 3.24859748200449e-07 2393 0.000332536681989135 0.876819903602125
1.19 7D 524458916.625 524463914 3.44757295925635e-07 3254 0 NA
1.2 7D 528139083.75 528144610.625 3.63299390656725e-07 3806 0 NA
1.21 7D 530986580.266667 530992222.666667 3.77974879448359e-07 5602 0 Inf
1.22 7D 533751343.857143 533755611 3.9250444094605e-07 2260 0 NA
1.23 7D 535775999.8 535779241.8 4.03285941229435e-07 1043 0 NA
1.24 7D 540039457.444444 540042072.888889 4.25759214743674e-07 1541 0.00233458459441921 0.140126790152241
1.25 7D 541378489 541379573 4.3002052113503e-07 49 0 NA
1.26 7D 544945750.125 544950371.125 4.37846959015813e-07 2219 0.000353967688147814 0
1.27 7D 547664912 547671859.5 4.40380984181269e-07 633 0.00124033862559242 0
1.28 7D 549290811.8 549295549.6 4.44991325098389e-07 2061 0.000762545502183406 0.153507480257714
1.29 7D 550265050 550271224 4.48732588573518e-07 608 0.00894487253289474 0.126277418379116
1.3 7D 552869162 552873341.714286 4.63657302703798e-07 2039 0.00143961252378617 0.391331397079486
1.31 7D 554667613.6 554673850.8 4.77499792956534e-07 2421 0.00131000135068154 0
1.32 7D 556379675 556383836 4.9360241543301e-07 865 0 NA
1.33 7D 557606374 557610016 5.06810399697692e-07 671 0.00350478867362146 0
1.34 7D 559974159 559976410.333333 5.36379805517211e-07 692 0.0011019710982659 0
1.35 7D 561751109.25 561755436 5.62081552052551e-07 2171 0.00823850012897282 0.0645875343909586
1.36 7D 562815135 562819185 5.78712556194592e-07 285 0 NA
1.37 7D 566091275.888889 566096257.111111 6.10509840895654e-07 2531 0.00151839424298696 0.300653504505724
1.38 7D 567529057.5 567533957.25 6.23440207548444e-07 1352 0.00106439156804734 0.648839226287986
1.39 7D 568915267 568920507.333333 6.36310501894822e-07 1573 0.00197715708836618 0.0751068167928542
1.4 7D 571369811.888889 571375171.333333 6.60135623814642e-07 3922 0 NA
1.41 7D 572987900.5 572992159 6.76510593512993e-07 938 0.000848227445628998 0.575463343259062
1.42 7D 574159564.666667 574163721.666667 6.86007696684958e-07 537 0 NA
1.43 7D 576120995.6 576125995.5 6.93461783940891e-07 4275 0.00265419553216374 0.203451848614228
1.44 7D 577458592 577460763.5 7.07511084235169e-07 170 0.00497025552941176 0.266467232410255
1.46 7D 579548603.25 579551966.75 7.40815549455388e-07 1298 0.0165850528582435 0.0735261760454762
1.47 7D 580178186.5 580183515 7.4526711427246e-07 1303 0.0227980623177283 0.0702599831160672
1.49 7D 582210148.5 582214740.5 7.60514764503578e-07 617 0.00262766907617504 0.290186811487293
1.5 7D 583077920 583080668.666667 7.68090638289234e-07 242 0.0131393533057851 0
1.52 7D 585285374.5 585288613.166667 7.90282077926331e-07 1083 0.0045532435734072 0.0469996095991793
1.53 7D 586576144.333333 586580000.333333 8.05135489826873e-07 632 0.0025316457278481 0.142857204196425
1.54 7D 587655321.5 587659892.5 8.18738111806541e-07 3487 0.00518456791511328 0.101324645297305
1.55 7D 588550138 588554724.333333 8.30589863118416e-07 642 0.0210341658878505 0.0524928679119408
1.57 7D 591451153.5 591456598.5 8.7404204013848e-07 1485 0.000530550482154882 1.1649700090548
1.58 7D 593099071.2 593104032.8 9.01790180865852e-07 1117 0.00480249307967771 0.0875246426441554
1.59 7D 593666925 593670309 9.11876899277067e-07 393 0.00552995 0
1.6 7D 596003520 596011062 9.56391962888304e-07 938 0 NA
1.61 7D 596825590.666667 596829433.666667 9.51455797309374e-07 1396 0 Inf
1.62 7D 597682738 597684130 9.3618508482605e-07 67 0.0124675 0
1.63 7D 599200501.666667 599203623.666667 9.51904849880374e-07 971 0.0118265223069001 0.130786395906753
1.64 7D 600856559 600861221 1.02462037986834e-06 276 0 NA
1.65 7D 601199015 601201873.75 1.05326119803084e-06 1016 0.00379879033464567 0.299236497523878
1.66 7D 602432792.8 602436476.4 1.15985690352129e-06 1996 0.000390600783567134 0.29537953406353
1.69 7D 605755030.5 605758357 1.22789820370456e-06 258 0 Inf
1.7 7D 606808462.833333 606812569.166667 1.17867185568639e-06 1760 0.00298618887215909 0
1.72 7D 608122692 608124422 1.12078130071185e-06 80 0 NA
1.75 7D 610811505.666667 610820601 1.18578605696243e-06 2319 0.0025451121905994 0.228472238029879
1.76 7D 611386823.666667 611395556.333333 1.19175058306276e-06 3404 0.000442836398354877 0.755459965207991
1.77 7D 611765620.4 611771268.6 1.19430793968076e-06 2681 0.00534877621036927 0.0964123523444519
1.78 7D 612357378 612360860.333333 1.19579751686517e-06 1095 0.000723690484018265 1.15301066673626
1.79 7D 613007087 613011159.5 1.19403382318027e-06 463 0.0108848863930886 0.0446048480957923
1.8 7D 613496532 613502457.5 1.19045441587946e-06 959 0.0147085270072993 0.176442530048646
1.81 7D 613715753.444444 613719253.222222 1.18817336960677e-06 2473 0.00486568319045693 0.225678603925754
1.82 7D 614104855 614107310 1.18320450652231e-06 152 0.00525739 1.14446902360297
1.83 7D 614538679 614545375 1.17609315734158e-06 1018 0 NA
1.84 7D 615472198 615477189.666667 1.15555959397556e-06 1505 0 NA
1.85 7D 615885684 615889153 1.14415820345948e-06 750 0.00407735458666667 0.075328635468133
1.86 7D 616035255 616041322 1.13963783442929e-06 213 0.00766161 0.139284040821707
1.87 7D 616636830.333333 616641457.666667 1.11960428754451e-06 941 0.0109204758767269 0.0440499969258968
1.88 7D 617376495 617378233 1.09119069330546e-06 125 0.00581818 0
1.89 7D 618029401 618033856 1.06208500991408e-06 192 0.0185042 0.0667356600123215
1.9 7D 618221237 618224964 1.05289236191017e-06 176 0.00439963 0
1.91 7D 618977842.571429 618982490.285714 1.01341921315203e-06 1213 0.00440774938169827 0.200677010436539
1.92 7D 620085704.666667 620091482.333333 9.4700167972071e-07 1437 0.00388152655532359 0.0409060159175262
1.93 7D 621491471.666667 621495266.333333 8.90370822672754e-07 740 0.00779477059459459 0.235142421125359
1.94 7D 623533624.75 623537034 8.58446902531871e-07 1417 0.000524962992237121 0.306247614510744
1.95 7D 631868062.315789 631873163.236842 5.63200382006875e-07 17878 0.0049178096311668 0.143621026776865
