poscM Chromosome Start End recRate nb_complete_site piSyn f0
0.03 1A 1205949 1210945.42857143 1.281724179666e-06 3712 0.00134048002640086 0.149303315325278
0.07 1A 3066359.5 3068627.5 1.23270145179415e-06 267 0 Inf
0.08 1A 3382062.5 3387753.5 1.22406224215697e-06 1515 0.00053728396039604 0
0.09 1A 4045713 4048684 1.19607758843423e-06 177 0.00903955 0
0.12 1A 5496281 5501427 1.15642263114012e-06 460 0.0267558871304348 0.112199178841752
0.13 1A 6336481 6345966 1.13263550534582e-06 88 0.0164103 0
0.14 1A 6678979.5 6684971.5 1.12284653739583e-06 286 0.0169248055944056 0.165838026793296
0.15 1A 7450477.5 7458712.5 1.10030359054488e-06 2282 0.0271271445705521 0.07292093299219
0.16 1A 8037598.5 8039873.5 1.08294836541722e-06 167 0.0185628556886228 0
0.17 1A 9104841 9110639 1.05050385683924e-06 408 0.0265871 0.0416514023718269
0.18 1A 9610864.5 9614276 1.034852939624e-06 717 0.0278256786610879 0.104466458933842
0.19 1A 10062443.6666667 10066600.6666667 1.02160377026859e-06 1440 0.0288466618055556 0.0278541393425722
0.2 1A 11564200 11572148 9.80895544252246e-07 793 0.00898129 0.354128415851175
0.21 1A 12112547.8333333 12116760.3333333 9.66477853708551e-07 1846 0.0303164875947996 0.0688546078805496
0.22 1A 13553058.5 13556972.5 9.28736223428297e-07 1706 0.0174041776670574 0.0308048864216216
0.23 1A 14875947.9 14880136.1 8.90474956754396e-07 2465 0.00184597312373225 0.0507886158649701
0.24 1A 16931434 16934477 8.31349589658753e-07 177 0 Inf
0.25 1A 18460513 18462491 7.90012496529181e-07 63 0 Inf
0.26 1A 19912616.5 19915713 7.52694120028994e-07 339 0 Inf
0.27 1A 20501222 20505834.3333333 7.38168214094091e-07 2098 0 NA
0.28 1A 21760904.8 21768164.8 7.08024633342341e-07 1881 0.00304358851674641 0.239541109591458
0.29 1A 23234750.5 23237379 6.74561935036468e-07 987 0 NA
0.3 1A 24409602.3333333 24412719.6666667 6.43139171862687e-07 871 0.00185927956371986 0
0.31 1A 25595318.3333333 25600160 6.07592066157176e-07 985 0.0089734805786802 0.128821171910752
0.32 1A 27837622 27842753 5.33773432195622e-07 3299 0.00229041763867839 0.0923767334894874
0.33 1A 30210080.75 30216107.25 4.69875701118892e-07 1839 0.000868412685154976 0.46715337066247
0.34 1A 32626661.6666667 32629850.8333333 4.33259714506521e-07 1778 0.000481671392575928 0.807762279427707
0.35 1A 36797713.5833333 36801838.5833333 3.18526726999719e-07 5057 0.00245392965532925 0.202527135608064
0.36 1A 41263787.875 41270097.125 2.27132239694016e-07 2140 0.00660237448598131 0.117619901177723
0.37 1A 45611271.5714286 45616504.1428571 2.23757350113373e-07 1978 0.00192662758341759 0.0599032502651836
0.38 1A 49171536.0625 49177811.8125 2.23272964774877e-07 7230 0.000458763756293223 0.512176609250375
0.39 1A 53767730.125 53773191.125 1.75824284983383e-07 1679 0 NA
0.4 1A 58835846 58841241.3333333 1.49542713831845e-07 5359 0.000615076663556634 0.251998532344486
0.41 1A 65144519.5 65148756.8636364 1.28703820606333e-07 5652 0.00040921999646143 0.561081409680618
0.42 1A 79862759.8 79869334.1666667 5.05782943890972e-08 13705 0.00058613290529004 0.160947590846437
0.43 1A 150443073.583333 150451078.697917 5.74844701813987e-09 73808 0.000361093416675699 0.249761045431171
0.44 1A 281785689.361345 281791783.226891 1.16064825073222e-08 42155 8.91870663029297e-05 0.428572844155136
0.45 1A 329108537.574713 329114370.574713 3.03495653837634e-08 29789 0.00040781381231327 0.314228769894562
0.46 1A 354647222.042553 354652075.829787 2.40165801646062e-08 15122 0.000311966647930168 0.256229528968436
0.47 1A 368127044.911765 368132338.823529 1.51653696102485e-08 13271 0.000111877195388441 0.305347328058515
0.48 1A 378584268.28125 378590209.71875 1.41228289792535e-08 12611 0.000374630861311553 0.272762005629096
0.49 1A 394484892.052632 394490969.736842 2.212659017304e-08 23938 0.000329071453671986 0.320183791546637
0.5 1A 426265369.796875 426271190.015625 7.25323081292319e-08 25086 0.000248575260623455 0.208305705287787
0.51 1A 447327756.377049 447333313.491803 1.3042501074196e-07 19995 0.00122934087221805 0.186633544199209
0.52 1A 459370662.892857 459375132.178571 1.83608107122199e-07 8674 0.00100953965068019 0.159082612771133
0.53 1A 464583288.555556 464586989.481481 2.09456489515425e-07 6708 0.00158050714818128 0.0872078260358138
0.54 1A 470573901.142857 470578009.714286 2.40148433896107e-07 3186 0.00133930798493409 0.162362929067349
0.55 1A 473789288.5 473794287.833333 2.5702733970768e-07 2675 0.00120622962242991 0.425048784747433
0.56 1A 478475948.538462 478479678.153846 2.83108859129973e-07 2242 0.00036347914808207 0
0.57 1A 481866491.24 481870205.84 3.03672763641931e-07 6182 0 Inf
0.58 1A 485802097.933333 485807782.733333 3.28961181322972e-07 7067 0 NA
0.59 1A 487843305.666667 487849164.333333 3.42654562040759e-07 1098 0 Inf
0.6 1A 490979934.333333 490989243 3.6492905788719e-07 1323 0 Inf
0.61 1A 493490416.5 493494888.5 3.79286942689183e-07 2738 0.000568426092037984 0.145231917018391
0.62 1A 495073102.666667 495077188.833333 3.84836227905735e-07 1833 0.000859287048554282 0.144953326485482
0.63 1A 496362352.142857 496365917 3.88036228038778e-07 1740 0.00127564996551724 0.210810902194398
0.64 1A 498354946.142857 498358799.428571 3.901703991701e-07 3161 0.000240262388484657 0.786877009305747
0.65 1A 500109102 500112373.727273 3.89504504236179e-07 2572 0.00150798133748056 0.11779558224151
0.66 1A 502772025.2 502776575.4 3.89146403033372e-07 2347 0.00105273964209629 0.0917951572004425
0.67 1A 506273963.2 506280145.866667 3.96074182729097e-07 6782 0.00144535254349749 0.255908271041027
0.68 1A 510664537.4 510668289.2 3.7748241977854e-07 1314 0 NA
0.69 1A 513547916.3 513553650.1 3.30873454154315e-07 3833 0.000822794552569789 0.0722810290962359
0.7 1A 516734658.625 516740102.25 3.31965816711642e-07 6346 0.00181847332351087 0.268070829393928
0.71 1A 518742448.142857 518751880.714286 3.44902511526705e-07 4241 0.00308170227469936 0.388555544338098
0.72 1A 520449283.111111 520453677.111111 3.45108179491502e-07 2445 0.0019017895010225 0.495503816658241
0.73 1A 521240232.833333 521243643.833333 3.46835752090038e-07 1349 0.000543368873239437 0
0.74 1A 522514045.444444 522517326.333333 3.52084236177473e-07 1410 0.000556803205673759 0.46004536637287
0.75 1A 529710961 529715845.722222 4.34745496910205e-07 8543 0.000937804131101487 0.30062748481161
0.76 1A 532492433.538462 532497517.692308 4.6571662938194e-07 4334 0.0028716257106599 0.0733982874367034
0.77 1A 534548285.090909 534553757.181818 4.669828611553e-07 3351 0.00140547176663682 0.291412635879249
0.78 1A 536461681.285714 536465934.142857 4.43559086057612e-07 2082 0.00035542711815562 0.19711181873344
0.79 1A 537724939.3 537729366.3 4.35451126064262e-07 2440 0 NA
0.8 1A 538979803.333333 538983940.333333 4.56456684479034e-07 783 0 NA
0.81 1A 540115681.461538 540121686.076923 5.01978034900334e-07 3632 0.00126870000550661 0.298872992417257
0.82 1A 541843677.428571 541847426.571429 6.17581748970539e-07 2045 0.00492205851344743 0.0685986821785815
0.83 1A 542546793 542551914.666667 6.80320024994663e-07 1200 0.0013373136 0.144680938462502
0.84 1A 544234851.4 544239732.866667 8.23069144443605e-07 3231 0.00744551632002476 0.0573229206976823
0.85 1A 546525785 546531199.125 1.0295970604648e-06 2973 0.00495388024217962 0.0768405909085407
0.86 1A 549543391.571429 549548046.095238 1.26521411528094e-06 6468 0.00168436833951763 0.124591140044845
0.87 1A 551578272.090909 551581453.636364 1.40374227992072e-06 2616 0.00661031976681957 0.0666549924607013
0.88 1A 552211319 552213816 1.47409451758736e-06 294 0 NA
0.89 1A 553619942 553624644.5 1.60237673050291e-06 456 0.00345241083333333 0
0.9 1A 554269868.5 554274856.5 1.64888886504714e-06 1153 0.00540646730268864 0.147796397774096
0.91 1A 554887656 554890251 1.68619660190251e-06 218 0.0525164 0.0202435810527759
0.92 1A 555636929.5 555640137.5 1.72168811259233e-06 371 0.00731449261455526 0
0.93 1A 556297389 556306081 1.74436526871546e-06 515 0 Inf
0.94 1A 556794147 556798215 1.75594225505569e-06 932 0.00180295038626609 0.547249997524325
0.95 1A 557068413.6 557072667.8 1.76030584151997e-06 1536 0.00321341015625 0.36758162509892
0.96 1A 557487151 557491334 1.76450617803736e-06 482 0.00315271 0.30544674264363
0.98 1A 557944696 557948983.666667 1.76525695115885e-06 1311 0.0029465358504958 0.180296138259552
0.99 1A 558184883 558189224 1.76409132394855e-06 443 0 NA
1 1A 558505998 558517659 1.76080570943263e-06 1027 0.000785855 0
1.02 1A 558954431 558955874 1.75315029310633e-06 92 0 NA
1.06 1A 560177974 560181992 1.71297405283141e-06 245 0 NA
1.07 1A 560429261 560435391.5 1.70121871292714e-06 723 0.00338069930843707 0.186065845428954
1.08 1A 560953573 560957461 1.67308968430037e-06 263 0.00554960851711027 0.161031932208228
1.09 1A 561335324 561346990 1.64908765145755e-06 1615 0.000488774768421053 0
1.1 1A 562017139.666667 562021447 1.60015284812152e-06 1126 0.000718715168738899 0
1.11 1A 562635582 562638096.333333 1.54768845930649e-06 799 0.00376786883604506 0
1.12 1A 563045945 563048454.5 1.50950158169015e-06 382 0 NA
1.13 1A 563685315.2 563687749 1.44344606581505e-06 1110 0.00286541922522522 0.287808534558599
1.14 1A 564346610.5 564352936.5 1.36672381904316e-06 742 0.0010893378032345 0
1.16 1A 565931238.285714 565937652.285714 1.23398985348275e-06 2211 0.00301812118498417 0.258988574298428
1.17 1A 566487366.8 566490999.4 1.2136670932361e-06 1431 0 Inf
1.18 1A 568141222 568146597.2 1.15555673422395e-06 2202 0.0108981339600363 0.0095698095784047
1.19 1A 570889475.5 570895458.5 1.05571739293477e-06 2460 0.00853375635772358 0.250740471104999
1.2 1A 572296691.2 572300651.4 1.00024279045159e-06 1277 0.00239563892717306 0.227199883385069
1.21 1A 573631705.333333 573636758.916667 9.44969471381847e-07 2555 0.0042087775851272 0.0859170809638278
1.22 1A 575376960.857143 575381691.285714 8.8355363120913e-07 2399 0.0014594564235098 0.0414162803240488
1.23 1A 576533341.875 576538362.625 8.42380557018618e-07 3566 0.00742200655524397 0.100196769445808
1.24 1A 577634284 577640739.5 8.02150040086594e-07 2562 0.000931030620608899 0.191899221752128
1.25 1A 578516213 578522072 7.69298887934663e-07 672 0 NA
1.26 1A 578922141 578922999 7.54053147887011e-07 166 0 NA
1.27 1A 579486803.666667 579490680 7.32415751053744e-07 878 0.00899528009111617 0.0884116255187395
1.28 1A 580643447.857143 580646977.285714 6.87490462225418e-07 1883 0.0137766891131174 0.156676317198798
1.29 1A 581826594.666667 581831406.111111 6.40434955417837e-07 3864 0 Inf
1.3 1A 583168363.25 583172535 5.86110474845404e-07 3335 0.00744918183208396 0.0977554952322524
1.31 1A 584541174.333333 584544877.666667 5.31895744046111e-07 1035 0.0157300152270531 0
1.32 1A 586673724.6 586678268.2 4.48053475489838e-07 1234 0.00124941071312804 0.299739036779751
1.33 1A 591144977.533333 591151430.533333 2.87463063474689e-07 10337 0.00716011363954726 0.121090709510073
0 2A 1813124.36363636 1818718.18181818 6.03550823554018e-07 6265 0.00314978247406225 0.233304872769131
0.01 2A 4147735.57142857 4153533.92857143 5.23363272684545e-07 4834 0.00648763255068267 0.102369053852767
0.02 2A 5675975 5678969 4.57788804178607e-07 392 0.0113341 0.0526545557212306
0.03 2A 7803195 7807373.5 3.75916587605057e-07 476 0 NA
0.05 2A 15590877.8837209 15595894.9534884 1.24058438687735e-07 14679 0.00645527142175898 0.111775118605258
0.06 2A 21531553 21535195 5.97741547364769e-07 254 0.0135307 0.717455120577649
0.07 2A 24179206 24184960.2 8.31973637912278e-07 1249 0.00835051071257006 0.145186642089216
0.08 2A 25343113 25345487 9.07279008892425e-07 103 0.008 0
0.1 2A 27276344.4 27285687 9.94339817004074e-07 3553 0 Inf
0.11 2A 27710699.1666667 27713942.1666667 1.00744304831253e-06 1087 0.000416039834406624 2.12890667756365
0.12 2A 28760867 28766747.6666667 1.02957149325036e-06 1125 0.006680128 0.363371018572631
0.13 2A 29274185.2 29280908 1.043592504309e-06 3315 0.00287462346304676 0.12051810874037
0.14 2A 30035325.1666667 30039214.3333333 1.11886850426791e-06 1404 0.00164303105413105 0.890141301281299
0.15 2A 30746550.4 30753197.6 1.15263073820337e-06 4293 0 Inf
0.16 2A 31890273 31897159.5 1.12730561908787e-06 933 0 NA
0.17 2A 32248742 32256729.3333333 1.09650812774368e-06 1591 0 NA
0.18 2A 33217844.3333333 33222285.6666667 1.05525124415459e-06 970 0.000797686371134021 0
0.19 2A 34321456 34330548 1.10654847745385e-06 488 0 NA
0.21 2A 36046986 36052195.6666667 1.00303911334583e-06 1428 0.000555556386554622 0
0.22 2A 36919496.25 36923680.875 9.13050488467272e-07 2407 0 NA
0.23 2A 38534860 38538480 8.55512997817925e-07 499 0 NA
0.24 2A 38842418 38851239 8.48290568511554e-07 3306 0 NA
0.25 2A 39704200 39709256 8.33632639584544e-07 168 0 NA
0.26 2A 40440414 40445216 8.28397241425844e-07 1127 0.0022022684028394 0.0910983141368445
0.27 2A 41231826 41242893 8.29957531551943e-07 936 0 NA
0.28 2A 42448666.6666667 42453409 8.47462936089052e-07 1625 0.00984359820923077 0.0858108784284459
0.29 2A 44126185.5 44132419.5 8.72132878525724e-07 764 0.00401372759162304 0.0754774064197508
0.3 2A 47993115.3333333 47999764.1666667 9.29247299037894e-07 3162 0.00192416821948134 0
0.31 2A 50028953.4 50035272 9.56373787071913e-07 1645 0 Inf
0.32 2A 51488290 51494240 9.60085137459091e-07 2730 0.000283162402930403 0
0.33 2A 52210981.3333333 52217655 9.57567686957384e-07 1488 0.00110039346774194 0.275495199823074
0.34 2A 53017718 53020105 9.51449464789131e-07 343 0 NA
0.35 2A 53592999 53606887 9.45025671376207e-07 1590 0 NA
0.36 2A 54705404 54707580 9.27272103490306e-07 299 0 NA
0.37 2A 55172843 55177658 9.17721035634455e-07 399 0 NA
0.38 2A 55881259 55886122 9.00988183020208e-07 1028 0.00157697308365759 0.289379521237532
0.39 2A 56926278.5 56933168 8.71248829860462e-07 927 0.00263112650485437 0.279870425761375
0.4 2A 57596406.25 57603985.5 8.58587442951543e-07 3377 0.00346215528753331 0.1763164411547
0.41 2A 58206853.6 58214006 8.69025275832683e-07 1882 0 Inf
0.42 2A 58865161 58869223 8.75939193698809e-07 681 0 Inf
0.43 2A 59685037 59688871.25 8.70988432604377e-07 656 0.00569795794207317 0.124601033188396
0.44 2A 61307045.75 61311836.25 7.99147419653179e-07 1019 0 NA
0.45 2A 62435384.5 62440122.75 7.57312656143287e-07 1052 0.0046176391634981 0.0468735896266844
0.46 2A 63555159.5 63558988.4 7.33936612218828e-07 2174 0.00226031258049678 0.32397674072625
0.47 2A 65443460.2857143 65448360.2857143 6.92120149183958e-07 2013 0.000641888852459017 0.177204520878698
0.48 2A 67193761.6363636 67201205.6363636 6.50503919484896e-07 3872 0.00207641388171488 0.0760840826801209
0.49 2A 69033466.25 69038875.5 6.04049953744918e-07 1614 0.000467914064436183 0.303710114745066
0.5 2A 70892183.5 70895696 5.54162314080614e-07 2250 0.00406231726222222 0.227381039041424
0.51 2A 73312345.8333333 73315853.1666667 4.8479439207168e-07 1227 0.00136924506927465 0.219996878689778
0.52 2A 74810275.8461538 74814730 4.39139841657036e-07 5762 0.00191138994619924 0.187463555843531
0.53 2A 78560961.1764706 78566507.9411765 3.16756840759428e-07 6419 0.00194997236952796 0.162987400021991
0.54 2A 81915027.4117647 81921731.0588235 2.09429089070642e-07 7305 9.41541464750171e-05 0.667780922379256
0.55 2A 116444379.440252 116449139.962264 2.4480174750797e-08 55516 0.00162563109456733 0.159519684139431
0.56 2A 183586748.191257 183592383.775956 4.24271420430888e-08 60531 0.000455345834101535 0.269348484880661
0.57 2A 231347815 231369634 1.68898999431179e-08 746 0.00101716 0
0.6 2A 265687317.166667 265697842.547619 4.59849530584143e-09 14919 0.000269374072659025 0.40275285249351
0.61 2A 404367623.918803 404375858.709402 3.16024689319609e-09 86589 0.000284075729954151 0.175808401130986
0.62 2A 506221229.115385 506226023.782051 3.1594137716118e-08 23353 0.000356560598638291 0.2373389141389
0.63 2A 533001318.885246 533006290.278689 4.55734466084617e-08 19635 8.19089014514897e-05 0.516963397721075
0.64 2A 553606539.69697 553612027.818182 5.2383677715251e-08 14558 0.000730891409534277 0.229488834390137
0.65 2A 569109823.44186 569114723.813954 5.21288840495746e-08 15507 0 Inf
0.66 2A 583742050.333333 583747922.205128 4.74302095238826e-08 11933 0.000527885452945613 0.145833099992326
0.67 2A 598630049.816326 598634395.061224 5.20295926846962e-08 14912 0.000161344425965665 0.789872945446558
0.68 2A 609488534.56 609495051.72 6.15995316460964e-08 8899 0.00215756816473761 0.116541313898827
0.69 2A 620253402.26087 620258556.586957 7.71877630402789e-08 12122 0.00059168803415278 0.433662226089555
0.7 2A 633037735 633042397.090909 1.02043581480361e-07 6258 0.0017530965388303 0.269944690316285
0.71 2A 639217996.555556 639222067.555556 1.16923098348052e-07 3023 0.000758306953357592 0.100707592455558
0.72 2A 646445125.5 646449476.791667 1.36985658005259e-07 6605 0.000801993795609387 0.086327345469524
0.73 2A 654511028.176471 654515978.058824 1.61787964651655e-07 5283 0.000146468928639031 0.294756374537531
0.74 2A 661332898.789474 661336956.421053 1.87976897463134e-07 6404 0.000374013686758276 0.286055450069559
0.75 2A 667282792.4 667288633.2 2.13360051646785e-07 3036 0.000914040580698287 0.326872354267152
0.76 2A 671008618.888889 671013103.833333 2.29650314620762e-07 5249 0 Inf
0.77 2A 675164577.454545 675169174.181818 2.48182391959388e-07 4109 0.000923260194694573 0.183684314180809
0.78 2A 678777788.263158 678782178.684211 2.64589502530688e-07 5937 0.00128077742967829 0.211808679265094
0.79 2A 681541520.4 681548248.3 2.77351987670949e-07 4650 0.000325564911827957 0.438740946060051
0.8 2A 685438125.785714 685443093.357143 2.95598995295233e-07 4716 0.000165627820186599 0.289979142256672
0.81 2A 688797387.857143 688801881.928571 3.11596076153524e-07 3752 0.00335426502132196 0.127384124318522
0.82 2A 691568940.9 691573652.1 3.24756633522353e-07 4608 0.00277377745225694 0.19663632278563
0.83 2A 695614584.571429 695619272.428571 3.3934311027125e-07 4252 0.00114361110301035 0.371795376243389
0.84 2A 699240064.6 699243273.8 3.48934946757293e-07 872 0.00169571076834862 0.316658865120015
0.85 2A 702092851.6 702097041.4 3.58586398718181e-07 1078 0.000722138868274583 0
0.86 2A 704809595.611111 704813669.722222 3.69444281708561e-07 6332 0.000630481042008844 0.208101672293531
0.87 2A 707235116.285714 707238876.428571 3.80851535587799e-07 2141 0.00142903082204577 0.147881064886498
0.88 2A 709968180 709972394.75 3.95568298949873e-07 4687 0.000166478847877107 0.590124311541214
0.89 2A 712407334.625 712412006.125 4.10247354042846e-07 3533 0.000684035403339938 0.473110461158831
0.9 2A 715137304.666667 715141830.333333 4.28592287032586e-07 2114 0.00287597439924314 0.228129620395301
0.91 2A 717529492 717534320.363636 4.46205763693498e-07 4624 0.00156698369896194 0.156305881098712
0.92 2A 719426325.857143 719429823.142857 4.66897690480055e-07 1893 0.00195670135763339 0.250547652798387
0.93 2A 722058385 722064771 5.11247461219842e-07 1440 0 Inf
0.94 2A 723021729.833333 723026705.083333 5.1827003533276e-07 2397 0.00700575052982895 0.0544120115468501
0.95 2A 724802394.727273 724807912.909091 5.24274712106936e-07 2812 0.000285748783783784 0.287212193045553
0.96 2A 727176257.4 727181978 5.41757363906975e-07 1292 0 NA
0.97 2A 729104038.722222 729109241.888889 5.63048242024714e-07 7457 0.000421023832640472 0.364537288668193
0.98 2A 730910826.428571 730916802.428571 5.74082320677561e-07 1228 0.00443898732899023 0
0.99 2A 732581817 732588435 5.72369990708213e-07 557 0 NA
1 2A 734062892.222222 734066869.777778 5.60311829441344e-07 1952 0.00376259830942623 0.0929438843293662
1.01 2A 735211799 735217133.285714 5.5043686882559e-07 1756 0 Inf
1.02 2A 737427605 737431215 5.41279393218019e-07 254 0 NA
1.03 2A 738971022 738976481 5.25131508510525e-07 2842 0.0027729363687544 0.0284387810767459
1.04 2A 740343665.125 740349277.625 5.15988616648114e-07 4354 0.000357545446026642 0.149296627730904
1.05 2A 743372307.6 743377485.5 4.8384860990582e-07 4215 0.00236634725978648 0.115743784658141
1.06 2A 745869810.5625 745875177.375 4.45607200157824e-07 5868 0.00494395920415815 0.118948995801377
1.07 2A 748244112.857143 748248824.142857 4.20120174029026e-07 1924 0.0089048382016632 0.0537135728739394
1.08 2A 751602141.8 751605915.8 3.57924550296986e-07 1542 0.00203205924124514 0.516495883663277
1.09 2A 753520468.6 753524907.2 3.1953631617351e-07 2517 0.0103401454509337 0.0349259974760535
1.1 2A 757165741.148148 757169812.62963 2.39361724508722e-07 8429 0.00724632727962985 0.0699587995588811
1.11 2A 770402752.155844 770407846.987013 5.40078803712589e-08 32089 0.011011131256817 0.0947438708237911
0.01 3A 413974 416868 NA 386 0.00842161880829015 0.210003774334969
0.02 3A 1283815.6 1286974 3.98865303206293e-08 1686 0.00442529080664294 0.185549514857868
0.03 3A 1924585 1928794 7.4069899133783e-08 499 0 Inf
0.07 3A 8627024.66666667 8632889.16666667 4.02079279996371e-07 3595 0.00182834225591099 0.375500191094773
0.08 3A 12121502.6666667 12125995.3333333 5.67057004643982e-07 2743 0.00906081049945315 0.0184971172540708
0.09 3A 13061470.1818182 13068103.4545455 6.31703370333212e-07 4033 0.0074795959831391 0.0614566177104694
0.1 3A 14431411.2 14434600.6 6.71595496127537e-07 1099 0.00563180537761601 0.189836088567245
0.11 3A 15904952 15908857.5 7.52256630094699e-07 1888 0.00913226864936441 0.101261801603878
0.12 3A 17604492 17607584 9.11249083668113e-07 223 0 NA
0.13 3A 19313718 19314526 1.08324116225701e-06 127 0.00796284 0.366118118661181
0.14 3A 20002593.25 20007628 1.1524013406368e-06 1506 0.00153237091633466 0.601136327296372
0.15 3A 20530991 20534595.3333333 1.2002899716584e-06 566 0.00287116378091873 0.226922217982428
0.16 3A 21293811 21296719 1.25612819709411e-06 317 0.00492213296529968 0.14663920513801
0.17 3A 21786689 21788782 1.28334387652264e-06 193 0 Inf
0.18 3A 22570938 22574123 1.27304465893113e-06 439 0.0133033325740319 0.0402399727541851
0.19 3A 23439248 23443999.6666667 1.21877909788372e-06 1239 0.00572961205811138 0.160808555038625
0.2 3A 23827966 23832151 1.18789386145633e-06 775 0.000986518490322581 0
0.21 3A 24750258 24752163.5 1.11425046292125e-06 510 0.0157906621372549 0.319811684336365
0.22 3A 25304859.25 25309722.5 1.10469630507612e-06 1737 0.00956249357512953 0.166103769731033
0.23 3A 25906101 25909271 1.0929662599047e-06 159 0.00888889 0.168067103991612
0.24 3A 27007424 27010880 1.10378797369014e-06 244 0 Inf
0.25 3A 27585200.3333333 27587831 1.11418528679896e-06 475 0.00339999578947368 0.659261039332556
0.26 3A 28476216 28477243 1.12541959669079e-06 216 0.0262295 0
0.28 3A 30444141.5 30446723.5 1.12956100231687e-06 254 0.0030973318503937 0.283591176754379
0.29 3A 31944969.8333333 31950061.5833333 1.11350740242794e-06 3053 0.00907772091057976 0.233011531093632
0.3 3A 32515687.5 32519099.5 1.10318923193911e-06 316 0 NA
0.31 3A 34525419 34529494.5 1.04756655795829e-06 908 0.000859044933920705 0
0.32 3A 36140947.25 36144310.5 9.81067217997611e-07 716 0.0240778572625698 0.0519230080527057
0.34 3A 38390898 38398088 8.97205870457875e-07 591 0.0135249 0.0858076584669757
0.37 3A 40349096 40361359 8.48398860185471e-07 672 0.0124764466071429 0.0268647185167759
0.38 3A 40824494.5 40828473.5 8.372948784036e-07 318 0 NA
0.39 3A 42280062.75 42286757 8.04513896770664e-07 1513 0.00841455874421679 0.314712462546561
0.4 3A 42792560 42794516 7.93568591549282e-07 227 0.00175824 1.28935753935754
0.41 3A 44855779 44860324 7.52254787615088e-07 1473 0.00603267861507128 0.359948686805995
0.42 3A 45722803 45730146.25 7.36265034453323e-07 2762 0.00299017922266474 0.0842642065541088
0.43 3A 47133933.9166667 47138838.9166667 7.11416530314435e-07 2996 0.00245619282376502 0.125798359578199
0.44 3A 50467083 50470993.8333333 6.60985434577186e-07 1985 0.00296613722921914 0.448994308960875
0.45 3A 52580281.4 52584339.6 6.31917851439676e-07 2764 0.000311296497829233 0
0.46 3A 54753567 54756343 5.92983927647084e-07 2697 0.000289555850945495 0.583113129178076
0.47 3A 56287434.8888889 56292041 5.63533846550872e-07 3300 0.00673421589393939 0.129919955203711
0.48 3A 57839777.3333333 57844491.6666667 5.31154432320997e-07 3031 0.00255067845595513 0.299059876604466
0.49 3A 60285978.4285714 60290810.8571429 4.80067191184543e-07 3437 0 NA
0.5 3A 61332641.8 61336646.4 4.59306131731629e-07 1878 0.00088877529286475 0.270744643884202
0.51 3A 63067466.8888889 63071300.7777778 4.26526989431737e-07 2555 0.00183130857142857 0
0.52 3A 64318666.5555556 64324049.4444444 4.04001034464913e-07 3730 0.00066143528150134 0.367845983322644
0.53 3A 66303531.5 66306059.9 3.70443625486168e-07 1897 0.000810775224037955 0
0.54 3A 68125576.2857143 68130785.8571429 3.41161391000296e-07 2919 0 Inf
0.55 3A 71510890.5555556 71515366.1111111 2.84280483557473e-07 2978 0.000545653337810611 0
0.56 3A 76096998.3125 76101721.375 2.32844105218481e-07 5127 0 NA
0.57 3A 83705231 83711920.1052632 2.04079595469183e-07 8489 9.82556143244198e-05 0.558668432595156
0.58 3A 96225357.3666667 96231288.8666667 1.4664317526055e-07 11837 0.000112811116837036 0
0.59 3A 109913471.46875 109917851.125 7.78708008006143e-08 9904 0 Inf
0.6 3A 119790003.157895 119794827.105263 3.05976775353807e-08 6660 0.000465007984984985 0.272982064908066
0.61 3A 132453451.52381 132458223.52381 1.69974144815335e-09 4151 0.000380107313900265 0
0.62 3A 145218525.321429 145223896.571429 0 10001 0.000471555675632437 0.271331058116006
0.63 3A 165890013.170213 165894885.212766 3.97011975957774e-09 14283 9.63885332213121e-05 1.33563834327018
0.64 3A 295954388.768595 295963231.714876 9.89156937972792e-09 91829 6.47757317840769e-05 0.571674131169065
0.65 3A 433456283.989691 433462018.639175 2.50006867914063e-08 30432 8.02452697818086e-05 0.995460359614394
0.66 3A 467510118.384615 467515758.815385 3.85119422403999e-08 23955 0.000381459126278439 0.174980464148113
0.67 3A 491831647.309859 491837374.422535 3.90431654877037e-08 24345 0.000522315333333333 0.23488365588372
0.68 3A 507795773.448276 507800352.224138 3.84172985209596e-08 18050 0.000296989332963989 0.539051355652185
0.69 3A 515875945.73913 515881765.608696 3.47214832128137e-08 8467 0.000367890787764261 0.297060404510366
0.7 3A 520587908.285714 520592359.571429 3.14731604050944e-08 1361 0 NA
0.71 3A 536003702.430233 536009004.616279 3.8948903161567e-08 32581 0.00108412822289064 0.193321360945399
0.72 3A 556737348.111111 556741496.444444 7.96105689105453e-08 2460 0 Inf
0.73 3A 560322744.642857 560330445.142857 8.63994338969279e-08 6707 0.00134656827791859 0.127557169928055
0.74 3A 566377058.388889 566384495.611111 1.08003377640516e-07 7215 0.000337102932778933 0.470885220734897
0.75 3A 570760931.583333 570764977.583333 1.33892565465394e-07 3260 0 NA
0.76 3A 574913088.785714 574917053.928571 1.58412977152061e-07 3997 0 NA
0.77 3A 577763632.454545 577766554.181818 1.6856125363938e-07 2516 0.000303685310015898 1.20975337358153
0.78 3A 579365940.333333 579370553.333333 1.74164695070941e-07 1062 0.000729597062146893 0
0.79 3A 581261672 581265221.5 1.80676097168446e-07 1347 0.000605997461024499 0.277211243249823
0.8 3A 583674115.142857 583678286.857143 1.88798447151863e-07 1859 0.0020295761161915 0.304683564088034
0.81 3A 585065311 585069946.428571 1.93406245000959e-07 2002 0 Inf
0.82 3A 587790878.142857 587797272.571429 2.02236482965234e-07 4108 0.000590468493184031 0.0936366637590271
0.83 3A 596093143.75 596097117.46875 2.27372849144503e-07 9282 0 Inf
0.84 3A 601482706.866667 601488076.133333 2.42311908125969e-07 5066 0.000250950917883932 1.63669418733253
0.85 3A 605448624 605451829.363636 2.527748857695e-07 3198 0.00386521590681676 0.107123984354915
0.86 3A 609571199.666667 609575990.933333 2.6343172548243e-07 4677 0 Inf
0.87 3A 614923102.909091 614927598 2.76891467940536e-07 5729 0 Inf
0.88 3A 620890403.470588 620896695.058824 2.91455704524025e-07 5211 0.000958382416042986 0.276872003093343
0.89 3A 624243702.692308 624246861.384615 2.99403390463522e-07 3572 0.000662118873460246 0.293774176282281
0.9 3A 628234300.727273 628240513.909091 3.08662583971212e-07 3419 0.00088658621322024 0.151201672133287
0.91 3A 632185097.066667 632191344.6 3.17606703976105e-07 6860 0.00115955743556851 0.144476629372042
0.92 3A 635866491.666667 635870386 3.25739977108632e-07 2576 0.000324557670807453 1.09179541970022
0.93 3A 639060755.722222 639066246.333333 3.32651072876161e-07 6959 0.000462485178905015 0.421715905369591
0.94 3A 642327939.526316 642333146.947368 3.39452347264761e-07 6344 0.00128705930485498 0.279703610470628
0.95 3A 645562249.416667 645567125.416667 3.48231215272259e-07 4756 0 NA
0.96 3A 647753415.066667 647757917.533333 3.59057680750774e-07 4595 0.00760220959521219 0.0462358451206478
0.97 3A 649817628.125 649822763.25 3.7229255798233e-07 3333 0.000917541242124212 0.3774569299231
0.98 3A 652810722.714286 652815490.714286 3.53148374329881e-07 2886 0.000277200630630631 1.14707000248575
0.99 3A 654444478 654449865.6 3.3999623200668e-07 1559 0.00207181609364978 0.0711573054177377
1 3A 656518786.75 656522522.5 3.28990908365727e-07 1101 0 NA
1.01 3A 658703246.1 658707944.5 3.23627601455526e-07 3501 0.000657728850328478 0.393282254083458
1.02 3A 659982642.75 659987894.666667 3.23498922542172e-07 3673 0.000199570046283692 2.20138221593118
1.03 3A 662037905.25 662042849.375 3.2814724990841e-07 2333 0.000685874774967853 0.142411118336494
1.04 3A 663581351.25 663586451.5 3.35431832169166e-07 1955 0.000810367498721228 0.145139734713901
1.05 3A 669250034.3 669255041.85 3.93483533811257e-07 6109 0.000742820377475855 0.457273707953244
1.06 3A 674825468 674830720 4.86223134094563e-07 2041 0.000391876384125429 0.285796913979488
1.08 3A 678500286 678503878 5.73117883370475e-07 426 0 NA
1.09 3A 679852457.666667 679855922.333333 6.10513887284712e-07 1747 0.000453704976531196 0.867426940897928
1.1 3A 681793321 681797353 7.02866190328072e-07 1233 0.00191027355231144 0.0971873902519891
1.11 3A 683307457 683311711.272727 7.8487418935835e-07 3937 0 NA
1.12 3A 684651395.777778 684655724.777778 8.45600946376011e-07 2275 0.00147960233846154 0.138890880547019
1.13 3A 686592635.333333 686597579.333333 9.13360965782213e-07 1103 0.00219618551223935 0.187783408950445
1.14 3A 687596362.666667 687600780.666667 9.39166925973884e-07 1714 0.00379337135355893 0.21026230980668
1.15 3A 688748406.2 688752704.8 9.60403280251858e-07 2004 0.000407758962075848 0.843211055423726
1.16 3A 689492814 689498441 9.70225661015953e-07 747 0 NA
1.17 3A 691041561.5 691044823 9.78692134774801e-07 385 0.0117843776103896 0.0506128252059741
1.18 3A 692924214.2 692931739.6 9.68426416758255e-07 3365 0.00737263334026746 0.046672043852804
1.19 3A 693446011.5 693447402.5 9.61865438094505e-07 191 0 Inf
1.21 3A 695145012.75 695147346 9.27761112159237e-07 571 0 Inf
1.22 3A 695728816 695732219 9.19616449717503e-07 461 0 NA
1.23 3A 696238865 696243850 9.31716405438597e-07 532 0 NA
1.24 3A 697302060.75 697305102.75 9.25363369439041e-07 639 0.00242215236306729 0.149117183480469
1.25 3A 697856414 697859611.75 9.0606443465451e-07 1015 0.00220787896551724 0
1.26 3A 698863040 698867798 8.42359439404854e-07 473 0.015292 0.315593774522626
1.27 3A 699840224 699858359 7.41012730893915e-07 448 0 NA
1.28 3A 700726173 700737354 6.49702044336237e-07 790 0.00137253 0.644439101513264
1.29 3A 705396055.75 705401199.75 1.8185025568741e-07 1366 0.00523541643484627 0.0653698308870635
1.3 3A 709087057.666667 709090684 1.79254203907795e-07 1262 0.00128498051505547 0.842494765856366
1.31 3A 711151485.75 711156971.5 5.42429999812368e-07 872 0.0136180508027523 0.154472617601286
1.32 3A 714000923 714004955 8.24570732355354e-07 16 0 NA
1.33 3A 714944505 714951428 8.93280238040251e-07 405 0.00193315 0.587553992188914
1.35 3A 716338935.25 716344043 9.62695461480096e-07 781 0.000961729014084507 0.597211200761497
1.38 3A 717903102 717905777 9.96376550632402e-07 121 0 NA
1.39 3A 718399151 718401813 9.97066259864105e-07 233 0 NA
1.4 3A 719732165 719736425.5 9.74605944828316e-07 572 0.0117541186188811 0.0515133019472709
1.41 3A 721393843.333333 721398389.333333 9.83823319340152e-07 946 0.0181559400634249 0.0802926185760217
1.42 3A 722274947 722281449 1.02888011959703e-06 397 0.004 0
1.43 3A 724291626.307692 724296268.384615 1.11570077984889e-06 3373 0.0111208459976282 0.0678093429906054
1.44 3A 725999531.8 726005288.4 1.22762648788367e-06 1999 0.0211614021510755 0.125648537754547
1.45 3A 727071777 727074292 1.28149355180831e-06 92 0.0287425 0
1.46 3A 727989884 727993508 1.3153957337639e-06 545 0.0526378 0
1.47 3A 728918567.333333 728922318.333333 1.33816270388242e-06 601 0.032649728452579 0.116432223565058
1.49 3A 729970859.5 729973287.5 1.35013348334119e-06 332 0.0193475340361446 0.253630772316132
1.51 3A 731010610.5 731015160.5 1.34748105046253e-06 598 0.0445775043478261 0.0313129033887828
1.53 3A 732355748.333333 732359698.666667 1.32262042656424e-06 1226 0.00040907911908646 3.75301317366225
1.54 3A 732800338.285714 732805940.714286 1.3090555914131e-06 1502 0.000517326431424767 0.593338200619981
1.55 3A 733490645 733494080 1.28293326944163e-06 325 0 Inf
1.56 3A 734011003.2 734016243.6 1.25889644264482e-06 2190 0.00437488907305936 0.276314034699903
1.57 3A 734280335 734283310 1.24516120024032e-06 107 0.00760697 0.279451608196167
1.58 3A 734783072 734791156 1.21662274415416e-06 1093 0.00141907 0.148707251932604
1.59 3A 735890842 735894915 1.14229104407113e-06 801 0 Inf
1.6 3A 737295044 737301603 1.02826395407725e-06 428 0 Inf
1.61 3A 737921970.333333 737928315 1.02127784416746e-06 1984 0.00125644257560484 0
1.62 3A 739172525.75 739176722.75 1.00639682720857e-06 1275 0.00301572134901961 0.180414484229978
1.63 3A 739655569.6 739659894.8 9.9668883513452e-07 1710 0.00288050422807018 0.0928385582784876
1.65 3A 742158548.75 742161897.5 9.1859258844248e-07 1024 0.0015355857421875 0.146794045787953
1.66 3A 743868252.166667 743873451.833333 8.35142781047913e-07 2900 0 Inf
1.67 3A 746069288.5 746073528 7.32510916633941e-07 469 0.018131321108742 0.297746067143221
1.68 3A 746584475.666667 746587896.5 7.11409802975955e-07 1814 0.00333008808158765 0.188406441130023
1.69 3A 749572158.4 749577695.2 5.94515758973658e-07 2506 0.00371753849960096 0.123063465472977
0 4A 207440 212052 NA 513 0 NA
0.01 4A 738330 743948 NA 757 0 NA
0.02 4A 1757361.83333333 1762131.5 NA 2603 0.00031599492892816 0
0.03 4A 2479510 2483720.5 NA 1216 0 Inf
0.04 4A 3065940.81818182 3070431.18181818 1.08749796147523e-06 3801 0.00187043551170745 0.0965414504223909
0.06 4A 4768963.4 4773002.4 1.06295103816253e-06 2514 0.000928344136833731 0.518633159194713
0.07 4A 5468703.75 5473662.25 1.05281038377967e-06 1943 0.000264666551724138 2.20493305251633
0.08 4A 6010584.5 6018034.5 1.04492662838559e-06 1671 0 NA
0.09 4A 7158896.5 7161370 1.02823792219851e-06 1084 0 NA
0.1 4A 7749195.66666667 7753194.66666667 1.01960285910574e-06 1247 0.00118415785084202 0.152183359134618
0.11 4A 8588372.75 8592186 1.00730910916441e-06 721 0 Inf
0.12 4A 9785079.5 9788801 9.89706773136082e-07 1248 0.0019836580448718 0
0.13 4A 10636377 10639773 9.77142184670035e-07 361 0 Inf
0.14 4A 11504025.3333333 11507881.3333333 9.64285605996986e-07 2356 0.0016467314770798 0.35634162127449
0.15 4A 12368588.8 12372231.2 9.51440007045061e-07 1213 0.000598876009892828 0.321471687962859
0.16 4A 13701051 13704140 9.31563142784924e-07 424 0 Inf
0.17 4A 14020424 14025068 9.26771525321717e-07 144 0 NA
0.18 4A 14835467 14837244 9.14568711356835e-07 79 0 NA
0.19 4A 16017751.7142857 16023234.5714286 8.96740917565631e-07 2984 0.000258143907506702 0.900104948527812
0.2 4A 17134577.8 17137878.4 8.79874715300282e-07 829 0.00197435138721351 0
0.22 4A 19634904.6666667 19637288.3333333 8.41833607616832e-07 494 0.00174191417004049 0.786672100681274
0.23 4A 20264810 20267038 8.32194442962212e-07 165 0 NA
0.24 4A 21429486.875 21434900.75 8.14285265896008e-07 5266 0.000302970882643373 0.140296072743527
0.26 4A 24210971.5 24216660.5 7.70385869697233e-07 510 0 NA
0.27 4A 24845910.2 24850678 7.5981696280949e-07 1600 0.00192972694375 0.0752703772263946
0.28 4A 25852408.6666667 25858004.6666667 7.43157311137767e-07 743 0.000974794831763123 0.325305732968815
0.29 4A 27568052 27571146 7.15201825875894e-07 308 0 NA
0.3 4A 28980517 28985523.5 6.92552129482233e-07 1402 0.00329852795292439 0.149712797468669
0.31 4A 30408631.5 30413062.25 6.70025849790117e-07 1075 0 NA
0.32 4A 31281656.5 31290654.5 6.5639770868382e-07 1649 0 Inf
0.33 4A 33393537.6666667 33397112 6.24138645435313e-07 571 0 NA
0.34 4A 34481418 34486658.6666667 6.0778331261739e-07 1119 0 NA
0.35 4A 36372962.875 36378377.75 5.79871743742996e-07 2149 0.0018463051465798 0
0.36 4A 37540971.4705882 37545282.2352941 5.62951362277529e-07 5880 0.000138889 1.41346592392114
0.37 4A 39009991.375 39017039 5.41994028178785e-07 3807 0.000853055063567113 0.280866083020885
0.38 4A 40670611.7142857 40675316.1428571 5.18804711031757e-07 1799 0.000437975742078933 0.29529210107504
0.39 4A 42826740 42831586.9 4.89439364036812e-07 3930 0.000209889083969466 0.451401696352163
0.4 4A 45333727 45337157.1666667 4.56270959998297e-07 2503 0.000945660543347982 0.0950806204647379
0.41 4A 47227181.2857143 47233804.4285714 4.32014067573647e-07 6591 0 Inf
0.42 4A 48894087.4 48899217.6 4.11117580694485e-07 1949 0 NA
0.43 4A 54106535 54110051 3.4908086312202e-07 435 0 NA
0.44 4A 57724052.0555556 57728445.6666667 3.09020320142423e-07 5588 0 Inf
0.45 4A 70273713.1234568 70278690.1728395 1.27424451043137e-07 26340 8.97916628701594e-05 0.25073768164253
0.46 4A 87837536.7058824 87843187.6470588 2.26846937857244e-08 12308 9.5740773480663e-05 0
0.47 4A 96689824.5454545 96694829.4545455 1.92725575923788e-08 7665 0.000101168956294847 0.593590676914949
0.48 4A 121720206.1875 121724653.109375 2.3315940185689e-08 42285 0.000253733684900083 0.342511925608929
0.49 4A 163434276.511111 163440325.488889 4.42212244754913e-08 31260 2.51862015355086e-05 2.22738455764644
0.5 4A 219360398.741379 219371541.603448 5.89467577724364e-08 22440 0 Inf
0.51 4A 332007862.723077 332023183.046154 2.92913783444154e-08 29364 2.76511068655497e-05 0.56680229274345
0.52 4A 406209500 406212933.5 0 467 0 NA
0.53 4A 464112863.48 464118288.593333 0 46787 0.00021836402675957 0.361671335337651
0.54 4A 516952028.794872 516957593.012821 0 31654 0.000395962913312694 0.321451464826403
0.55 4A 548149186.518072 548154067.39759 5.01545470891768e-08 25466 0.000343553446359852 0.576511793728278
0.56 4A 565599032.310345 565604621.275862 1.87640689779438e-07 6764 0.000300126023063276 0
0.57 4A 572350575.190476 572356553.857143 2.73612653621371e-07 10767 0.0014234536335098 0.128314186466654
0.58 4A 577902181.25 577907803.857143 3.64896638247612e-07 8315 0.00281291806975346 0.0982481469848726
0.59 4A 582234866.675676 582240709.189189 4.30976066249207e-07 13791 0.00322198975128707 0.0543535963107603
0.6 4A 585008790.846154 585013615.653846 4.73190769677532e-07 9580 0.00450641128392484 0.0960982391913487
0.61 4A 589127355.6 589131117.2 5.44015456534629e-07 1044 0.0103047448275862 0.0841844831068409
0.62 4A 590271756.133333 590278663.733333 5.65484505300036e-07 7623 0.0041879767965368 0.210623252427802
0.63 4A 591789326.75 591794966.25 5.94886720973263e-07 1621 0 Inf
0.64 4A 593588193 593595602 6.42813611407194e-07 3146 0.000214630794659886 0.357378764592394
0.65 4A 594466811.375 594470929.5 6.65565010652576e-07 1887 0.0112371729040806 0.0825408742660578
0.66 4A 596159395.142857 596164467.071429 7.07940882557271e-07 5925 0.00824066643206751 0.0538555993863772
0.67 4A 597896116.714286 597901577 7.49301258772456e-07 2983 0.0166768949782099 0.049159839815733
0.68 4A 598834906.25 598839198.5 7.70658834005445e-07 1923 0.002415145975039 0.0491664741575586
0.69 4A 600722167 600725927.5 8.11642328182605e-07 1614 0.0167268484510533 0.0769201666425814
0.7 4A 601836798.6 601839284.6 8.42376773894086e-07 979 0.0107641398774259 0.0873553066234392
0.71 4A 603446636.5 603450466 8.99466550808084e-07 1719 0.0147740519604421 0.0454591165253879
0.72 4A 604076529 604093392 9.24407233914105e-07 596 0 NA
0.73 4A 605703940.333333 605708098 9.65989356164413e-07 1190 0.0442002357142857 0.026452328227726
0.74 4A 606677097 606684107.4 1.02694654317225e-06 1771 0.00346053377752682 0.074712345809862
0.75 4A 607633229 607636147 1.07744277740027e-06 261 0 NA
0.76 4A 608715613 608720256.2 1.12178321548795e-06 1600 0.00246549956875 0.116615390758624
0.77 4A 609925870 609929741 1.15622903227137e-06 529 0.0198536 0.10851432485796
0.78 4A 610470787.6 610476122.4 1.18230862830839e-06 3057 0.00800159815832516 0.17860679358879
0.79 4A 611579524 611583216 1.27048127023301e-06 429 0.0162896 0.164968446125135
0.8 4A 612060822.5 612063803 1.30375634838475e-06 931 0.00920414983888292 0.161285757772713
0.81 4A 613385736.666667 613388654.666667 1.3798732350952e-06 503 0.0014848750695825 0.624752855887522
0.82 4A 613998980.333333 614003510.666667 1.40707335194536e-06 2315 0.0165603393952484 0.238850481426966
0.83 4A 614639215 614643695.5 1.43061541941584e-06 532 0 NA
0.84 4A 615290892.333333 615294760 1.44932660262074e-06 682 0 NA
0.86 4A 616408351.5 616411617.5 1.46818345222892e-06 460 0 Inf
0.87 4A 617001138 617002756 1.47165556487903e-06 248 0.00638298 0
0.88 4A 617849660 617854328 1.46859242161599e-06 188 0 NA
0.89 4A 617914392 617918888 1.46796432602955e-06 923 0.00429784400866739 0.0578506653397699
0.9 4A 618594303.5 618602194.5 1.4581372915862e-06 359 0.0076423417270195 0
0.91 4A 619245132.25 619252682.5 1.44312941700935e-06 2284 0.00137501666374781 0.366698508980974
0.93 4A 620188580 620195028 1.41169772934462e-06 68 0.0111111 0
0.95 4A 621193175 621198024 1.36546333285222e-06 882 0.00669312199546485 0.0765454020758712
0.96 4A 621804434 621809584 1.33093819368367e-06 1631 0.000475518835070509 0
0.97 4A 622198969 622203673.25 1.30606387781013e-06 1417 0.0213453162314749 0.160191189054378
0.98 4A 623315052 623317666 1.22485784559372e-06 195 0.0246998 0
1 4A 625368041 625371053.5 1.03296431778828e-06 937 0.0059955560298826 0.121949341347807
1.01 4A 625828587.25 625831806.25 9.82261697208073e-07 961 0.00156179308012487 0.465659788371933
1.02 4A 627516023 627521263 8.08785986336385e-07 728 0 Inf
1.03 4A 628292882.333333 628297325.666667 7.52477773103249e-07 1677 0.0045003604293381 0.211302138810736
1.04 4A 629508163 629513566 6.85281987501683e-07 4285 0.00232787767327888 0.163611888194196
1.05 4A 631390119.9 631396756.3 5.90422255968937e-07 3514 0.000822940208594195 0.0783059522468047
1.06 4A 634205268.75 634210991 4.68317744434871e-07 2001 0.00277195043478261 0.164429155747463
1.07 4A 636919513.9 636924985.5 3.71784548360581e-07 3919 0.00121966313855575 0.0960203284956573
1.08 4A 640481971.111111 640485837.222222 2.82503831066075e-07 3439 0.00370279079965106 0.216300426010338
1.09 4A 647178286 647182770 1.7075895931823e-07 212 0 NA
1.11 4A 649967744 649972033.5 2.67549949122636e-07 393 0 Inf
1.13 4A 651623778 651627938 2.49390983008392e-07 566 0 NA
1.24 4A 681073860.4 681078950.675 1.19719040572447e-07 14877 0.00113045728507091 0.254049745848554
1.25 4A 687701605.5 687705491.5 2.22724911902276e-07 394 0.0059751 0
1.28 4A 699899776 699902312 3.80558973263715e-07 83 0.0338624 0
1.3 4A 702043190 702046461 4.26908619957024e-07 207 0 NA
1.31 4A 703268167 703271490 4.58984730407993e-07 75 0 NA
1.32 4A 705077227 705080739 4.98686562424677e-07 290 0 NA
1.33 4A 708679651 708681671 5.68848139570917e-07 227 0.00896589647577093 0.235798189763119
1.36 4A 712988851.5 712996230 5.83349416233722e-07 257 0.00298940708171206 0.301062498735809
1.39 4A 717380330 717382230 6.90610525853825e-07 190 0.00834517894736842 0.289062673437673
1.42 4A 722882391 722887381 6.43436675039208e-07 228 0 NA
1.47 4A 732517958 732521891 4.29559500890613e-07 392 0 NA
1.5 4A 738743869 738745398.5 3.85037526901368e-07 371 0.0230551735849057 0.053889021921327
1.51 4A 741545979 741549092 3.63971331883001e-07 222 0.0338558 0.0601007803685041
1.52 4A 742652637.5 742655972 3.55039439224509e-07 179 0.00398729463687151 0.322872032049734
0 6A 455107.75 458586.5 NA 1356 0.00395674510324484 0.171129952363411
0.01 6A 1565831.71428571 1572153.14285714 2.99120858238234e-07 3282 0.0108827944698355 0.108339142144954
0.02 6A 3123690.2 3127845.6 4.0538822744127e-07 1848 0.00254481404220779 0.148707622826905
0.03 6A 6904707.86666667 6909333 6.63661894431365e-07 4018 0.00703220878297661 0.238096701789396
0.04 6A 9241190.14285714 9244419 8.10130457625816e-07 2126 0.00364475119473189 0.0595474696622459
0.05 6A 10803047.5 10806452 9.13017768384814e-07 1034 0.00708121921663443 0.205943514734791
0.06 6A 11477633 11481875.4444444 9.35380225068807e-07 2591 0.00528974457738325 0.170474410473133
0.07 6A 12334617 12340784 9.48354988043472e-07 2289 0.00629701608562691 0.0416711917410671
0.08 6A 12836151 12838286 1.01496916991236e-06 135 0.0174545 0
0.09 6A 13382681 13386524 1.06311635043408e-06 380 0.00192077 0
0.1 6A 13806565 13809820 1.08075735577466e-06 405 0 NA
0.11 6A 14282938 14286466.6666667 1.08844720353315e-06 365 0 Inf
0.12 6A 14606554 14610239 1.10910668962424e-06 705 0.0031929 0.103499953020765
0.14 6A 16226818 16234941 1.04114270876002e-06 270 0 NA
0.15 6A 17445661.75 17450925.375 9.70604942426703e-07 3312 0.00293804808272947 0.0947327499615205
0.16 6A 22384639.2 22390869.4 6.42908313907188e-07 2754 0.0106250856753813 0.0634634054187532
0.17 6A 23806309.25 23809775.25 5.8656040932358e-07 2773 0.01276308647674 0.136480874054648
0.18 6A 24326123 24331936 5.63667945394377e-07 322 0 NA
0.2 6A 25661083.5 25667071 5.0809869442474e-07 1146 0.00347967426701571 0.11456763077744
0.21 6A 29181353.3571429 29184834.7142857 3.61755310913937e-07 3658 0.0141825630973209 0.109045033635404
0.22 6A 36817377 36821220.875 4.28980624120532e-07 6060 0.00247955622772277 0.174753379862286
0.27 6A 46702941 46706410 5.39502964931181e-07 89 0 NA
0.28 6A 47573213.6666667 47575982 5.36471478440376e-07 577 0.00535725157712305 0
0.29 6A 48675836.8 48680655.6 5.2996820517687e-07 2489 0.00277233415427883 0.134989873418855
0.3 6A 51406171 51409969 5.00086274474512e-07 267 0 NA
0.31 6A 52157742 52164093.5 4.88344073525193e-07 754 0 NA
0.32 6A 53307343 53311436.3333333 4.88541540662915e-07 1450 0.00154710105517241 0.105754329321768
0.33 6A 55733954.625 55737775.875 5.04389210723186e-07 2176 0.00101549368106618 0.104886625951749
0.34 6A 57773526.5 57778382.5 4.53723319157219e-07 919 0.00633880163220892 0.0824174380884048
0.35 6A 60081730.3333333 60086191.6666667 3.89559065930896e-07 494 0.00318137319838057 0
0.36 6A 61659706.5 61662889.5 3.54556828939231e-07 1432 0.00314264004888268 0.404028377868033
0.37 6A 64207364.4545455 64214304.4545455 2.92598786767167e-07 4498 0.000898746442863495 0.395789928737015
0.38 6A 70611941 70617383.8918919 1.61380265242055e-07 14393 0.00110848432988258 0.258773877597578
0.39 6A 82827468.8857143 82833384.0857143 1.34559406298353e-07 14170 0.00241492260550459 0.185049724488118
0.4 6A 92331998.3333333 92336416.3333333 1.332855582362e-07 3728 0.00147986455472103 0.166401570440091
0.41 6A 99203156.0909091 99209994.6363636 1.24872606530113e-07 4003 0.00175907403447414 0.196016004582249
0.42 6A 103830340.333333 103835372.888889 1.16595033263266e-07 2920 0.000270082294520548 0.865966917997977
0.43 6A 108118939.333333 108126048.388889 1.06802066327522e-07 8215 0.000290294664516129 0.445714668004414
0.44 6A 119598355.352941 119603330.911765 8.43080506139651e-08 10736 0.000731037272727273 0.233248487806997
0.45 6A 134609344.3 134615752.133333 6.52068553762736e-08 9052 0.000612196733318604 0.12413739577313
0.46 6A 148642675.542857 148647107.485714 4.97573191498024e-08 11140 0.000141153737881508 0.674103711002705
0.47 6A 280370916.536481 280378915.828326 9.05839700662697e-09 83440 0.000437780416526846 0.292206146411055
0.48 6A 410162537.5 410170621.25 1.21189838549062e-08 5529 0.000438512121540966 0.0936777430076529
0.49 6A 422471429.304348 422477135.695652 2.50455522097212e-08 5418 0.000723627554448136 0.0595347100331418
0.5 6A 430802924.625 430810034.25 3.54839207036021e-08 2791 0.00247897960587603 0.166432314108135
0.51 6A 433333077.5 433339292.5 3.90552661998264e-08 2143 0.00467833116192254 0.321945143286514
0.52 6A 437024879.625 437029120.75 4.45210216194615e-08 1913 0.00326232461055933 0.256968090469318
0.53 6A 441663677.5 441667233.875 5.18354831237813e-08 2915 0.000538360085763293 0.146365848410807
0.54 6A 445005264.444444 445011485 5.62383356481519e-08 1685 0.00193858297922849 0.277057727429603
0.55 6A 448422292.545455 448426545 6.05148868298417e-08 3026 0.00110363205882353 0.250040483255521
0.56 6A 454785235.777778 454790935.888889 6.80329873244767e-08 7613 0.000819763157756469 0.369729830306701
0.57 6A 469167054.2 469171398.514286 7.80096229828712e-08 8742 0.00027559330931137 0.343677480740363
0.58 6A 486714853.782609 486719564.108696 8.82614853338258e-08 14320 0.000709837659217877 0.31479882348345
0.59 6A 498371407.98 498376253.54 9.01692705425291e-08 15083 0.000477945760922893 0.241691960869921
0.6 6A 505907085.777778 505913411.611111 8.22587052345627e-08 6897 0.000347962576482529 0.345478807017077
0.61 6A 514790650.083333 514795311.541667 8.82233333378079e-08 9018 0.000339760695054336 0.153375972017783
0.62 6A 525960744 525965654.204545 1.13020290623478e-07 16476 0.000628493682932751 0.0803416806608531
0.63 6A 539790585.243243 539795331.594595 1.44450836124595e-07 14412 0.000325834837080211 0.294400782754831
0.64 6A 548308209.52381 548314638.285714 1.28080327576525e-07 10438 0.000310644152998659 0.0705903102557137
0.65 6A 553876843.785714 553882254.357143 2.25935293863602e-07 6133 0.000399367727050383 0.280894144240153
0.66 6A 556638167.384615 556642529.538462 2.62672685377264e-07 3890 0.0014089592503856 0.397104396525553
0.67 6A 559479589 559483989 3.00104404047752e-07 2135 0.0011574553911007 0
0.68 6A 563526662.75 563532987.666667 3.76939802927339e-07 5512 0.000273833320029028 1.30449406860187
0.69 6A 565156585 565161453 4.1500000193497e-07 997 0 NA
0.7 6A 569275677.75 569285418.25 5.32022804219213e-07 2933 0.000534147998636209 0.147627730139725
0.71 6A 571493223.625 571497662.375 6.05616655953481e-07 1854 0.00220292847357066 0.37219746856579
0.72 6A 573413514.4 573419510.2 6.76064373656815e-07 2777 0.000839200271876125 0.399571074653741
0.73 6A 574661123 574667172.6 7.25254941189849e-07 2282 0.00289110062050833 0.240456554753733
0.75 6A 577975172 577982308.166667 8.68055850398779e-07 3123 0.0010225990714057 0.16184956498151
0.76 6A 579124412.75 579129660.25 9.21684692040034e-07 2268 0 Inf
0.77 6A 580197730.125 580201154.5 9.73742995732874e-07 1738 0.00176108471806674 0.307865712040039
0.79 6A 581858447.2 581862552.6 1.08615193329545e-06 1668 0 NA
0.8 6A 583039574.5 583043301.5 1.16977608762143e-06 176 0 NA
0.82 6A 584766634.333333 584774176.666667 1.27981730947026e-06 648 0.00220289317901235 0.161340615769058
0.83 6A 585431820.333333 585438913.444444 1.31950459264925e-06 3278 0.00364179584502746 0.0586310501500678
0.84 6A 586212768.5 586217984 1.37423383070549e-06 1555 0.000455849576848875 1.3313772124175
0.85 6A 586770093 586782183 1.41026912870965e-06 1893 0.000447719 0.530875392824517
0.86 6A 587564389 587570511 1.45305007302883e-06 342 0 NA
0.87 6A 587954714 587958944.666667 1.47039508995808e-06 1263 0.00349174380839272 0.542686052890973
0.88 6A 588406276 588409720 1.48827406942472e-06 942 0 Inf
0.91 6A 590074286 590079890 1.5271423180115e-06 677 0 Inf
0.93 6A 591334297.714286 591339249.428571 1.5288651891581e-06 3181 0.00425778448601069 0.0165465459240626
0.94 6A 591753794.333333 591755956.666667 1.52443824864549e-06 742 0.00118776931266846 0
0.95 6A 592486888.5 592490838.25 1.50999050965863e-06 1530 0.00787044690196079 0.0501016968934509
0.96 6A 593006995 593010835 1.49509680052636e-06 444 0.021646 0.23775062367181
0.97 6A 593430767 593435915 1.47986774932404e-06 484 0.00150376 0
0.98 6A 594941534.230769 594945779.846154 1.43283465667102e-06 3634 0.00214473144193726 0.0883833877768584
0.99 6A 596308935.25 596313372.75 1.32161219114445e-06 1384 0 Inf
1 6A 596827850 596832421.857143 1.2567603142233e-06 2809 0.00107243170523318 0.202575555625679
1.01 6A 597308157.666667 597312698 1.19803581891521e-06 1155 0.00673804354978355 0.0901112130599961
1.02 6A 597831273 597837358 1.14135286821226e-06 590 0.0025177 0
1.04 6A 598984346.857143 598988398.428571 1.04317445148287e-06 2049 0.00266413782332845 0
1.05 6A 599869956 599874131.5 9.92297993164819e-07 1062 0.000779561129943503 0.275745996540233
1.06 6A 600523520 600527421 9.75340051220438e-07 2421 0.00230453408921933 0.163109219188566
1.07 6A 602878820.066667 602883635.066667 7.8650555161333e-07 3576 0.00352171113814318 0.126592112589716
1.08 6A 605272693 605278430 5.89383110577648e-07 4159 0.00700590242846838 0.0707894372526512
1.09 6A 606599652 606605109.5 5.90166755650834e-07 963 0 NA
1.1 6A 607071916.125 607075915.625 5.9078104112727e-07 2240 0.00575926108482143 0.10723421176295
1.11 6A 608016933.5 608020897.5 5.98160167009953e-07 872 0.00673490341743119 0.076924473444071
1.12 6A 608822689 608825205.5 5.81896893011678e-07 575 0 NA
1.13 6A 609294764.818182 609299002.636364 5.70080659922238e-07 3770 0.012242196668435 0.0935889885405667
1.14 6A 613566309.66 613571184.32 4.1880509806631e-07 18874 0.0126851959711773 0.146953884901878
1.15 6A 617041382.5 617050548 2.55564791459471e-07 2025 0.0328817745185185 0.00340663578136709
0 7A 2950626.625 2960564 6.40317610566316e-09 1387 0.00849010072098053 0.178973436445517
0.01 7A 8548889 8552830.2 8.47282489834559e-08 814 0.00529023955773956 0.139158421644793
0.02 7A 10619635 10626123 1.46685511475294e-07 84 0.0100432869047619 0
0.03 7A 15550765 15556988.5 2.75834113191807e-07 451 0 NA
0.04 7A 20377780.5 20380845.25 4.03096639815248e-07 1470 0.00261446146938776 0.356713814056466
0.05 7A 24849155.5 24853444 5.92384584180897e-07 450 0.0279623413333333 0.0182549555379785
0.13 7A 33185738 33192765 1.21047659602134e-06 722 0.00323305 0
0.15 7A 34538999 34540876 1.29860125393025e-06 263 0.00566372 0
0.19 7A 36872224.6666667 36875846.3333333 1.3669678573392e-06 1098 0.00287488969034608 0.147812099469862
0.23 7A 40043614 40051845 1.28938065762783e-06 870 0 NA
0.27 7A 42963605 42965380 1.04474363569521e-06 148 0 NA
0.32 7A 48644553 48647506.5 8.66106148789396e-07 241 0.0382996182572614 0.0250502523886786
0.35 7A 54997683 55001463 6.95186734136148e-07 219 0.0331797 0
0.37 7A 57566055.3333333 57570595.6666667 6.40633611937351e-07 377 0.00212973167108753 0
0.38 7A 59120852 59124009 5.930780859529e-07 728 0.0477868017857143 0.0523692606432203
0.4 7A 62726412 62736261 5.37914425702542e-07 129 0 NA
0.41 7A 64157483.5 64161714 5.38230789946184e-07 550 0 NA
0.42 7A 65066637.6666667 65071803.5 5.44273998682927e-07 1588 0 NA
0.43 7A 67903708.875 67908903.25 5.84133781253213e-07 2246 0.00540116592609083 0.191240765108805
0.44 7A 70520553.5 70523772.75 6.11060323119093e-07 647 0 NA
0.46 7A 74235167 74245986 6.39034771099679e-07 774 0.00105837167958656 0.554340864509725
0.48 7A 76120090.5 76123166 6.65348996006367e-07 321 0 NA
0.49 7A 77190124.3333333 77197135.3333333 6.75171538660114e-07 1100 0.00142447839090909 0
0.5 7A 78492091.5 78497247.25 6.72166732491649e-07 960 0 NA
0.51 7A 79786886.4 79793654 6.52088935667378e-07 1937 0.00763322471347445 0.139850115290928
0.52 7A 81316508.5 81320509 6.0704337225505e-07 2042 0.00414447635161606 0.0547632446949312
0.53 7A 82055030.5 82062078.25 5.77315795263844e-07 1469 0.000562621168141593 0
0.54 7A 83285019 83288075 5.20657392035587e-07 351 0.00907801 0.215464622753225
0.55 7A 84040777.2857143 84046629.1428571 5.08773151162736e-07 2367 0.00258554086185044 0.0748576039168995
0.56 7A 85444267 85448730.4285714 4.906146953538e-07 3720 0.00297522958467742 0.269953945738039
0.57 7A 87984450.5 87988278.5 4.54185524938311e-07 854 0.00277057236533958 0
0.58 7A 92049795.5 92053590 3.83378309629563e-07 5315 0.00349794676952023 0.100656484674895
0.59 7A 100322488.466667 100328852.866667 1.89285944354565e-07 7651 0.00314133663704091 0.190955202792423
0.6 7A 107088716.368421 107094914.684211 1.6807311538132e-07 8208 0.00277029619809942 0.211645098147939
0.61 7A 112619230 112622885.5 2.05951491400096e-07 680 0 Inf
0.62 7A 115787378.666667 115792211.666667 2.42765020870056e-07 2986 0.00161126409243135 0.191543365985701
0.63 7A 118505497 118510001.4 2.47826632030787e-07 1260 0.00248028696825397 0.446853119831327
0.64 7A 122024340.5 122031648.6 2.32680901778737e-07 4227 0.000375482484031228 0.143979967898223
0.65 7A 125982292 125987104 1.90160460275469e-07 2984 0.000721724303619303 0.174315658886927
0.66 7A 129737282.866667 129743876.933333 1.89295011935687e-07 4813 0.00137836822563889 0.345569484130329
0.67 7A 141402063.724138 141407063.275862 1.02405546141172e-07 8979 0.000436710116716784 0.118159947846315
0.68 7A 187884084.623188 187889559.676329 9.97126725684883e-09 74206 0.000494706162035415 0.233463869792103
0.69 7A 234603655.619048 234608644.190476 1.41318645240011e-08 15171 0.000154331625865137 0.555551920639036
0.7 7A 252787692.806452 252793820.129032 1.2151584531982e-08 7576 0.000205549355860612 0.149914279214883
0.71 7A 265821526.275862 265826559.586207 1.11113151757881e-08 9340 0.000298473471841542 0.24779117140374
0.72 7A 274746015.769231 274751820.769231 1.05636294780836e-08 4484 0.00034120474353256 0.301875365446151
0.73 7A 287843211.809524 287848842.857143 1.00330766751374e-08 6889 0 NA
0.74 7A 295072859.6 295077254.6 9.87446724098917e-09 4459 0 NA
0.75 7A 303844062.5 303851548 9.81037962152406e-09 1538 0.000527572392717815 0
0.76 7A 310577654.142857 310593865.428571 9.84624210701038e-09 1713 0 NA
0.77 7A 316833841.5 316846336 9.95511030205224e-09 815 0 NA
0.78 7A 325172910.75 325187123.75 1.02142022621834e-08 2176 0 NA
0.79 7A 330771674.333333 330794175 1.04590770485571e-08 2103 0 NA
0.8 7A 347571380.631579 347582805.578947 1.15700086596133e-08 8519 0 Inf
0.81 7A 394338141.468085 394346585.340426 1.74640648722096e-08 17401 4.49792730302856e-05 0.182503206624822
0.82 7A 422650249.333333 422656598.333333 2.25159271321739e-08 791 0 NA
0.83 7A 423556015 423563387 2.27105057778797e-08 336 0 NA
0.85 7A 424312931 424317651 2.28738773041016e-08 258 0 NA
0.86 7A 424549405 424551225 2.29249029742435e-08 42 0 NA
0.9 7A 473547861.371981 473553222.782609 3.64402706777162e-08 71539 0.000199346483903885 0.20789109942805
0.91 7A 526781450.407407 526787102.148148 5.48307609585485e-08 7703 0.00053254191613657 0.222619968066758
0.92 7A 541566445.317073 541571237.292683 6.20230252640914e-08 11287 0.00132880910339328 0.397931658957149
0.93 7A 553007259 553013207.878788 6.91716240591425e-08 10520 0 Inf
0.94 7A 563212328.62069 563217151.517241 7.67272802776144e-08 8317 9.0472789467356e-05 1.42790327179097
0.95 7A 574713085.611111 574720192.611111 8.23258246870084e-08 5888 0.000556351623641304 0.482968526792962
0.96 7A 592369249.189189 592373513.108108 8.45325293949152e-08 9579 0.000167031342520096 0.436088377698948
0.97 7A 609968353 609974342.4 1.11224237542175e-07 14701 0 Inf
0.98 7A 616926246.166667 616930612.166667 1.5943680405784e-07 1482 0 NA
0.99 7A 621871444.3 621874631.3 1.88836428976927e-07 1858 0.0031694180409042 0.0856067860535945
1 7A 627001352.583333 627005327 2.29710246670044e-07 3046 0.000519354743926461 0.461597047778648
1.01 7A 632528029.666667 632534379.666667 2.8171681474252e-07 1290 0.00118628560465116 0
1.02 7A 636134392 636140206.375 3.33744798781449e-07 1365 0.000605444835164835 0
1.03 7A 638929172.714286 638934629.571429 3.67532337973621e-07 2125 0.00138135055811765 0.391331397079486
1.04 7A 641999645.428571 642003949.142857 4.00022866498818e-07 1908 0.00128183454402516 0
1.05 7A 644275569.5 644278295.5 4.23562181278908e-07 1784 0.00387636410313901 0.0337533581914711
1.06 7A 646616866 646620879.333333 4.47293697994899e-07 712 0.00558322365168539 0.115202039957565
1.07 7A 648425798 648431018 4.65299838222688e-07 285 0 NA
1.08 7A 650909935 650914535.5 4.89515268490606e-07 890 0.000853923830337079 0.305347244684715
1.09 7A 652577094.125 652582111.5 5.05461527764117e-07 1889 0.00163211414505029 0.449048915831325
1.1 7A 654382974.5 654386775 5.22442612676397e-07 1057 0.000710858940397351 0.309933510155143
1.12 7A 657710282.333333 657716025.333333 5.52975291722065e-07 1573 0.00197715708836618 0.0751068167928542
1.13 7A 659461855 659466206.5 5.68635626241734e-07 955 0 NA
1.14 7A 660700004.888889 660705233.222222 5.79539105302705e-07 4021 0.000197870515792092 0.575463343259061
1.16 7A 663637751.25 663641853 6.04859254203312e-07 1842 0 NA
1.17 7A 666464495.333333 666470273.666667 6.4009918715071e-07 1606 0.00048581098381071 1.76820996471166
1.18 7A 667113499.428571 667119130.571429 6.49894530600288e-07 2847 0.00484930333333333 0.0672843009538241
1.19 7A 669727531 669729352 6.82153232071339e-07 94 0.00898876 0.266467232410255
1.2 7A 671317089.833333 671322012.333333 7.11509207227068e-07 2554 0.008750260321065 0.0809801807592357
1.21 7A 672349790.6 672353700.8 7.24952981059213e-07 1968 0.0165639164227642 0.092287677381609
1.22 7A 674132057.666667 674136529 7.3907984885687e-07 965 0.00168007442487047 0.290186811487293
1.23 7A 675087535.666667 675090883.666667 7.41193141097217e-07 1068 0.0060632893164794 0.0357901934784817
1.25 7A 678018792 678021897.666667 7.4842594316411e-07 1838 0.00130020544069641 0.191799713496352
1.26 7A 679986253.2 679990946.7 7.57920471433596e-07 2968 0.0103749141913747 0.067729632916017
1.27 7A 681785989 681791135 7.54657895204729e-07 249 0 Inf
1.28 7A 681992243 681996670 7.57477551032402e-07 108 0 NA
1.29 7A 683482195 683492670 7.73598778063299e-07 1039 0.000758294 0.874188639234914
1.3 7A 685705855.5 685710157 7.83490522700741e-07 875 0.00521893161142857 0.10281597733733
1.31 7A 686171032 686174157 7.83458023338092e-07 500 0.0043465407 0.107714376170457
1.33 7A 688960269 688968295 7.67652811711203e-07 938 0 NA
1.34 7A 689972594.666667 689976869 7.55373609682522e-07 1396 0 Inf
1.35 7A 691009114 691012776.5 7.48463262876918e-07 441 0.0033560547845805 0.47430088384742
1.36 7A 691568181 691570712.5 7.49523332228067e-07 640 0.0156305203125 0.0799635148901893
1.37 7A 692751986.4 692754804.4 7.62496660147029e-07 1094 0.00540721625228519 0.0785545917954336
1.38 7A 693846860.8 693852226.2 7.69314190186572e-07 1074 0.00070567625698324 0.598681904107462
1.39 7A 694549294.5 694553479.5 7.69151345975711e-07 1131 0.000689336130857648 0.29537953406353
1.4 7A 696705075.8 696713143.6 7.46007909760045e-07 1731 0.0038496613864818 0.414550911172293
1.42 7A 699091224.666667 699095578.166667 7.14708099159591e-07 1842 0.00368654071932682 0.0681456328592774
1.43 7A 700879359 700887685 6.97533353073949e-07 3860 0.0020569562357513 0.198235408715292
1.44 7A 701842073.583333 701846972.25 6.93150323530104e-07 4893 0.00156963895360719 0.358551198781018
1.45 7A 704394427 704398372.666667 6.95645416372987e-07 645 0.00781349209302326 0.136466827882535
1.46 7A 705426512.333333 705431212.111111 6.98215410706743e-07 3224 0.00596458731699752 0.236233989263278
1.47 7A 707462851 707468262.25 7.05019314654548e-07 2537 0.00291781040599133 0.0316065672541045
1.48 7A 709186590.8 709191232.2 7.01288318369216e-07 1534 0.00928600636897001 0.063905873054446
1.49 7A 711316448.666667 711318817 6.96541555493345e-07 412 0.0103885410194175 0.0553959133790735
1.5 7A 712350860.166667 712354902.5 6.94456394825664e-07 922 0.00576413761388286 0.201887790413749
1.51 7A 714488827.666667 714493530.333333 6.90624644505119e-07 1289 0.0018300959348332 0
1.52 7A 715850313.5 715854451 6.88481455114341e-07 1414 0.00284664780763791 0.112747346689324
1.53 7A 717743923 717746621 6.85914993638534e-07 296 0.016852 0.226669238072632
1.55 7A 719569416 719572246.333333 6.83905626680833e-07 1121 0.000663579446922391 0.306247614510744
1.57 7A 721046536 721055925.666667 6.8260389551707e-07 2148 0.00685068375232775 0.0996574333705507
1.58 7A 722597238 722601907 6.80557651152302e-07 398 0 NA
1.59 7A 723286624.666667 723291067.666667 6.78944625558225e-07 1575 0 NA
1.6 7A 724455022.6 724458644.8 6.76588175088839e-07 1740 0.00280712074712644 0.277453377444197
1.61 7A 725947490 725952294.333333 6.74181575646503e-07 1823 0.00899999733406473 0.16828263411066
1.62 7A 727443573 727457990 6.72454329433371e-07 1836 0.000904551 0.272414711829405
1.63 7A 729356595 729360137 6.71343712521091e-07 501 0.0124785668662675 0.368104977444759
1.64 7A 730753198.857143 730758372.285714 6.71291697867728e-07 4550 0.00104477591428571 0.240215680005295
1.65 7A 732855778.857143 732858819.714286 6.7195654215691e-07 1893 0.0208142492181722 0.0809461806742481
1.66 7A 736080514.428571 736086685.571429 6.71231122095849e-07 3340 0.000457893586826347 0
