poscM Chromosome Start End recRate nb_complete_site piSyn f0
0.03 1A 1202326.28571429 1207661.71428571 1.28182851052807e-06 3759 0.0199100264112796 0.0500013794699591
0.06 1A 2437843 2441540 1.24959960564056e-06 87 0.0184049 0.131451406962276
0.07 1A 3119378 3122276 1.23125516685771e-06 124 0.0152091 0
0.08 1A 3403685.33333333 3408569 1.22348203918487e-06 1752 0.0130723000570776 0.0751835788820724
0.09 1A 4045713 4048684 1.19607758843423e-06 194 0.0458015 0.0322740521598638
0.12 1A 5491027 5495112 1.15658401937862e-06 261 0.0290645 0
0.14 1A 6569388 6576401 1.12599356487817e-06 172 0.0131387 0.189409150068119
0.15 1A 7495603 7503027 1.09898218543153e-06 1775 0.0224036490591549 0.111879531371352
0.16 1A 8255691.5 8258805.5 1.07640746907329e-06 375 0.0156671768 0.144743229041751
0.17 1A 9111992 9116920.5 1.05029696827475e-06 550 0.00706221109090909 0.391155249060422
0.18 1A 9592430.5 9595286.25 1.03543670960753e-06 655 0.00741101709923664 0.119563731009756
0.19 1A 10058916.5 10063716 1.02169211624121e-06 1231 0.0116838229082047 0
0.2 1A 11266930 11272520 9.88888332459153e-07 452 0.0172691853097345 0.180557566771165
0.21 1A 12115061.6666667 12119645.8333333 9.6640708571506e-07 1730 0.0312910397572254 0.0295152974776924
0.22 1A 13358114 13362882.5 9.3394550359256e-07 1505 0.0143994314817276 0.0263138295791281
0.23 1A 14782508 14787106.1666667 8.93368401366392e-07 1033 0.0166630649951597 0.0656140971344491
0.24 1A 16931434 16934477 8.31349589658753e-07 157 0.0251969 0.217366025185638
0.26 1A 19895297 19897721 7.53136045557493e-07 49 0 NA
0.27 1A 20580507.3333333 20584832.6666667 7.36251850723982e-07 1725 0.0188093203362319 0.0353425887358061
0.28 1A 21760904.8 21768164.8 7.08024633342341e-07 1704 0.0228741520539906 0.089746862804127
0.29 1A 22832335 22835273.5 6.8352601306342e-07 41 0 NA
0.3 1A 24340372 24344574 6.45259290300834e-07 894 0.00321264234899329 0.102252543055344
0.31 1A 25595318.3333333 25600160 6.07592066157176e-07 951 0.00421063650893796 0.195167992165013
0.32 1A 27709981.4 27715779 5.3828882919784e-07 2872 0.000324819902506964 0.311845923704282
0.33 1A 29862633 29869967.6666667 4.76844622525392e-07 2248 0.00263722309608541 0.0964368897531048
0.34 1A 33278236.375 33282988.75 4.24903223228987e-07 3343 0.00186675486389471 0.316108609271604
0.35 1A 36662989.9 36667292.6 3.21892637756001e-07 4621 0.00404537561025752 0.0608395884981708
0.36 1A 41462832.7142857 41469790.8571429 2.25187292460736e-07 1726 0.00733422062572422 0.162002343211691
0.37 1A 45348848.8333333 45353520.8333333 2.23591440293602e-07 1735 0 NA
0.38 1A 49180549.1818182 49188248.3636364 2.22461580138256e-07 5321 0.00152042802104868 0.284877022594319
0.39 1A 53449309.1 53453850.1 1.785851180173e-07 3002 0 NA
0.4 1A 58538756.0555556 58544271.8333333 1.50154353059524e-07 6223 0.0023526776095131 0.254379597225462
0.41 1A 65082350.5 65086479.0625 1.28533272237265e-07 5837 0.00238139451259208 0.328044702698543
0.42 1A 79968392.3571429 79974656.5357143 4.95836097794359e-08 14908 0.000647404653877113 0.356267244286074
0.43 1A 157141329.3 157150319.678947 6.03780313716827e-09 68343 0.000310014111613479 0.365517407405944
0.44 1A 282427957.106557 282434032.032787 1.16976210913638e-08 43877 0.000970028094400255 0.204749598739568
0.45 1A 329998834.358974 330004678.166667 3.07575021507248e-08 26877 0.000807563804926145 0.342882403883432
0.46 1A 354784723.265306 354790142.22449 2.38755685064413e-08 14018 6.3008282208589e-05 0
0.47 1A 368640559.214286 368645585.107143 1.50330608356567e-08 10598 0.000156498968012833 0.170599359482014
0.48 1A 379621027.083333 379626731.791667 1.43038589809794e-08 7211 0 Inf
0.49 1A 394283748.109091 394290218.363636 2.18658070688495e-08 19145 5.43468628884826e-05 0
0.5 1A 426872179 426877964.559322 7.38952899415932e-08 21455 0.000201523357725472 0.670193541264735
0.51 1A 446414100.38 446419260.02 1.26927880197256e-07 14209 0.00122353943979168 0.115324396450768
0.52 1A 459285513.923077 459290341.730769 1.8318967111813e-07 9245 0.000986068814494321 0.352031979763722
0.53 1A 464693981 464697894.76 2.10016463577929e-07 5979 0.000782902515470815 0.108327965682801
0.54 1A 470300165.666667 470303783.666667 2.38721269859594e-07 3300 0.00414031036363636 0.191910296111457
0.55 1A 474259066.666667 474264677.333333 2.59518237294762e-07 3302 0.000302946735917626 0.285593319362225
0.56 1A 478468155.4 478472433.7 2.83059405427888e-07 1479 0.000639783204868154 0
0.57 1A 481648347.391304 481652444.652174 3.02308195028104e-07 4983 0 Inf
0.58 1A 485514435 485520162.923077 3.270537648366e-07 6235 0.000650571533279872 0.0702127250021165
0.59 1A 487938845 487944332.25 3.43306830823642e-07 1160 0.000614077413793103 0.785220149430783
0.6 1A 491253828.666667 491261446 3.66871544822671e-07 823 0.00364519890643985 0.0952381212698525
0.61 1A 493283933 493288143.5 3.78339371235426e-07 2306 0.00253846871639202 0.443226587117966
0.62 1A 494864824.166667 494868708 3.8422515404601e-07 1553 0.000585602163554411 0
0.63 1A 496362332 496366740.625 3.88045717253332e-07 2556 0.0015246510172144 0.298113811416348
0.64 1A 498482389.25 498486340.5 3.90233422678451e-07 2641 0.00556853831124574 0.0577145983968101
0.65 1A 500044298.125 500047876.875 3.89563173390858e-07 1923 0.0200786534477379 0.11963685689043
0.66 1A 502873283.833333 502877380.333333 3.89498495816374e-07 2438 0 NA
0.67 1A 506233437.117647 506238556.294118 3.96147787857569e-07 6087 0.000340984011828487 0.378974400416179
0.68 1A 510554887.857143 510558072.285714 3.80007847983606e-07 1162 0.015074441222031 0.0328815663507495
0.69 1A 513702040.3 513706482.4 3.29827307827498e-07 2825 0.00102532927433628 0.372598584691222
0.7 1A 516655896.846154 516661116.230769 3.30787446499556e-07 5279 0.000378706127486266 0.646035799023923
0.71 1A 518656163.714286 518668819.714286 3.45067193679286e-07 4303 0.000235018972809668 0.85321821714168
0.72 1A 520451444.555556 520456124.666667 3.45111758058318e-07 2419 0.00584167525837123 0.0810241526607671
0.73 1A 521339751.571429 521343346.142857 3.47168453542856e-07 1488 0.00130819665994624 0.1486122987894
0.74 1A 523029565.2 523032641.8 3.55239872292669e-07 1266 0.00627481954186414 0.522481764088521
0.75 1A 529646442.071429 529651334.857143 4.34148533669831e-07 6789 0.00666976851377228 0.0383040797135571
0.76 1A 532256142.4 532261704.1 4.65552063399797e-07 3093 0.00397060939864209 0.047114900595178
0.77 1A 534374647.888889 534378426.111111 4.69822993400741e-07 2627 0.00382845580129425 0.0285747332181593
0.78 1A 536508854.6 536512564.2 4.42676520396612e-07 1410 0.00347775626241135 0.115841869537662
0.79 1A 537662770.375 537667070.625 4.35239804113947e-07 2564 0.00847031692667707 0.026574056821701
0.81 1A 540120020.625 540124838 5.02041704683016e-07 2337 0.00645136221223791 0.115129237724307
0.82 1A 541835361.5 541839368.166667 6.16930159667391e-07 1702 0.0218186089306698 0.0746119783411095
0.83 1A 542601740 542606127.5 6.85209816915561e-07 394 0.00965125279187817 0.15253619003619
0.84 1A 544340605.714286 544344651.642857 8.32122426693736e-07 2555 0.016601122074364 0.107656353476534
0.85 1A 546794003.6 546800279.8 1.05486851818066e-06 2185 0.00850750225171625 0.130321297539684
0.86 1A 549665054.2 549669899.466667 1.27286890570421e-06 5585 0.0117425816723366 0.103648116031294
0.87 1A 551572829.8 551576114 1.40304795080613e-06 2099 0.0162087996474512 0.0334940139089118
0.88 1A 552211319 552213816 1.47409451758736e-06 267 0 NA
0.89 1A 553704158 553707207 1.60887420646116e-06 333 0.0152905 0.0558259049736765
0.9 1A 554339388 554345359.666667 1.65354353521431e-06 1078 0.000925235176252319 0.28667073482957
0.91 1A 554887656 554890251 1.68619660190251e-06 260 0 NA
0.92 1A 555636929.5 555640137.5 1.72168811259233e-06 350 0.0433613228571429 0.0397660798830399
0.93 1A 556297389 556306081 1.74436526871546e-06 498 0.0282486 0.186315782021056
0.94 1A 556794147 556798215 1.75594225505569e-06 1021 0.00285497040156709 0
0.95 1A 557037201 557041082.25 1.75988637882259e-06 1350 0.0007366062 0.287779440357684
0.96 1A 557487151 557491334 1.76450617803736e-06 484 0 Inf
0.98 1A 557943068 557947079 1.7652612809824e-06 479 0.0165061135699374 0.0362595439427492
0.99 1A 558184883 558189224 1.76409132394855e-06 435 0 NA
1 1A 558549030.666667 558554506 1.76025625955242e-06 1199 0.00085656880733945 0.276119436119436
1.02 1A 558965290.5 558967725 1.75290492590564e-06 247 0 NA
1.06 1A 560213296.5 560215881 1.71142195880161e-06 253 0.00382862039525692 0.29771806263489
1.07 1A 560429261 560435391.5 1.70121871292714e-06 650 0.0141713473846154 0.0924466397299739
1.08 1A 560953573 560957461 1.67308968430037e-06 311 0.0240958440514469 0
1.09 1A 561335324 561346990 1.64908765145755e-06 1579 0.00187232331855605 0.097051420185395
1.1 1A 562017139.666667 562021447 1.60015284812152e-06 1121 0.00270866598572703 0.0937746152364168
1.11 1A 562661504.25 562664108.25 1.54544513456946e-06 910 0.0043851478021978 0.290963230154133
1.12 1A 562908419 562912709 1.52283757750218e-06 120 0.00784314 0
1.13 1A 563681549.5 563685037 1.44382344299854e-06 760 0.00124667868421053 0.903075941359135
1.14 1A 564267476 564272014.75 1.37632956214329e-06 1090 0.0186464833027523 0.112644172843217
1.16 1A 566026205.25 566032289.75 1.22608989415872e-06 2099 0.00437529673177704 0.0618592594110249
1.17 1A 566520925.833333 566524120 1.21287853394993e-06 1772 0.00854844991534989 0.183443764217877
1.18 1A 567860825.75 567867190 1.16879616625565e-06 1821 0.00367628241625481 0.191912238575276
1.19 1A 570565526.571429 570569688.571429 1.06730845921557e-06 1781 0.0133467410892757 0.106734466545621
1.2 1A 572157178.8 572160685.4 1.00599114407938e-06 1328 0 NA
1.21 1A 573486405.6 573491017.8 9.49974260226559e-07 2631 0.0154835158836944 0.0637127250133554
1.22 1A 575014004.428571 575018599 8.96294587390469e-07 2024 0.0173436670158103 0.0535184009956381
1.23 1A 576651759.25 576657791.375 8.38095086370673e-07 3273 0.00370337176596395 0.165285673942607
1.24 1A 577493088.8 577498943.6 8.07375587128601e-07 2061 0.0168166952159146 0.0437245741815958
1.25 1A 578516213 578522072 7.69298887934663e-07 321 0.0492765 0.0270611752052195
1.26 1A 578922141 578922999 7.54053147887011e-07 21 0 NA
1.27 1A 579486803.666667 579490680 7.32415751053744e-07 940 0.00770138727659575 0.0388732525177931
1.28 1A 580365073.333333 580370594.333333 6.98389221397727e-07 1468 0.0230153364577657 0.109842811566397
1.29 1A 581856231.125 581861106.625 6.39239905925046e-07 3404 0.00761947238249119 0.0360818295184079
1.3 1A 583407270.166667 583411534.666667 5.76595612921011e-07 2483 0.017226739468385 0.139166528126491
1.31 1A 584532669.428571 584537805.428571 5.3220059449766e-07 1049 0.019038814699714 0.147488391260781
1.32 1A 586820606.666667 586825019 4.42251018925377e-07 811 0.0100076611590629 0.0773024789442446
1.33 1A 590889768.923077 590897132.538462 2.92074121192614e-07 8326 0.00237089387941388 0.0868296778295297
0 2A 1340845.2 1347809.7 6.03792249151259e-07 4283 0.010543232372169 0.149995476470563
0.01 2A 3990213.9 3995271.2 5.30328725935118e-07 4475 0.0207505108648045 0.0464712592972977
0.02 2A 5675975 5678969 4.57788804178607e-07 388 0 NA
0.03 2A 7803195 7807373.5 3.75916587605057e-07 299 0.0304147424749164 0
0.05 2A 15559300.7435897 15564875.4358974 9.11563996282858e-08 12025 0.0125458652715177 0.0957562107981152
0.06 2A 21261065 21267439 5.68979859634765e-07 218 0.025974 0.102666897666898
0.07 2A 24256988 24262692.75 8.3758981749337e-07 988 0.0222051654048583 0.163427869065929
0.09 2A 26371659 26374700 9.59545088172232e-07 12 0 NA
0.1 2A 27238197 27251005.3333333 9.92973995209054e-07 1906 0.00196823751311647 0.23409086545942
0.11 2A 27555023 27561447 1.00325167893621e-06 332 0.0111732 0
0.12 2A 28803964.5 28811574.5 1.03021042971307e-06 821 0.0012184900365408 0.571148940634898
0.13 2A 29305452.75 29312962.5 1.04594539431222e-06 2636 0.00521451162746586 0.125475055199437
0.14 2A 29957869.6666667 29961402.3333333 1.11224195280364e-06 1263 0.0187504560965954 0.0483179044801742
0.15 2A 30661063.5 30667616.25 1.1512255994204e-06 3708 0.0144996735490831 0.0642866945236392
0.16 2A 31591312 31594783.3333333 1.14116366172515e-06 1517 0.00698261297297297 0.388992816763735
0.17 2A 32239902.5 32248781 1.09722928216637e-06 1053 0.00885984595441596 0.190579983877
0.18 2A 33372770.6666667 33376473.6666667 1.06880971880946e-06 969 0.000738043157894737 0.810294849647176
0.19 2A 34419601.5 34425665 1.106107273661e-06 570 0.0164739129824561 0.0454468174371679
0.21 2A 36039132.8 36043453.4 1.00387064345555e-06 1274 0.0160550651726845 0.167241495650431
0.22 2A 36936979 36941388 9.12302011202383e-07 2165 0.00704037179676674 0.0698882344481264
0.23 2A 38375933.5 38379421.5 8.59914046082738e-07 440 0.0595686968181818 0.0832615357854251
0.24 2A 38859897.25 38867323 8.47881062387143e-07 3011 0.00756991962869479 0.072651236678808
0.26 2A 40540614 40547241 8.28118799137629e-07 631 0.0263653 0.0253745642947359
0.27 2A 41231826 41242893 8.29957531551943e-07 876 0.00843645 0.0873566488274096
0.28 2A 42363535.8 42367601.4 8.45626403275151e-07 1963 0.0236505944370861 0.137180344125304
0.29 2A 44126185.5 44132419.5 8.72132878525724e-07 1163 0.0140332355116079 0.0176915348772597
0.3 2A 48525236.7142857 48531047.1428571 9.38795094335075e-07 2311 0.00420090564257897 0.190156756023887
0.31 2A 50028953.4 50035272 9.56373787071913e-07 1514 0.0119736903764861 0
0.32 2A 51575794.5714286 51581466.2857143 9.600638857486e-07 2487 0.0172565217812626 0.0591991934550769
0.33 2A 52569231 52579835 9.55467004601717e-07 33 0 Inf
0.34 2A 52746090 52748912 9.54111150590793e-07 240 0 NA
0.35 2A 53728876.25 53734192.25 9.43216411442555e-07 1473 0 Inf
0.36 2A 54705404 54707580 9.27272103490306e-07 319 0.00332580589341693 0
0.37 2A 55172843 55177658 9.17721035634455e-07 394 0.002457 0
0.38 2A 55881259 55886122 9.00988183020208e-07 936 0 NA
0.39 2A 56926278.5 56933168 8.71248829860462e-07 605 0 NA
0.4 2A 57634454.5 57641506.5 8.59573753759109e-07 2606 0.00886484650805833 0.083376633585536
0.41 2A 58102396.2 58109509.4 8.6715431696507e-07 1644 0.0136023019099757 0
0.42 2A 58865161 58869223 8.75939193698809e-07 303 0.0159031128712871 0.120290190815539
0.43 2A 59608503.6666667 59612187.3333333 8.72959756503256e-07 617 0.00301069376012966 0
0.44 2A 61447141.6666667 61452684.3333333 7.90256166250401e-07 1088 0.0108907705514706 0.0369125837221067
0.45 2A 62435384.5 62440122.75 7.57312656143287e-07 719 0.0299587730319889 0.0397234172035325
0.46 2A 63602979.6666667 63607537 7.32915555150352e-07 1453 0.0145939429318651 0.187268341065167
0.47 2A 65418751.1428571 65423236.4285714 6.92689294634784e-07 1869 0.00268052332798288 0.117282002202799
0.48 2A 66990804 66997642.75 6.55491736271668e-07 2913 0.00340895568142808 0.22982274109092
0.49 2A 69033466.25 69038875.5 6.04049953744918e-07 1665 0.0023460913993994 0.145105542329687
0.5 2A 70890005.5714286 70893640.2857143 5.54234104598959e-07 2452 0.0111561378344209 0.0836426919726952
0.51 2A 73285333 73290758.3333333 4.855804969722e-07 1434 0.0035134090027894 0.311110511738182
0.52 2A 74769119.75 74773695.9166667 4.40410715702086e-07 4285 0.00509414359859977 0.220071474740235
0.53 2A 78410220.75 78416105.125 3.21884957307118e-07 5056 0.00425622249802215 0.0625502446890985
0.54 2A 81637183.8666667 81643836.1333333 2.17778897626311e-07 6426 0.00847267664519141 0.0898795180390692
0.55 2A 115533270.904459 115538295.471338 2.1392698279148e-08 50592 0.00417348867550206 0.156315875749342
0.56 2A 182748556.656051 182754001.617834 4.28271538333787e-08 54155 0.000472747741852091 0.195169648562815
0.57 2A 231347815 231369634 1.68898999431179e-08 660 0 NA
0.6 2A 263955772.727273 263967334.484848 5.29101633333374e-09 14370 0.000264931285316632 0.0569254166474075
0.61 2A 404272483.632558 404280899.804651 3.20213968039034e-09 86235 0.000184388672441584 0.562317849240172
0.62 2A 506361974.884615 506366813.089744 3.1666401824808e-08 25446 0.00021549581403757 0.469822887876064
0.63 2A 533828071.796296 533833523.333333 4.60146196398084e-08 16778 0.000569949003635713 0.271827558883547
0.64 2A 552459926.567568 552465322.378378 5.33003633549067e-08 11552 0.00286224605825831 0.246691509277258
0.65 2A 569266562.146341 569271299.317073 5.1977464957296e-08 11760 0.00115366790612245 0.436808971106059
0.66 2A 583337894.864865 583343642.756757 4.74373945302438e-08 10491 0.00075011386331141 0.328285221259085
0.67 2A 598454371.868421 598458657.184211 5.193124787493e-08 12840 0.00233325790576324 0.100844390847266
0.68 2A 609902575.208333 609908557 6.20988571076708e-08 8599 0.00720168567158972 0.125763681825296
0.69 2A 620310867.975 620315947.8 7.73755153289638e-08 11226 0.00446794693657581 0.0861171463236341
0.7 2A 633486866.526316 633490789 1.03086399178398e-07 4951 0.000422671460311048 0.824821126015365
0.71 2A 639111810.727273 639116177.818182 1.166454071024e-07 5080 0 Inf
0.72 2A 647080725.47619 647085396.285714 1.38883388756159e-07 6049 0.000304096234088279 0
0.73 2A 654933029.058824 654939380.117647 1.63212178580321e-07 4159 0.00117911394085117 0.175549612926345
0.74 2A 661271253.222222 661276422.666667 1.87717772670412e-07 6552 0.00168341521978022 0.339010912383971
0.75 2A 666896771.666667 666903380.111111 2.11691511405739e-07 5006 0.00373493550019976 0.215203913768319
0.76 2A 671056821.666667 671061603.055556 2.29864612063605e-07 4323 0.00225661828822577 0.173552529147548
0.77 2A 675044771 675048606.888889 2.47644914808575e-07 3228 0.00276718760532838 0.151331901933424
0.78 2A 678517694.052632 678521852.210526 2.63396820070023e-07 6193 0.00232392846439529 0.115528591110753
0.79 2A 681655539.888889 681662463.555556 2.77882400144366e-07 3893 0.0121335199306447 0.157294619058126
0.8 2A 685583615.5 685588926.357143 2.96287004322938e-07 5504 0.00283488593023256 0.1733246599654
0.81 2A 688946360.909091 688951425.545455 3.12312070188244e-07 3414 0.0116430151962507 0.0288719794204097
0.82 2A 691830777 691837536.076923 3.2605597016351e-07 4570 0.00538706473960613 0.24361644792158
0.83 2A 695318564.214286 695322643.928571 3.38568622658942e-07 4175 0.00415651515688623 0.0497277279856381
0.84 2A 698410824 698414130.2 3.46656734375281e-07 1512 0.00200754327380952 0.282033856676602
0.85 2A 702191624.5 702193510.333333 3.58891723640197e-07 513 0.0060743134502924 0.181445946225226
0.86 2A 705009789.384615 705014526.076923 3.70331549297619e-07 6000 0.006273807475 0.121356198241749
0.87 2A 706881037.8 706885507.8 3.79046185168021e-07 1326 0.0113046104072398 0.0785189504830628
0.88 2A 709923936.75 709928342.25 3.95316596950633e-07 3122 0.00145618557335042 0.235278184690472
0.89 2A 712733918.714286 712737197.285714 4.12379666917862e-07 1724 0.00508281360788863 0.122999911993589
0.9 2A 715398886.181818 715403201.363636 4.30441072449956e-07 2104 0.0199981739543726 0.0376666302327318
0.91 2A 717769711.444444 717773776.166667 4.48057186289111e-07 5521 0.00271260146314074 0.234022641037279
0.92 2A 719737749 719739605.75 4.726308831052e-07 355 0.018551052 0.0659372590366714
0.93 2A 722058385 722064771 5.11247461219842e-07 1375 0.000556437178181818 0.839285262057909
0.94 2A 722941420.125 722946622.5 5.17832405585006e-07 1926 0.0116630970716511 0.037996373234795
0.95 2A 724860442.75 724865380.25 5.24710458026463e-07 3080 0.00397688517532468 0.1235217604069
0.96 2A 727037681.6 727045395.6 5.41264715815529e-07 1393 0.00891474268485284 0.21246877422989
0.97 2A 729134167 729139358.6875 5.63292174857621e-07 5429 0.00755927188892982 0.0540065010244805
0.98 2A 730885037.5 730890522.5 5.74244051200601e-07 1067 0.000909676194939081 0
0.99 2A 732581817 732588435 5.72369990708213e-07 521 0.0154386 0.214701462567849
1 2A 733920574 733924605 5.61844681544921e-07 1640 0.00176896097560976 0.272996191094676
1.01 2A 735211689 735216650.833333 5.50438094142502e-07 1684 0.0127285328147268 0.0333885385112337
1.02 2A 737362672.75 737365158.75 5.41713695943327e-07 899 0.00850643430478309 0.138662115724834
1.03 2A 738995902.333333 739000977 5.25056926626238e-07 2399 0.0140585217161317 0.160049589217869
1.04 2A 740343665.125 740349277.625 5.15988616648114e-07 4114 0.00166646537676228 0.104638149909994
1.05 2A 743142361.923077 743147961.230769 4.87156169482453e-07 4970 0.0113091969054326 0.020394298725973
1.06 2A 745792601.166667 745797396.222222 4.47155919082158e-07 5390 0.00882168502597403 0.0753867633762207
1.07 2A 747977031.166667 747982094.166667 4.21529650552798e-07 2075 0.0105913431325301 0.192420910061716
1.08 2A 751219604.333333 751224368.666667 3.68532157316609e-07 590 0.027075256779661 0.10649531251609
1.09 2A 753466195.2 753470302.2 3.20642333438344e-07 2417 0.00890739558957385 0.0395011752410316
1.1 2A 757330326.818182 757334479.136364 2.36068517545667e-07 6417 0.0103795011329282 0.0980815452809628
1.11 2A 770000484.57971 770005746.376812 5.40976016676147e-08 23768 0.0155042404708011 0.0785358919691502
0.02 3A 1256623.25 1260155.75 3.84350547057077e-08 1393 0.0116605743072505 0.0533120096844879
0.03 3A 1924585 1928794 7.4069899133783e-08 454 0.0167015 0
0.07 3A 8706783.14285714 8711669.85714286 4.05204996378767e-07 2513 0.0187442532869081 0.116245523460716
0.08 3A 12054457.6 12059708.2 5.62665358454077e-07 2368 0.00512115025337838 0.0240455789639874
0.09 3A 13107024.6 13113037.7 6.32069793301093e-07 3144 0.00704339140903308 0.0515762768416352
0.1 3A 14591366.8 14595238.8 6.77210864264614e-07 1670 0.0124579181137725 0.027441960036647
0.11 3A 15978085.7142857 15983321.7142857 7.57527570053288e-07 1318 0.00216614056904401 0.692171786953368
0.14 3A 20005348.8 20010255.4 1.15269051388497e-06 1804 0.00362355672394678 0.176284863921041
0.15 3A 20595748.25 20599570.75 1.20556991683135e-06 756 0.0139969313624339 0.0262915706303656
0.16 3A 21315635.6666667 21317915 1.25747428102506e-06 247 0.0350347344129555 0.0330168577409713
0.17 3A 21786689 21788782 1.28334387652264e-06 117 0.0157791 0
0.18 3A 22614644 22618969 1.27086032782751e-06 147 0.0276817 0
0.19 3A 23513722.5 23518382 1.21321832425632e-06 862 0.00566793946635731 0
0.2 3A 23873643.75 23878223.5 1.18383111532081e-06 927 0.0151093912621359 0.0836677609588304
0.21 3A 24843743 24845742.5 1.11278232612569e-06 366 0.0028144762295082 0.275069330761928
0.22 3A 25240277.6666667 25245895 1.10587579401517e-06 1861 0.0125614854862977 0.0369241093869829
0.24 3A 27007424 27010880 1.10378797369014e-06 218 0 NA
0.25 3A 27588851 27591922 1.114246842628e-06 301 0.00656814 0.145000106575073
0.26 3A 28300863 28302584.5 1.12355821748063e-06 202 0.0227551675247525 0
0.28 3A 30551550.3333333 30556090.6666667 1.12889922857122e-06 730 0.0014485904109589 0
0.29 3A 31824381.8 31830694.8 1.11540585480255e-06 1798 0.00340999388209121 0.0463172293896971
0.3 3A 32485699 32488884 1.10381213356289e-06 395 0.00249014278481013 0
0.31 3A 34525419 34529494.5 1.04756655795829e-06 759 0.0140972229249012 0.0538371664825416
0.32 3A 36140947.25 36144310.5 9.81067217997611e-07 837 0.00876791366786141 0.0776185107670758
0.34 3A 38194539 38197919.5 9.02437309811408e-07 1182 0.00126649498307953 0.191452559088843
0.37 3A 40349096 40361359 8.48398860185471e-07 650 0.0272109 0.0319530408770015
0.38 3A 40826191 40831652 8.37238073414822e-07 156 0.0508744 0.0721661582249619
0.39 3A 42194773.5 42201971 8.06368112288496e-07 1589 0.0177675047262429 0.0999918552210924
0.42 3A 45814704.25 45822638.25 7.34612840542569e-07 3037 0.00129408522884425 0
0.43 3A 47128619.6363636 47133669.4545455 7.11540807173675e-07 2991 0.0122356204747576 0.046718257384583
0.44 3A 50818022.6666667 50821920.3333333 6.56099144680215e-07 1188 0 NA
0.45 3A 52711027.3636364 52715260 6.29695764740802e-07 2883 0.00975215778009018 0.14232029863837
0.46 3A 54746662.25 54749738.375 5.93111874139516e-07 1748 0.00388689633867277 0.551399351997502
0.47 3A 56306825.0833333 56311543.8333333 5.63220382286943e-07 3713 0.00996970992728252 0.0928632436611735
0.48 3A 57771281.5714286 57776122 5.32663387845582e-07 2674 0.00558149267015707 0.136048819425488
0.49 3A 60258210 60263793.8 4.80637999498666e-07 2531 0.00156446116712762 0.212890674062284
0.5 3A 61300124 61304650.3333333 4.59933704460874e-07 1318 0.00370969795144158 0
0.51 3A 63271986.75 63275702.25 4.22752530930221e-07 1656 0.0022953145531401 0.151733171300525
0.52 3A 64366378 64371847 4.03166901199609e-07 3129 0.000925277331415788 0.298118460346943
0.53 3A 66787505.4 66791054.2 3.6249055916807e-07 1509 0 NA
0.54 3A 68207379.8571429 68212942.4285714 3.39882737897925e-07 2795 0.000275025831842576 0.389698614747133
0.55 3A 71274713.5 71279473.3333333 2.88190284955543e-07 3293 0.000268071569996963 0
0.56 3A 76742292.2352941 76747457.4705882 2.28669166795641e-07 5133 0 Inf
0.57 3A 84000116.5294118 84006676.2352941 2.02629992121101e-07 6440 0.000150878944099379 0.30323674814781
0.58 3A 95933118.037037 95939857.3333333 1.48017973523287e-07 10184 0.000761435585231736 0.13788717486453
0.59 3A 109844645.058824 109849140.264706 7.82210741219227e-08 9387 0.000533673342921061 0.270542432852616
0.6 3A 120639907.142857 120645317.571429 2.75453968763704e-08 4490 0.00110107848106904 0.350772245898341
0.61 3A 132673146.45 132678981.9 1.57616488467899e-09 4381 0.000678135017119379 0.756125339206309
0.62 3A 145546922.192308 145552407.730769 0 8078 0.000367965120079227 0.47835661127337
0.63 3A 165661331.444444 165666213.266667 3.8700125863457e-09 14324 0.000344330057246579 0.407332399583313
0.64 3A 294194220.632 294203105.08 9.67805620658203e-09 91809 0.000321483943643869 0.512162850007611
0.65 3A 431404474.258065 431410256.634409 2.40192624883222e-08 31225 0.000236840625652522 0.357228831493169
0.66 3A 468376107.134328 468381584.552239 3.86915670591927e-08 23142 0.000613341113689396 0.20307592424915
0.67 3A 491924727.115942 491930550.26087 3.90782668933356e-08 24515 0.000286091410075464 0.491125055877311
0.68 3A 508291643.632653 508296429.857143 3.842879612048e-08 15383 0.000882219319378535 0.318578310132313
0.69 3A 515768645.695652 515773993.26087 3.48615156845095e-08 7532 0.00118087440387679 0.242364674207227
0.7 3A 520157763.333333 520162424.333333 3.14477810827333e-08 1305 0.000789862229885058 0.834340177526085
0.71 3A 536089510.954023 536095006.022988 3.89371080711241e-08 29762 0.00118886047785767 0.186959292461706
0.72 3A 556471665.625 556476538.625 7.95657322996122e-08 1690 0.00124286868639053 0.136326899829869
0.73 3A 560213206.636364 560221999.545455 8.59807687234504e-08 6143 0.00127014937001465 0.219374557212395
0.74 3A 566388734.058824 566397803 1.07971781909052e-07 7331 0.00108945521347702 0.357151320790499
0.75 3A 571099985.444444 571104500 1.36210507604421e-07 2631 0.000336533447358419 0
0.76 3A 575165661.3125 575169530.25 1.59321671125436e-07 2969 0.00306276371168744 0.0709369563531352
0.77 3A 578044627.222222 578047866.444444 1.6954673986147e-07 2186 0.00358748900274474 0.138126059536355
0.78 3A 579365940.333333 579370553.333333 1.74164695070941e-07 1376 0.000704383953488372 0
0.79 3A 581442457.333333 581445565.666667 1.81288042785124e-07 1176 0 Inf
0.8 3A 583617219.166667 583621405.166667 1.8860843468217e-07 1261 0.0023139646629659 0.0981138143204335
0.81 3A 584993120.166667 584997614.833333 1.93169232917075e-07 1764 0.00181027653061224 0.443656164894816
0.82 3A 587853343.2 587859712.9 2.02438378722616e-07 4199 0.000690537115027388 0.295329297262197
0.83 3A 595980977.6 595985215.9 2.2704564297516e-07 9257 0.00165648388462785 0.0568183362277462
0.84 3A 601500115.529412 601505499.764706 2.42358435409727e-07 5923 0.00732046487253081 0.0261540626648016
0.85 3A 604712581.555556 604716338 2.50850153901962e-07 3053 0.000980878450704225 0.189436188957824
0.86 3A 609883605.9 609888985.2 2.64230015426725e-07 4606 0.000391565874945723 0.325796121855998
0.87 3A 614666349.222222 614670544.777778 2.7625126377645e-07 4873 0.000799152626718654 0.202361508377403
0.88 3A 620876270.666667 620884385.555556 2.91424811822208e-07 2690 0.000320696565055762 0.76116816744258
0.89 3A 624104604.3 624107937.3 2.99076988363703e-07 3157 0.00152698563509661 0.0598393984235028
0.9 3A 628511138.625 628518483.125 3.09297915462504e-07 2284 0 Inf
0.91 3A 632140258.15 632147569.8 3.17508225371916e-07 6198 0.000284091126169732 0.286187616878904
0.92 3A 635632131.9 635636673.5 3.25230158165917e-07 2743 0.003935213507109 0.106276173691877
0.93 3A 638964079.866667 638969669.866667 3.32443784086966e-07 6283 0.00047729014483527 0.45030252359968
0.94 3A 642428254.857143 642433158.785714 3.39648174472695e-07 5182 0.00113452305094558 0.533717032753551
0.95 3A 645684101.8 645689078.5 3.48699486812066e-07 5388 0.00219771299740163 0.169066770373494
0.96 3A 647898740.352941 647903072.882353 3.5992925196414e-07 5426 0.00772306978990048 0.108843460561873
0.97 3A 649832747.625 649837720.125 3.72407067283204e-07 3478 0.00249555 0.0657182078521851
0.98 3A 652729177.888889 652733584.111111 3.53944003057064e-07 2341 0.0187178185476292 0.0723239544090456
0.99 3A 654220101 654224577 3.41557808923051e-07 761 0.00266970302233903 0.140036334121529
1 3A 656518786.75 656522522.5 3.28990908365727e-07 1243 0 NA
1.01 3A 658575763.125 658581149.875 3.23755807861591e-07 3742 0.00187584588455371 0.285063620327465
1.02 3A 660016118.9 660021298.3 3.23524451516726e-07 2698 0.00072739424017791 0.146385196391849
1.03 3A 662094597.714286 662098750.571429 3.28369316063229e-07 2170 0 Inf
1.04 3A 663640775 663645620.285714 3.35789406251221e-07 2671 0 NA
1.05 3A 669836572.545455 669841125.818182 4.01109024599139e-07 6211 0.0022218191241346 0.247737749156331
1.06 3A 674825468 674830720 4.86223134094563e-07 2038 0.00196461998037291 0.14254090701148
1.08 3A 678500286 678503878 5.73117883370475e-07 435 0 Inf
1.09 3A 679789132.333333 679792617 6.08761676426688e-07 1830 0.00108177986885246 0.147550351597243
1.1 3A 681700775.285714 681704905.857143 6.97583020086293e-07 1606 0.0125247837110834 0.274607802664476
1.11 3A 683359265.909091 683363530.454545 7.87255152211678e-07 3397 0.0305861224462761 0.0343493490866808
1.12 3A 684883188 684887457 8.54753545132876e-07 2345 0.00295274242217484 0.125705284641477
1.13 3A 686437167.333333 686443458.333333 9.08345183288125e-07 991 0.00309567105953582 0.0927355990577278
1.14 3A 687596362.666667 687600780.666667 9.39166925973884e-07 1467 0.00201189873210634 0.70380011395327
1.15 3A 689020097.25 689024590.25 9.64252722758189e-07 1886 0.00532825635206787 0.113317726509541
1.16 3A 689492814 689498441 9.70225661015953e-07 753 0.00260586 0
1.17 3A 691577531.5 691581822 9.77414378393213e-07 402 0.00243380156716418 0
1.18 3A 692983410.333333 692991787.333333 9.67690584666959e-07 1382 0.0154655802532562 0.013623576748279
1.21 3A 695320715.666667 695326417.666667 9.23124438120564e-07 1626 0.00121952632226322 0.432984843085791
1.22 3A 695728816 695732219 9.19616449717503e-07 454 0.00217628 0
1.24 3A 697398735.333333 697401961.666667 9.23230196331287e-07 396 0.017459229040404 0.20804594288046
1.25 3A 697752790.666667 697756472.333333 9.11136617330558e-07 946 0.00312721548625793 0.293558540493161
1.26 3A 698863040 698867798 8.42359439404854e-07 21 0 NA
1.27 3A 699796540 699807571 7.46547705765944e-07 63 0.0373994206349206 0
1.28 3A 701498985.375 701504412.5 5.68523788457519e-07 1525 0.0157020996065574 0.15163813936897
1.29 3A 705321215.2 705325467 1.72943102123081e-07 1006 0.00657077047713718 0
1.3 3A 709000003.5 709002641.5 1.62303792086368e-07 408 0.00238455115196078 0.2960302411087
1.31 3A 711451102.833333 711455912.5 5.74145474960353e-07 1599 0.0118496978173859 0.105733167576214
1.32 3A 714000923 714004955 8.24570732355354e-07 135 0 Inf
1.33 3A 714944505 714951428 8.93280238040251e-07 485 0 NA
1.35 3A 716312866.5 716316933 9.61431251707235e-07 183 0.0115514721311475 0.26621794567948
1.39 3A 718375830 718378151.5 9.97135897652939e-07 269 0 NA
1.4 3A 719685637 719689233.666667 9.75803804875124e-07 559 0.0218567286225403 0.362283178467665
1.41 3A 721463087.5 721467136.5 9.87584277484228e-07 572 0.0357228551048951 0.0140627620332808
1.42 3A 722274947 722281449 1.02888011959703e-06 409 0.0414634 0.0337191354302831
1.43 3A 724379494.285714 724384393.142857 1.12153977894133e-06 1891 0.00937016402961396 0.0326756243372016
1.44 3A 725951341 725956444.285714 1.22478906020854e-06 2538 0.0206749974389283 0.0435916331179968
1.45 3A 727071777 727074292 1.28149355180831e-06 94 0 NA
1.46 3A 727989884 727993508 1.3153957337639e-06 572 0.015025 0.0336991014975042
1.47 3A 728882516 728886033 1.33748182008205e-06 369 0.0388297466124661 0.0764060716309574
1.49 3A 729873561 729877104 1.34971102145524e-06 234 0.0042735 0
1.51 3A 731010610.5 731015160.5 1.34748105046253e-06 627 0 NA
1.53 3A 732330827 732336714.333333 1.32306718969507e-06 943 0.00100824839872747 1.22082719310025
1.54 3A 732752557.25 732757710.25 1.31065679261971e-06 965 0.00710432489119171 0.0409185949683322
1.55 3A 733333371 733334864 1.28950454931695e-06 370 0 NA
1.56 3A 734011003.2 734016243.6 1.25889644264482e-06 2385 0.0134691013836478 0.104947673293814
1.57 3A 734280335 734283310 1.24516120024032e-06 107 0 NA
1.58 3A 734783072 734791156 1.21662274415416e-06 1075 0.000902527 0
1.59 3A 735890842 735894915 1.14229104407113e-06 714 0.00281030571428571 0.427505599289147
1.6 3A 737295044 737301603 1.02826395407725e-06 430 0.0181509 0.368704582141932
1.61 3A 738048681.5 738054063 1.02046067200862e-06 965 0.00487329772020725 0.0618724034110979
1.62 3A 739172525.75 739176722.75 1.00639682720857e-06 979 0.00736159795709908 0.0392134680811351
1.63 3A 739734373.857143 739738814.142857 9.95076056866127e-07 1203 0.00784413611803824 0
1.65 3A 742332617.25 742335997 9.11455327302632e-07 1012 0.0228754494071146 0.0873805265485874
1.66 3A 743885516.571429 743889919.857143 8.3425906656969e-07 2548 0.00803392291601256 0.138609440113043
1.67 3A 745357952 745361441.5 7.62719726795039e-07 490 0.00193471948979592 0.591168228732837
1.68 3A 746722273 746726185.125 7.05826207044577e-07 2470 0.0193675545182186 0.0534171845304502
1.69 3A 749339063 749344821 6.03097440044023e-07 1735 0.00968343084149856 0.0171204766470309
0 4A 201613.5 204578.5 NA 402 0 NA
0.01 4A 731622 737622 NA 21 0 NA
0.02 4A 1850767.75 1856792.5 NA 1841 0.00745220134709397 0.25092839443944
0.03 4A 2332848 2337265.33333333 NA 1497 0.00309290267201069 0.383779678486006
0.04 4A 3074415.5 3079908.75 1.08736861366708e-06 2877 0.0056140611261731 0.111287050204282
0.05 4A 3868310 3876671 1.07592406483305e-06 776 0 NA
0.06 4A 4772295 4776687.5 1.06290006246537e-06 1555 0.00236633440514469 0.175259614365497
0.07 4A 5392544.5 5398462.25 1.05390747249808e-06 1569 0.00271704122370937 0.305232087463041
0.08 4A 6079140 6085782 1.04393566249697e-06 1852 0.0119218956819654 0.150919310206677
0.09 4A 7171471.75 7175434.5 1.02804300325035e-06 830 0.0245777197590361 0.0252177192278672
0.1 4A 7749195.66666667 7753194.66666667 1.01960285910574e-06 1079 0 NA
0.11 4A 8586922.33333333 8590301.33333333 1.00733357973733e-06 596 0 NA
0.12 4A 9766573.8 9769747.8 9.89983137958081e-07 1703 0.000609518279506753 0
0.13 4A 10636377 10639773 9.77142184670035e-07 359 0.002 0
0.14 4A 11535360.7777778 11539070 9.63821791638178e-07 2123 0 NA
0.15 4A 12498800 12501564 9.49508602022486e-07 709 0 NA
0.17 4A 14025418 14028804 9.26706155385919e-07 359 0.00197954 0.612758519656082
0.18 4A 15236932.5 15239707.5 9.08521877592616e-07 216 0 Inf
0.19 4A 16240950.6 16246691.2 8.93370369968418e-07 3218 0.000642892573026725 0.343250374136897
0.2 4A 17116136 17120063 8.80149901083398e-07 776 0 Inf
0.21 4A 18265541 18269206 8.62705363326959e-07 52 0 NA
0.22 4A 19642270 19644567 8.41721675307036e-07 616 0 NA
0.23 4A 20264810 20267038 8.32194442962212e-07 170 0.0107095 0.161479060647089
0.24 4A 21375911.875 21382170.75 8.15103073048612e-07 4773 0.000622209956002514 0
0.26 4A 24210971.5 24216660.5 7.70385869697233e-07 418 0.00230545784688995 0
0.27 4A 24904063.6666667 24909103 7.58847554448398e-07 1455 0 Inf
0.28 4A 25885947 25893930.5 7.42586730837752e-07 678 0 Inf
0.29 4A 27568052 27571146 7.15201825875894e-07 213 0 NA
0.3 4A 28797395.5 28802314.625 6.95475818982534e-07 2130 0.00090942985915493 0
0.31 4A 30413523 30417839 6.69950468345724e-07 943 0.000997667020148462 0.3092528125
0.32 4A 31281656.5 31290654.5 6.5639770868382e-07 1619 0.00123792686226065 0.142146820523358
0.33 4A 33213836.25 33217343 6.26861423416179e-07 642 0 NA
0.34 4A 34490327 34495697 6.07648671106286e-07 1008 0 Inf
0.35 4A 36160350.1818182 36165124.1818182 5.82986762657658e-07 3032 0.00156590803430079 0.241557041149272
0.36 4A 37622702.6666667 37627475.4166667 5.61779080596925e-07 4045 0.00262782972311496 0.0470659059688149
0.37 4A 39062191 39068680.1428571 5.41260808482942e-07 1596 0 NA
0.38 4A 40492168.8888889 40496359.3333333 5.21277219227893e-07 2034 0.000453823539823009 0
0.39 4A 42886888 42892107.7142857 4.88631402417494e-07 3355 0.000504647037555887 0.127467982578284
0.4 4A 45333727 45337157.1666667 4.56270959998297e-07 2073 0.000474940607814761 0.875024546192528
0.41 4A 47031553.7272727 47039178.7272727 4.34487696372182e-07 6523 0.000901786155756554 0.0483060625690698
0.42 4A 48987202.25 48991748.5 4.09969185457029e-07 1708 0 Inf
0.43 4A 53116943.3333333 53120783.3333333 3.60659598484611e-07 697 0.00649261035868006 0.0666255468953379
0.44 4A 57766959.6315789 57771477.4210526 3.08550841344979e-07 6055 0.000633923127993394 0.0764584172777161
0.45 4A 70635548.5 70640575.5833333 1.24959150897145e-07 25007 0.000119388552325349 0.483329163179771
0.46 4A 87739178.59375 87744565.125 2.33810499878646e-08 10882 0.000222410986950928 0.173943313647042
0.47 4A 96372019.5 96377109.9583333 1.98989696526663e-08 6686 0 NA
0.48 4A 121628007.262295 121632622.245902 2.33616432177558e-08 40711 0.000334363091302105 0.478506817526521
0.49 4A 163948066.52381 163953137.77381 4.44391568451495e-08 28921 0.000276609198852045 0.214481467035591
0.5 4A 220978822.87234 220989976.914894 5.90097464688979e-08 24616 0.000356644813942151 0.220571917040064
0.51 4A 327814446.652778 327829273.208333 3.14715247797658e-08 33332 0.000110721016440658 0.447041669029908
0.52 4A 406248952.6 406252512 0 1533 0 NA
0.53 4A 464663558.235714 464669202.864286 0 48821 0.000121403263554618 0.485061041031937
0.54 4A 516213075.69697 516218975.333333 0 25484 0.000194582928896563 0.435769787416807
0.55 4A 547894040.444444 547899497.396825 4.8910228207944e-08 18678 0.00139817730645679 0.103900177393275
0.56 4A 565818215.9 565824691.45 1.89829743793943e-07 5869 0.0141712643789402 0.0801385086380476
0.57 4A 572290541.037037 572296184.407407 2.72655440483814e-07 10982 0.00519056452331087 0.0902196803653957
0.58 4A 577861079.5 577866555.5 3.64174214206084e-07 8188 0.017493347846849 0.0181039072408537
0.59 4A 582379969.9 582386103.9 4.33079237151717e-07 12100 0.00822431243966942 0.0748629119997902
0.6 4A 585005520.619048 585010669.285714 4.73130272704554e-07 7630 0.0122816230458716 0.0572365982911256
0.61 4A 589156331.25 589159976.5 5.44548022327336e-07 1549 0.00652908073595868 0.141924872787893
0.62 4A 590461880.588235 590468758.294118 5.69081541830995e-07 4927 0.0126353912299574 0.102022199137549
0.63 4A 591829509.714286 591833758.857143 5.95727072987649e-07 1735 0.00653341736023055 0
0.64 4A 593544808 593552986 6.41681241298336e-07 2961 0.00403760535967579 0.119115470490717
0.65 4A 594652904.857143 594657651.642857 6.70291819928605e-07 4454 0.0147455397732375 0.131001389906033
0.66 4A 596204330.8 596209414.8 7.09015890908808e-07 5717 0.0158740246440441 0.0521038240435478
0.67 4A 597841391 597846130.142857 7.48025323433091e-07 2884 0.0134450196879334 0.101841645379913
0.68 4A 599089292.571429 599093320.142857 7.76268400719397e-07 2647 0.000373138700415565 1.45065124856872
0.69 4A 600753923.2 600757396.6 8.12323837614251e-07 1701 0.00821035776014109 0.063387868518455
0.7 4A 601320216.5 601324064.5 8.24188850158074e-07 460 0.00860998867391304 0.0715349999235847
0.71 4A 603422247.6 603425997 8.98375956058036e-07 1531 0.00988068197909863 0.226057280529835
0.72 4A 604845889 604850471 9.45611135962149e-07 63 0.0647773 0.0696166712721895
0.73 4A 605533999.5 605538062.25 9.61789668970321e-07 1751 0.0365925021130782 0.0270527698833336
0.74 4A 606578259.25 606584420.5 1.02125835841767e-06 1718 0.00801482502910361 0.131132174490326
0.75 4A 607633229 607636147 1.07744277740027e-06 233 0 NA
0.76 4A 608755904.75 608761032.5 1.12320338597077e-06 922 0.00489137345986985 0.109707372224366
0.77 4A 609921573 609926338 1.15614557498836e-06 626 0.0482505151757188 0.14814573401317
0.78 4A 610495379 610501651.5 1.18447164618899e-06 2400 0.0171970750208333 0.0553495399952347
0.79 4A 611579524 611583216 1.27048127023301e-06 436 0.0389356 0.188506148614635
0.8 4A 612073372.2 612077232.2 1.30461102711628e-06 1110 0.0229840033333333 0.0636685874868779
0.81 4A 613385736.666667 613388654.666667 1.3798732350952e-06 409 0.0146769797799511 0.108074114226744
0.82 4A 613858266.5 613865895.5 1.40121389276933e-06 1040 0.00299928663461538 0.0679554253622039
0.83 4A 614534796.75 614539478.5 1.42714248694374e-06 786 0 Inf
0.84 4A 615290892.333333 615294760 1.44932660262074e-06 782 0.0306236342710997 0
0.86 4A 616408351.5 616411617.5 1.46818345222892e-06 433 0.0217732251732102 0.0455624614272684
0.87 4A 617114567 617118900.5 1.47170438088924e-06 760 0.0181935495789474 0.0725003687107821
0.88 4A 617849660 617854328 1.46859242161599e-06 179 0 NA
0.89 4A 617914392 617918888 1.46796432602955e-06 814 0.0028457214004914 0.399701621972919
0.9 4A 618660329 618674198 1.45683878567847e-06 15 0 NA
0.91 4A 619230628 619237168 1.44357042385492e-06 1219 0.00498580007383101 0.246301466934407
0.93 4A 620188580 620195028 1.41169772934462e-06 438 0.00982265 0
0.95 4A 621187065 621191158.75 1.36581138029784e-06 772 0.0147571515025907 0.065086883105458
0.96 4A 621780526.166667 621785450.333333 1.33236936208828e-06 1227 0.00780418575387123 0.181032590025728
0.97 4A 622209706 622216316.333333 1.30528928586385e-06 800 0.0259972995 0.0137992948075241
0.98 4A 623316419 623319706 1.22472137949293e-06 425 0.0188729136470588 0.0356318435223251
0.99 4A 624159732.5 624161742 1.15232024712863e-06 233 0.0478521690987124 0.183778359449203
1 4A 625167352.666667 625169947 1.05420428100361e-06 770 0 Inf
1.01 4A 625827044.666667 625830592.166667 9.82344765211187e-07 1478 0.0123472933423545 0.099413116872525
1.02 4A 627516023 627521263 8.08785986336385e-07 654 0.0179038 0.0983020364391917
1.03 4A 628044910.6 628049316.4 7.66621245941642e-07 1668 0.00117763967625899 0
1.04 4A 629590122.428571 629596300.571429 6.80933264716849e-07 1957 0.00978533229432805 0.0565800116933276
1.05 4A 631399625.454545 631405541.636364 5.89957870330273e-07 3720 0.00395048298387097 0.361064924299068
1.06 4A 633760804.75 633765847.5 4.86784678313802e-07 2227 0.0105825270139201 0.0848668834468667
1.07 4A 637154398.222222 637158481.666667 3.6452372228653e-07 2525 0.0043627744990099 0.0772272892842145
1.08 4A 640734044.083333 640738503.25 2.74935466154003e-07 3417 0.00425041234708809 0.436554219798574
1.09 4A 647178286 647182770 1.7075895931823e-07 289 0.00358423 0
1.11 4A 650367950 650370241 2.69536218955919e-07 18 0 NA
1.12 4A 651346591 651352222 2.57231752553458e-07 378 0.00184502 0.418694106296951
1.13 4A 651623778 651627938 2.49390983008392e-07 452 0 NA
1.24 4A 681535315.184211 681540570.447368 1.251820522149e-07 12000 0.006775403164 0.125353769784417
1.25 4A 688094573 688098496.5 2.30281798406771e-07 276 0.0141083913043478 0
1.28 4A 698823484 698825965 3.70907995225919e-07 322 0.00502360788819876 0.401118905819179
1.31 4A 703264707 703269135.5 4.58908197720237e-07 217 0.00452600322580645 1.16971362715418
1.32 4A 704644542 704648219 4.90877510219672e-07 81 0.0886076 0
1.33 4A 708688809 708691193 5.68914508129746e-07 100 0 NA
1.36 4A 713109797 713115429.333333 5.85532358133005e-07 383 0.00713238224543081 0.107611663700995
1.51 4A 741545979 741549092 3.63971331883001e-07 28 0 NA
0 6A 511420 515433 NA 1263 0.0204599350435471 0.10101034050908
0.01 6A 1339522.42857143 1344637.85714286 2.86481610725344e-07 2892 0.0344162267289073 0.0434336291944021
0.02 6A 2970640 2975109.4 3.91590193042414e-07 2045 0.0193712830660147 0.0433109414962501
0.03 6A 6595657.58333333 6600643.66666667 6.4639929484146e-07 3762 0.0151851821105795 0.143246734045173
0.04 6A 9135561.33333333 9142779.66666667 7.98932051784442e-07 1626 0.0140951583111931 0.0377333683663314
0.05 6A 10698100.3333333 10701087.3333333 9.08528003748808e-07 734 0 NA
0.06 6A 11398553.1666667 11403152.5 9.33731514114789e-07 2456 0.0243203779478827 0.0715716979411173
0.07 6A 12334617 12340784 9.48354988043472e-07 2192 0.00496537495437956 0.0262467126479218
0.08 6A 12836151 12838286 1.01496916991236e-06 73 0 NA
0.09 6A 13523961 13527228 1.06994045364869e-06 628 0.0102100452229299 0.0454251030785156
0.14 6A 16226818 16234941 1.04114270876002e-06 655 0.0159533 0.101978900917052
0.15 6A 17657286.4285714 17663455.7142857 9.61737691458573e-07 3670 0.0138781899019074 0.0448081870975701
0.16 6A 22192373.25 22197022 6.44940623907068e-07 2880 0.0234426168854167 0.121525896116052
0.17 6A 23809196.4444444 23813188.3333333 5.8643030835711e-07 2065 0.0316810113510896 0.0798731221075291
0.18 6A 24577300.5 24581179.5 5.53005225781583e-07 534 0.00356805303370787 0.153732144292207
0.2 6A 25674719.6666667 25679738.3333333 5.07572324008885e-07 891 0.00328008936026936 0
0.21 6A 29035328.75 29039869.75 3.67441638825614e-07 4585 0.0101397604449291 0.0924877091020193
0.22 6A 36425592.4137931 36429928.9310345 4.18700746868848e-07 6149 0.000949661501057083 0.0733233777812764
0.23 6A 41246199.6666667 41252371.3333333 5.1025394851377e-07 784 0.0024607837372449 0.443650764677516
0.24 6A 42922554 42927225 5.28969439054196e-07 189 0.064 0
0.27 6A 46702941 46706410 5.39502964931181e-07 93 0.00947867 0.337061001174215
0.28 6A 47895147.75 47898713.75 5.3499439341432e-07 654 0.0102489574006116 0.0868684511258424
0.29 6A 48675836.8 48680655.6 5.2996820517687e-07 1798 0.0150836305784205 0.0537183815432757
0.3 6A 51406171 51409969 5.00086274474512e-07 319 0.0250391 0.0357863102108303
0.31 6A 52119955.4 52127226.2 4.88835079827977e-07 1750 0.00746565856 0.130543608925583
0.32 6A 53644335.75 53648790 4.94973347695198e-07 1101 0 NA
0.33 6A 55825454.875 55829639.75 5.03745100459006e-07 1755 0 Inf
0.34 6A 57773526.5 57778382.5 4.53723319157219e-07 806 0 Inf
0.35 6A 60023238.5 60027768.8333333 3.90723925231963e-07 1509 0.000656684691848907 0.570261919726094
0.36 6A 61303282 61311354.6666667 3.63039014353682e-07 2836 0.000335916399858956 1.11492314914684
0.37 6A 63940963.7 63948590.6 2.98172096491966e-07 2725 0.00234206063119266 0.176696398000787
0.38 6A 71479306.3030303 71484201.1515152 1.466368366486e-07 11187 0.000440906447483686 0.290387897971783
0.39 6A 82870788.6111111 82876245 1.35212051326941e-07 13309 0.00276685567059884 0.175585558410655
0.4 6A 92223065.4 92227308.5 1.33366796524396e-07 3403 0.00679866716426682 0.213861007871158
0.41 6A 99158106.4285714 99163873.2857143 1.24947260614473e-07 2096 0.00140170505725191 0.195923764534592
0.42 6A 104324156.142857 104328685.428571 1.15608645090807e-07 2172 0 NA
0.43 6A 107849590.066667 107855720.6 1.07453896944482e-07 5503 0.00278383055969471 0.148005722255964
0.44 6A 120193139.761905 120198193.47619 8.3492388273503e-08 6177 0.00175470817872754 0.0986576050411895
0.45 6A 135194168.090909 135201651.5 6.4501844916391e-08 8318 0.000112874445780236 0.228233086052584
0.46 6A 148856112.076923 148861755.358974 4.9517577168443e-08 11970 0.00204193589807853 0.0711158967950242
0.47 6A 281209929.511312 281218606.751131 8.43287557589783e-09 77976 0.000430696743433877 0.207510240418357
0.48 6A 410319023.642857 410326689 1.2258531428484e-08 5625 0.000137936974222222 0.37389997425942
0.49 6A 423234313.789474 423241424.526316 2.58612414514607e-08 5578 0 Inf
0.5 6A 430593810 430602593 3.52000181673144e-08 2156 0.00137182403525046 0.580953049854786
0.51 6A 433215672.285714 433221322.857143 3.8884695086348e-08 1994 0.00036944056218656 0.392521381793077
0.52 6A 437155176.285714 437159561 4.47210210690304e-08 2181 0.000896947198532783 0
0.53 6A 440870901.166667 440874564.583333 5.05589155140513e-08 3559 0 NA
0.54 6A 444732181.142857 444739785.714286 5.59040818438289e-08 2359 0 NA
0.55 6A 448217573 448222366.571429 6.02542336713098e-08 3598 0.000270184902723735 0.291859831070333
0.56 6A 455205557 455211088.041667 6.83823577139024e-08 7378 0.000272110569259962 0.287282976263705
0.57 6A 469210117.6875 469214287.53125 7.80421494262675e-08 7820 0.00088881583887468 0.369194653176192
0.58 6A 486289881.090909 486294712.25 8.81294015673636e-08 11107 0.000633214947330512 0.525582563559338
0.59 6A 498672448.666667 498677212.361111 8.99609888160108e-08 13187 0.000428375177068325 0.241991182427714
0.6 6A 506135942.894737 506141481.947368 8.21763106604091e-08 7945 0.00181769119823789 0.340075711658553
0.61 6A 514651892.666667 514656695.541667 8.81096758253386e-08 10083 0.000354977839928593 0.0786844951029234
0.62 6A 525289414.883721 525294352.325581 1.10067195074703e-07 14369 0.00161626946829981 0.162191635415694
0.63 6A 539472923.447368 539477356.578947 1.45821475623204e-07 13781 0.000858672026703432 0.31578530997352
0.64 6A 548352798.35 548359560.1 1.28684059197766e-07 10029 0.00179760442815834 0.189924732596932
0.65 6A 553625175.5 553630824.8125 2.20164342707661e-07 4945 0.000396201045500506 0.146483311724925
0.66 6A 556773117.444444 556778602.555556 2.64074147478259e-07 2604 0.00291869349078341 0.0757643361683152
0.67 6A 559373311 559377896 2.98440064506184e-07 2797 0.000351357604576332 0.588111196081531
0.68 6A 563598873.909091 563605016.818182 3.78567436782264e-07 5147 0.0037383473188265 0.0853807277461594
0.69 6A 565156585 565161453 4.1500000193497e-07 1308 0 Inf
0.7 6A 569119357.8 569127879 5.27032409365522e-07 3273 0 Inf
0.71 6A 571648776.428571 571653459.428571 6.11196577417436e-07 1903 0.00103109296899632 0.483830443186083
0.72 6A 573453238.777778 573457938.333333 6.77563466254234e-07 2836 0.00831766910437236 0.177298454802081
0.73 6A 574751924.333333 574758605.666667 7.28979582798415e-07 1915 0.00121657468407311 0.273262457571884
0.75 6A 578015719.5 578023138.25 8.69938215401592e-07 2287 0.00363901613467425 0.181262593752817
0.76 6A 579045547.5 579049452.75 9.1792837309315e-07 1915 0.00733655897650131 0.051547938634081
0.77 6A 580248101.2 580251816.6 9.76229392117538e-07 1100 0.00762824154545455 0.0256922698150248
0.79 6A 581855861.4 581859501.6 1.0859420218624e-06 1320 0.00309710059848485 0.123990779264494
0.8 6A 583268859 583272768 1.18535983914619e-06 249 0.042879 0
0.82 6A 584810760 584817394.5 1.28239494916675e-06 683 0.0348716635431918 0.0818877831149803
0.83 6A 585424227.75 585430831.125 1.31846330165402e-06 3957 0.0134761540965378 0.111734549732963
0.84 6A 586158676 586163331 1.37051814701247e-06 1566 0.00507540814814815 0.336241814378439
0.85 6A 586770093 586782183 1.41026912870965e-06 1891 0.0242077 0.221204410167013
0.86 6A 587564389 587570511 1.45305007302883e-06 364 0.018773 0.0315787034570926
0.87 6A 587930070.75 587934825.5 1.46941594088348e-06 1100 0.0555731212727273 0.0547280101567217
0.88 6A 588406276 588409720 1.48827406942472e-06 364 0.0325287554945055 0.0726706252380079
0.91 6A 590074286 590079890 1.5271423180115e-06 672 0.00216366428571429 0.873710273246774
0.93 6A 591372106.8 591377091.4 1.52867910212578e-06 2278 0.00699038316066725 0.0632618022340041
0.94 6A 591822985.75 591825784.5 1.52331765903899e-06 1199 0.00900826839032527 0.0994027764576734
0.96 6A 593006995 593010835 1.49509680052636e-06 133 0 NA
0.97 6A 593430767 593435915 1.47986774932404e-06 494 0.0246914 0
0.98 6A 594821403.181818 594825847.909091 1.44032560865837e-06 2979 0.00976264009063444 0
0.99 6A 596368658.333333 596374264.666667 1.31477249096283e-06 893 0.017642404031355 0.01803168956896
1 6A 596860542.2 596865902 1.25257823891471e-06 2396 0.019832986548414 0.122758582084216
1.01 6A 597316096.75 597320352 1.19713702607737e-06 1130 0.00251573885840708 0.10114840732006
1.02 6A 597810755 597816049 1.143478480678e-06 1471 0.000650085193745751 1.21343495302169
1.04 6A 598961888.2 598966002.6 1.04483398977203e-06 2021 0.00863201410192974 0.132038630690254
1.05 6A 599910153 599916151 9.91025627625267e-07 245 0 NA
1.06 6A 600491977.666667 600496645.5 9.76124510667429e-07 2583 0.00851018561362757 0.051823207689494
1.07 6A 602844355.461538 602848672.461538 7.89270464587487e-07 3303 0.00580562568574024 0.131017393902761
1.08 6A 605192873.428571 605198693.857143 5.92189225090398e-07 4801 0.0133048033451364 0.0439937430086088
1.09 6A 606761359 606768258 5.89785674507852e-07 476 0.00201816 0
1.1 6A 607075414.875 607079471.5 5.90790756405185e-07 1893 0.00808163839408347 0.0743593957297948
1.11 6A 608012396.75 608017016.25 5.98242079164328e-07 1371 0.00369917244347192 0
1.13 6A 609220363.125 609225194.75 5.71940845200982e-07 2155 0.0107185758236659 0.0623832778906298
1.14 6A 613871172.06 613876025.38 4.06719087146415e-07 16054 0.0121086173414725 0.0811294621975065
1.15 6A 617044838 617053409 2.55418019287355e-07 1963 0.012464633367295 0.0117168619306971
0 7A 4638162.6 4642732.6 1.31917268101422e-08 799 0.00578660545682103 0.185551442767434
0.01 7A 8618482 8622318.14285714 8.62485724485728e-08 877 0.0257468021664766 0.184542771372057
0.02 7A 11758921.3333333 11765615.3333333 1.66318621036046e-07 1002 0.0131805898403194 0.198703687628274
0.04 7A 20570838 20574648.8 4.09116750814415e-07 2082 0.0155315089337176 0.127033636367032
0.06 7A 27461223 27463355 8.21384466163539e-07 252 0.00382409 0
0.1 7A 31693459 31694951 1.10095699828811e-06 95 0 NA
0.11 7A 31950963 31958237 1.11218254896057e-06 106 0 Inf
0.15 7A 34630159.5 34631921.5 1.30318262887071e-06 305 0 NA
0.19 7A 36878637.5 36882310.5 1.36700901345882e-06 1067 0.0138456876850984 0
0.23 7A 40043614 40051845 1.28938065762783e-06 244 0 Inf
0.27 7A 42963605 42965380 1.04474363569521e-06 110 0.0597015 0
0.31 7A 47444352 47448384 9.05036030758963e-07 500 0.00958773 0
0.32 7A 48055953 48061026 8.87663204287728e-07 221 0.0470588 0
0.35 7A 54997683 55001463 6.95186734136148e-07 131 0.0749064 0
0.37 7A 57743591 57747941.5 6.34302877796151e-07 417 0 NA
0.38 7A 58841366 58844070 6.0034407785054e-07 435 0 Inf
0.41 7A 64157483.5 64161714 5.38230789946184e-07 533 0.0221066813508443 0.0729136227893905
0.42 7A 65273396.8333333 65277771.5 5.46821903487358e-07 1636 0.0074875600794621 0.0945873834553988
0.43 7A 67954714.5 67959592.2 5.84017610101977e-07 2665 0.00444448379737336 0.132541364098098
0.44 7A 70726997.6666667 70730620.3333333 6.12847019197925e-07 592 0.0152221096621622 0.0317717552051321
0.46 7A 74283354.5 74290912.5 6.3932895954405e-07 603 0.0152462497512438 0.0926765830764178
0.48 7A 76120090.5 76123166 6.65348996006367e-07 249 0 NA
0.49 7A 77316023 77323679 6.75736043597949e-07 718 0.00271647855153203 0.148660019659239
0.5 7A 78567252 78571566.6 6.71452652655021e-07 1367 0.000758824081931236 0.834644453148989
0.51 7A 79833750 79841681 6.51033486236726e-07 1659 0.0161320620253165 0.0636327353355139
0.52 7A 81179613.25 81184365.25 6.12049577751178e-07 1681 0.00374939531826294 0.103461687678235
0.53 7A 82090453 82098105.3333333 5.75711730658255e-07 942 0.00328512898089172 0
0.54 7A 83285019 83288075 5.20657392035587e-07 360 0 NA
0.55 7A 83974342.1 83979580.9 5.09620507130817e-07 3160 0.000948198534810127 0.38530708917223
0.56 7A 85346150.6153846 85351170.7692308 4.91930482216056e-07 3049 0.00820062224663824 0.0696750406139836
0.57 7A 88355758 88359491.75 4.4853897330513e-07 321 0 NA
0.58 7A 92360530.5 92364862 3.78028122379375e-07 5380 0.00640256244423792 0.134292178460222
0.59 7A 99990964.4375 99997494.4375 1.88050078389184e-07 5865 0.00102392433930094 0.435028482638196
0.6 7A 107480222.894737 107485872.315789 1.62008629294422e-07 6457 0.0038547959191575 0.0543888170858204
0.61 7A 112365240.5 112368060 1.97141289698976e-07 802 0.00121318204488778 0.29295805223583
0.62 7A 116066494.8 116071391.1 2.43930338611758e-07 3033 0.00120863476755687 0.321966130486088
0.63 7A 118860767.714286 118867757.714286 2.47284177068607e-07 1604 0 Inf
0.64 7A 122008899 122016510 2.32816025307723e-07 4565 0.00170973186199343 0.330701949324708
0.65 7A 125982292 125987104 1.90160460275469e-07 3154 0.00209695265060241 0.0885782340677333
0.66 7A 129575825.8 129581291.866667 1.89140158680921e-07 4733 0.000208011842383266 0.296294356828995
0.67 7A 140487100.8 140492351.76 1.13002163253882e-07 8080 0.000755783991336634 0.281898472696861
0.68 7A 188284474.38587 188290054.065217 1.01354889554646e-08 69847 0.000831055902400962 0.297588158760198
0.69 7A 235647920.386364 235652781.454545 1.40000665795317e-08 15769 0.000105780805250809 0.173759271411407
0.7 7A 252388751.26087 252394937.478261 1.2190716807076e-08 6673 0.000324310272740896 0.129427981304847
0.71 7A 266150928.708333 266156107.75 1.10879438451077e-08 8687 0.000109586487855416 0.301944076806327
0.72 7A 275729875.6 275735965.1 1.05156589012692e-08 4409 0 Inf
0.73 7A 287394317.454545 287399114.454545 1.00474920500999e-08 6114 0 Inf
0.74 7A 294789644.733333 294794902.866667 9.87917515981733e-09 4727 0 Inf
0.75 7A 304429376 304435461.666667 9.80920693562134e-09 1932 0 Inf
0.76 7A 309882240.6 309902337.2 9.83630327626322e-09 1558 0 NA
0.77 7A 318618969 318628345.666667 1.00023769090904e-08 1109 0.000864800910730388 0.603172221388597
0.78 7A 325122787.666667 325138783.166667 1.02124325245474e-08 2161 0 NA
0.79 7A 330446800.75 330466110.25 1.04432542641479e-08 2231 0 NA
0.8 7A 346235553.882353 346244352.470588 1.14733149968427e-08 9811 7.57183834471512e-05 0.682742274972254
0.81 7A 394553993.568627 394562911.960784 1.75095000697065e-08 18324 0.000258395315433311 0.179685579210038
0.82 7A 422650249.333333 422656598.333333 2.25159271321739e-08 1425 0 NA
0.83 7A 423556015 423563387 2.27105057778797e-08 332 0 NA
0.85 7A 424312931 424317651 2.28738773041016e-08 748 0 NA
0.86 7A 424628142 424634545 2.29425179875405e-08 655 0 NA
0.9 7A 474242043.941176 474247722.210784 3.66755378033267e-08 63386 0.000814914848673209 0.337427058334755
0.91 7A 527679140.470588 527684847.352941 5.52344281402142e-08 6941 0 NA
0.92 7A 540992953.114286 540998371.657143 6.17009749462671e-08 9116 0.00070117129881527 0.246011077533844
0.93 7A 552979390.923077 552984407.076923 6.91512172312921e-08 10466 0 Inf
0.94 7A 563265311.322581 563270379 7.67466528813246e-08 8942 0.00405516582755536 0.0957254429474792
0.95 7A 574908680.125 574915201.3125 8.23390322334053e-08 5338 0.0013127668068565 0.236961941764971
0.96 7A 592334703.333333 592338947.305556 8.45047777253316e-08 10064 0.00232040136625596 0.0483942980653177
0.97 7A 609338468.53125 609344895.21875 1.07567571538766e-07 11493 0.00129827930218394 0.250142324331408
0.98 7A 616321226.125 616325222.875 1.54996264660071e-07 1296 0.00307193875 0.142407359256491
0.99 7A 621158373.571429 621161072.142857 1.83523922076696e-07 1697 0.000564184531526223 0.303074101715844
1 7A 627104904.777778 627109271.666667 2.31136547819908e-07 2718 0.00459597075791023 0.658540967401997
1.01 7A 634408478 634413380 3.08607432921278e-07 743 0.00750985047106326 0.117744446150394
1.02 7A 635863673.428571 635869700.714286 3.30208748153774e-07 2332 0.00818892822469983 0.105548392568722
1.03 7A 638668573.75 638674789.25 3.64758820260119e-07 1088 0.0168131863051471 0.0750201799929805
1.04 7A 641955894.714286 641959403.142857 3.99558418083343e-07 1835 0.00557402575476839 0.139001864414471
1.05 7A 644599303.666667 644602730.166667 4.26881618712216e-07 1667 0.00121866969406119 0.14211950054914
1.06 7A 646582979 646585547 4.46956990349807e-07 129 0.0587189 0.0290289838535804
1.07 7A 648425798 648431018 4.65299838222688e-07 196 0.00501882 0.291833538560857
1.08 7A 650211606.5 650215889 4.82756982261747e-07 692 0 NA
1.09 7A 652674040.166667 652679793.666667 5.06385276052371e-07 1298 0.00158476625577812 0.554153884057698
1.1 7A 654052566.5 654056227 5.19345931238169e-07 668 0.00150296874251497 0
1.12 7A 657620459.75 657626014.75 5.52162791185265e-07 1592 0 NA
1.13 7A 659442873.333333 659446764.666667 5.68465396404589e-07 1255 0 Inf
1.14 7A 660859593.090909 660865319.272727 5.80936579757788e-07 2823 0.00117349405951116 0
1.16 7A 663760760.166667 663764334.166667 6.05899273899845e-07 1494 0.00603489997322624 0.159106940985845
1.17 7A 666177956.666667 666185156.666667 6.35459762422104e-07 1368 0.0035014583625731 0.117273941895355
1.18 7A 667098438.5 667105541.333333 6.49685178737284e-07 2538 0.0258923370685579 0.0222436658600904
1.19 7A 669778162 669780665 6.83250883421499e-07 147 0 NA
1.2 7A 671091718.25 671098701.25 7.0774504217021e-07 1774 0.0011067832356257 0.148940233502998
1.21 7A 672298483 672302460.166667 7.24402997663432e-07 2246 0.00858068222172752 0.0708685386952725
1.22 7A 674166591 674170527.25 7.39220850677902e-07 1064 0.00553819341165414 0.146309671614824
1.23 7A 675196356.166667 675200026.166667 7.41274253064566e-07 1560 0.00448318655769231 0.124244387794892
1.25 7A 678059431.2 678062594.6 7.48744113566869e-07 1153 0 Inf
1.26 7A 679946802.333333 679951576.333333 7.57883247574501e-07 3034 0.0097537027818062 0.0291201761895727
1.28 7A 681992243 681996670 7.57477551032402e-07 104 0 NA
1.29 7A 683482195 683492670 7.73598778063299e-07 768 0.00634921 0.531196794561843
1.3 7A 685705855.5 685710157 7.83490522700741e-07 361 0 NA
1.31 7A 686171032 686174157 7.83458023338092e-07 519 0 NA
1.33 7A 688976646 688984050.5 7.67484461267787e-07 931 0 Inf
1.34 7A 689986304 689991437.5 7.55175376968607e-07 956 0.00532929326359833 0.725178978216938
1.35 7A 691074101.75 691077594.25 7.48701274822879e-07 279 0.0148015279569892 0
1.36 7A 691568181 691570712.5 7.49523332228067e-07 706 0.00139085409348442 0
1.37 7A 692658176 692662520.2 7.61888037678573e-07 1139 0.0159316997366111 0.0474675495252286
1.38 7A 693846860.8 693852226.2 7.69314190186572e-07 723 0.00675190684647303 0.355622558467244
1.39 7A 694549294.5 694553479.5 7.69151345975711e-07 878 0.00109653861047836 0.896419495224619
1.4 7A 696975251 696979014 7.4157542950791e-07 286 0.0152091 0.215601186131987
1.42 7A 699284250.4 699289256.2 7.12290309498671e-07 1824 0.027908833004386 0.0620532185510328
1.43 7A 700793800.8 700802289 6.98055763117117e-07 3138 0.00346181814850223 0.156550019925785
1.44 7A 701994578.384615 701999441.307692 6.92927522616932e-07 4203 0.0193398681893885 0.0956902022312328
1.45 7A 704270987 704275228 6.95499819062169e-07 352 0.0179372 0.044617889079678
1.46 7A 705342164 705347169.111111 6.9783380636913e-07 3153 0.0101497108087536 0.13432917727992
1.47 7A 707786436.25 707791518.25 7.04541490253828e-07 2696 0.0045302696958457 0.0936549493228745
1.48 7A 709222511.333333 709225751.666667 7.01204912800135e-07 1057 0.00100939536423841 0
1.49 7A 711607430 711611179 6.95936901398978e-07 179 0 NA
1.5 7A 712261014.333333 712263934 6.94633850692093e-07 662 0.0277191466767372 0.125547261111754
1.51 7A 714165965.5 714171468.5 6.91156488150192e-07 709 0.00556824155148096 0
1.52 7A 715968797.5 715975331 6.88298719789364e-07 965 0.00322198479792746 0.183146056982808
1.53 7A 717390148.5 717394748.5 6.86363087355819e-07 901 0.00113978974472808 0.552289839542032
1.55 7A 719571983 719575149.25 6.83902951899252e-07 1072 0.00856599375 0.0608052245552319
1.57 7A 721250156 721256446 6.82455685852289e-07 2158 0.00438072710379982 0.0892510794520275
1.58 7A 722255299.5 722259004.5 6.81268583221999e-07 474 0.0179566599156118 0
1.59 7A 723286624.666667 723291067.666667 6.78944625558225e-07 1240 0.00957443217741935 0.0240476860082303
1.6 7A 724327185 724331463.75 6.76820987000964e-07 1055 0.0252495603696682 0.0293940523581408
1.61 7A 726077369.75 726081875 6.74006938487298e-07 1924 0.0096056375987526 0.171853563327297
1.62 7A 727443573 727457990 6.72454329433371e-07 1836 0.00170068 0
1.63 7A 729490932 729494916.333333 6.71325025939928e-07 952 0.0153430818277311 0.154382118637366
1.64 7A 730666940 730672216 6.71272677103831e-07 3766 0.0185322771906532 0.103251291976255
1.65 7A 733041115.571429 733044952.142857 6.71996586063918e-07 1910 0.0505444638743456 0.0506585378986099
1.66 7A 736021502.857143 736028927.142857 6.71330060906551e-07 2656 0.011271707247741 0.168504111450187
