poscM Chromosome Start End recRate nb_complete_site piSyn f0
0 1D 1627550.73333333 1633280.73333333 6.23040752755515e-07 5140 0.0386531718599222 0.0543031939509006
0.01 1D 3963719.5 3967548.5 7.9084805232784e-07 322 0.049303401863354 0.15983943796251
0.02 1D 5445598 5450155 9.07754025682255e-07 149 0.101373 0.0327107809771833
0.03 1D 5511254 5517977 9.13196172291157e-07 640 0.0432099 0.11612894267286
0.04 1D 6328647.5 6336972.5 9.81164112860305e-07 933 0.0480461406216506 0.0460702655395841
0.05 1D 6766844 6771905 1.01837485613843e-06 410 0.0335664 0.0841573716573717
0.06 1D 7487543 7492403.5 9.76008496030621e-07 541 0.0401973955637708 0.066045521382902
0.07 1D 9412459.46666667 9417518 9.50587544454621e-07 4773 0.0267752012088833 0.0472256657508584
0.08 1D 10715309 10722269 1.3039462368089e-06 523 0 Inf
0.1 1D 11580304.5 11587739.5 1.17433541115337e-06 1280 0.01092612628125 0.0597126444410232
0.11 1D 12201475.6666667 12206032 1.09296141099887e-06 460 0.0618331965217391 0.0483312467472095
0.12 1D 14744768.2 14749245 3.33972256055056e-07 1081 0.0241695926919519 0.0557252928912977
0.13 1D 16876908.5 16881377 8.04706988204916e-07 238 0.00952306386554622 0.0641091781950693
0.15 1D 18107199.3333333 18110586.6666667 1.0389592380295e-06 750 0.0146494193333333 0
0.16 1D 19633023.5714286 19639906.1428571 1.34263617996193e-06 3231 0.0140550866976168 0.16916952127725
0.17 1D 20968400 20973809 1.21066412461952e-06 126 0.0109011857142857 0.644345241605435
0.19 1D 21885424 21888853 1.06436469519594e-06 165 0.0370861 0.109407028509334
0.2 1D 22947275.3333333 22952507.6666667 1.02500201154221e-06 850 0.00801435127058824 0.055110139640116
0.21 1D 24533367 24539137 9.80807450322848e-07 551 0.0315296 0.0912383918603471
0.22 1D 24779031 24786455 9.74006980762083e-07 282 0.0333333 0.0489297489297489
0.23 1D 25732394 25737271 9.47907618748164e-07 998 0.0133994452905812 0.196605416860495
0.24 1D 27927500 27936577.6 8.88702614005666e-07 2248 0.0205549207295374 0.0226955896980258
0.25 1D 28818410 28822056 8.65161766754268e-07 462 0.0130481 0.228277680275289
0.27 1D 31421662 31431937 7.97441065649626e-07 984 0.00812526 0.160836699379466
0.3 1D 34733574 34736854.6666667 7.214901644776e-07 1142 0.00896197751313485 0.227048512146224
0.32 1D 36798919.6666667 36803961.5 6.78292304324347e-07 3313 0.00432224641110776 0.1122823641033
0.33 1D 37545378.5 37552059.5 6.62776809866375e-07 252 0.00272108892857143 0.349999849062527
0.34 1D 38782097.5 38785345 6.37269373808189e-07 125 0.0223418112 0.168116303838428
0.35 1D 39648748 39653427 6.19449792655792e-07 335 0.0141732 0.266807072503034
0.36 1D 41438050.3333333 41440396.1111111 5.82983808137527e-07 1158 0.0271085994818653 0.0864800255119192
0.37 1D 43173708.6666667 43178988 5.47845694936579e-07 270 0.0214651733333333 0.0782026900145987
0.38 1D 45448882 45453933.25 5.02346687213128e-07 799 0.00280072225281602 0.274897426333458
0.39 1D 47867028.3333333 47873481 4.54539786346725e-07 1026 0.00337167859649123 0.33706839309429
0.4 1D 49592929.3333333 49600252.5555556 4.20820891100625e-07 4863 0.00215971231667695 0.210977086407167
0.41 1D 52751592 52757766.3333333 3.59920902121984e-07 665 0.00466429467669173 0.0454490146284751
0.42 1D 55891367 55895740.1428571 3.00465093753118e-07 2424 0.0121642542656766 0.0608896621470823
0.43 1D 59735451.2 59741540.1333333 2.2904917544048e-07 5348 0.0088937001065819 0.118654942352626
0.44 1D 71843397.2 71848852.8666667 5.02786646889979e-08 16199 0.00901048728353602 0.112570094934542
0.46 1D 85633820 85640605.2 0 2553 0.00067688464551508 0
0.47 1D 87171325.75 87179454 0 3492 0.000697723906643757 0.292398818652311
0.48 1D 91144453.4 91149466.7 0 4677 0.0043623137438529 0.17225847988943
0.49 1D 118738103.87156 118744371.256881 0 39501 0.00372117879881522 0.209876090213193
0.5 1D 150930208 150953005 0 746 0.0042133 0.0730989960363611
0.51 1D 153886905.5 153900059 0 1661 0.00709743152919928 0.116903549908992
0.52 1D 208036823.907975 208044747.490798 3.56310137955551e-08 61942 0.00331437378073036 0.207584383968538
0.53 1D 251501006.28125 251507731.03125 7.7956299487503e-08 14183 0.00422816308989635 0.20927177461613
0.54 1D 263330617.142857 263336443.357143 8.84788379779182e-08 8735 0.00725214403777905 0.0980987331227806
0.55 1D 280888389.405405 280893190.675676 1.03257507948398e-07 13213 0.0110215424497843 0.0814219203670874
0.56 1D 294253910.75 294258331.166667 1.13620592922437e-07 10006 0.00378902698880672 0.162392171110482
0.57 1D 301703320.958333 301709523.125 1.19278278785307e-07 9695 0.00394781946384734 0.112176964551984
0.58 1D 309740086.434783 309744749.565217 1.26688731681416e-07 7588 0.00374716251449657 0.0840608725425048
0.59 1D 317000290.545455 317007348.590909 1.34946521836108e-07 9009 0.0078683816971917 0.11074278903698
0.6 1D 324428076.444444 324433174.388889 1.40034295226601e-07 5096 0.00272015550824176 0.258863779854758
0.61 1D 329480414.176471 329486030.764706 1.42197037102068e-07 6281 0.00726825084699889 0.115289032092833
0.62 1D 335199086.73913 335205047.478261 1.4565882064009e-07 10030 0.0105608715623131 0.102153271007056
0.63 1D 343123106.193548 343128992.354839 1.5213630110771e-07 9096 0.00214894826033421 0.175112731620392
0.64 1D 349754085.578947 349759217.157895 1.5910732916586e-07 5835 0.00586844709511568 0.1460318867415
0.65 1D 355916710.375 355921446.5 1.66831230911935e-07 4272 0.00470982875702247 0.11978696400367
0.66 1D 361635769.944444 361641305.944444 1.75148195995195e-07 6717 0.00647657654756588 0.0938363033348489
0.67 1D 365796030.842105 365800510.421053 1.81810069255461e-07 4783 0.012647783662973 0.0722097518765838
0.68 1D 371176146.1 371180006.4 1.91587707462291e-07 3202 0.00556133669581512 0.135454888948106
0.69 1D 375768537.5 375772591.214286 2.15685755059551e-07 4530 0.00870958865342163 0.175608375104766
0.7 1D 380881820.055556 380885996.166667 2.48265068767209e-07 4047 0.00854393995552261 0.0692349304927434
0.71 1D 386298465.666667 386304285.866667 2.84812584112498e-07 6908 0.00481302739287782 0.300616394327937
0.72 1D 391916790.3 391921680.1 3.31110036761403e-07 2960 0.00119938604459459 0.378189017434374
0.73 1D 396154504.166667 396158296.666667 3.76791762956756e-07 1709 0 Inf
0.74 1D 398822156.5 398825844 3.99445678763011e-07 855 0.00154259368421053 0.308702408702409
0.75 1D 400098991.2 400104174.4 4.0667115627301e-07 928 0 NA
0.76 1D 402210381.333333 402214837.666667 4.14069533863684e-07 489 0.012551136196319 0.217103938772781
0.77 1D 403423317.933333 403427080.4 4.15923604560661e-07 3319 0.00946909535402229 0.050840698961674
0.78 1D 406038975.2 406042703.8 4.13860956226628e-07 1196 0.0104934748327759 0.0409388143495035
0.79 1D 408516254.285714 408520345.857143 4.14107110483091e-07 2472 0.00132039604773463 0.208235774287137
0.8 1D 410269895.714286 410274486.428571 4.19907878338224e-07 2452 0.00885870078303426 0.234178991919388
0.81 1D 412184731.333333 412186929.333333 4.31620883266455e-07 772 0.00208282966321244 0.284628480647187
0.82 1D 414526371 414530673.333333 4.30409233354273e-07 410 0.0153904668292683 0.145748855555404
0.83 1D 415853855.333333 415859371.333333 4.30868351221108e-07 2576 0.00714750822981366 0.0948348315715204
0.84 1D 418921841.428571 418927753.857143 4.90088775987245e-07 3275 0.00522092919236641 0.109429308363287
0.85 1D 421867307.315789 421874857.210526 5.06993793523555e-07 7985 0.00835707765422668 0.0779014831447418
0.86 1D 426215647.214286 426219702.285714 5.48230287897278e-07 2853 0.0115193839642482 0.0644823471318325
0.87 1D 430413348.5 430418318 6.17892992914589e-07 954 0.00724669566037736 0.020497155064237
0.88 1D 430564939 430573646 6.20568788217035e-07 1214 0.000427533 0.708209658669623
0.89 1D 430976701 430983376 6.27658063680163e-07 569 0.0163652 0
0.9 1D 431782050.5 431787371.5 6.41238818451808e-07 2295 0.00194334189542484 0.0643445531069926
0.91 1D 432079104 432082194.5 6.46127423801188e-07 367 0.010172754359673 0.116388040678782
0.92 1D 432804715.333333 432811626.333333 6.57916199660039e-07 1276 0.00645980297805643 0.0523815169202997
0.93 1D 433650309.75 433655492.5 6.71181938044783e-07 1901 0 Inf
0.95 1D 435785700.571429 435788305 7.02735593221978e-07 888 0.00726494552927928 0.0725050543252354
0.96 1D 436485566 436489942.333333 7.12478452765874e-07 1237 0.015381467178658 0.0619880211647368
0.97 1D 437443195 437448396 7.34265107184632e-07 621 0 Inf
0.98 1D 438804089.333333 438809111 7.70989764604016e-07 1139 0.000672221000877963 0
0.99 1D 439995376 439999239.5 7.42535937072787e-07 2176 0.00997376021599265 0.0791938934150559
1 1D 443380188.230769 443385030.076923 7.21262594757637e-07 4565 0.00590991697393209 0.16231588026276
1.01 1D 446153839.2 446158836.6 7.29021767905843e-07 2166 0.00739981298245614 0.0602915906090142
1.02 1D 446981946.5 446985864 7.2825582144251e-07 776 0.00438799059278351 0.134195950187025
1.03 1D 447904414.166667 447908445.5 7.2559857065457e-07 943 0.00508682386002121 0.0584567652577306
1.04 1D 449295667.5 449297885.5 7.25179357756559e-07 200 0.022000005 0
1.05 1D 449880012 449885776 7.2812500672402e-07 2527 0.0192135061337554 0.0281851684144987
1.06 1D 451133877.5 451136560 7.38867549630411e-07 352 0.0292534363636364 0.0653285488138456
1.07 1D 451870172 451872067.5 7.48982200603139e-07 593 0.00389612998313659 0
1.08 1D 452494071 452500203.5 7.59288875583914e-07 901 0.0285183773584906 0.038283894124699
1.09 1D 453282482.5 453285928.5 7.75080090646747e-07 797 0.00877226574654956 0.506914108422979
1.1 1D 454394531 454399086.5 8.02456861524297e-07 344 0.0289077630813953 0.116426719285241
1.11 1D 455637271 455640157.8 8.39948598392818e-07 1492 0.0121337131099196 0.0330634057680855
1.12 1D 457159564 457166736 8.9559563631993e-07 1022 0.0243750498630137 0.0810219571928772
1.13 1D 458659503.153846 458663898.461538 9.5232224359557e-07 3043 0.0150683857377588 0.0811464384201322
1.14 1D 461386589.4 461390810.6 1.00949702224359e-06 1396 0.0268229674068768 0.0421553776569483
1.15 1D 462768086.5 462772525.166667 1.05046540949011e-06 1266 0.0153658607582938 0.0294411574479609
1.16 1D 463490591 463494658 1.10445679939063e-06 260 0 Inf
1.17 1D 464140500 464147926 1.14170428773417e-06 525 0.00802497 0.0345805654102134
1.18 1D 464512902.666667 464517485 1.15727490624447e-06 1468 0.0271478286376022 0.0870981561362742
1.19 1D 465369203.2 465373131.2 1.17870353372041e-06 1141 0.0349814846625767 0.0309382571082927
1.2 1D 466124310 466131412 1.18035837954181e-06 1066 0 Inf
1.21 1D 467016328 467019324.5 1.16271500100385e-06 207 0.0222193927536232 0
1.22 1D 467985840.166667 467993116.333333 1.12908086304713e-06 2395 0.0147344128183716 0.155106897338852
1.23 1D 469113782 469120947.5 1.15197163669418e-06 1490 0.0361911428187919 0.0470400507426612
1.24 1D 469917717 469920236.666667 1.16300920339971e-06 801 0.0172558124843945 0.0871298706145139
1.25 1D 470567671.571429 470572320 1.15665055975387e-06 1346 0.00533310988112927 0.0757594868492284
1.26 1D 471604847 471610191.5 1.11496855387349e-06 939 0.00844394587859425 0.103973848878081
1.27 1D 472116569.5 472120408.5 1.08015212803411e-06 753 0.0172037952191235 0.0438383951507411
1.28 1D 472653724.75 472656604.5 1.05231527086348e-06 1141 0.0130990828220859 0.0715223041988977
1.29 1D 473678260 473683161.875 1.02420718690716e-06 3032 0.0120924050682718 0.0741322356228286
1.3 1D 475216656 475220691.875 9.93932791107751e-07 2524 0.00282925875594295 0.283166042227605
1.31 1D 476894743.307692 476899317.769231 9.84053196426165e-07 2646 0.0192502510582011 0.0379126884118363
1.32 1D 478216216.333333 478221017 9.91531958349503e-07 1112 0.00970624651079137 0.0398231016796115
1.33 1D 479029124.25 479034075 1.00321380131979e-06 1457 0.00460863143445436 0.103123419902615
1.34 1D 479779918.25 479786826.75 1.01862278698267e-06 1995 0.0179033861954887 0.0869751074093306
1.35 1D 480772177.4 480777410.6 1.045374947965e-06 1336 0.00839582920658683 0
1.36 1D 481553347.5 481559681.5 1.05690333698491e-06 1473 0.0346063784114053 0.0608995446832559
1.38 1D 483067145 483071868.75 1.05837386292046e-06 918 0.00969764472766884 0.0326178240799313
1.39 1D 483707327 483718081 1.05291090240968e-06 1258 0.0128168569157393 0.311119823940129
1.4 1D 484678218.125 484683325.625 1.05082224899672e-06 3366 0.0125514836957813 0.0897892381696002
1.41 1D 485605728.666667 485610425.666667 1.05145391355512e-06 1883 0.0243195483377589 0.0865073952628767
1.42 1D 486153145.5 486157757.5 1.05201166592777e-06 821 0.00645615305724726 0.283926274631145
1.43 1D 487141903 487146743.5 1.05323226511738e-06 888 0.0230803328828829 0.0600652952469829
1.44 1D 488158308.333333 488164652.666667 1.05323772916889e-06 1828 0.0274001144967177 0.0431122771207095
1.46 1D 491039837 491046036.333333 1.04846471535028e-06 1791 0.0102087188609715 0.201506966859851
1.47 1D 492852220.714286 492858271.714286 1.04805968518512e-06 3738 0.0162844879962547 0.059020955111793
1.48 1D 494116728.75 494121246.833333 NA 2948 0.0123456853663501 0.155559954489519
0 2D 304202 309743.75 1.65063745148952e-06 629 0.0197428750397456 0.163990470684302
0.01 2D 674132 677669 1.63664751461928e-06 279 0.062393059139785 0.0387880452767254
0.03 2D 2475035 2480695 1.55104046882513e-06 215 0.0708075 0.0289822405818593
0.04 2D 3077076 3080377 1.52307003389834e-06 382 0 NA
0.05 2D 3773856 3790417 1.49011709750458e-06 1769 0.00286478 0.359448194974832
0.06 2D 4461128 4465758 1.45761527914681e-06 240 0.0283604 0.198107925135047
0.07 2D 5128180 5132372.5 1.42524642028195e-06 685 0.00507982417518248 0.350666848185297
0.08 2D 5442407.66666667 5446390.33333333 1.40979084295896e-06 881 0.0654678029511918 0.0272984045823192
0.09 2D 5744852.5 5750534 1.39478607304196e-06 826 0.0205140996368039 0.0866752757182072
0.1 2D 6674017.25 6680951 1.34799679238519e-06 1649 0.0240080851425106 0.0492470646966504
0.11 2D 7225967.2 7229142.2 1.3198388856083e-06 1471 0.029422346974847 0.0995199520278435
0.12 2D 8471884.33333333 8478477 1.25456099009545e-06 625 0.01935196928 0.053887061978635
0.14 2D 10449766 10454305.5 1.14982278389758e-06 1106 0.0205330141048825 0.179073778577098
0.15 2D 11597769.5 11606185.75 1.06296115580173e-06 1852 0.0151188325161987 0.0633414889559046
0.16 2D 12622468 12631739.5 9.44649523140665e-07 435 0.0371806413793103 0.0512539061391421
0.17 2D 12697015 12700363 9.3524425905132e-07 38 0.025 0
0.18 2D 13745335.8888889 13751483.7777778 8.53527299695357e-07 2404 0.017428649875208 0.10429041095179
0.19 2D 14506093.7142857 14510445.2857143 8.52123396415205e-07 1192 0.0245464526845638 0.133362254437481
0.2 2D 15634935 15643605 8.86389183070364e-07 490 0.0083811212244898 0.11049457753619
0.21 2D 18367666.3333333 18371872.3333333 8.83146734100964e-07 1189 0.0110387815138772 0.0107464653545237
0.24 2D 22073365.3333333 22081001.6666667 1.05487288669613e-06 669 0.0453156338116592 0.0807894396643127
0.25 2D 22704955.5 22708829.5 1.08896942947058e-06 362 0.0345174033149171 0
0.27 2D 24558625 24563390 1.14726776318953e-06 49 0 NA
0.28 2D 25106260.2 25114754.8 1.15145585417137e-06 2354 0.00942713115548004 0.0878923298694947
0.29 2D 26516591.5 26521336.5 1.13736138041395e-06 274 0.0047210400729927 0.457688998352444
0.3 2D 26979932.3333333 26989046 1.1236129321101e-06 1558 0.00415355029525032 0.0790745747653195
0.31 2D 27870044 27874429 1.12342688619602e-06 1021 0.00135284689520078 0.103299340423823
0.32 2D 28626605 28640397 1.18526565373525e-06 2310 0.000883838 0
0.33 2D 29015673.6666667 29020314.6666667 1.20249231486732e-06 1725 0.0194091252173913 0.0418565458273459
0.34 2D 29715945 29718015 1.21523230134658e-06 211 0.0333212 0.137279869872634
0.35 2D 30461004.2 30466692.8 1.19509332178414e-06 1574 0.0232994416772554 0.0976029541605847
0.36 2D 31805895 31811622 1.08079072254637e-06 276 0.0205478010869565 0.204527015664482
0.37 2D 32308080.8 32314935 1.01003177517164e-06 1186 0.0147458425632378 0.0984745557184881
0.38 2D 33024395.5 33028970 9.56488814510214e-07 1683 0.0183970585858586 0.0633601506784572
0.39 2D 33951620 33955457.25 9.35629231380433e-07 1219 0.00923534667760459 0.392388097745797
0.4 2D 35603159.8 35609923.4 8.95398502745926e-07 3865 0.00374651786287193 0.298806701442974
0.41 2D 36536402.75 36543504.5 8.7101940335809e-07 1902 0.0114078427970557 0.010582099766533
0.42 2D 37479276.2857143 37483275.4285714 8.45181191503429e-07 1910 0.0117344482356021 0.106909422461248
0.45 2D 43369633 43377942 6.46586993945924e-07 798 0.0125251 0.0925453688992503
0.46 2D 44033364.5 44038002.5 6.21990576391103e-07 1174 0.00683464633730835 0.173586994527881
0.47 2D 46173544 46181792.6 5.56508007014426e-07 1909 0.00440336083551598 0.266230217968653
0.49 2D 49718035.125 49723205.25 4.91565861413304e-07 2565 0.0132681961637427 0.0485667293470303
0.5 2D 51535829.3333333 51542231.3333333 4.80830691466365e-07 2557 0.01189584028158 0.199948670285117
0.51 2D 54076594 54078462 4.88814052157956e-07 145 0 NA
0.52 2D 55757044.0833333 55762958.75 5.1142252932437e-07 5614 0.00733120113822586 0.0978765831864264
0.53 2D 57832703 57838228.25 5.3128954972612e-07 874 0.00691204709382151 0.113744139845538
0.54 2D 60460894.5 60465400.5 5.1617865286744e-07 1511 0.0201098628788882 0.0712027910853734
0.55 2D 62288885.5454545 62292240.6363636 5.10579091622671e-07 2770 0.0103015392202166 0.0816083092617959
0.56 2D 63775252.6666667 63782410 5.0583412421161e-07 1519 0.00190112812376564 0.296458112833473
0.57 2D 66568939.1428571 66574888.1428571 4.80944771975018e-07 1428 0.000753947282913165 0.48771688095498
0.58 2D 67690836 67697166.3333333 4.70819905313191e-07 2393 0.000193398880066862 1.8073017443774
0.59 2D 69853863.6666667 69857696 4.51056040915821e-07 1118 0.0141798316010733 0.0652401775768381
0.6 2D 72313335.5 72317327.3333333 4.28207763491598e-07 2072 0.00629774694498069 0.137168202138344
0.61 2D 73576698 73583564 4.16315558563758e-07 1001 0.00886396493506493 0.0795397035098919
0.62 2D 75287532.5833333 75291483.5 3.99754333583417e-07 3052 0.00683229634338139 0.21299111077006
0.63 2D 77878436.2857143 77885703.2857143 3.73603226634357e-07 3499 0.0155676388682481 0.0652924750004077
0.64 2D 80237629.2857143 80243230.4285714 3.52102925506256e-07 4563 0.0113399039522244 0.107095914564278
0.65 2D 83054231.6 83059928.6 3.29234608814153e-07 2952 0.0075130959949187 0.1357633304979
0.66 2D 86019852 86024309.4 3.08696379781404e-07 1733 0.0222142264858627 0.189306107790102
0.67 2D 88867582.7272727 88871950 2.92208015813927e-07 3184 0.0221817482914573 0.0713684465109076
0.68 2D 95491540.5882353 95496077.0588235 2.60649512093027e-07 3809 0.0090152951010764 0.0500458348853179
0.69 2D 101573913.214286 101577431.571429 2.12902252060399e-07 2932 0.00505898348908595 0.0304776197096344
0.7 2D 109219682.894737 109224637.157895 1.85540459016908e-07 6052 0.00403114554362194 0.052758976913978
0.71 2D 115507345.5 115511595.818182 1.65982849005259e-07 7287 0.00912409604940305 0.0945531237989535
0.72 2D 120762846.772727 120767705.636364 1.52836623308721e-07 7126 0.0045578086651698 0.0927181588844283
0.73 2D 126843356.538462 126850137.230769 1.41993015257806e-07 4902 0.00330770640554876 0.222843144671462
0.74 2D 131583664 131589165.375 1.28979478488978e-07 6943 0.00502871381823419 0.137862819552914
0.75 2D 136291671.6 136297777.1 1.18535906941971e-07 2911 0.00379260139470972 0.203820783916023
0.76 2D 145188489.157895 145194058.736842 9.97539096560417e-08 7643 0.000748997354441973 0.376117461355001
0.77 2D 169535230.628319 169541165.265487 4.90379494417446e-08 37583 0.00402785020831227 0.108830218145186
0.78 2D 195921276.235294 195927887.117647 1.83785670375854e-08 6513 0.000849265652694611 0.108176438200763
0.79 2D 207574712.690476 207582641.238095 1.07607453416243e-08 15199 0.000526915769129548 0.175558782984817
0.8 2D 298315349.890805 298324407.586207 1.01970081827728e-08 70483 0.000506902622660783 0.41297791661998
0.81 2D 353431070.340426 353436928.234043 4.70252728458031e-08 17882 0.00155948675662678 0.163878877789813
0.82 2D 372322815.923077 372327911.948718 6.20124337133992e-08 11775 0.00409386533630573 0.0961656058306106
0.83 2D 383332245.107143 383338407.178571 6.83871922294107e-08 10949 0.00180872388382501 0.299454980660358
0.84 2D 397878788.945455 397883468.472727 7.41972312615517e-08 16253 0.00301310994954778 0.135488811820947
0.85 2D 414630779.65 414635178.25 7.90266263643615e-08 4774 0.00837192771051529 0.0487114943467626
0.86 2D 422548060.551724 422553011.965517 7.95583332586189e-08 9547 0.00495787981481093 0.162328849893753
0.87 2D 438974269.059702 438979270.865672 8.57924880640118e-08 19127 0.00707435509802896 0.129979174414172
0.88 2D 454908932.894737 454913062.105263 9.48668820818589e-08 5893 0.00139574339216019 0.214040588566497
0.89 2D 460768638.473684 460774245.578947 9.72176764789588e-08 7134 0.00332285313877208 0.0958502435374284
0.9 2D 471184601.230769 471190062.538462 1.00723099113317e-07 8172 0.00623601472956437 0.139704221897634
0.91 2D 479011985.555556 479016703.555556 9.59878135572665e-08 4343 0.00776825556067235 0.165580471043261
0.92 2D 489659085.882353 489663296.911765 8.92049022150698e-08 9966 0.00746637353782862 0.0832538069415182
0.93 2D 497905982.583333 497910999.416667 9.04381223097331e-08 4547 0.00301784377831537 0.0674461070005192
0.94 2D 509037407.421053 509043922.736842 1.02208193607355e-07 5896 0.00782268508649932 0.0946499864772116
0.95 2D 517648924.32 517654195.04 1.18920790385881e-07 9175 0.00141907769700272 0.0631352962416537
0.96 2D 525468982.263158 525473770.210526 1.37573463910502e-07 8747 0.00606300350520178 0.239322363221243
0.97 2D 534363442.782609 534367961.304348 1.55189503890972e-07 8458 0.013508204277607 0.0733292320841075
0.98 2D 540028953.772727 540035176.545455 1.69154455527904e-07 9467 0.0051472141776698 0.229501274602848
0.99 2D 546287216.222222 546291532.777778 1.87505626657577e-07 5259 0.0134892612112569 0.0636925397823138
1 2D 551583109.428571 551592240.142857 2.09294268841949e-07 1920 0.00587204974479167 0.228328759128794
1.01 2D 554416896.9 554420988.6 2.13474401348894e-07 2879 0.007623555036471 0.0661872585679229
1.02 2D 557642238.833333 557645624.666667 2.28213774600525e-07 2134 0.0169795954686036 0.0933386059352683
1.03 2D 563171833 563175821.4 2.58451061418587e-07 1629 0.00961907314303254 0.146237119064297
1.04 2D 566070757.5625 566075445.5625 2.72369242747468e-07 7528 0.00753328590196599 0.0853516945402749
1.05 2D 571462807.666667 571468189 3.05551977132863e-07 5305 0.0105425772704995 0.0608647187949046
1.06 2D 575429585.571429 575433924.714286 3.38367780731426e-07 2634 0.0146332108390281 0.0975443996684469
1.07 2D 578283465.454545 578288580.818182 3.75736673698848e-07 3835 0.0106042209934811 0.173884562911098
1.08 2D 580098861.2 580102761.2 4.01939661389374e-07 1611 0.0178042236623215 0.124474078091665
1.1 2D 585027450.8 585030228 4.26168723987482e-07 532 0.0150489508646617 0.0854110373087657
1.11 2D 587787334.2 587792096.8 4.20638506116758e-07 2160 0.0298838308796296 0.0351289849550702
1.12 2D 589321228.5 589325496 4.19777401707086e-07 983 0.00815765623601221 0.0862682560838865
1.13 2D 590408254.571429 590413421.428571 4.17722032826896e-07 2767 0.0105339013552584 0.276825123769033
1.14 2D 593242622.571429 593248907.142857 4.17008643891913e-07 2893 0.0052517255686139 0.0520887116359886
1.15 2D 595194580.1 595199153.3 4.21985719447691e-07 3207 0.0159071606735267 0.085968251682096
1.16 2D 597866567 597871992.25 4.41277899248485e-07 1871 0.00291672030090861 0.253727926423546
1.17 2D 601135277.875 601140964.5 4.64189157282248e-07 2853 0.0156529766491413 0.103432141828116
1.18 2D 604892974.333333 604896744 4.69994487002012e-07 717 0.014469780334728 0.0268987051116247
1.19 2D 607186719.5 607192359.5 4.81137200018254e-07 2208 0.00727008904981884 0.143870282998501
1.2 2D 608963772 608969807.909091 4.86051277524856e-07 5119 0.013244559988279 0.0717169821924867
1.21 2D 610734066.75 610738023.25 4.83280566285029e-07 1511 0.00130687743216413 0.145001736473509
1.22 2D 612034540.666667 612038995.333333 4.76627252408503e-07 1058 0.0217365779773157 0
1.23 2D 613330214.6 613336846.8 4.65811753252994e-07 1997 0.00532247521281923 0.102725191394134
1.25 2D 617297775.444444 617303005.555556 4.07366518096609e-07 3569 0.023190727811712 0.069822130518846
1.26 2D 620107936.6 620111839.2 3.85384392071976e-07 1342 0.0201498699329359 0.0535205552992248
1.27 2D 622337427.125 622344533.875 3.54138728830646e-07 1416 0.0254674373870056 0.0836747890328483
1.28 2D 624852483.888889 624856882.555556 3.30292938364326e-07 2789 0.0217838487845106 0.0704797439847699
1.29 2D 627949811.4 627954434.133333 3.00810967261587e-07 5523 0.00613918528173094 0.131718611798355
1.3 2D 634283234.32 634288190.96 2.40201846165966e-07 7205 0.0108732382720333 0.0770637367125451
1.31 2D 645250340 645255168.807692 1.77648760013007e-07 19695 0.015420944345773 0.0800871751520642
0 3D 2136342.33333333 2142140.33333333 9.0576868307133e-07 3631 0.0174034698132746 0.0617410817098544
0.01 3D 3856195.83333333 3861720.66666667 9.28670178184707e-07 1348 0.026227430504451 0.0779261678902224
0.02 3D 6171465.375 6176247.8125 9.65617076280099e-07 3251 0.00787961465702861 0.112422171892281
0.03 3D 7194202 7199190 9.80623131421058e-07 2949 0.000828464249576127 0.312009906319482
0.04 3D 8767690 8775183.5 1.00086066952729e-06 1220 0.0300999442622951 0.0186047941050596
0.05 3D 8971249 8975091 1.00320593344541e-06 290 0.0600162 0
0.08 3D 11644920.4285714 11650289.4285714 1.02722664855147e-06 1836 0.009842201416122 0.174193519217835
0.09 3D 12187146 12191708 1.02878269998627e-06 258 0.0727732 0.0122530821786042
0.1 3D 13328042.6 13333169.2 1.05414211050115e-06 1262 0.0175254500792393 0.0146996697309297
0.11 3D 13986211.6666667 13988941 1.06382208969925e-06 336 0.00250965464285714 0
0.12 3D 14614832 14617981 1.06990658424687e-06 477 0.0236409935010482 0.0739191160321411
0.13 3D 15204868 15207555 1.07220696982216e-06 158 0.0423174 0
0.14 3D 16404639.6 16409914.6 1.0937012511935e-06 1748 0.00786286049771167 0.0336258614460794
0.15 3D 16875344 16879596 1.09663655997172e-06 41 0 NA
0.18 3D 19744891.5 19747444.5 1.10470879804918e-06 225 0.0103140266666667 0.29839741866093
0.19 3D 21004883 21005972 1.20693226838003e-06 111 0.00655738 0
0.2 3D 22047120 22052398 1.26047788850451e-06 385 0.0457537285714286 0
0.21 3D 22256486.4 22261704.2 1.26630029306036e-06 1231 0.0247643510154346 0.0885554267279089
0.22 3D 23112796 23116005 1.27428646512039e-06 282 0.0196229773049645 0
0.23 3D 23669446 23673272.5 1.26522617057576e-06 449 0.0189835100222717 0.0334754368930672
0.25 3D 25126814.5 25130889.5 1.18811242126333e-06 771 0.0254121036316472 0.0293825691556572
0.26 3D 26215820.5 26219240.5 1.08021369422023e-06 424 0.00386495349056604 0
0.27 3D 26449214 26453950 1.05144118125485e-06 215 0.0306954 0
0.29 3D 28505632 28510800 8.69427504557903e-07 98 0.0401003 0.0365383800121196
0.3 3D 29202107.3333333 29207487.3333333 8.28266431647373e-07 692 0.0184968026011561 0.051281739257638
0.31 3D 30047990.8 30054328.8 7.87871759745512e-07 2060 0.0142933108737864 0.0557523979137175
0.32 3D 31473206.75 31477207.5 7.32991354853131e-07 1005 0.00672034726368159 0.100030314116971
0.33 3D 33239028.6666667 33247311.6666667 6.89323078927085e-07 2381 0.00187394528769425 0.103149665218485
0.34 3D 36651011.8888889 36655244.3333333 6.09704346960461e-07 2105 0.022689964152019 0.0810870764969299
0.35 3D 39945773 39950118.8571429 5.51469568563383e-07 1912 0.0223586989539749 0.05894778841285
0.36 3D 42267140.3333333 42270849.8333333 5.3521986261196e-07 3695 0.0273485756860622 0.0690851737113557
0.37 3D 44501575.1875 44506849.8125 5.52496843967507e-07 4301 0.0195004830155778 0.0685748756237325
0.38 3D 46681624 46688965.5714286 5.33019850020113e-07 3353 0.00619177937071279 0.103643765521236
0.39 3D 49052952.4444444 49057272.2222222 4.97730565394064e-07 3110 0.017044315562701 0.058928609429702
0.4 3D 50775001 50783419.5 4.73111594922756e-07 972 0 NA
0.41 3D 51688592 51696138 4.60390894673247e-07 305 0.00168919 0
0.42 3D 53744274.3333333 53748709 4.32801053302855e-07 1432 0.00516718910614525 0.157647742629593
0.44 3D 57504916 57509084 3.85461310908385e-07 451 0 Inf
0.45 3D 58617805.75 58623329.75 3.7229019163749e-07 1434 0.00720204261506276 0.0640300844412833
0.46 3D 61585853.2857143 61590516.5714286 3.38883058692952e-07 2017 0.0130745260981656 0.0702585752409199
0.47 3D 63984062.3333333 63988127.6666667 3.13851914290553e-07 1639 0.00253991409395973 0
0.48 3D 67004189.2 67010850 2.84764840867626e-07 4054 0.0119559411026147 0.0913640236199877
0.49 3D 70298044.6666667 70304319.1111111 2.55447398725234e-07 3801 0.00399383563799 0.203930363214851
0.5 3D 82357296.2903226 82362962.9354839 1.81926937256404e-07 11620 0.00622051946919105 0.149861819989465
0.51 3D 93256397 93264153 1.26350710440072e-07 604 0 Inf
0.52 3D 93482623 93485024 1.25360364035288e-07 114 0.0045045 0
0.53 3D 94978836.2 94983043.6 1.18856220137835e-07 1776 0.00519769740990991 0.173665577574165
0.54 3D 96290314.5714286 96293621.1428571 1.13322837126706e-07 990 0.0146327985454545 0.160027805972361
0.55 3D 109863146.818182 109868461.090909 6.743113717675e-08 14883 0.0021340111576967 0.22738402509297
0.56 3D 131924425.045455 131930054.681818 2.61506205480027e-08 14642 0.00547566295437782 0.116620878509847
0.57 3D 148159077.84375 148163678.09375 2.60013107222902e-08 8535 0.00296061464089045 0.171005218316666
0.58 3D 166923889.982759 166929740.103448 2.65044574891738e-08 17881 0.00194219731547453 0.234067695304815
0.59 3D 246333868.522876 246343308.039216 1.79982754207218e-08 61435 0.000511709270806544 0.374555465958705
0.6 3D 308388911.365079 308395293.507937 3.95176547560854e-08 19802 0.00121301266235734 0.307414736136268
0.61 3D 328056511.159091 328062646 3.47549404610668e-08 16881 0.00161417919311652 0.368183750105666
0.62 3D 344745241.333333 344751235.520833 3.94094131370291e-08 17763 0.00326157587941226 0.155171201633274
0.63 3D 366813859.35 366819605.875 6.7077801064002e-08 27374 0.0052723002274421 0.113841163603604
0.64 3D 385822654.955556 385827958.222222 1.07872284059979e-07 14451 0.0050396860221438 0.12594852869664
0.65 3D 396440078.304348 396444594.043478 1.38601903746908e-07 7189 0.00600556223118654 0.116368502148394
0.66 3D 402553511.473684 402558868 1.60098715218724e-07 5235 0.000637366716332378 0.258979235589067
0.67 3D 409639683.583333 409646509.416667 1.8981644536633e-07 4294 0.00336902999534234 0.166132241110063
0.68 3D 415016338.92 415021242.04 2.07306149255112e-07 9946 0.00682475936456867 0.131943050394756
0.69 3D 420439851.6875 420447042.8125 2.19650925000998e-07 6562 0.00711938628466931 0.0532417086846898
0.7 3D 426149346.111111 426157372.777778 2.26936433879107e-07 9762 0.00493885193198115 0.175199090360567
0.71 3D 429887376.25 429891518.25 2.35700487513886e-07 4449 0.00799669721510452 0.153650023917733
0.72 3D 434162039.333333 434166691.666667 2.4812500411699e-07 2253 0.00762005065690191 0.160186649407538
0.73 3D 437909160.076923 437912618.384615 2.5714138928248e-07 3580 0.00633961318994413 0.0849307395797524
0.74 3D 441115808 441120349.153846 2.6339431159006e-07 4763 0.00497968326894814 0.164210059581335
0.75 3D 444131008.25 444137269.166667 2.68188794523495e-07 4444 0.0038664815740324 0.32504353809693
0.76 3D 447662145 447667270.285714 2.72283945659258e-07 2942 0.00624837014955813 0.0384182749909964
0.77 3D 450595713.2 450601919.2 2.74553302710462e-07 1662 0 Inf
0.78 3D 454487808.285714 454491835.714286 2.78129940633946e-07 2598 0.0051395467013087 0.243264386640593
0.79 3D 456702100.125 456705712.625 2.80093146754409e-07 2397 0.0121154385064664 0.0847224065946523
0.8 3D 459710577.461538 459716855.692308 2.8188677341214e-07 4475 0.00861295758659218 0.129664813949076
0.81 3D 462445934.545455 462449789.545455 2.82658802862214e-07 2144 0.0182529161940299 0.0682951593950371
0.82 3D 465580745.833333 465585580 2.82604903586675e-07 2484 0.00322009069645733 0.106895982412174
0.83 3D 469486658.090909 469491177.090909 2.81029926159402e-07 3619 0.0139463996601271 0.0636212334370636
0.84 3D 473158796.888889 473163293 2.78068713062394e-07 2305 0.00624431407809111 0.0396114776577358
0.85 3D 477257485.454545 477264396.545455 2.73015284568641e-07 3165 0.00435477722116904 0.115426740074131
0.86 3D 480821623.125 480825375.5 2.66522454440024e-07 1879 0.00569057114954763 0.538581298145598
0.87 3D 484515463.5 484520770 2.5180195628502e-07 2332 0.0120275773885077 0.0254810731207654
0.88 3D 488031865.363636 488037038.909091 2.40362411747514e-07 3590 0.0173980892089136 0.0716026107849599
0.89 3D 491407612.5 491413331.5 2.3518138197474e-07 2271 0.00552839314839278 0.101806342063681
0.9 3D 497204720.772727 497209062.5 2.40212517309562e-07 6007 0.0152894063525886 0.0636512823987786
0.91 3D 502178296.785714 502183522 2.44390216197287e-07 4481 0.0107831290939522 0.10330390226128
0.92 3D 506373629.153846 506379088 2.31165380610564e-07 6069 0.00848059343417367 0.0706011243222496
0.93 3D 509981493.923077 509985549.846154 2.30280299810506e-07 3590 0.0145803980362117 0.132759121623721
0.94 3D 514662349 514667321.375 2.45051152883419e-07 5395 0.00312852208526413 0.119177563678791
0.95 3D 518048653.6 518052692.9 2.54885145762617e-07 3084 0.0113495479312581 0.0780637562330421
0.96 3D 522549799.375 522554326.875 2.6062472529218e-07 3613 0.00682995613340714 0.149067545888884
0.97 3D 526004876.230769 526011043.615385 2.66160318953e-07 4687 0.00228470254917858 0.103511450097334
0.98 3D 530569047.777778 530574067 2.8857282226204e-07 2931 0.00417895265097236 0.0211576130766375
0.99 3D 533919006.6 533922832 3.04084163546322e-07 1258 0.00596873109697933 0.142805812723226
1 3D 536311117.625 536316341.25 3.17686614814747e-07 2993 0.00876916995990645 0.0536903291420609
1.01 3D 539700012.333333 539704809.666667 3.44352132423341e-07 1465 0.00557191027303754 0.0750854696428246
1.02 3D 542677587 542679824.666667 3.74723327562434e-07 610 0.004322652 0
1.03 3D 544220721.75 544224549 3.96231946072719e-07 2009 0.00257844155798905 0.0545021263331207
1.04 3D 546838123.470588 546842484.529412 4.40924594290536e-07 5512 0.0032172067670537 0.0851569551824295
1.05 3D 549111040.833333 549115715.333333 4.69363305792512e-07 1397 0.00138489926986399 0.144336701937725
1.06 3D 551967313.285714 551971685.142857 5.09148214873071e-07 2029 0.00372752207984229 0.0684719607880444
1.07 3D 554739078 554744089.5 5.55973483690843e-07 1480 0.0189658923378378 0.15941600122786
1.08 3D 556367937 556374911 5.63903942084576e-07 2656 0.00967863568900602 0.0536626848940808
1.09 3D 559111308.666667 559116706 5.23846598974477e-07 1829 0.00428132193985785 0.263943237922891
1.1 3D 560218285 560221948.5 4.92486722603566e-07 508 0.0033661394488189 0.217391719400231
1.11 3D 561276693 561280072.5 4.63484099571129e-07 373 0.0100769778016086 0.154871952544434
1.12 3D 562577524 562581206.333333 4.22045350991373e-07 755 0.00597603629139073 0.315010064257968
1.13 3D 563859404 563862422 4.04488467915164e-07 305 0.0172846 0.305624660102056
1.14 3D 566710509.428571 566715499.428571 4.28039955379212e-07 1363 0.00737669295671313 0.247013517669943
1.15 3D 570474217 570477604 4.3110042430928e-07 472 0.0102757288135593 0.219902378156195
1.16 3D 574410331.2 574414395.6 4.85954269596067e-07 1439 0.0175671933287005 0.0238053513357658
1.17 3D 575959871.75 575966108 6.34238375255107e-07 997 0.00229869209628887 0.303295884072615
1.19 3D 578826395.5 578831062.5 8.01241823572524e-07 225 0.006620684 0.309522339383665
1.2 3D 579726218 579733444 8.40535912502353e-07 55 0 NA
1.21 3D 580723141 580725966 8.77186162679173e-07 113 0.00449978761061947 0
1.22 3D 581523896 581528198 9.01712139506204e-07 255 0.0161102 0.0891236607863341
1.23 3D 581982416 581985246 9.29539331650329e-07 173 0.00458891 0.288552183416105
1.24 3D 583323915 583329114 1.03812073296735e-06 435 0.0169811 0.0388492500485834
1.25 3D 584131388 584138021 1.09321094369105e-06 2088 0.0127837189655172 0.0853064972204153
1.27 3D 586106048 586114994.333333 1.17064205812015e-06 1379 0.00909613414068165 0.0479442352458766
1.28 3D 587075856.5 587079438.5 1.1781419324023e-06 381 0.0165090094488189 0.0458616678976815
1.29 3D 587634055.666667 587639570.666667 1.17274057191159e-06 1113 0.0492257579514825 0.0797154330954711
1.3 3D 588393624 588396164 1.15647821665452e-06 235 0 NA
1.31 3D 589663030.666667 589667179 1.11199595136209e-06 429 0.0136087902564103 0.100623915946882
1.32 3D 590567618 590573951 1.11602111033092e-06 707 0.0233665888118812 0.0969327589502667
1.33 3D 591640763 591649997 1.10638708702691e-06 872 0.0314799972591743 0.0354510878367545
1.35 3D 593152520.5 593157572 1.09448022681176e-06 104 0.0421262019230769 0
1.36 3D 594619492.333333 594624752 1.07929252576513e-06 1015 0.0333278385221675 0.0982694817289403
1.37 3D 595065084.5 595070126.25 1.06306744810928e-06 1521 0.0388239570677186 0.0539099101065936
1.38 3D 596912028 596915547 9.73379670328619e-07 202 0.0754951 0.0438721188527467
1.39 3D 597485531 597490492 9.40581881270846e-07 25 0 NA
1.4 3D 598533484.666667 598537001.333333 8.9677321944778e-07 804 0.0573043803482587 0.0310826339762718
1.42 3D 600123710 600126996 8.54213563703903e-07 240 0 NA
1.44 3D 601917967 601925473 8.39242228673895e-07 411 0.0492824394160584 0.176548621085357
1.45 3D 602901760 602907734.25 8.47085211805998e-07 860 0.0266525375581395 0.117515428948881
1.46 3D 604234749.461538 604240016.153846 8.48669411998036e-07 4999 0.0267671821164233 0.0578092644228077
1.47 3D 606998585.6 607003262.133333 8.33423372691355e-07 4737 0.00574440422841461 0.0819862431840273
1.48 3D 609445466.833333 609449613.833333 8.13112728046482e-07 2171 0.0291555067526485 0.131325963833097
1.49 3D 610224029.4 610228390.2 8.0995456228223e-07 1449 0.00472057585231194 0.0628617994125043
1.5 3D 611301709.4 611305165.4 8.05164246915804e-07 1185 0.00814502803375527 0.16854847086637
1.51 3D 611673342 611674917 8.03322383605504e-07 134 0.0173651888059702 0.201862587240823
1.53 3D 612895337.333333 612903661 7.96478879097333e-07 1390 0.00932390794964029 0.157939449857304
1.54 3D 613608904.5 613615381.75 7.91975749523539e-07 2315 0.0103530383585313 0.0313221602941924
0 4D 1864735.94117647 1868955.70588235 2.03960820210985e-06 4988 0.00495841909983962 0.155305318763026
0.01 4D 4517321.6 4522390.8 1.93361247779379e-06 2157 0.00111497296244784 0.564815615462721
0.03 4D 5633815.42857143 5638913.28571429 1.88569968451537e-06 1585 0.0191740228706625 0.0656409710150608
0.04 4D 6038494.5 6042889.5 1.8685006317825e-06 895 0.0397255608938547 0.0415111689342778
0.05 4D 6492055 6495568 1.84932295239492e-06 168 0.0340426 0
0.06 4D 6585414.25 6590623.25 1.84534892686296e-06 1521 0.0211489317685733 0.0403753198642864
0.08 4D 7107798 7112439 1.82339986465315e-06 555 0.0116895 0.0701923093374396
0.1 4D 7746215.83333333 7751851.16666667 1.79603662194726e-06 3166 0.0123646716677195 0.0687449013930359
0.11 4D 8080319.5 8083759.5 1.78177085898453e-06 495 0.00158829406060606 0.292192099226569
0.14 4D 8700574 8706801.33333333 1.75524558742069e-06 749 0.00102467867823765 0.489537392900256
0.15 4D 8890176 8891654 1.74728245487831e-06 152 0.00652174 0.288944361474085
0.16 4D 9367049.16666667 9374203.66666667 1.72694070349573e-06 3595 0.00477094055632823 0.0827633884211843
0.18 4D 10254737 10259290.6666667 1.68955274965127e-06 753 0.0188695343160691 0.0203848963916648
0.2 4D 10993294.3333333 10997863.6666667 1.6586127525079e-06 894 0.0013953877852349 0.419589134123132
0.21 4D 11478793.5 11485046.5 1.63834311145706e-06 2085 0.00128935103597122 0.169389259908795
0.22 4D 11912850.4 11917794.2 1.62034826659809e-06 1178 0.00331111295415959 0.115994987051707
0.23 4D 12458543 12464968 1.59775350538049e-06 722 0.00645499427977839 0.19737082275148
0.24 4D 12577721.4 12581487.8 1.59289503461414e-06 1457 0.00215475813315031 0.863562207352256
0.25 4D 13176348.5 13180231.75 1.56828456907569e-06 1350 0.0114104940740741 0.0737714256149002
0.26 4D 13742305.5 13747041.5 1.54512140720857e-06 518 0.000973421718146718 4.85671886448403
0.28 4D 14608229 14611486 1.50994040881085e-06 212 0.0676856 0.0366807710945903
0.29 4D 15400385.6 15405554.2 1.47792529854487e-06 1592 0.0315761836683417 0.0275725694635112
0.3 4D 15854297.0714286 15859264.7142857 1.45970906377112e-06 3649 0.00926509843518772 0.0388499781479538
0.31 4D 16520795.875 16525513 1.4330423103707e-06 2945 0.00877711106960951 0.0253727988922074
0.32 4D 17449328.4 17454413 1.39343718769431e-06 2766 0.00635501722704266 0.0390787944823675
0.33 4D 19385990.7142857 19391464.2857143 1.31110482305559e-06 2351 0.00627034408336878 0.149063911128098
0.34 4D 20538853 20540667 1.26313709059818e-06 103 0 NA
0.35 4D 21503704 21510944.1428571 1.22334246773236e-06 4430 0.0163046692799097 0.0798925254788295
0.36 4D 22005673.25 22010299 1.20291579998222e-06 1286 0.0234507802488336 0.0326428258459495
0.37 4D 23301671.6 23308212.4 1.15060992171985e-06 2389 0.0284553276852239 0.00552996843980272
0.39 4D 25543653.4 25549597.6 1.06217418444491e-06 2201 0.00900144174011813 0.0348360294751248
0.4 4D 26662580 26668051.3333333 1.01898343318874e-06 2678 0.00222079345033607 0.118352845133435
0.41 4D 28760871 28768359.4285714 9.39603330742293e-07 5455 0.00611632862144821 0.0848821180899388
0.42 4D 30449128.8333333 30452975.8333333 8.72039827486293e-07 1674 0.00587725711469534 0.144556585368441
0.43 4D 32243614.9230769 32248840.9230769 7.45917746285811e-07 4007 0.00327788231095583 0.0855634380229734
0.44 4D 36079437.0714286 36085835.5 4.75029580258885e-07 4120 0.00137353497427184 0.0905808214163233
0.45 4D 40308777.125 40312929.25 2.63629817705656e-07 2368 0.0130662016891892 0.0554872784725146
0.46 4D 43610890.3 43616738.55 1.68887145217179e-07 6544 0.00154438071821516 0.216624403265145
0.47 4D 48550365.9 48555859.2 1.29219460224799e-07 2973 0.00880144301042718 0.0915136344564041
0.48 4D 52306385.6 52310508.7 1.55861829537359e-07 2694 0.00239077601336303 0.0797105436118286
0.49 4D 55417203.3636364 55423065.8181818 1.53374246784197e-07 2299 0.0112921073597216 0.0622237709170809
0.5 4D 58515624.1111111 58522053.2222222 1.05835004043992e-07 3462 0.00116092262853842 0.54249129859248
0.51 4D 75251658.8148148 75257749.2839506 6.75353639632024e-08 31077 0.00662183590430222 0.120564756146671
0.52 4D 95964776.2692308 95970607.0769231 5.36864013372214e-08 11962 0.00376922039583682 0.145046906873111
0.53 4D 107144674 107150272.444444 5.41686708523799e-08 9092 0.00130905865376155 0.134598702710617
0.54 4D 140183763.833333 140190695.345238 2.13826608173531e-08 29580 0.00163469068931711 0.186724333357791
0.56 4D 201896944 201905027 0 1108 0 Inf
0.57 4D 234897677.55102 234911057.244898 8.63003180174519e-09 23169 0.000355363450515775 0.637724254029034
0.58 4D 282291491.666667 282308346.222222 1.96879176843511e-08 7826 0.000689034285330948 0.410918933736278
0.59 4D 303727160.217949 303733584.089744 2.26516675788524e-08 30859 0.00172789779117923 0.138727204583833
0.6 4D 337429965.281818 337434929.181818 2.84237609328802e-08 38772 0.00246865661828123 0.178645917836523
0.61 4D 366600135.766667 366605091.266667 8.77005051820904e-08 21138 0.00297041369050998 0.146608661891908
0.62 4D 378664355.266667 378669566.6 1.16620727580905e-07 5539 0.00715969184148763 0.110208361117094
0.63 4D 381103107.6 381107820.1 1.272976506403e-07 4555 0.00137689629198683 0.0225741133400456
0.64 4D 387913260.6 387917840.85 1.17625992985214e-07 6103 0.00547047622480747 0.296466525549371
0.65 4D 395549517.222222 395554546.259259 1.11638550588025e-07 6749 0.00269852973181212 0.130989007148367
0.66 4D 406457483.421053 406463463.973684 1.25199664263991e-07 13413 0.0038400881182435 0.0958180150517352
0.67 4D 418405532.076923 418410940.576923 1.5226736463914e-07 9587 0.00415123028371753 0.109475418972016
0.68 4D 423014123.909091 423019587.545455 1.64825113555872e-07 3084 0.00401955136835279 0
0.69 4D 428301550.526316 428307194 1.80543646934423e-07 7008 0.00495138358804224 0.0806030737651977
0.7 4D 432753003.428571 432757153.285714 1.94874979438095e-07 1815 0.0062600075261708 0.14581382587271
0.71 4D 435918974.642857 435924303.785714 2.05715310750188e-07 5139 0.00765767347927612 0.0874192906434728
0.72 4D 440631259.923077 440636094.615385 2.14731688926595e-07 3812 0.00801975945697796 0.101589534150044
0.73 4D 444842881.6 444848430.2 1.99869761307579e-07 4682 0.00577197837676207 0.303777532917438
0.74 4D 449399837.266667 449404449.266667 1.97311460985416e-07 5031 0.00906192906181674 0.0858199455646099
0.75 4D 455683487.933333 455686885.466667 2.53669756215988e-07 2588 0.0133518960085008 0.0727718949971229
0.76 4D 459364046.571429 459367655.571429 3.2931232925418e-07 1540 0.00411874998701299 0.315185613038837
0.77 4D 460732295.333333 460735882.5 3.66483483469965e-07 1711 0.0131143280537697 0.0717484607884872
0.78 4D 463109700.666667 463114817.444444 3.94007421456577e-07 2786 0.0119800658255564 0.210423845568498
0.79 4D 465466367.571429 465471434.571429 3.73768445720967e-07 1828 0.00814836870897155 0.106185238242233
0.8 4D 468697272.769231 468702235.615385 4.10926395769591e-07 5535 0.00440460455284553 0.243259015647344
0.81 4D 469990877.5 469993496.5 4.45538278667921e-07 187 0.00435226352941176 0
0.82 4D 473877951.214286 473885079.428571 6.34098518730124e-07 5602 0.00633408825955016 0.110465106194807
0.83 4D 476129838.333333 476135062.333333 7.91867254770627e-07 1029 0.00834701217687075 0.158451001187086
0.84 4D 477103259.166667 477110754.833333 8.73030953261366e-07 2539 0.0115976416526191 0.0642886744222341
0.85 4D 478082578.166667 478088044 9.61762906747749e-07 2518 0.00465578001588562 0.238401013995595
0.86 4D 479200210 479203318 1.07170691987849e-06 303 0.00251733696369637 0.493847642179363
0.87 4D 479818594 479826531.5 1.1369360031931e-06 1500 0.004210261658 0.108676215201635
0.88 4D 480858184 480862053.333333 1.3332685499517e-06 913 0.0136229200438116 0.145493722164325
0.89 4D 481141485 481145813.4 1.4131474373275e-06 1494 0.00456108993975904 0.0332120522279929
0.9 4D 481889337 481893131.333333 1.57610075029185e-06 1200 0.0149636375 0.0827393361629706
0.91 4D 482550349.166667 482557947.833333 1.57462409394572e-06 2674 0.0116148833208676 0.0223390917914813
0.92 4D 483091355.25 483096291 1.48328678835454e-06 1707 0.00811799789103691 0.0165653631948175
0.93 4D 484057699 484061283 1.41831254500717e-06 977 0.00176701575230297 0.974615523577131
0.94 4D 484546014.571429 484551224.857143 1.37749281188519e-06 1633 0.0175389039191672 0.109464783356378
0.95 4D 485520708 485526115 1.28143772180179e-06 353 0.0372454 0.0690187244599333
0.97 4D 486184209 486189655 1.20403797515865e-06 305 0.0668686 0
0.98 4D 486882017.571429 486884881.714286 1.11234234211032e-06 1607 0.014947986372122 0.0770891485526658
0.99 4D 487396148.333333 487398959.666667 1.03766280332126e-06 300 0 NA
1 4D 489337284 489341058.4 6.38196879343294e-07 1398 0.0127746384120172 0.0339035366283825
1.01 4D 493987807.571429 493994716.142857 4.89721247942259e-07 2479 0.0167434860548608 0.077679420149293
1.03 4D 497132907.5 497137475.25 8.9333312284132e-07 1023 0.0129918271260997 0.222655554529896
1.04 4D 498048734 498051771.75 9.97634798734817e-07 568 0.00532901408450704 0.0941887428639391
1.05 4D 498585442 498593011 1.05683436446447e-06 725 0.0156320355862069 0.146466314118616
1.06 4D 498914358 498920511.666667 1.09217865964798e-06 2032 0.00626887141240157 0.0516591566379182
1.07 4D 499445385.666667 499450275.333333 1.12866169216909e-06 1213 0.00246394487221764 0.0758335366419375
1.08 4D 500148022 500161406 1.1897877741121e-06 2438 0.00349101337161608 0.0673371555931974
1.09 4D 500770104.5 500774487.5 1.30943024118865e-06 604 0.0211065158940397 0.0896588022047364
1.1 4D 501318167.5 501322494.5 1.47447382317567e-06 590 0.0181663074576271 0.0403120084084885
1.11 4D 502405108.5 502408727.625 1.94240708038437e-06 2018 0.0144839010901883 0.0975554261529916
1.12 4D 504132509 504136933.666667 2.59149617670366e-06 2494 0.012548947425822 0.121467313625189
1.13 4D 504339499 504344372 2.77226059342016e-06 362 0 NA
1.16 4D 505341573 505344180 3.10293340990893e-06 412 0.0659482597087379 0.0823643421109436
1.17 4D 505427738 505432457 3.07149578258463e-06 711 0.00436309 0.578677038520865
1.22 4D 506167612.5 506170110.5 2.41585076838613e-06 220 0 NA
1.23 4D 506463560 506466966 2.20961466909972e-06 478 0.0111443 0.174184112057285
1.25 4D 508729076.2 508735455.25 1.26137450441095e-06 10093 0.00729613848172 0.125801862229516
0 5D 554527 558722 NA 563 0.0305085 0.0954114427126866
0.01 5D 935699 941610 9.27956340645568e-07 462 0.00353982 0
0.02 5D 1863397 1865475 8.97970747667255e-07 109 0.00783673 0.42708119330384
0.03 5D 2665246 2670782.33333333 8.70685401837319e-07 1064 0.012898199906015 0.111409253667858
0.04 5D 3751055 3754819 8.31992570198418e-07 390 0 NA
0.05 5D 5194822.5 5198704.5 7.77194484988952e-07 250 0.0627577696 0.0245309419026899
0.06 5D 5900671.5 5910466 7.48903276855727e-07 1465 0.0282754552901024 0.0443063852917261
0.07 5D 7005753.66666667 7011077.33333333 7.03099065471512e-07 1563 0.0173285044145873 0.0489209882271794
0.08 5D 7572760.5 7583453.5 6.78546249895723e-07 927 0.00589493914778857 0.165979708347236
0.09 5D 8370342 8380319.57142857 6.43236529052004e-07 2389 0.002739234830473 0.173661139380643
0.1 5D 9120488.5 9123721.5 6.0946554404295e-07 464 0.00804322607758621 0.0991982153326762
0.11 5D 10132233 10137917.5 5.71441657691453e-07 735 0.0087215490340136 0.143857513023017
0.12 5D 13996441.6153846 14001989.5384615 4.48124110478094e-07 4623 0.00554816340038936 0.181055071340856
0.13 5D 22656590 22661429.2 2.40333808586962e-07 1561 0.00832191788597053 0.0880719812051283
0.14 5D 25300148.3333333 25303774 3.63833066396309e-07 826 0.00774585007263923 0.0702901872241466
0.16 5D 28607807 28613392.6 4.19866846595022e-07 2102 0.0213710194766889 0.0972605792556744
0.17 5D 30115396 30119401 4.57036293589867e-07 674 0.00815318 0.0520058431188812
0.18 5D 33191592.25 33196955 5.68049880110395e-07 2227 0.00857432305343511 0.0590445414120554
0.19 5D 36194273.2 36198274.2 6.55096126950729e-07 1315 0.010698803148289 0.129727110217099
0.2 5D 37336738 37344677.5 6.81911976625979e-07 1447 0.0109359973047685 0.0148168459038236
0.21 5D 40182723 40184556 6.73927759926604e-07 86 0 NA
0.22 5D 40779590.6666667 40783589.3333333 6.59031734753496e-07 309 0.0320374792880259 0.143093431498834
0.23 5D 41409671.6 41412857.2 6.53402603816419e-07 842 0.00850994918052256 0.140365375125869
0.24 5D 42481560 42483718 6.40608703814872e-07 289 0.0423879110726644 0.044569229574767
0.25 5D 43588072.75 43593123.75 6.16310375359721e-07 1415 0.00394936306713781 0.231428457344271
0.26 5D 44661271.6 44665022 5.94400086601776e-07 2076 0.0100142830828516 0.139559036229125
0.27 5D 45428201.5 45431453 5.91165724709243e-07 669 0.0275030600896861 0.15318585774763
0.28 5D 46309145 46312912 5.85361100772254e-07 289 0.050974 0.0316257307647036
0.29 5D 47023818 47035761 5.78025927267768e-07 513 0 Inf
0.3 5D 49499648.5 49505114 5.35212910316423e-07 1817 0.000534683447440837 0.385913333663483
0.31 5D 53071680.4 53075943.6 4.50647102257277e-07 3184 0.0070616546451005 0.097933903983426
0.32 5D 86897289.4076923 86902877.8230769 1.67410581065265e-07 46004 0.00814630757186332 0.113246818491154
0.37 5D 116958786 116968730 4.94930611113363e-08 937 0.0169806 0.0809370693615067
0.46 5D 117264378.5 117267745 4.86336184033483e-08 553 0.0087616226039783 0.312448850942978
0.47 5D 117342860 117345201 4.84124661441701e-08 53 0 Inf
0.52 5D 117739586 117745517 4.72853664508308e-08 500 0.00847458 0.0617800528167768
0.55 5D 119294495.181818 119299365.545455 4.2945635124253e-08 3729 0.0102809621292572 0.145035683820949
0.56 5D 136387251.522388 136394868.940298 1.45076374828746e-08 29297 0.00112383600942076 0.230012982811056
0.57 5D 184401231.962963 184412934.62963 0 11636 0.000970106985046408 0.19507060658651
0.58 5D 214414022.228571 214420346.057143 0 28009 0.00190216181516655 0.15715545769829
0.59 5D 255543165.37037 255549418.888889 8.15247394635573e-09 65069 0.00389493154349998 0.152073536212212
0.6 5D 288718945.840909 288723784.5 6.63846538170207e-08 13147 0.00537067550315661 0.0726708675337389
0.61 5D 299513839.642857 299518157.035714 9.9443916163124e-08 7816 0.00908571642784033 0.0984507878786131
0.62 5D 310542643.645161 310547171.870968 1.39737239063645e-07 8906 0.0161146420525488 0.0816202091526799
0.63 5D 320058469.235294 320064287.352941 1.88223650475869e-07 7264 0.00459871399421806 0.206173370793048
0.64 5D 326789355.2 326794455.666667 2.21303822107757e-07 4852 0.0072816663932399 0.10044440043053
0.65 5D 330641833 330648032.4 2.38860398123146e-07 1869 0.0167373931193151 0.0768857259917461
0.66 5D 334703031.666667 334710252.333333 2.58364006780026e-07 1636 0.0175349847982885 0.0328203971464433
0.67 5D 336958557.75 336965190.125 2.70339323966323e-07 2421 0.0224139393824866 0.0908797247238488
0.68 5D 339483600.666667 339488007.777778 2.8315044782881e-07 1517 0.00467277260382334 0.251605001884125
0.69 5D 342602224 342607312.666667 2.98233289160757e-07 1558 0.00540853833119384 0.098477669274401
0.7 5D 346122011.555556 346124914.555556 3.14105542872434e-07 2324 0.00963842696213425 0.0597691199160502
0.71 5D 350141483.461538 350144920.307692 3.30653289616795e-07 2674 0.00622237016454749 0.0587743411489693
0.72 5D 352235838.666667 352240107 3.38913976159643e-07 2021 0.0128713637506185 0.0863866690059767
0.73 5D 355335957.5 355341733.333333 3.51924305478804e-07 2777 0.00210285105869644 0.0636172338338762
0.74 5D 358235782.333333 358238645 3.65112230852837e-07 486 0.00144656296296296 0.550423965079137
0.75 5D 361494161.888889 361500068.777778 3.81161755746317e-07 2646 0.0147979780876795 0.0944973665763017
0.76 5D 364519729.6 364525173.6 3.97129071357369e-07 3147 0.00824162668891007 0.112846129509314
0.77 5D 366777509.142857 366781610.714286 4.09735083633499e-07 2009 0.0150709688203086 0.07241110688425
0.78 5D 369710848 369714404.25 4.26916197699256e-07 1328 0.00913642537650602 0.143196393418246
0.79 5D 371525899.636364 371530148.272727 4.38179820868451e-07 3117 0.0136444569201155 0.139943064383522
0.8 5D 373832243 373838247 4.53248748110798e-07 536 0.0040534 0
0.81 5D 375964389.777778 375969196.666667 4.66341598723258e-07 2334 0.0249654206426735 0.104108787058953
0.82 5D 377813945 377819011.5 4.77100846497692e-07 1337 0.0241271955871354 0.0313180328990951
0.83 5D 379262067.333333 379264805 4.85145275503796e-07 625 0.0206711912 0.264741066301007
0.84 5D 381653581.25 381657609.125 4.97579312912446e-07 1974 0.019049065704154 0.101056884278074
0.85 5D 384009808.285714 384015991 5.08926893144111e-07 2439 0.00131344947109471 0.133622779581626
0.86 5D 385219305.833333 385227675.166667 5.14359785560886e-07 2027 0.00501543290083868 0.140253324300454
0.87 5D 387157250.25 387161010.833333 5.22554910344825e-07 2806 0.00819360961154669 0.244952324959945
0.88 5D 389309538.333333 389313557.166667 5.30923951548999e-07 2848 0.0179826611657303 0.0992421224885027
0.89 5D 390500897.6 390505529.4 5.35216475893451e-07 1507 0.01465564366357 0.0464161759967357
0.9 5D 391729992 391737307 5.39398023765508e-07 248 0 Inf
0.91 5D 393845979.6 393849263.8 5.45963009837582e-07 1181 0.0112163773920406 0
0.92 5D 396329994 396333246 5.52711071160933e-07 932 0.0220615128755365 0.0972986915729673
0.93 5D 397000006.75 397006182.125 5.543426381223e-07 3730 0.0060469457613941 0.0369043376090394
0.94 5D 398462206.5 398468286 5.57656179867339e-07 961 0.0185736111342352 0.119495352415643
0.95 5D 399392119 399396375.25 5.59572010988179e-07 2049 0.00718718395314788 0.143646164780844
0.96 5D 400895699 400903146 5.62371298311859e-07 253 0.00207039 0.538463767695941
0.97 5D 402965730.666667 402972021.666667 5.65574725500021e-07 2221 0.00263440221071589 0.369990131323217
0.98 5D 405005104.25 405009604.75 5.67987002216676e-07 753 0.00948844807436919 0.100586289494345
0.99 5D 406419666.8 406424049.4 5.69296730432987e-07 1589 0.00492266854625551 0.0857079093101958
1 5D 408439089.571429 408443976.142857 5.70522119036927e-07 2507 0.0182039304986039 0.143297770378373
1.01 5D 409998923 410002643.5 5.71012003897723e-07 882 0.00215802664399093 0.125037004969319
1.02 5D 412977535.666667 412981689.444444 5.68514373308638e-07 1896 0.0214134110759494 0.0281850715454027
1.03 5D 415103078.625 415106616.625 5.54087772530228e-07 1988 0.00655018746478873 0.0533979280000763
1.04 5D 417698276.333333 417701935 5.41474071428352e-07 1272 0.0145066969339623 0.0642711324202168
1.05 5D 420791410.5 420797390 5.41984344825028e-07 1678 0.00311845292014303 0.0447706688090653
1.06 5D 422066480.571429 422070255.571429 5.47657832140075e-07 1685 0.0209589490801187 0.0447137929016827
1.07 5D 423500798.666667 423504975.666667 5.57520377712367e-07 3638 0.0104679254150632 0.121352940963959
1.08 5D 425895416.6 425898795 5.78467660180608e-07 1172 0.00416854317406143 0.0915736310919305
1.09 5D 426859681.25 426863766.5 5.84267465811225e-07 750 0 Inf
1.1 5D 429227180.75 429231400.375 6.07806378517797e-07 2688 0.0138311044940476 0.0688421976889904
1.11 5D 431552989 431565873 6.37144228952072e-07 1096 0.0128079821167883 0.697896825060992
1.12 5D 432634708.333333 432639077.666667 6.51795347104894e-07 667 0.025639216191904 0.0543494360202008
1.14 5D 435158977 435162885.333333 6.93187057894088e-07 426 0.0299866658215962 0.151380010403435
1.15 5D 436254284 436258562.666667 7.10902065722823e-07 1323 0.0135760718367347 0.111454603169844
1.16 5D 437593619 437598238 7.22635940720421e-07 851 0.0163881361927145 0.220097805268678
1.17 5D 439370873.333333 439375908.666667 7.36053387245915e-07 806 0 NA
1.18 5D 440937769.428571 440942091.428571 7.75664092973806e-07 1215 0.0143473422386831 0.0164289488268291
1.19 5D 443106015.111111 443111948.666667 8.20378805092701e-07 3723 0.0101248443943057 0.0881628574196851
1.2 5D 444304627 444308277 8.40354190211541e-07 590 0.0156861962711864 0.0249634474045506
1.21 5D 444936925.571429 444941864.714286 8.49391593405231e-07 3943 0.00729193796601572 0.0845512748326372
1.22 5D 445469952.5 445479078 8.56337958316823e-07 1445 0.0123582648442907 0.10346188553239
1.23 5D 446942068.666667 446947713.666667 8.71580008764194e-07 1898 0.00203832240252898 0.873756474957329
1.24 5D 448619375.8 448626514.4 8.82731464498303e-07 3931 0.00916375382854235 0.073843033458307
1.25 5D 450068520.833333 450070803.166667 8.87276449533396e-07 1257 0.00483604223548131 0.0467227561205434
1.26 5D 450673049.2 450679763.8 8.87546916636428e-07 2671 0.00483151511793336 0.37987659765571
1.27 5D 451492328.666667 451500220 8.86417398607958e-07 989 0.00160883481294237 0.286874253611864
1.28 5D 452226593 452231151 8.84169951391832e-07 860 0 Inf
1.29 5D 452624854 452629627 8.82332128035302e-07 1543 0 Inf
1.31 5D 453897045 453903021.6 8.73975745255533e-07 2580 0.00968462831007752 0.0145756708602101
1.32 5D 454586514.6 454590897.2 8.67759622560788e-07 2169 0.011237715988935 0.00960553127267414
1.34 5D 456459115.25 456464149.375 8.45098089942714e-07 3701 0.0229321641448257 0.108728458950794
1.35 5D 458009862.6 458014338 8.20142530790897e-07 1328 0.0148730013554217 0.119588078904476
1.36 5D 459489768.75 459495059.125 7.90239079932055e-07 2398 0.02054083058799 0.070555642985474
1.37 5D 461483395.642857 461488817.142857 7.4207803037781e-07 6686 0.00155367105145079 0.210386323981077
1.38 5D 464223586.076923 464230004.384615 6.57013184276212e-07 6748 0.00948962754890338 0.0937716493805039
1.39 5D 466427839.157895 466431878.052632 6.07696280795452e-07 5306 0.0100986720373162 0.047030024828049
1.4 5D 469677798.692308 469683021.846154 6.06520784597041e-07 5132 0.0060813807901403 0.132363366330457
1.41 5D 473394212.090909 473399275 5.40173498405076e-07 2729 0.00653713825577135 0.138318611283414
1.42 5D 475613916.333333 475618450.666667 5.20937074142692e-07 1901 0.00752319358232509 0
1.43 5D 477027576.7 477030713 5.17007778700761e-07 2108 0.00404157923624288 0.11272658352688
1.44 5D 478581093 478585688.75 5.19773784312768e-07 1332 0.00104378367867868 0.364497476141929
1.45 5D 479939783.666667 479944600.833333 5.28626889742898e-07 4097 0.00759652479131072 0.081632220425734
1.46 5D 481069022.6 481073304.8 5.40286388090207e-07 1659 0.000541873887884268 0
1.47 5D 481956524.5 481960920.5 5.52035104997045e-07 684 0.0134676368421053 0.0252737809752198
1.48 5D 483870616.333333 483873803.444444 5.86299483173858e-07 1940 0.00517010917525773 0.144410767293414
1.49 5D 486256172 486259754 6.43315962946232e-07 557 0 NA
1.5 5D 487102984 487107563 6.3060523074229e-07 955 0.00532737710994764 0.295557641820907
1.51 5D 488357895.454545 488362649 6.20329095374483e-07 2622 0.0214472245919146 0.122543606288696
1.52 5D 489791524 489796648 6.40567145248787e-07 2806 0.0162775435851746 0.0459336599910122
1.53 5D 491053147.875 491061135.25 6.67876369803167e-07 1962 0.0169788920998981 0.0749382115371811
1.54 5D 492668604.666667 492673779.333333 6.88850382930405e-07 1733 0.0163592107328332 0.0849732252809175
1.55 5D 493374503 493379740 6.95867823893632e-07 509 0.0174488 0.0513372266287653
1.56 5D 494801233.4 494807130 7.09492094315541e-07 1610 0.0122467248447205 0.0692196216029769
1.57 5D 496097672 496101091.5 7.21240866153497e-07 610 0.0022550642295082 0.213213526439631
1.58 5D 497549445 497555551.571429 7.33749169290535e-07 1899 0.00776888292259084 0.115927260773034
1.59 5D 498508764.833333 498522069.833333 7.41647373317633e-07 1787 0.0172637167151651 0.0650128483496495
1.6 5D 499582444.666667 499585398.333333 7.49994474313199e-07 587 0.00950208112436116 0.160993414726926
1.61 5D 500888155 500893130.25 7.5965761668375e-07 1602 0.00864176415106117 0.117243390007894
1.62 5D 501855467 501862602 7.66443717933105e-07 906 0.0116727370860927 0.0847152368155687
1.63 5D 503033477.5 503040049 7.74237982216962e-07 366 0.0223623680327869 0.0558316538737191
1.64 5D 503663583 503667476 7.78204523887457e-07 157 0.0248408 0.0366299797107984
1.65 5D 505335650 505338275.5 7.88052407145764e-07 130 0.0196437876923077 0
1.66 5D 506137795.666667 506145609 7.92453202993376e-07 2496 0.00382336049679487 0.299987124739385
1.67 5D 507787501.5 507791790.1 8.00730683425887e-07 3090 0.0102327391877023 0.124966884157753
1.68 5D 509423763.666667 509427935.333333 8.08014308950755e-07 402 0.0153003029104478 0.0852751920202692
1.69 5D 510066228.5 510067867 8.10577612803751e-07 369 0.00211984547425474 0.190507417718666
1.7 5D 511127069.6 511129779.8 8.14571568849118e-07 1519 0.00651328970375247 0.108655511689491
1.71 5D 512480253.166667 512485578.333333 8.19088937409168e-07 1620 0.005438586 0.215585563332677
1.72 5D 513980650.666667 513984445.666667 8.23302102200651e-07 792 0.0157593232323232 0.0775370311497507
1.73 5D 515260733 515264450.5 8.26308606031111e-07 826 0.0142555699757869 0
1.74 5D 517385508.333333 517390845.555556 8.29960840587813e-07 3106 0.0123712246877012 0.0656702793960632
1.75 5D 519350547.714286 519355240.428571 8.31965637248542e-07 2079 0.00591680641654642 0.0464037504911759
1.76 5D 520392706.833333 520398835.333333 8.32449803153773e-07 3895 0.00197129763722721 0.45435403045515
1.77 5D 521521725.333333 521525865.888889 8.32578700427837e-07 1907 0.0101134617619297 0.0545905821441194
1.79 5D 524648647.333333 524651993 8.30551408401474e-07 1006 0.00049941916500994 0.733464114814251
1.8 5D 526077617.3 526083205.5 8.45670061445054e-07 1866 0.0215633195819936 0.043724962882154
1.81 5D 527163316.111111 527170510.555556 8.81279562108152e-07 1989 0.0116723728104575 0.0772243046416713
1.82 5D 528715168 528721708.5 9.42424461233084e-07 3153 0.00625492110688233 0.0997373956807748
1.83 5D 529817388.375 529821862.625 9.79801889010148e-07 2126 0.00495728346190028 0.104259383959327
1.84 5D 530645503 530649282 1.00527589240408e-06 361 0.00132802 0.543029472447704
1.85 5D 532095069.75 532098818.75 1.04254044842156e-06 823 0.00251705052247874 0.398809424469684
1.86 5D 533199102 533204257 1.06538736692319e-06 284 0.0322328 0.0759648556749646
1.87 5D 534118653.6 534123069.6 1.08048907088133e-06 1985 0.0184459740050378 0.0587707700022677
1.88 5D 535066321 535069324.5 1.09279709744951e-06 271 0.00183982029520295 0
1.89 5D 536165543.5 536171696.5 1.10232029593749e-06 1132 0.0275135946996466 0.101950711856893
1.9 5D 536929579.5 536933467.5 1.10597401193e-06 789 0.00307158585551331 0.387902977949192
1.91 5D 537734844.5 537739179.333333 1.10770397164357e-06 2367 0.00545254461343473 0.0885868048678194
1.92 5D 538653755.625 538659921.125 1.10633602178207e-06 2648 0.00919802026435045 0.0363104907698256
1.93 5D 539134260.285714 539138492.857143 1.10423845160793e-06 2020 0.00290774400990099 0.190542159108787
1.94 5D 540067035.333333 540071295.5 1.09751963693164e-06 1565 0.00931752976357828 0.164983357955216
1.96 5D 541607250 541611954 1.07890040834517e-06 788 0.00261495241116751 0.111611109965265
1.98 5D 542957543.833333 542961639.5 1.04570906175806e-06 1616 0.0083682343440594 0.136257488991014
1.99 5D 543670560 543674137 1.02342095565522e-06 762 0.00737553884514436 0.36622274459559
2 5D 544421588 544424130 9.84860370231688e-07 596 0.000775283305369127 0
2.01 5D 545703789 545709491.6 9.05326032845065e-07 983 0.0296149015157681 0.0549126409159241
2.02 5D 546858664.5 546864554.4 8.02631601893182e-07 2440 0.00842203964754098 0.106895722799955
2.03 5D 548172624.5 548179013.5 7.17139217505174e-07 1674 0.00336155661290323 0.187457918512061
2.04 5D 549732469.375 549737147.5 5.89754143146472e-07 2113 0.00515133163274965 0.142055707954209
2.05 5D 551728923 551732362 6.32631731812271e-07 396 0.0187768545454545 0.201540097237702
2.06 5D 553551684.454545 553557297.909091 6.38841768542421e-07 3103 0.0114232232323558 0.154863196886814
2.08 5D 556611666.5 556618442 7.28282838627188e-07 864 0.0137585405092593 0.110583454098671
2.09 5D 557315528 557320008 6.25421896392787e-07 2273 0.00105356981522217 0.12082503663962
2.1 5D 558584951.125 558589787.25 4.67959231766193e-07 3768 0.00525083061836518 0.109116147081
2.11 5D 562810653.173913 562815872.869565 1.30838293037226e-07 10953 0.00248758105030585 0.245668507909991
0.01 6D 1650685 1653953.66666667 8.89717551411847e-07 455 0.00300160107692308 0.10949622937133
0.02 6D 2423237.75 2428054.625 9.42277043264507e-07 3439 0.00370167875196278 0.125024145729132
0.03 6D 3533774.5 3537672 1.03792476833417e-06 986 0.00356071064908722 0.187741313689831
0.04 6D 4543439 4547592 1.13172071411178e-06 1322 0.00145773136157337 0.560545579896842
0.05 6D 5994581 5999878 1.25870457516413e-06 267 0 NA
0.06 6D 6274077 6276905 1.26619979109519e-06 396 0.00522857075757576 0.112553538758458
0.07 6D 7064400.25 7071248 1.37391979154561e-06 1471 0.0212094450169952 0.170995683623965
0.08 6D 7549527.33333333 7552967 1.42397172207737e-06 449 0.00386400668151448 0.257763875271696
0.1 6D 8752619.85714286 8756501.28571429 1.46336059710047e-06 1094 0.0203221623400366 0.0786404761516655
0.11 6D 9353658 9359562 1.47929800219947e-06 883 0.010462130011325 0.0970611462093863
0.12 6D 10050674 10053982 1.44181339204918e-06 659 0.0156849492109256 0.122889964859879
0.13 6D 10801364.5 10807649.5 1.33241410739286e-06 2244 0.0164735204991087 0.0247009358182445
0.14 6D 12030149.3333333 12033287.6666667 9.47744971853567e-07 595 0.0270626742857143 0.0437388860536816
0.15 6D 13425282 13435503.5 1.00239359160733e-06 1021 0.0125983329578844 0.15479627357224
0.16 6D 14011245 14013443 9.78018039641642e-07 93 0.00842105 0
0.18 6D 15515266 15523093 8.8920674559036e-07 457 0.00447361877461707 0.0694444613194499
0.19 6D 16515869 16522772.2 8.46560123624608e-07 2509 0.000573429935432443 0.258671005335192
0.2 6D 17593534 17597565 7.55484433456643e-07 818 0 Inf
0.21 6D 20851450 20854447 9.01066297938728e-07 367 0.0188722 0.144823073091637
0.22 6D 21840290.5 21843500.5 1.11542019625222e-06 570 0.0271533305263158 0.236921946778859
0.24 6D 23784605.5 23788806.5 1.89486028851053e-06 1141 0.00858053861524978 0.0820075825422096
0.25 6D 24439300 24445791 2.06237684793939e-06 108 0.0275964 0.096975692481628
0.26 6D 24643765 24647753 2.09427810017561e-06 896 0.0153610257142857 0.0934327778799742
0.29 6D 25669429 25672905.25 2.13325838987132e-06 951 0.0105218395478444 0.0722187894799047
0.3 6D 25768796 25772530 2.12521360041817e-06 652 0.0376129088957055 0.0186946777662476
0.31 6D 26248306 26251079 2.05725222364537e-06 323 0.0112748396904025 0.0386904997890011
0.34 6D 27373079 27376272 1.84825202513985e-06 297 0.00517581414141414 0.1862775575963
0.35 6D 27672861 27676403 1.87258214300374e-06 17 0 NA
0.38 6D 29091373 29094640 1.85520789751643e-06 234 0 NA
0.4 6D 30281142 30285808 1.67262222065879e-06 579 0.00435224 0.11312519530173
0.41 6D 31999857.3333333 32004224.3333333 1.31688721036763e-06 514 0.00618213852140078 0.290520119591422
0.42 6D 32713531.6 32718019.2 1.25038460916268e-06 1336 0.0115524534431138 0.271704841347891
0.44 6D 34404194.25 34407384 1.09126720468617e-06 585 0.0160378981196581 0.0494307798971547
0.45 6D 35347898 35352416 1.00130969751929e-06 836 0.00542878349282297 0.218274125182909
0.46 6D 36801708 36806276.3333333 8.6149526207337e-07 1658 0.00400628517490953 0.121539784948464
0.47 6D 37795522.5 37800650 7.64951661996202e-07 489 0 NA
0.48 6D 39712624 39721402.5 6.37576924898503e-07 1494 0.00304358351539491 0.0313485982861834
0.49 6D 41985270.4 41992522.8 5.25886634796814e-07 1272 0.00897976213836478 0.0825894058994349
0.5 6D 48287516.8125 48292493.9375 4.07401633717366e-07 4710 0.00939021498726115 0.0576259191933073
0.51 6D 53449792.4285714 53455712.8571429 3.36206529986408e-07 3422 0.00954861571011105 0.43840791643344
0.52 6D 56036634.25 56041055.5 3.14481995736186e-07 1868 0.00967379170770878 0.154979582793383
0.53 6D 57582535.9090909 57587840.2727273 3.06283517171024e-07 3331 0.00555110332933053 0.223388431689736
0.54 6D 59318992.5 59325269.75 3.00608209339346e-07 2891 0.00484635489450017 0.0367393722647909
0.55 6D 60282059.2 60286964.4 2.99280762273639e-07 2005 0.00749789000598504 0.12961812691015
0.56 6D 61143342 61147557.5 2.99213135360742e-07 662 0.00878048006042296 0.137460186078093
0.57 6D 62495917.6 62501968.4 3.01317296314048e-07 2257 0.0113563573327426 0.0646617600352943
0.58 6D 65400128.7777778 65406600.6666667 3.14194961866644e-07 2495 0.00328492910621242 0.354176925761981
0.59 6D 67175469 67178299 3.28267559827723e-07 860 0.026258173627907 0.0665912305174529
0.6 6D 68922150.875 68928120.5 3.3580052550471e-07 1893 0.0157024905758056 0.0305631462598327
0.61 6D 72484125.4444444 72489045.2222222 3.33006118764211e-07 1097 0.00395792644484959 0.317080815115451
0.62 6D 75561064 75564067 3.29731010256053e-07 625 0.01911688848 0.0747309953444893
0.63 6D 78705091.3333333 78709676.3333333 3.27152970058046e-07 2523 0.018598172294887 0.0773141174227147
0.64 6D 83799204.6666667 83806321.75 3.07924741319806e-07 4371 0.00596950484328529 0.144364821672401
0.65 6D 88675484.8 88678884.1 2.63388886082916e-07 2246 0.00976617163846839 0.173891589771998
0.66 6D 91792867.1428571 91801035.4285714 2.36205749328164e-07 4452 0.00219807901752022 0.0731199877259158
0.67 6D 95669742.5 95676828.75 2.06310500736525e-07 1348 0.000383956023738872 0.709749540122594
0.68 6D 99480029.2 99484702 1.76894516482227e-07 4222 0.00424699515632402 0.243926436288219
0.69 6D 109343797.466667 109349968.777778 1.0723524285191e-07 14919 0.00179188817548093 0.170560267049176
0.7 6D 145819883.246377 145827568.094203 5.85077162294683e-09 45589 0.0013624147953673 0.242509471028992
0.71 6D 218496217.903226 218511985.451613 3.37172685663326e-08 15298 0.000790211073473657 0.075880582350289
0.72 6D 242880936 242890211.666667 6.46276688042999e-08 1182 0.000675874923857868 0.563336649458665
0.73 6D 247350667 247356069.5 6.95569282291163e-08 792 0.00204509098484848 0.140629508555984
0.74 6D 254177197.25 254184939.9375 7.66778520132962e-08 6096 0.000769192039370079 0.0498396770197908
0.75 6D 262868084.375 262874833.5 8.52765083321679e-08 3206 0.00111880799438553 0.384344181164896
0.76 6D 264595771.666667 264603157.333333 8.68915544266923e-08 1166 0.0012782927787307 0.252900507751353
0.77 6D 265173638 265180559 8.74251554173748e-08 362 0 NA
0.78 6D 267179605.222222 267184125.666667 8.92521340733904e-08 2064 0.0016953257994186 0.311945398949394
0.79 6D 270377673.5 270383572.9 9.20917090913383e-08 4301 0.00153112253429435 0.268744606842196
0.8 6D 273014650.222222 273018944.444444 9.43620785281461e-08 1568 0.000911357920918367 0.316189590435253
0.81 6D 276571428.2 276577052.7 9.73289223383219e-08 3064 0.00174923984334204 0.341159431789588
0.82 6D 277982259 277988953.666667 9.84736386696166e-08 846 0.00460991952718676 0.326319783759962
0.83 6D 283719925.333333 283724794.333333 1.0293857005017e-07 774 0 NA
0.84 6D 285850694.8 285854324.7 1.04514741670685e-07 1674 0.000899029510155316 0.768684425007877
0.85 6D 290284227.888889 290288724.888889 1.07674895317745e-07 2438 0.00119914945406071 0.13139797850751
0.86 6D 293241456.153846 293250531.769231 1.09680723936713e-07 4765 0.00922101201678909 0.0535186455189221
0.87 6D 297809186.111111 297815303.555556 1.12619569294589e-07 2790 0.000601017358422939 0.496247578247595
0.88 6D 304326941 304334001.8 1.16494056666404e-07 5883 0.00705050646676866 0.110380795260867
0.89 6D 307540616.7 307545204.85 1.18253374857529e-07 5512 0.00904166361030479 0.138925032259878
0.9 6D 314153725.631579 314158771.736842 1.21583737287459e-07 5289 0.00461278640574778 0.130732927121822
0.91 6D 319905036.95 319911208.15 1.24158933893934e-07 7082 0.00512076249505789 0.162563466217944
0.92 6D 328239111 328242896.363636 1.27360030078247e-07 2187 0.00308008559670782 0.182760364559729
0.93 6D 335868420.608696 335874592 1.29727097024302e-07 5942 0.000892292369235948 0.2277248627918
0.94 6D 350967918.981132 350972842.698113 1.29465911266973e-07 15568 0.0056459650713001 0.0777226879563531
0.95 6D 363646740.307692 363652742.5 1.27544043021793e-07 12299 0.00758645395682576 0.106356751463506
0.96 6D 371561844.866667 371567345.733333 1.50878722596865e-07 5047 0.00924418961561323 0.111638140754615
0.97 6D 375647554.428571 375653165.071429 1.72642382720481e-07 5879 0.00380825184980439 0.097301644828272
0.98 6D 379566215.375 379569880.5625 1.90964563068342e-07 4255 0.00230761810176263 0.243036444801708
0.99 6D 381908385.272727 381912308.545455 1.95444973822275e-07 2637 0.0103902908759955 0.130368855072112
1 6D 385468066.454545 385471959.545455 2.12204786875415e-07 2196 0.0204057167076503 0.0674916695017045
1.01 6D 387869400.375 387875249.5 2.30072633640925e-07 3190 0.0133221797586207 0.112220324419158
1.02 6D 392363991.095238 392368891.380952 2.51869799019661e-07 7105 0.0104553034342013 0.0939957600875954
1.03 6D 399988227.806452 399994253.935484 2.91579119112998e-07 14743 0.00679521736254494 0.0891558551131555
1.04 6D 405133631.888889 405138774.666667 3.39509482485946e-07 2633 0.0101860099886062 0.0606693941005291
1.05 6D 409692104.583333 409698331.5 4.54246061347362e-07 4307 0.00732738262827954 0.147460017647218
1.06 6D 412051115.5 412057638.5 5.11904300766219e-07 1956 0.00535221636503067 0.0837411952996507
1.07 6D 414306817.75 414312468.5 5.59523839472799e-07 2177 0.00716259146991272 0.132647860559123
1.08 6D 417754195 417758589 6.2590170990756e-07 300 0.016389 0.20437793642077
1.09 6D 419110184.5 419121575.5 6.49938996711635e-07 1515 0 Inf
1.1 6D 420393136.571429 420397379.142857 6.71427534404639e-07 1700 0.00769342454117647 0.120316678420172
1.11 6D 422166514.166667 422172160.5 6.99538248729156e-07 3082 0.00363124015898767 0.132340233268673
1.12 6D 423787812 423791388 7.23459289174813e-07 530 0.00294479 0.977261536476285
1.13 6D 424849028.666667 424855381.666667 7.38183648856648e-07 1542 0.0135393568741894 0.220920880402262
1.14 6D 426077660 426086136.75 7.54325726221284e-07 2488 0.00857091963826367 0.140510418631675
1.15 6D 427229630 427232724 7.68526755441912e-07 210 0.00729335 0.278178066320689
1.16 6D 428556271 428560661.5 7.82447748613365e-07 841 0.0180670211652794 0.150495532396326
1.17 6D 428980740 428985123.5 7.83097055421382e-07 2085 0.00180741534292566 0.0974528440056905
1.18 6D 429836321 429844955 7.85328968806466e-07 766 0 Inf
1.19 6D 430844082 430847579 7.89609160835545e-07 285 0 Inf
1.2 6D 431415908.857143 431421748.142857 7.92873749937632e-07 2243 0.0157945520998663 0.0518501670563093
1.21 6D 432542485 432550743 8.00914646001848e-07 2018 0.00412443869177403 0.0519114917481975
1.22 6D 433221803 433226852.666667 8.00295620713927e-07 995 0.00716014893467337 0.0407620110998533
1.23 6D 433972486.8 433977163.2 7.98884776765987e-07 1643 0.00894501466828971 0.0555813115376678
1.24 6D 434520082.571429 434523681.571429 7.99594865337815e-07 2063 0.00902247765874939 0.0423794848673253
1.26 6D 436692475.333333 436698116.666667 8.16891687631164e-07 699 0.0160290604005722 0.11292894139566
1.27 6D 437546698.1 437554706.9 8.29106418212905e-07 5377 0.00851482345917798 0.106794091083866
1.28 6D 438787868.428571 438795863.428571 8.2331307237147e-07 4007 0.00910674075368106 0.193352111436845
1.29 6D 439805570 439808861 8.19561681823312e-07 113 0 NA
1.3 6D 440365647.5 440369573 8.21162293245505e-07 460 0.00363636 0
1.31 6D 442977691.125 442982035.375 8.67517000415123e-07 3785 0.010547202678996 0.0455154988130814
1.32 6D 446262391 446266776.5 9.92718513747681e-07 1333 0.0118669736984246 0.114344175635221
1.33 6D 447854842.25 447858737 1.00396842160164e-06 1012 0.0225537406126482 0.0665972078853996
1.34 6D 448773605 448779013.6 1.08625634190492e-06 1452 0.0213662781198347 0.0783729184013027
1.35 6D 449471179 449473496.666667 1.20204655091675e-06 310 0 Inf
1.36 6D 450105256 450109881.5 1.29432156216197e-06 608 0 NA
1.37 6D 451026702.4 451031473.2 1.39982616839595e-06 3401 0.0132908453690091 0.154650599424495
1.38 6D 451699170.666667 451704376.666667 1.45779735570224e-06 1840 0.0191496034347826 0.199589559442324
1.39 6D 451907708 451913442 1.4727848302703e-06 508 0.00183824 0
1.4 6D 452735812 452739910 1.51494267208496e-06 373 0.00257069 0
1.41 6D 452993135.25 452997366.75 1.52295120843242e-06 1285 0.00635615753307393 0.0853633381613691
1.42 6D 453809467 453815198 1.53239052768754e-06 240 0.0220527 0.216018900180023
1.43 6D 454143295 454147233.666667 1.52891443183059e-06 1617 0.00968417233147804 0.101716596052663
1.44 6D 454483237.5 454488404 1.52183403849138e-06 594 0.0190376411616162 0.0198604203296927
1.45 6D 455558362 455567526 1.59492409707962e-06 794 0.000639182 0.280300446508193
1.46 6D 455996922.4 455999816.6 1.66975312052223e-06 924 0.00564909137445887 0.055285571793953
1.47 6D 456660935.5 456664985.5 1.75141836195098e-06 1607 0.00538961859365277 0.0535812275383766
1.49 6D 458360206 458365689 1.79477551608772e-06 846 0.0459888 0.141402037017709
1.5 6D 458762279.5 458766537 1.76841493988568e-06 894 0.0278014694630873 0.0187198766234561
1.51 6D 459693961 459700262 1.65390936739069e-06 646 0.0414665 0.087172295708584
1.52 6D 459829226 459838904.5 1.63082388342559e-06 2228 0.0147706513016158 0.0804827315519062
1.53 6D 460675838.6 460680508.4 1.4525586945711e-06 1723 0.0390840763203714 0.0782391318588919
1.54 6D 461169994.5 461173133 1.37620820785941e-06 264 0.0101303761363636 0.104894382118765
1.55 6D 461711745 461716376 1.29758869341775e-06 320 0 NA
1.56 6D 462449374.375 462454135.5 1.16803430479043e-06 2534 0.0122396807379637 0.0736251041536255
1.57 6D 463445414 463448615 9.74474646237728e-07 291 0 Inf
1.58 6D 463895753.2 463900441 9.13947125461078e-07 1026 0.0258728576023392 0.0619698692344762
1.59 6D 464957993.714286 464963078.142857 7.71590811458687e-07 2418 0.0230593950454921 0.0235762557573654
1.6 6D 468152706.071429 468157767.714286 3.44559734028856e-07 4564 0.016914396956617 0.0771439785616845
1.61 6D 471909384.214286 471915678.785714 9.54212096457962e-10 8167 0.0168003856495653 0.0268561615038579
0 7D 225029.5 229112.5 NA 369 0.00240486113821138 0
0.01 7D 1923651.25 1930688.25 6.70568502704068e-07 3627 0.0287109340777502 0.0921517343763554
0.03 7D 4710666.5 4716713 7.08918999139766e-07 6426 0.0181747847849362 0.0709768426238317
0.04 7D 6473246 6477543.66666667 7.34421340429052e-07 1040 0.0190351984615385 0.102899533326076
0.05 7D 7238350.4 7242200.4 7.45978044676879e-07 1115 0.0202214792825112 0.112860590444222
0.07 7D 10712165 10714174 8.0017939348012e-07 284 0.0399042 0.0259757118298325
0.08 7D 11372671 11376699.3333333 8.10836542255997e-07 411 0.0637789321167883 0.0640846472229915
0.09 7D 12878269 12886433 8.35493365733799e-07 2535 0.0354374394871795 0.0918051761147284
0.1 7D 13600940.3333333 13604875.3333333 8.47459609840158e-07 606 0.0198335787128713 0.0971388456155801
0.11 7D 14907492.25 14911491 8.67363551513733e-07 1046 0.0410736668642447 0.0135513266615301
0.12 7D 15796868 15800629.6666667 8.79216259716922e-07 1052 0.00840711085551331 0.016090127633241
0.13 7D 16793691.8 16798260.8 8.93349620168047e-07 1294 0.00496921316846986 0.0447838432632669
0.15 7D 18553430 18559302 9.20473148228943e-07 1236 0.0203155783171521 0.0237957363597629
0.16 7D 19659288.3333333 19663215 9.38906445432559e-07 1047 0.0208452362941738 0.111597032579538
0.17 7D 20562429.25 20567847.25 9.54878662099854e-07 1269 0.00745073090622537 0.0728307062119805
0.18 7D 21122055 21123093 9.64967953813228e-07 129 0.00678925 0
0.19 7D 22584077.1666667 22587931.3333333 9.93398370934e-07 1867 0.0119566459132298 0.0325076333896821
0.2 7D 23490567 23495321 1.01573314917624e-06 357 0.0307692 0.0209255684255684
0.21 7D 24941700 24944247 1.05138766500517e-06 57 0 Inf
0.23 7D 27744370 27749894 1.11978494985615e-06 503 0.00946718409542744 0.148800569576574
0.25 7D 29563607.6666667 29567805.6666667 1.13965553252891e-06 2004 0.00881094599301397 0.0996588931478777
0.26 7D 30734415 30737852 1.14535806089143e-06 331 0.0322124247734139 0.0651465893055884
0.27 7D 31946299.5 31948732 1.19639609526443e-06 313 0.00155736511182109 0
0.28 7D 32686306 32691756 1.22545073973307e-06 360 0.0258065 0.0993586887024587
0.29 7D 33044250.3333333 33049062.3333333 1.23703071819455e-06 1141 0.0404977451358458 0.0361495933970395
0.3 7D 34228923 34231035 1.29335506265001e-06 221 0.0278273 0.037781602958246
0.31 7D 34470475 34475277 1.31103886267753e-06 95 0.0274725 0
0.32 7D 35597055 35601102.3333333 1.37205520971643e-06 433 0.0044955882448037 0
0.35 7D 37383910.75 37387187.25 1.39770706220139e-06 1177 0.0128866116907392 0.00968614231544213
0.37 7D 39014309 39018176 1.34598925141187e-06 512 0.000895255 0
0.38 7D 39507720.5 39514239 1.31588682282261e-06 356 0.0421497668539326 0.0577839095302019
0.4 7D 40997444 41009282.5 1.1844435586321e-06 666 0.0376505174174174 0.0694144551634802
0.41 7D 41770728 41774203 1.09349379154336e-06 132 0.0339196 0
0.42 7D 42495537 42499291 1.03820806314674e-06 262 0.0338028 0.0297487190410262
0.43 7D 42675492.3333333 42681863.6666667 1.03207955179173e-06 1255 0.000641092972111554 0
0.44 7D 43362708 43366803 1.020772409004e-06 358 0.0259567 0.0703013094884943
0.45 7D 44362261.5 44365966.5 9.98317247396305e-07 861 0.0120969280952381 0.123134372326308
0.46 7D 45363534 45367118 9.68795498076221e-07 352 0.0667023289772727 0.0928167025379608
0.47 7D 45963448.5 45967870.75 9.47525068239792e-07 332 0.0702648391566265 0.0392554115803845
0.48 7D 46838388 46843665 9.12502432994739e-07 118 0.0193289 0.813874560890687
0.49 7D 48532308 48539318 8.24068357883383e-07 904 0.00862865241150442 0.24478367938221
0.5 7D 50967682.1666667 50973254.6666667 6.63851208049596e-07 2333 0.00776036683240463 0.0504509771855132
0.51 7D 53795874.5714286 53799163.4285714 6.31599003840017e-07 1303 0.00752268807367613 0.351725960010604
0.52 7D 55714209.8 55718186.8 5.6626068799588e-07 1391 0.0380617846441409 0.0531913841359941
0.53 7D 58785772.625 58788993.375 4.93299122796079e-07 1798 0.0167092146273637 0.0707568701501682
0.54 7D 60436866.75 60441836.5 5.08790542171346e-07 1021 0.0253455151811949 0.0510429371988801
0.56 7D 63496729.1428571 63501157.8571429 4.71894705574499e-07 1061 0.021821932139491 0.0963971796828671
0.57 7D 64671000.5714286 64675941 4.44110428872788e-07 1154 0.031523212305026 0.0409209944519165
0.58 7D 66642778 66648011.5 4.24848981769216e-07 469 0.011371232196162 0.10567161035688
0.59 7D 68791867 68796167 4.47382348162388e-07 408 0.00376197509803922 0.0928683243308832
0.6 7D 70169477.5 70173666.5 4.7021896111411e-07 528 0.0192218252840909 0.0228028700507273
0.61 7D 73021902.5 73030984 5.00936505504149e-07 715 0.00978429090909091 0.0326785210715964
0.62 7D 75246228 75253073.6666667 5.08261604960295e-07 2738 0.0127096990905771 0.0960152637735904
0.63 7D 77567975.2 77572353 5.03053340967194e-07 1142 0.00428818176882662 0.33258726375561
0.64 7D 79093016.25 79098191.5 4.97190461397031e-07 837 0.0123066641577061 0.100672069359629
0.65 7D 81425864.6666667 81432935.1111111 4.90147985317013e-07 1877 0.0208546081832712 0.0793238700315629
0.66 7D 83257630 83262495.5714286 4.88722851026334e-07 2092 0.0150855773518164 0.0332610545859331
0.67 7D 84493494.6666667 84499955.3333333 4.894495533011e-07 895 0.00752214100558659 0
0.68 7D 87352873.5 87355908 4.89038043704117e-07 446 0.00562512040358744 0.5460988637732
0.69 7D 89624450.8 89628853.4 4.83952264000346e-07 1299 0.0236750769822941 0.0581197336925287
0.7 7D 91169629.625 91174150.5 4.77936598871836e-07 1889 0.0208248944944415 0.0650849171369719
0.71 7D 93815973.0909091 93825398.8181818 4.63395557031687e-07 2787 0.00793151445999282 0.115346599984832
0.72 7D 95060669 95065742 4.54783083395734e-07 485 0.0018045624742268 0
0.73 7D 98080868 98090107.5 4.27953559216562e-07 2271 0.00537662984588287 0.315282419010981
0.74 7D 99727691.8 99732967.2 4.10512708985873e-07 1128 0.00642859810283688 0.320840861002716
0.75 7D 101533263.5 101539821.833333 3.88772655493876e-07 2297 0.00111529755333043 0.0546178695855954
0.76 7D 104790764.285714 104795547 3.42691057732782e-07 2480 0.00256209594354839 0.276312032452437
0.77 7D 106882457.333333 106886191.333333 3.16357607718904e-07 705 0.000688791943262411 0.882874619500331
0.78 7D 111308828.4375 111314240 2.91384596350767e-07 4868 0.00976959955423172 0.0985650680900393
0.79 7D 116257184.6 116262986.266667 2.75106306322539e-07 6052 0.0159245604527429 0.116510299235069
0.8 7D 122629903.636364 122635712.272727 2.54205612415627e-07 3937 0.0046049283505207 0.0157085707458415
0.81 7D 130067775.133333 130073224.866667 2.36966666678039e-07 4230 0.0104251837446808 0.0681634374917052
0.82 7D 136748433.375 136755239.25 2.27633198405631e-07 3532 0.00683512737542469 0.0793767843206972
0.83 7D 140547812.8 140552776.8 2.20896801362253e-07 2789 0.00947999457153101 0.149379411113442
0.84 7D 145995085.3 146000889.8 2.08980988516572e-07 2826 0.0048217739348903 0.0107654787603409
0.85 7D 149248814.428571 149252693.285714 2.02942836696585e-07 1726 0.00903830365585168 0.0802639468980073
0.86 7D 153295872.375 153301339.625 1.96428455111875e-07 2397 0.000967359349186483 0.297486682496159
0.87 7D 156461919.714286 156466980.142857 1.92217437457167e-07 2278 0.0173217275680421 0.0881269717448806
0.88 7D 159521059.5 159527972 1.88843943309375e-07 1300 0.0138754581384615 0.0383500072350764
0.89 7D 162034167.833333 162038602.666667 1.86642962326739e-07 1115 0.00614671427802691 0.0540690271182135
0.9 7D 166157912.5 166163881.333333 1.83889958343262e-07 8082 0.00555270724251423 0.24909717201203
0.91 7D 170543106.214286 170548573.5 1.80915686979955e-07 6012 0.0108530331320692 0.0620018988535072
0.92 7D 175086116.2 175093811.5 1.76792187002518e-07 4201 0.00234173748369436 0.136386996000829
0.93 7D 180139020.428571 180142239.285714 1.67801618809691e-07 1834 0.0199201703544166 0.0428470967644175
0.94 7D 184419703.7 184426525.45 1.59631687156079e-07 8090 0.00625560310506798 0.231290197061114
0.95 7D 190910103.333333 190915787.888889 1.46342107936304e-07 7083 0.00254561705294367 0.160049159981664
0.96 7D 197850794.55 197857360.4 1.30991377821842e-07 7277 0.00253188254198159 0.198007926502354
0.97 7D 213698173.9375 213703048.59375 8.91171959581684e-08 24787 0.00461883278734821 0.19362285041909
0.98 7D 245569889.269231 245575080.653846 2.31441577409124e-08 22921 0.00198303583883775 0.153525562138451
0.99 7D 320833030.094595 320841640.081081 2.21686073890375e-08 52455 0.000505193899609189 0.268753456060816
1 7D 386512546.525 386516989.925 4.20563865512447e-08 10306 0.0021842039569183 0.123839542408822
1.01 7D 395611407.1875 395617357.9375 4.13268100837514e-08 6378 0.00183025605424898 0.121178800864636
1.02 7D 402478169.25 402485247.916667 4.25370206510798e-08 3803 0.00557004470786221 0.0826978880121707
1.03 7D 409227930.95 409233519.5 4.5234370297025e-08 5376 0.00309127044456845 0.251356697835754
1.04 7D 416820741.032258 416825283.709677 4.99822649550595e-08 8924 0.0079219947097714 0.126030326624919
1.05 7D 426335501.809524 426342178.047619 5.83632429635381e-08 8952 0.00608211608802502 0.131725881329633
1.06 7D 447524805.306818 447530694.261364 8.90139369357259e-08 25376 0.00754163433050914 0.0953194051185798
1.07 7D 470495089.875 470500597.0625 1.25328483415603e-07 4627 0.00290326744975146 0.12469469496889
1.08 7D 479753607.941176 479760871.647059 1.3079829201275e-07 5391 0.00455099377109998 0.0890612570580684
1.09 7D 486511158.9 486516527.55 1.49027715434934e-07 7220 0.0040943038232687 0.0613936452728659
1.1 7D 492423907.777778 492428833.444444 1.74977818910046e-07 2457 0.00341667987789988 0.0442136375502934
1.11 7D 497008954.857143 497015110.142857 2.0172461443951e-07 4107 0.000636655281227173 0.196813114621534
1.12 7D 501085516.625 501090611.625 2.30018518713731e-07 2692 0.0126675562592868 0.0933248980142816
1.13 7D 506485234 506492579.3 2.60948871412044e-07 4904 0.00136299659971452 0.445136251337042
1.14 7D 510380835.833333 510385867 2.7813845314602e-07 1850 0.00305146244324324 0.235063098287341
1.15 7D 512134104.5 512140270.25 2.86051721486254e-07 780 0.00667161348717949 0.0276779738431474
1.16 7D 515748652.5 515754496.5 3.02712955614702e-07 1171 0.0135442536635354 0.0960327263337666
1.17 7D 518050224.833333 518053798.833333 3.13559235731779e-07 1236 0.00372464919093851 0.115231907333685
1.18 7D 520660987.636364 520665964.181818 3.26093165284743e-07 2941 0.00707335248112887 0.0596477028282172
1.19 7D 524627089.833333 524632800.666667 3.45603106735431e-07 2391 0.00603239232956922 0.0934711792526565
1.2 7D 528037031.222222 528042282.555556 3.62774585649917e-07 3503 0.00775558689694547 0.141940443224874
1.21 7D 530892778.75 530898227.166667 3.7748282573883e-07 4263 0.0177457546563453 0.0726408493499909
1.22 7D 533897401.333333 533902211.333333 3.93281325662848e-07 2275 0.00233915268131868 0.145556793378934
1.23 7D 536141726.4 536145025.2 4.05263178810563e-07 925 0.0187594579459459 0.0268578191961358
1.24 7D 539965124 539967554 4.25428907279992e-07 890 0.00825277550561798 0.132196010815674
1.25 7D 541237728 541242869 4.29751915629255e-07 49 0 Inf
1.26 7D 544815826.333333 544820644.5 4.37718299186377e-07 2493 0.0138653435058163 0.0807730991210684
1.28 7D 549288948.222222 549294228.111111 4.44954701419366e-07 2792 0.0113069208094556 0.16997887704303
1.29 7D 550235924 550239580 4.48597452428728e-07 54 0 NA
1.3 7D 552736256 552740428.2 4.62691764700035e-07 1243 0.00515464174577635 0.107657513925514
1.31 7D 554727466.666667 554734541 4.78026900083984e-07 1515 0.00427799704818482 0.113314605656528
1.32 7D 556293180 556297299.333333 4.92719384031811e-07 704 0.00317595400568182 0
1.33 7D 557403460 557408820 5.04519270574642e-07 392 0.00339795 0.319557380185112
1.34 7D 560235157.5 560237466 5.39893448613433e-07 381 0.0129019947506562 0.0528775383163197
1.35 7D 561432577.166667 561438030.333333 5.57326827170629e-07 1573 0.00665110220597584 0.100372514293925
1.36 7D 562815135 562819185 5.78712556194592e-07 256 0 NA
1.37 7D 566178551.5 566184788 6.11287923106376e-07 2154 0.00418301942896936 0.127529733348412
1.38 7D 567645522.125 567653342.25 6.24526043275145e-07 1831 0.00552130557072638 0.174607747823201
1.39 7D 568948266.75 568953458 6.36621918877283e-07 1538 0.0103818523862159 0.0901543263045236
1.4 7D 571250638 571256108.166667 6.58955779846779e-07 1819 0.0141221479384277 0.0777943384334818
1.41 7D 573562636 573566269.5 6.82438165158028e-07 588 0.00253456238095238 0
1.42 7D 574187561.5 574191198.75 6.86367461316526e-07 742 0.00262353180592992 0
1.43 7D 576080559.333333 576086691.5 6.93178530308639e-07 3424 0.0090632473823014 0.0944508321568105
1.45 7D 577707630 577710350 7.11016761603515e-07 124 0.0594562 0.108101425923621
1.46 7D 579449013.5 579453734 7.39816450379076e-07 1139 0.0244136844600527 0.0500503199054305
1.47 7D 580133451 580139936.25 7.4498276457246e-07 1157 0.029036042039758 0.0843832330693452
1.48 7D 580852973 580854606 7.49907395181988e-07 269 0.0431218 0
1.49 7D 582239742.333333 582243572.333333 7.60759330466487e-07 814 0.0206939552825553 0.0757121428163844
1.5 7D 583063676 583066429 7.67960816390102e-07 27 0 NA
1.51 7D 583985740 583989421 7.76712680607504e-07 288 0.00836587 0.0599365039141177
1.52 7D 585151991.666667 585156661 7.88829553005877e-07 513 0.017626530331384 0.0854226146430701
1.53 7D 586487116 586491091 8.04058951511862e-07 301 0.0141824900332226 0.157789038212039
1.54 7D 587672034.909091 587676776.181818 8.18948685667703e-07 3418 0.00480222405792861 0.126734236875615
1.55 7D 588546275 588552145.666667 8.30545648899539e-07 846 0.00711259004728132 0.197300714975305
1.56 7D 590816792 590820142 8.6386747356141e-07 14 0 NA
1.57 7D 591507931.333333 591513711.333333 8.74980963179894e-07 1094 0.016683769250457 0.163298367670562
1.58 7D 593162749.4 593167868.6 9.02905831321068e-07 1112 0.00456350629496403 0
1.59 7D 593666925 593670309 9.11876899277067e-07 388 0.0545134 0.0458457920437911
1.6 7D 595656681 595661639.5 9.49524230400653e-07 939 0.00143308827476038 0.336451522297196
1.61 7D 596768886 596774137.666667 9.53036105065268e-07 831 0.0189097314079422 0.452563809586502
1.62 7D 598357714 598360832 9.35899942694521e-07 118 0.0479638 0.0396653309370817
1.63 7D 599497757 599499318 9.58807743993739e-07 137 0.0399524 0.0420375246543387
1.64 7D 600869787.5 600874377.5 1.02546553803961e-06 423 0.00258738269503546 0.127385926510363
1.65 7D 601037659.333333 601041896.666667 1.03657527279132e-06 568 0.0142557 0.0277965063048168
1.66 7D 602462563.333333 602467755.666667 1.16258141330555e-06 1155 0.0183775075844156 0.195334053858382
1.69 7D 605679933 605682628 1.23019179346373e-06 248 0 Inf
1.7 7D 606887202 606891861.5 1.17370512303529e-06 1351 0.03287024411547 0.0115373837489327
1.75 7D 610810186.5 610820564.5 1.18577819649102e-06 3129 0.0128018834707574 0.182898388070712
1.76 7D 611471970.2 611478130.4 1.19240807214321e-06 2305 0.00893541148806941 0.0778097587905896
1.77 7D 611765620.4 611771268.6 1.19430793968076e-06 2654 0.0308401703466466 0.0318493403969586
1.78 7D 612377157 612380615.5 1.19579552328872e-06 873 0.000553485910652921 0.477792216446755
1.79 7D 612976816.75 612980034 1.19421853210011e-06 598 0.019587115451505 0
1.8 7D 613522680 613527897 1.19020585794885e-06 1103 0.0160021075793291 0.111062498722332
1.81 7D 613732366.2 613736371.6 1.18796123014201e-06 1871 0.00324243972955639 0.11455393971939
1.83 7D 614538679 614545375 1.17609315734158e-06 943 0.0223609 0.0289701219539464
1.84 7D 615472198 615477189.666667 1.15555959397556e-06 404 0.0128656886138614 0.237465800028174
1.85 7D 615903173 615907295 1.14363545901646e-06 210 0.049569 0
1.87 7D 616702473.5 616706924.5 1.11723424608966e-06 939 0.00181783471778488 0.0822197563509302
1.89 7D 618029401 618033856 1.06208500991408e-06 181 0 NA
1.9 7D 618221237 618224964 1.05289236191017e-06 148 0 NA
1.91 7D 619043914.25 619048066 1.00971499176898e-06 770 0.042426502987013 0.056580696757751
1.92 7D 620181746 620188866.5 9.40687011210614e-07 1100 0.046828868 0.0472833334732367
1.93 7D 621742229.5 621746731 8.86898580048216e-07 661 0.0292578287443268 0.201141716479593
1.94 7D 623540676.333333 623544281 8.58303637995773e-07 1813 0.00946951850523993 0.101205827770184
1.95 7D 632461065 632466457.027778 5.3751622172946e-07 15336 0.0231787117346114 0.0866118568242328
