poscM Chromosome Start End recRate nb_complete_site piSyn f0
0.02 1B 1388257 1393986.28571429 NA 3936 0.0176126755691057 0.0539815962794017
0.06 1B 4307058.25 4312010.75 7.68883329190219e-07 2156 0.0114974944805195 0.0694635762399165
0.07 1B 4475908 4479190 7.67437826550965e-07 243 0 NA
0.08 1B 5426568.5 5430140.5 7.58960640317754e-07 376 0.0256373279255319 0.170316223477874
0.09 1B 6476483.5 6480206 7.49096467401861e-07 435 0.02399606 0.0277823942763937
0.12 1B 8732008.25 8738682.25 7.25900955311586e-07 1974 0.022043960881459 0.115329164038094
0.13 1B 9779022 9784277 7.14292421815624e-07 550 0.00706221109090909 0.391155249060422
0.14 1B 10131654.6666667 10134220.3333333 7.10260219114051e-07 622 0.00780420610932476 0.119563731009756
0.15 1B 11776428 11781183.5 6.90518074147515e-07 1231 0.0116838229082047 0
0.18 1B 14718121.3333333 14725903.6666667 6.56649930742069e-07 1680 0.0360773254166667 0.0143542758992566
0.19 1B 15717166.8 15722701.2 6.46669021569572e-07 941 0.0171308251647184 0.0635523274781743
0.2 1B 17566386.7142857 17572260.1428571 6.28876790204488e-07 2335 0.0123633677430407 0.100955039461248
0.21 1B 18419377 18423130 6.20777349669413e-07 315 0 NA
0.22 1B 20587001.5 20592123.5 6.00457444050231e-07 505 0.0226807057227723 0.0986062459811056
0.23 1B 22021104 22025774 5.87244660248546e-07 146 0 Inf
0.25 1B 26044066.3333333 26046542.6666667 5.41945424284386e-07 599 0.0333861099833055 0
0.26 1B 26782156 26786443 5.35648187522501e-07 330 0.00315457 0
0.27 1B 29071572 29076011.8 5.19137584655172e-07 1216 0.0256397573190789 0.0827492611932867
0.28 1B 33283959 33292440 4.68016834422286e-07 1305 0.0260186224521073 0.10302415461501
0.29 1B 37936681.2 37940661.2 4.22527069462688e-07 2505 0.00194373500998004 0.454282771268896
0.31 1B 44353472.6 44359547.2 3.54409691786902e-07 2889 0.00338607444790585 0.0297387763251313
0.32 1B 47160110 47164879 3.23493154739926e-07 486 0.00614439 0.0958057675375424
0.33 1B 52105414.25 52109388.375 2.75692178171225e-07 2962 0.00244482701215395 0.311855596476857
0.34 1B 55593776 55605247 2.45960662118562e-07 2169 0.000461713552328262 0.285179827970495
0.35 1B 57138480.4 57143394.4 2.34128670387031e-07 1722 0.00600573170731707 0.0544775715610426
0.36 1B 58432959.5 58435758 2.24825703545755e-07 290 0 NA
0.37 1B 59710990 59714534 2.16159740532661e-07 748 0.0217379689839572 0.163183725058611
0.38 1B 62673015.2857143 62676837.7142857 1.9814344257224e-07 1868 0 Inf
0.39 1B 68508064.8 68516223.2 1.70904161867403e-07 5618 0.0010770889248843 0.237685927092771
0.4 1B 71412206 71415633.8 1.60857085718899e-07 1930 0.00100444705699482 0.888412931462995
0.41 1B 95553784.8275862 95559495.9310345 8.05198094647069e-08 9641 0.00184293660346437 0.254128321824305
0.42 1B 115511047.111111 115516854.388889 9.6770136900274e-09 15274 0.00130519345554537 0.372341024757289
0.43 1B 208808039.615741 208816674.430556 5.06966833295656e-09 76855 0.000505495715568278 0.295252113952716
0.44 1B 322036168.83 322042438.24 2.6484481854596e-08 36047 0.000785293528338003 0.259062365280023
0.45 1B 361188999.56338 361195132.028169 3.16045062834897e-08 23214 0.000760404525501852 0.389961496302421
0.46 1B 387481380.442623 387486265.147541 3.487582139216e-08 19409 0.000130961211963522 0.111318397032331
0.47 1B 410326707.754386 410332376.210526 4.91646312830334e-08 20949 0 Inf
0.48 1B 428057864.763158 428064334.026316 6.54789946130995e-08 13260 7.84668695324284e-05 0
0.49 1B 443002708 443008620.888889 7.54793917160612e-08 13687 7.41708687075327e-05 1.55997029502293
0.5 1B 455416413.388889 455422387.166667 8.07373805338257e-08 11985 0.000832624077596996 0.242876741300431
0.51 1B 467086894.65 467092555.2 8.5262719609008e-08 7329 0.00107726048574157 0.109592781835024
0.52 1B 475427309.421053 475432869.421053 9.24835696716867e-08 5578 0.00163022226604518 0.125267846395242
0.53 1B 483040065.571429 483044993.380952 1.02349680871636e-07 7762 0.0010282234076269 0.34954840911565
0.54 1B 490207377.793103 490211088.37931 1.1460285001232e-07 7299 0.00251322076174818 0.170581972806698
0.55 1B 500923022.631579 500926743.842105 1.37464954421627e-07 4810 0 NA
0.56 1B 510114548.92 510118067.64 1.58785267672834e-07 5275 0.000315587988625592 0.474288108947425
0.57 1B 518721047.875 518726706.5625 1.86390316783544e-07 7466 0.000403565072327886 0.280164560846479
0.58 1B 527217640 527222910.5 2.03403548484694e-07 969 0.00104049157894737 0
0.59 1B 530950631.642857 530954632.142857 2.12291270943537e-07 3925 0.00405711987261146 0.163492184581632
0.6 1B 535949638.6 535954258.9 2.36146498284232e-07 2951 0.00162875234157913 0.241706946445044
0.61 1B 540370505.857143 540375699.571429 2.54101462249237e-07 1400 0 Inf
0.62 1B 542857307.818182 542860974.363636 2.61329222717071e-07 2674 0.0173697515183246 0.105479973361544
0.63 1B 545520242.6 545524096.8 2.66677267873519e-07 1272 0.00713073867924528 0.0314303024786524
0.64 1B 548218636.4 548223406.2 2.69800711920384e-07 2184 0 NA
0.65 1B 551849654.333333 551854317.888889 2.70261768105987e-07 3246 0 Inf
0.66 1B 554847052.571429 554850317.714286 2.67255529230024e-07 2298 0.000455965091383812 0.541788265782871
0.67 1B 558380603.166667 558384110.666667 2.59889914601971e-07 893 0.0196153423292273 0.0328815663507495
0.68 1B 562381990.75 562386849.125 2.56498453022543e-07 2481 0.00116749504232164 0.372598584691222
0.69 1B 566315972.285714 566321758.428571 2.73040690713156e-07 3630 0.000263767676859504 0.90636650574379
0.7 1B 569529826.3 569539307.6 2.63966335485985e-07 3782 0.000542834378635643 0.484828494999916
0.71 1B 573553137.125 573557932.875 2.23311163470883e-07 4926 0.00309421893016646 0.130672554595571
0.72 1B 576411896.25 576415948.25 1.91646076882012e-07 1873 0.010082303966898 0.454541540778568
0.73 1B 582360061.833333 582364898.055556 1.81660917276053e-07 7378 0.00741522199512063 0.0720479382239327
0.74 1B 587971014.4 587975846.2 2.21454452146359e-07 3209 0.00202730682767217 0.0442308601490948
0.75 1B 593111826.083333 593115808.416667 2.24956760930707e-07 3030 0.00494040600330033 0.0191982050320113
0.76 1B 598561241.833333 598565595.75 2.37216080049342e-07 3933 0.00676875894482583 0.04301702261396
0.77 1B 604411690.428571 604415689.571429 3.06488117956793e-07 2216 0.00445184156588448 0.0877961697088664
0.78 1B 607187964.2 607192279.8 3.39944199100435e-07 1377 0.0131730329557008 0.111048332815762
0.79 1B 609959795.4 609965111.8 3.66729011213597e-07 1710 0.0239402725146199 0.0818501208636522
0.8 1B 613089458.25 613095800.75 3.94088279627514e-07 627 0.0184986688995215 0.0922423609185243
0.81 1B 614896719.2 614900795.6 4.08645513496939e-07 992 0.0132798391129032 0.216698517741589
0.83 1B 617817049 617823421 4.30355134876028e-07 668 0.0030303 0.421994521994522
0.84 1B 619984080.5 619986411.5 4.44906532971356e-07 393 0.00268146259541985 0.80438814296402
0.85 1B 622158374.833333 622162456.5 4.58312898533941e-07 1880 0.0198857950585106 0.0905382297038471
0.86 1B 623748266 623752026 4.67319059316361e-07 832 0.00128753110576923 0.529709353175821
0.87 1B 626041895 626046677.142857 4.79026823293914e-07 2454 0.0189392274653627 0.0611178437464376
0.88 1B 628091269.8 628094609.6 4.88289922152383e-07 1554 0.00910631673101673 0.26065508277656
0.89 1B 630824924.5 630828765 4.99618700554589e-07 831 0.00631892772563177 0.270092316421322
0.9 1B 633748373.6 633751867.6 5.11816470045684e-07 921 0.0172796400651466 0.0178610658040346
0.91 1B 637738546.4 637743063.8 5.47534478896923e-07 1382 0.0007217102170767 0.28667073482957
0.92 1B 639544972.5 639550970 5.45021920047094e-07 756 0.0386828912698413 0.110263056082605
0.93 1B 640706092 640710608.5 5.66007900939366e-07 2050 0.00190699665853659 0.0732023644432441
0.94 1B 641590668 641593096 5.89409964420086e-07 330 0 NA
0.95 1B 642854797 642860349.5 5.84027508626333e-07 1883 0.00474426680828465 0.0638348059402419
0.98 1B 645750521.5 645755287.833333 5.99506182346229e-07 1214 0.0145583395881384 0.0644989241281502
0.99 1B 647227620 647240151 6.1372518545546e-07 1579 0.00187232331855605 0.097051420185395
1 1B 648518875 648524414.5 6.03867660585682e-07 1022 0.00297105143835616 0.0937746152364168
1.01 1B 651532488.5 651535801.166667 5.47865630939309e-07 2474 0.0108212663702506 0.184138854174725
1.02 1B 655718202.166667 655723455.166667 5.38868444504753e-07 2421 0.00434851211895911 0.0820321243560484
1.03 1B 657760191.5 657764063.5 6.68018933571009e-07 2762 0.00790816927226647 0.179435882688104
1.04 1B 659609152.4 659612316.8 8.12787054070056e-07 1602 0 Inf
1.05 1B 661006187 661009026.5 8.97754144258091e-07 302 0.0106292452980132 0.0867925905587835
1.06 1B 662562072.4 662565409.6 9.44854517957762e-07 1712 0.000560122920560748 0.301642219220823
1.07 1B 663043769 663047956 9.58974392254877e-07 118 0 NA
1.08 1B 664674270.285714 664679119.857143 1.00470168796293e-06 1342 0.00413419367362146 0.05289735937151
1.09 1B 665353617 665358673 1.02298458975038e-06 1251 0.0281287309192646 0.0654179319556692
1.1 1B 666256742 666260483 1.04648954775992e-06 294 0.0507185 0.0383873734436153
1.11 1B 666748811.75 666751982.25 1.05893490179974e-06 410 0.0252152948292683 0.0210563799814075
1.12 1B 667450425 667456842.5 1.07628887558723e-06 1320 0.00746520618181818 0.110471864050161
1.13 1B 668100086 668105738 1.09189990681212e-06 1885 0.00213625701856764 0.333349426993515
1.14 1B 668726829 668732877.4 1.10653437106501e-06 836 0.00595769909090909 0.132734803265424
1.15 1B 669034944.833333 669039721.333333 1.11355946704867e-06 2157 0.0151532490449699 0.0289062568094389
1.16 1B 669895813 669902629 1.13274477897187e-06 777 0.0142257 0.0516260711247953
1.17 1B 670384230 670390259 1.14326435948687e-06 321 0.0492765 0.0270611752052195
1.18 1B 670783507 670784392 1.15163385561795e-06 21 0 NA
1.19 1B 671197600 671200873 1.1602208368028e-06 620 0.006114542 0.0742321559789549
1.21 1B 673176183 673181970 1.19870390918206e-06 320 0.0107759 0
1.22 1B 673795360.75 673804678 1.20992981112509e-06 1505 0.022449510910299 0.123947300154014
1.23 1B 674647121.333333 674651356 1.2246503745277e-06 2002 0.0117252912387612 0.0455427496104924
1.24 1B 675599505.666667 675606198 1.24031229765958e-06 1756 0.0104517836731207 0.0393783687278589
1.25 1B 676374310.333333 676379058.666667 1.25300301804822e-06 1973 0.0164001201723264 0.12824465794913
1.26 1B 677254014 677257494 1.2683718979755e-06 205 0.0223649 0.3455482627449
1.27 1B 678124649.666667 678129589 1.28394177848502e-06 783 0.0238683589016603 0.0603847227056829
1.28 1B 679689303.666667 679694110.666667 1.3125680170356e-06 860 0.00816497093023256 0
1.29 1B 680861625 680868122 1.33459882282223e-06 1092 0.00501672 0
1.3 1B 681685814 681695473 1.35039832240591e-06 1080 0.00273349 0.0972313782014933
1.31 1B 683516039 683524121 1.38625935121547e-06 744 0.00637326397849462 0.0602856556932096
1.32 1B 686426434.454545 686432299.454545 1.44582226309218e-06 5933 0.00240550129782572 0.0298521224930841
1.33 1B 688167535.666667 688173727.666667 NA 2159 0.0061057838073182 0.245048401415342
0.01 2B 1831881 1833776 1.17437036707527e-06 388 0 NA
0.02 2B 2286004.33333333 2289638 1.16891066796753e-06 755 0.0225864853245033 0.0670272512407088
0.03 2B 3348906 3356671.5 1.15608384055444e-06 698 0.00385917805157593 0.0785045056954019
0.04 2B 4959193 4964476.5 1.13656917965401e-06 1479 0.0201932085192698 0.0379952820480141
0.05 2B 5972957.5 5977620.16666667 1.12419936869493e-06 2269 0.0286666550022036 0.0306972199993813
0.06 2B 7261612.33333333 7269600.33333333 1.10835721889062e-06 1983 0.0111945041603631 0.202093428729453
0.09 2B 10477165 10482140 1.06846244303292e-06 1311 0.0178289822120519 0.168801301423886
0.1 2B 11149378.25 11155798.75 1.06003184909751e-06 1327 0.0068530580256217 0
0.13 2B 14045642 14051486 1.02328403551549e-06 701 0.00416522 0
0.14 2B 14833211 14836760 1.01329985014103e-06 150 0 NA
0.17 2B 17946604 17954228.6 9.74465717635852e-07 1962 0.0113096531192661 0.0355368146708473
0.18 2B 18878709 18888431 9.63050493438661e-07 371 0.00555667293800539 0.134912218361619
0.19 2B 19440639 19445593 9.56256878498299e-07 1036 0 NA
0.21 2B 21909162 21914144 9.2672580826008e-07 832 0 Inf
0.22 2B 22317103 22320961 9.21921174854031e-07 680 0 Inf
0.23 2B 23409318 23412515.6666667 9.09142230547972e-07 766 0.0441396548302872 0.0255305439929394
0.24 2B 24065498.2 24068955.2 9.01195470698987e-07 1127 0.0040028526974268 0.0655542333175303
0.25 2B 25090132.6666667 25094135 8.87363945535923e-07 845 0.0305577155029586 0.145746829582694
0.26 2B 25594256 25602539 8.80864693034128e-07 293 0 NA
0.27 2B 26456398 26462598.2857143 8.70436364079083e-07 1847 0.0263988868760152 0.0986347901841342
0.29 2B 27883361.4 27889743.8 8.54750748045028e-07 1715 0.0040285393819242 0.124051355892679
0.32 2B 30494467 30499674 8.28655036283557e-07 548 0.00382775 0.134422572007054
0.33 2B 31421336 31425016 8.17141345198164e-07 357 0.00278292857142857 0.576240856240856
0.37 2B 35387429 35396358 7.68295963785389e-07 510 0.0335697 0.084327831347912
0.38 2B 37429602 37432028 7.4401132006089e-07 153 0.0189274 0.598117015543604
0.39 2B 39363703 39369191 7.21465488714404e-07 481 0.00399639130977131 0.213068810072322
0.4 2B 40652975.8333333 40661471.1666667 7.06718548602151e-07 2494 0.00337082797914996 0.104460434811063
0.41 2B 42125668.6666667 42134089.3333333 6.90136744719734e-07 2504 0.0034067925399361 0.169280269586208
0.42 2B 43339138.6 43343426.2 6.7672467961424e-07 1193 0.0107053414920369 0.0663185495354475
0.43 2B 45598281 45604709.25 6.52240101140294e-07 3887 0.0138319499665552 0.0696330378566318
0.44 2B 47411894 47415239.3333333 6.33053781733002e-07 378 0 NA
0.45 2B 49263217.75 49270338.25 6.13894709192097e-07 1433 0.0121108401046755 0.102449859521473
0.46 2B 52423200.1666667 52428354.8333333 5.57719942806593e-07 1795 0.0130506442005571 0.0459180424606786
0.47 2B 55354013 55358189.6363636 4.83742664732739e-07 3240 0.0127782990401235 0.10862659919379
0.48 2B 58535194.5 58541530.5 4.52657145815513e-07 3451 0.0141997260509997 0.0783263361418314
0.49 2B 64621069 64625899 4.31826897230931e-07 3769 0.0180244829875298 0.125450834426037
0.5 2B 66883054.25 66887877 4.35265193622083e-07 1419 0.0238930859055673 0.0245392921365769
0.51 2B 69193089 69196635 4.3237012403925e-07 1143 0.00849369461067367 0.190156756023886
0.52 2B 72952693.5714286 72960751 4.09924632588342e-07 2014 0.00861146156901688 0
0.53 2B 74969171.5 74973926 3.98980624212804e-07 545 0.00847900965137615 0.153129113274104
0.54 2B 77094654.4285714 77099929.7142857 3.88150676445001e-07 2590 0.0165702585598456 0.0591991934550769
0.55 2B 79713860 79715651 3.75971644043379e-07 33 0 Inf
0.56 2B 80952210.6666667 80958508 3.70659744717384e-07 1103 0 NA
0.57 2B 81909931 81912417 3.66712458805603e-07 610 0 Inf
0.58 2B 85086346 85089387 3.5485452328885e-07 713 0.00284570838709677 0
0.59 2B 86520257.8 86524008 3.50130901537618e-07 1203 0.000915079102244389 0
0.6 2B 89020697.9166667 89026823.1666667 3.42715011442003e-07 5295 0.00839836085741265 0.0433141196660428
0.61 2B 90999539 91004112 3.38811797808124e-07 1489 0.00472378071860309 0.0406479881499911
0.62 2B 93102634 93104901.5 3.37969319795504e-07 270 0.00676162666666667 0.160891248391248
0.63 2B 96446375 96450209.7777778 3.31395382830522e-07 2133 0.0122088722315987 0.0167956008298926
0.64 2B 98561937.2 98567198 3.23591435370408e-07 2937 0.00826963948927477 0.175378518179744
0.65 2B 100785907.25 100789770.5 3.12139139296868e-07 1657 0 Inf
0.66 2B 104643710.285714 104648227.571429 2.84752026749815e-07 2371 0.00633014519190215 0.1323059802835
0.67 2B 108758541.571429 108762540.142857 2.43012995486118e-07 2595 0.0105413680038536 0.0836426919726952
0.68 2B 114193332.5 114199200.625 1.85460246945248e-07 6201 0.00464780061119174 0.241053138551547
0.69 2B 124896454.034483 124902192.862069 1.27174053040875e-07 11152 0.00644280317422884 0.0736461219480926
0.7 2B 139472859.653846 139478670.769231 9.42216719255472e-08 9049 0.0046861579532545 0.138465839191093
0.71 2B 147699368.764706 147703821.352941 1.06668012282809e-07 4759 0.0144197021769279 0.118565522769735
0.72 2B 154226938 154231590.588235 1.18921882208088e-07 4265 0.00308371575849941 0.124748647144316
0.73 2B 159931025.133333 159935393.666667 1.21994039177351e-07 4423 0.00234861538887633 0.145033408168244
0.74 2B 166035492 166039944 1.25790042453594e-07 5293 0.00811780367353108 0.102414387117545
0.75 2B 174118258.3 174122806.233333 1.16478967702843e-07 9587 0.00255511367821008 0.177372331407683
0.76 2B 186800163.323529 186805680.058824 8.77381897691015e-08 12032 0.0015395472265625 0.216230830060805
0.77 2B 207013967.560976 207019052.365854 6.34015485808879e-08 13414 0.000785274960489041 0.143813718055518
0.78 2B 222234433.372093 222241029.186047 4.59735341759284e-08 16831 4.17561547145149e-05 2.44666986312878
0.79 2B 241431824.375 241436687.15 2.7559610403872e-08 11661 0.000892601526455707 0.0845163219615607
0.8 2B 260553969.857143 260562183.857143 1.64771905537767e-08 17094 0.000120709558909559 0.314033886734633
0.81 2B 339011772.108434 339023829.686747 6.01186323121317e-09 35936 0.000115010034227516 0.436213516243413
0.82 2B 401610514.73913 401616783.875776 2.29050040248767e-08 60194 0.000216205370767851 0.412601214904559
0.83 2B 447246867.983051 447251378.033898 4.38533106031584e-08 18848 0.000204339106748727 0.554916385989259
0.84 2B 463561583.21875 463568456.875 5.86355421371213e-08 11794 0.000478214511022554 0.267464801139685
0.85 2B 478112449.068965 478116259.137931 7.113115365238e-08 7925 0.000495198935015773 0.277923376381285
0.86 2B 491156173.86 491160637.68 8.04653822112054e-08 12852 0.000852898776532835 0.606086259163354
0.87 2B 510401760.107143 510406460.714286 9.13878363447239e-08 9285 0.00298120423963382 0.224373094026214
0.88 2B 519089773.964286 519094559.535714 9.51322549104949e-08 8353 0.00131034573207231 0.412755938409062
0.89 2B 528707184.65 528712229.55 9.84276420606738e-08 5970 0.00442036816582915 0.0953575700837837
0.9 2B 539122615.8 539127236.25 1.00976040487304e-07 7133 0.00147416306322725 0.266484568808407
0.91 2B 546192355.16 546199625.16 1.02989455840056e-07 10569 0.00614074317721639 0.120033549220108
0.92 2B 553941354.24 553945563.36 1.05893874707282e-07 5917 0.0071546980479973 0.0885310690981736
0.93 2B 559859685.8 559865479.4 1.039174157403e-07 3212 0 Inf
0.94 2B 571230211.678571 571234292.464286 9.78815505713464e-08 7355 0.000418931230455472 0.652885943746269
0.95 2B 583048467.727273 583052981.772727 8.81167811711004e-08 7726 0.000125613802743981 0.891403688091313
0.96 2B 597007251.761905 597012507.190476 7.5066023343082e-08 5808 0.000824847458677686 0.17969844637189
0.97 2B 609433378.68 609440305.52 7.39876659135989e-08 8665 0.00333308842931333 0.1987900283437
0.98 2B 621151418.227273 621157513.590909 8.20829413709844e-08 8083 0.00268650471656563 0.144482526900297
0.99 2B 633065298.304348 633069226.347826 9.54347567706826e-08 8526 0.00368044028970209 0.196041573141305
1 2B 643539858.48 643545241.44 1.03942379752789e-07 9868 0.00619532265099311 0.165834597934167
1.01 2B 653701163.678571 653706337.75 1.0733041486339e-07 9286 0.00714437585828128 0.103254348208576
1.02 2B 663229975.529412 663234075.941176 1.11720956243875e-07 5208 0.00314839788978495 0.08693692630729
1.03 2B 673473624 673477283.5 1.17686766294236e-07 4058 0.00631420691473632 0.0782872593248325
1.04 2B 679351618.333333 679355934.6 1.17194273139605e-07 5176 0.0056723586881762 0.139358944878081
1.05 2B 685900530.083333 685904431.416667 1.21025599937675e-07 3364 0.00340932476516052 0.187239538946123
1.06 2B 694134105.578947 694138401.315789 1.22910246211174e-07 5090 0.00951495430609037 0.0296200194725807
1.07 2B 699358246.2 699362674.8 1.25665958959466e-07 2460 0.00358511287398374 0.339530118909172
1.08 2B 709578790.375 709582735.75 1.20913269573755e-07 2816 0.00565682828835227 0.0673313490451616
1.09 2B 714510401.636364 714515349.363636 1.77129532703741e-07 4088 0.00495840626712329 0.0955150213230612
1.1 2B 720763404.5 720769780.4375 1.78662829168364e-07 5900 0.00913456492288136 0.129615565283894
1.11 2B 727462841.375 727467126.9375 2.45228772306379e-07 5043 0.00376708294467579 0.189051633393341
1.12 2B 733105816.2 733113313.4 3.67543323461881e-07 1150 0.0129573718782609 0.02834708296583
1.13 2B 736152283.5 736156434.5 4.43382905412902e-07 542 0.0133262797047971 0.0399954937415508
1.15 2B 740799788.333333 740804622.666667 5.72013671659987e-07 2233 0.014002240070309 0.131231199297432
1.16 2B 742347742.8 742354419.6 6.05451831811685e-07 3043 0.00170098526454157 0.0966953885974991
1.17 2B 743810208.8 743815403.8 6.3225656148019e-07 2041 0.004303738755512 0
1.18 2B 745926545.571429 745931799.142857 6.66679958309997e-07 1840 0.0194478032717391 0.029818890112816
1.19 2B 746585181.666667 746590438.666667 6.84221844425558e-07 1233 0.0107105256447689 0.0388225349979983
1.2 2B 748422238 748425985.75 7.25911193646475e-07 1311 0.00607832662090008 0.116431143944406
1.21 2B 748978830.5 748983996.25 7.36361397204133e-07 1133 0.0105021678022948 0.024068553754781
1.23 2B 751420465.25 751427165.75 7.68739204571202e-07 2030 0.000686462807881773 0.565844861159101
1.24 2B 752615875.6 752619953.2 7.76944253353764e-07 1211 0.0225264439223782 0.0603309319009995
1.25 2B 753150776.75 753154668.5 7.79077591782727e-07 1172 0.0187517380546075 0.192420910061716
1.26 2B 754663266 754667763 7.79576490208516e-07 502 0 NA
1.29 2B 758356836 758361278.5 7.4711943473511e-07 255 0.0365750117647059 0.151297221246521
1.31 2B 760928295 760931824 7.31375292653056e-07 1158 0.00828699801381693 0.030230886790768
1.32 2B 762330146.333333 762335508.666667 7.27105419734179e-07 611 0.0352359658592471 0.0395011752410316
1.33 2B 763734694.5 763738405.5 7.14689959833243e-07 470 0 NA
1.34 2B 765039812.2 765044365.2 6.95488423185977e-07 1773 0 Inf
1.35 2B 766236747.333333 766242680.333333 6.7146252158685e-07 1057 0.0144592985430464 0.0695534197811575
1.36 2B 767466712.375 767470829.875 6.40143525564633e-07 2707 0.0138248903029184 0.100433198442409
1.37 2B 769363987.666667 769368874.333333 5.8000030058675e-07 663 0.0086942443438914 0.351066269462088
1.38 2B 770847353 770851596.333333 5.45676596466557e-07 1029 0.000981073265306122 0.28287602838402
1.39 2B 772513825.2 772524160.6 5.42134184251456e-07 2682 0.00143347371364653 0.150066056430403
1.4 2B 775060546 775066337 5.18293743544842e-07 1102 0.0233724274047187 0.0450886348119488
1.41 2B 776638943.166667 776644822 4.90593003903809e-07 2384 0.0143479018036913 0
1.42 2B 779130281.272727 779134908.545455 4.61963449116342e-07 2545 0.0204448188801572 0.0772685392249013
1.43 2B 781579463.25 781583710.75 4.37842543236819e-07 1549 0.00183217138153648 0.205849245675034
1.44 2B 785631295.142857 785637982.142857 3.85149503663151e-07 4084 0.0133059426493634 0.0524578728830989
1.45 2B 790269203.888889 790272667.222222 3.20060464036837e-07 2010 0.0298592188208955 0.0672286972785704
1.46 2B 794490268.5 794494670.416667 2.67214748927544e-07 3150 0.0133610884285714 0.0569487820609558
1.47 2B 799076196.142857 799081430.571429 2.20522005423669e-07 2148 0.00569172747672253 0.221845577965319
1.48 2B 801216576 801224385 NA 1455 0.0283049 0.0707580666245067
0 3B 276271.5 280059 NA 732 0.0301059991803279 0.0262760530173002
0.01 3B 984551.5 988494.5 NA 501 0.00183416766467066 0
0.03 3B 2397871 2404559.5 6.72722133898524e-07 894 0.00969497852348993 0
0.04 3B 3252358.5 3261908 6.7660733094685e-07 1763 0.0157387539421441 0.0510879815319211
0.06 3B 4325448.5 4329499 6.79957752758495e-07 703 0.0184166955903272 0.0228412982931793
0.07 3B 5670628 5675430 6.81810194375509e-07 139 0 NA
0.08 3B 6050741 6053833 6.81843132257808e-07 819 0.0282523236996337 0.0989291619143859
0.09 3B 7248028.16666667 7252211.66666667 6.80609812821271e-07 2254 0.00968546490239574 0.0261518662958997
0.1 3B 8380702.66666667 8386639.16666667 6.79056393961318e-07 1711 0.00331421150789012 0.138791001412723
0.11 3B 9570897.4 9577130.6 6.8335293166243e-07 2151 0.00765867350069735 0.0344043559768126
0.12 3B 10762765.6666667 10768958.6666667 6.91618872240449e-07 1492 0.00751236876675603 0.0260158927178379
0.13 3B 12100374 12104292 7.05386946431421e-07 426 0 Inf
0.14 3B 14524035 14526526 7.25209344683929e-07 108 0 Inf
0.15 3B 16367372.3333333 16372022 7.24018879328714e-07 1690 0.00528795188757396 0.031929790036079
0.16 3B 17945555.3333333 17951968.6666667 7.56514080159169e-07 818 0.021273893398533 0.0332045530649364
0.17 3B 19422531.8571429 19426656.5714286 7.50309657397986e-07 2195 0.00906731124373576 0.0731932483305931
0.18 3B 21060299.5 21064122.5 7.66003703829241e-07 311 0.0130842762057878 0
0.19 3B 22264666 22268179 8.11258838703945e-07 464 0.0217276325646552 0.0559357430191803
0.2 3B 23283804.5 23287813 8.77810237658758e-07 965 0.0106912692642487 0.111694050675317
0.21 3B 24070604 24075594.2 9.40540084388552e-07 1726 0.00666306714368482 0.0187043671543298
0.29 3B 31105028 31108804 9.48490162983793e-07 218 0 NA
0.3 3B 32281086 32283252.5 9.44170987881625e-07 356 0.0129691296067416 0.0620892465702924
0.31 3B 32747385 32749461 9.36015019554622e-07 128 0.00727273 0
0.32 3B 33955369 33956554 8.97877769978347e-07 79 0 NA
0.35 3B 38055678 38062529.5 7.38513970342744e-07 481 0 NA
0.36 3B 40113049 40116646 6.69970161735193e-07 1076 0.00173708442379182 0.317452002801515
0.37 3B 42821732.6666667 42825628.3333333 5.6845603397558e-07 941 0.0113706612114772 0.0538371664825416
0.38 3B 44308363.2 44311115.2 5.20702235015824e-07 1006 0.0135737057057654 0.0417148435522552
0.39 3B 48174612 48178898.5 4.27990484523022e-07 301 0.00333084465116279 0
0.4 3B 50326992.25 50332994.5 3.86603948300888e-07 1519 0.0168686579328506 0.0555935179856091
0.41 3B 54180436.5 54184932.25 3.49424433007728e-07 1904 0.0186846139180672 0.0892719181056514
0.42 3B 57863190.6 57869480.8 3.00026225818973e-07 3128 0.00252327699488491 0.0362969933432229
0.43 3B 59590989 59595676.5714286 2.78838341649447e-07 2398 0.0152102021851543 0.0390208954292137
0.44 3B 63614447.5 63619172.9 2.54704812179182e-07 3570 0.00823014033333333 0.280999332364836
0.45 3B 66459143.3529412 66462301.1764706 2.31991704404821e-07 3496 0.0097312795909611 0.17751124148746
0.46 3B 70232074.5714286 70238691.7857143 1.92968682536176e-07 5086 0.00982283199960676 0.0980294922707557
0.47 3B 75461854.1666667 75468324 1.60650483763625e-07 2488 0.003556685335209 0.0952615732295473
0.48 3B 81014356.2222222 81019688.7222222 1.31356317557509e-07 5832 0.00183315441872428 0.188149499797285
0.49 3B 102006729.305556 102011618.444444 4.67195268624919e-08 10604 0.000516728544888721 0.171281144315952
0.5 3B 120467448.243243 120473432.891892 4.11049559577552e-08 14996 6.47946385702854e-05 0.803694152813061
0.51 3B 136574741.72 136579934.32 5.79408026319464e-08 7899 0.00137496499683504 0.0787361301663161
0.52 3B 151428059.828571 151434997.485714 5.23711873529147e-08 10607 0.00166549838785708 0.145111965275737
0.53 3B 167579557.071429 167584374.785714 4.54878445624681e-08 7799 0 Inf
0.54 3B 186557462.8 186562675.95 3.62407755572489e-08 11125 0.00053423206741573 0.474838272320908
0.55 3B 228379326.267442 228385198.825581 2.39421008256006e-08 28930 0.000454106607328033 0.174566660847233
0.56 3B 329023105.472222 329033061.455556 6.61451756223926e-09 70199 0.000347468668812946 0.554084368298229
0.57 3B 416988137.363636 416994378.484848 1.15515903836857e-08 44412 0.00033096027843826 0.371720652008418
0.58 3B 459447805.608108 459453975.905405 2.74041614640882e-08 24044 0.000712249285185493 0.180824792597432
0.59 3B 496695047.113636 496700710.795455 4.33353870949963e-08 29709 0.000424055339796021 0.547904320492561
0.6 3B 524722739.740741 524727877.314815 5.50937623540344e-08 15962 0.00079446035647162 0.307071840302107
0.61 3B 540423518 540429305.4 6.2255448020547e-08 14888 0.00201616785142397 0.1479770154049
0.62 3B 551636599.75 551643739 6.5977284671283e-08 8360 0.00145464915669856 0.235916357427132
0.63 3B 561281367.636364 561287594.090909 6.82798743870582e-08 11568 0.00102443543049793 0.265611768843033
0.64 3B 575722377.767442 575726144.813954 7.35491969426182e-08 10186 0.00235775240329864 0.164435726287924
0.65 3B 589581822.75 589587614.178571 7.17240643195835e-08 10340 0.000557048200773694 0.198754285645165
0.66 3B 604213891.823529 604218716.970588 6.90268214873765e-08 10480 0.00569141969656489 0.0336195344793633
0.67 3B 618696005.466667 618700354 7.85183951351035e-08 9311 0.000481483771882719 0.321095147339492
0.68 3B 635926555.757576 635931845.757576 1.03573036908262e-07 9749 0.000982422623858858 0.180958779925342
0.69 3B 650763794.633333 650769806.7 1.12511733832536e-07 9509 0.000815651511199916 0.175828658645943
0.7 3B 657880608.92 657885624.96 1.09233616840201e-07 8769 0.000886118208461626 0.238127577614358
0.71 3B 665292144.3125 665297134.375 1.03854056573652e-07 5603 0.00248809460110655 0.245877736067696
0.72 3B 671039356.863636 671043029.545455 1.00594110340311e-07 7521 0.00610235419758011 0.0994478870892001
0.73 3B 676962490.15 676967234.85 9.29742794095512e-08 6597 0.0042464425132636 0.164308187005527
0.74 3B 685959965.8 685964123.1 7.85101020617032e-08 7107 0.00795708773040664 0.0711862464732623
0.75 3B 701358834.26087 701363787.173913 4.34038870057821e-08 13569 0.000956091218217997 0.239522475968218
0.76 3B 719669065.214286 719673228 2.10058443594738e-07 6191 0.00830801058310451 0.0460241356790117
0.77 3B 724562329.875 724566518.3125 2.79691777024681e-07 5111 0.0141154629348464 0.0435958185342097
0.78 3B 728905345.5 728910322 3.32232903380183e-07 966 0.00317578677018634 0.0927355990577278
0.79 3B 730529433.75 730533350.75 3.5673461367016e-07 1823 0.00214823155238618 0.530417450716559
0.8 3B 732523698 732527947.5 3.8118654243008e-07 939 0.00973906485623003 0.124520771331434
0.81 3B 734041309 734046437 3.95114902202186e-07 1700 0.00168607185882353 0
0.83 3B 737965306.666667 737970442.333333 4.12757905194906e-07 653 0.0144307168912711 0.0309004153322498
0.84 3B 739144006.5 739153503 4.13570030968118e-07 1131 0.0114310893103448 0
0.85 3B 741797641.75 741802748.75 4.0586825455098e-07 2080 0.00142835621153846 0.288991155150199
0.86 3B 745732957 745737003 4.00822606225219e-07 87 0 NA
0.87 3B 749454629.833333 749458116.833333 4.31953951153612e-07 1342 0.00735633423994039 0.233671013703221
0.88 3B 752264793.5 752268087 4.48622544199428e-07 196 0.00771922321428571 0
0.89 3B 754984303 754991347.4 4.71820340082335e-07 1044 0.0112371057662835 0.146300381804486
0.9 3B 756822502 756824850 4.7575839840424e-07 378 0.0025641 0
0.91 3B 757851040.5 757855951 4.92017170241125e-07 284 0.046221073943662 0.155617693136591
0.92 3B 760131208 760137461 5.54767275268854e-07 421 0 NA
0.93 3B 760578049 760580170 5.67454916867637e-07 54 0 NA
0.94 3B 762930753.666667 762934547.666667 6.24368606689447e-07 803 0.00206459074719801 0.173721417004194
0.95 3B 764693235 764697597 6.55376512288945e-07 352 0.00818554 0.301027177192952
0.97 3B 767832970 767839099 7.06963208671101e-07 888 0.00778933978603604 0.123126417462438
0.98 3B 770556671 770557889 7.48188887064232e-07 160 0 NA
0.99 3B 771794966 771799358 7.76709857369854e-07 135 0 Inf
1 3B 772486779.333333 772492722.333333 7.90981147305276e-07 2421 0.00281755935563817 0.0440607137231915
1.02 3B 774468967 774475576 8.22880450804421e-07 485 0 NA
1.03 3B 776389263.5 776392685.5 8.6196312317622e-07 140 0 Inf
1.05 3B 777991113 777993967 8.85163064950164e-07 343 0.0489876317784257 0.0338383990385102
1.06 3B 779540580 779542761 8.96604897269941e-07 184 0.0104031 0
1.08 3B 781251521.5 781257232.5 9.07939336477604e-07 2096 0.00749059859732824 0.163532694169193
1.09 3B 782604696.75 782612989.25 9.29608111558928e-07 1872 0.00370340108440171 0.124153406728667
1.1 3B 783468780.5 783472566.5 9.40090163860636e-07 626 0.00612218178913738 0.150986918203324
1.11 3B 784625655.333333 784635108.666667 9.49651161868409e-07 1115 0.009185146367713 0.182659456950099
1.13 3B 786789143.5 786791435 9.54244441711127e-07 269 0 NA
1.14 3B 788239239 788240358 9.47693894397383e-07 111 0.0424403 0.348859456695641
1.15 3B 789217940 789222322 9.38867540169679e-07 168 0.00900225 0.895262850953928
1.17 3B 791280668 791287389 9.08704176208958e-07 202 0.0610687 0.160877176032894
1.19 3B 792857833 792863851 8.75077744685096e-07 409 0.0414634 0.0337191354302831
1.21 3B 794861082.666667 794866373 8.26061327980014e-07 851 0.00885164324324324 0
1.22 3B 795608485 795613261.5 8.12177159544819e-07 397 0 Inf
1.24 3B 797800618.714286 797806321 7.80124177800672e-07 1594 0.0271715990589711 0.0376498022215974
1.25 3B 798480886 798484716.8 7.75078524847513e-07 1921 0.0161620923997918 0.0462225096968329
1.26 3B 800137837 800141378 7.6179788783275e-07 485 0 Inf
1.27 3B 803453753.333333 803457526.333333 7.36463126436946e-07 902 0.00952804878048781 0.0336991014975042
1.28 3B 806446038 806449466.75 7.09804177569524e-07 745 0.0267698731543624 0.03895736946203
1.29 3B 809448464.333333 809454018.333333 6.72708148524611e-07 716 0 Inf
1.3 3B 810350577 810354532.6 6.63491516965674e-07 1085 0.0052239438156682 0.102330230212002
1.31 3B 811445015 811448708 6.52505095251765e-07 583 0.0284876 0.0995889439615833
1.32 3B 812397580 812403855.5 6.43108954705856e-07 1327 0.000731135286360211 0
1.33 3B 812571302.5 812575296 6.41426331937749e-07 714 0.00281030571428571 0.427505599289147
1.34 3B 813977737 813984200 6.27908334071184e-07 430 0.0181509 0.368704582141932
1.36 3B 815616183.5 815622500.75 6.12642150955409e-07 2297 0.00247200709621245 0.101687034534516
1.37 3B 816588224.5 816592622.625 6.03818354036867e-07 2265 0.00552608991169978 0.0224486468009609
1.38 3B 818282098 818286163 5.88848635935171e-07 177 0 Inf
1.39 3B 820247210 820251778 5.7199079262723e-07 1796 0.0184045831180401 0.14042278677023
1.4 3B 825381871.666667 825386646.166667 5.26227452793934e-07 5756 0.00846034426685198 0.0369608249759163
0.01 4B 680538 683135 NA 140 0.0263508657142857 0
0.02 4B 1546154 1550344 1.05287957361259e-06 1647 0.00903897911353977 0.191633469912869
0.03 4B 2087374 2090137.5 1.04867406886679e-06 960 0.00616705136458333 0.241817588572021
0.06 4B 4528539.5 4533577 1.01370235123433e-06 1200 0 NA
0.07 4B 5164179 5167099.25 1.00394760854547e-06 775 0.0180204110322581 0.063387868518455
0.08 4B 6008015 6011995 9.90626202579197e-07 71 0.0267559 0
0.09 4B 7037403 7041786.66666667 9.73719688043424e-07 758 0 NA
0.1 4B 7811580 7819291 9.60523416957625e-07 1415 0 NA
0.12 4B 8980605 8983985 9.39937555070724e-07 281 0.00351494 0.580613040336393
0.13 4B 9821022.5 9825825.25 9.24542264741162e-07 1420 0.0197685718309859 0.112393003127884
0.14 4B 10599180.5 10603029.5 9.09908684327429e-07 885 0.0100313051977401 0.0244302416623413
0.15 4B 11774758 11780632 8.89240515933944e-07 1268 0.0181751785488959 0.106012943242384
0.16 4B 12526842 12530906 8.76180389993564e-07 561 0.0381645 0.0132720460113456
0.17 4B 13354614.5 13358926.25 8.6175720759556e-07 1759 0.0184214550881182 0.026664365875005
0.18 4B 14107021.5 14111413.6666667 8.48621911900163e-07 1855 0.00264711051752022 0.231581460471406
0.19 4B 15408590 15414249 8.2583161109979e-07 195 0 NA
0.2 4B 15967951 15975445.3333333 8.16205491342906e-07 1377 0.017402376281772 0.0482486273565089
0.21 4B 17205395.2 17211736.6 7.95293126040451e-07 2088 0.0175394285775862 0.172359340858016
0.22 4B 18252142.5 18261724.5 7.77932498815966e-07 3394 0.00354668095167943 0.279156486006074
0.24 4B 19740803.6 19747347 7.53862891583943e-07 808 0.00985636324257426 0
0.25 4B 21156602.9285714 21162122.9285714 7.31593653773729e-07 3864 0.0129344356780538 0.0740949747354428
0.26 4B 21931691.3333333 21939321.6666667 7.19614155642964e-07 216 0.0268023421296296 0
0.27 4B 23275060 23281598.6 6.99363619698894e-07 4815 0.00569979312357217 0.156695671936229
0.29 4B 25685024.8333333 25691124.8333333 6.64331317423766e-07 1947 0.00186914758602979 0.158604917383149
0.3 4B 26926312.1666667 26930774 6.4698875729297e-07 2345 0.0179810758848614 0.052475377029856
0.31 4B 28447484.4 28452211.2666667 6.26348428971212e-07 4008 0.0147956932260479 0.0725958371546238
0.32 4B 29106732.5 29115694 6.17579463199034e-07 926 0.00563072847732181 0.0544786808780944
0.33 4B 30780898.5 30787678 5.9601127604787e-07 693 0.0109210661471861 0.114859955239294
0.34 4B 32239225.4166667 32245393 5.77940425563633e-07 5242 0.00922941557993132 0.082448177968898
0.35 4B 33669540.8 33676379.8 5.60513337101184e-07 2990 0.00451939165217391 0
0.36 4B 35000355.1428571 35007404.2857143 5.40023927367433e-07 2629 0.0252911242373526 0.00434826741143734
0.37 4B 37315983 37320613 5.02415212921489e-07 295 0.0130933 0
0.38 4B 38668681.2222222 38673892.6666667 4.81404708019662e-07 4065 0.020391270698647 0.036474796468267
0.39 4B 41470956.3333333 41477285 4.27793947531241e-07 6437 0.00156709920537517 0.114813077107286
0.4 4B 49439904.0769231 49445776.051282 2.97907792090549e-07 12088 0.0103116427878888 0.099613492481534
0.41 4B 68299470.9574468 68305406.1914894 9.37254993828545e-08 14391 0.0010130846779237 0.171244377714225
0.42 4B 87430230.2368421 87436126.0263158 2.8797895919124e-08 11449 0.000865721097039043 0.165530615715894
0.43 4B 123255563.754237 123260977.983051 2.09246516673543e-08 44277 0.000155671275154143 0.312135691997036
0.44 4B 176002718.783333 176007990.716667 2.11935143458521e-08 19699 0 Inf
0.45 4B 331221270.103627 331230741.84456 1.04225103783107e-08 84049 0.000138925011124463 0.410867154390212
0.46 4B 413859916.804878 413864476.780488 4.32514571816183e-08 14327 0.000424180600963216 0.45662987614992
0.47 4B 429743265.318182 429748504.613636 5.52446966110946e-08 13657 0.000407397202899612 0.591426229077428
0.48 4B 446636658.938776 446641380.408163 6.77408334030651e-08 17376 0.000113443642955801 0.374325548042455
0.49 4B 463778906.111111 463783975.730159 7.76839062853687e-08 21947 0.000179743237253383 0.182451966660559
0.5 4B 480881814 480886803.210526 8.51125804243821e-08 5599 0.000177800142882658 0.578863254053479
0.51 4B 491514109.954545 491519726.818182 8.82312246436007e-08 8190 0.000668330174603175 0.161441786102328
0.52 4B 500759565.55 500765603.05 9.01267810338719e-08 8093 0.000116643940442358 0.307987608805815
0.53 4B 511413788.7 511419390.7 9.12878562616354e-08 9118 0.000329957471375302 0.09444849178061
0.54 4B 520900525.102564 520905074.128205 8.94622558880904e-08 12557 0.00067163594807677 0.178523066998828
0.55 4B 531727984.047619 531732581.571429 8.63735590850645e-08 5450 0.00214667336513762 0.123685859135128
0.56 4B 552216058.377778 552220853.622222 6.87675250422138e-08 17258 0.000941782929655812 0.189845316054107
0.57 4B 570431511.9375 570434777.625 4.87679218844583e-08 4207 0.00041565592821488 0.371747498572468
0.58 4B 578358649.714286 578363241.047619 6.11851046659241e-08 6148 0.000441075533994795 0.995021654022856
0.59 4B 591962259.294118 591967912.5 7.95079532491647e-08 13274 0.00575069666852494 0.143197863618145
0.6 4B 604159136.565217 604164447.608696 1.22033249296916e-07 6564 0.0084621327087142 0.125817197707597
0.61 4B 611654075.944444 611659887.333333 1.45554596574613e-07 7808 0.00367563789984631 0.152880848318675
0.62 4B 616703926.571429 616709146.642857 1.45921858056912e-07 4465 0.011253219668533 0.0541224760288994
0.63 4B 621273318.875 621277438.25 1.47275136178477e-07 1895 0.0113343697941952 0.0331819164807878
0.64 4B 628385603.142857 628389663.428571 2.46180685795512e-07 1726 0.0105208157184241 0.0558180038990881
0.65 4B 634082164.818182 634088722.909091 4.6543429184858e-07 2667 0.015757938023997 0.144529568551973
0.66 4B 637891260.666667 637894330 5.74119802712618e-07 1350 0.0192736948888889 0.0277452733591634
0.67 4B 639426090.333333 639429738.333333 6.24908084573207e-07 728 0.0122925202197802 0.128427976893373
0.68 4B 640655714.571429 640662131.571429 6.68188936208563e-07 2749 0.0105444490105493 0.0592593106851602
0.69 4B 641805092.5 641810046 7.10755412025776e-07 1249 0.016350041561249 0.210431527925674
0.7 4B 643283283 643286081 7.65389243859039e-07 478 0.0189833426778243 0.094330080926046
0.71 4B 643769898 643806519 7.79346103517986e-07 1807 0.00055991 0.281459520280045
0.72 4B 645016514.75 645020446 8.13715699687043e-07 1322 0.0122223655068079 0.0527172335143743
0.73 4B 646163563.5 646166413 8.46057015293374e-07 568 0.00889711144366197 0.0563663752793007
0.74 4B 646869838.333333 646874090 8.66167217778882e-07 581 0 NA
0.75 4B 647629112.5 647633269.5 8.87893776796845e-07 385 0.0371489083116883 0.0406460333521748
0.77 4B 649602163 649607404 9.45032401499275e-07 430 0.00229358 0
0.78 4B 650744745 650748901 9.78529823817918e-07 2460 0.0152532051300813 0.151571488109114
0.79 4B 651996178 651998728 1.01557182370815e-06 748 0.0104934088235294 0.219585206134872
0.8 4B 652628288.666667 652635187.5 1.03451183475368e-06 2286 0.00270781294838145 0.258385474558536
0.81 4B 653410438 653412910 1.05791851230371e-06 81 0.0519481 0.267825002261873
0.82 4B 654144606.333333 654147736 1.0798205549107e-06 837 0.0388773947431302 0.0264143782539917
0.84 4B 655771123 655774984 1.12686014781067e-06 556 0.00528634 0.0977858026536318
0.85 4B 657038365.5 657043242.75 1.16342031517506e-06 1043 0.00241252720997124 0.439541830134421
0.86 4B 657925016.666667 657928856.666667 1.18900017755802e-06 1591 0.00621804544311754 0
0.87 4B 658771762 658782331 1.21355984862287e-06 971 0.00425532 0.205569263886147
0.88 4B 659350901.25 659359809.25 1.23027875798697e-06 3290 0.00347243227477204 0.222842630998109
0.89 4B 660460307.625 660464944.75 1.26231390215414e-06 1516 0.0121924684168865 0.217119480956098
0.9 4B 661341685 661346822.5 1.28784362799161e-06 610 0.0108597183606557 0.175001878652711
0.91 4B 662390933.5 662392908.5 1.31820841849411e-06 322 0.012074439689441 0.148859847818048
0.93 4B 664152217 664160567 1.36941497343546e-06 773 0.00975015 0
0.94 4B 664985826 664989137 1.39356320785535e-06 425 0.00219850167058824 0.62409657589151
0.97 4B 667661717.333333 667665033.333333 1.47143647768132e-06 454 0 NA
0.98 4B 668215911 668217452 1.48756252518833e-06 199 0 NA
0.99 4B 669340647 669342853 1.52037763160016e-06 216 0.00340922824074074 0.292537425313348
1 4B 670424917.666667 670433356 1.55212563981954e-06 3272 0.00362431861246944 0.133542352809678
1.01 4B 671721880 671726692.333333 1.58849342557531e-06 456 0.00867726451754386 0.145358489791261
1.02 4B 672214230.333333 672222470.666667 NA 1683 0.00406724183006536 0.0420110139006084
1.03 4B 673248310 673252632 NA 472 0.0098912 0.0624652216111291
0 5B 113173.5 118543 NA 820 0.001136212 0
0.01 5B 756821 758672 NA 116 0 NA
0.03 5B 1748923 1752849 NA 603 0.00154739 0.31261285131738
0.05 5B 2570144.5 2574591.5 NA 685 0.0221813667153285 0.0951022519973725
0.07 5B 3917424 3923351 NA 472 0.0217984 0.055096704345273
0.08 5B 4546069 4552406 NA 424 0.0118624 0.113420555705422
0.09 5B 4905035.33333333 4907706.66666667 NA 461 0.0242883927548807 0.156141078309059
0.1 5B 5417279 5421527 NA 268 0.0365297 0.0293643254666751
0.11 5B 6379020.5 6388312.5 NA 567 0.00712810677248677 0.0702619860023336
0.12 5B 6647661.5 6651693 NA 434 0.0383555870967742 0.0353011957330065
0.13 5B 7541069 7545930 9.84490759401226e-07 650 0.00789266 0
0.15 5B 8919283.5 8927545.5 9.5871670225676e-07 1660 0.00837832298192771 0.0412552292729398
0.16 5B 9398046 9401218 9.49671018718444e-07 611 0.0196684909983633 0.0713546153892241
0.17 5B 10034721 10041101.5 9.3743616309907e-07 652 0.0111023454601227 0.0407882309464582
0.19 5B 11454818 11458233 9.09778656277868e-07 460 0.003996 0
0.2 5B 12464899.2 12471859 8.89634480830316e-07 1919 0.0117519492027097 0.0191496178404743
0.21 5B 13384480.7142857 13389134 8.71067172016647e-07 1952 0.00402922843237705 0.102778079626384
0.22 5B 13717504 13721589 8.64279563026764e-07 468 0.00815129232905983 0.0758474324142419
0.23 5B 15321110 15325008 8.31379849247071e-07 237 0 NA
0.24 5B 16097386 16102495.5 8.15880107987895e-07 1056 0.00839438625 0.0647719543558414
0.25 5B 17544779 17547737 7.87135030065212e-07 284 0.0103448 0
0.26 5B 17975412.5 17979120 7.78601904393882e-07 646 0.00989807678018576 0
0.28 5B 21180706 21186594 7.16600871101307e-07 575 0.0279417452173913 0.0362112453403443
0.29 5B 21749294 21752624 7.05975650465433e-07 666 0 Inf
0.3 5B 24142644.5 24148216.25 6.62294650388036e-07 2191 0.00488098329529895 0.10871063215147
0.31 5B 27156707.6666667 27161041.7777778 6.09966488486715e-07 2724 0.00366609223201175 0.108558289314056
0.35 5B 33859214.75 33862567 4.72345081179576e-07 587 0.00591983679727427 0
0.36 5B 36113929 36117409 4.36657350333665e-07 628 0 NA
0.37 5B 38171971 38175792.5 4.133393640015e-07 439 0 NA
0.38 5B 41380588.5 41384998.5 3.54294207608184e-07 935 0 Inf
0.39 5B 45326355.8333333 45330048.9166667 2.98215614997011e-07 3507 0 NA
0.4 5B 51059527.6666667 51067161.6666667 2.42488061337166e-07 1711 0.00228259268264173 0.148267401321261
0.41 5B 54464416.6363636 54469080.9090909 2.01647578285885e-07 2874 0.0215365237160752 0.0374721115038115
0.42 5B 59809990.1666667 59815242.8333333 1.50638661582931e-07 2327 0.00292399081650193 0.0425547856095676
0.43 5B 67903646.7777778 67910285.1111111 8.00490369074982e-08 7109 0.00242547587143058 0.115659642178583
0.44 5B 84512463.7115385 84518424.8076923 1.65552923607277e-08 17991 0.00267741037685509 0.0859375170002635
0.45 5B 127254713.457143 127259741.685714 0 37114 0.000105191137764725 0.494005618458774
0.47 5B 158443098.4 158459183.533333 0 7385 0.000261822078537576 0.144925753768555
0.48 5B 215424852.610619 215433067.858407 3.16208244589843e-08 44198 0.0001501241481515 0.518338432657008
0.49 5B 271900188.481013 271905572.506329 5.02306550505114e-08 28331 0.000440492139352653 0.337649390490842
0.5 5B 297249456.788732 297256411.366197 4.09116637147807e-08 30601 0.00163280485716153 0.188786865932579
0.51 5B 324326137.035714 324332171.916667 2.64223336690859e-08 28155 0.000496770987746404 0.463023709066137
0.52 5B 365017079.544554 365021877.544554 2.47214845974505e-08 30249 0.000786198432344871 0.198704902812402
0.53 5B 401506205.16129 401511874.935484 7.98287676066659e-08 8696 0.00398475131669733 0.0740969223450467
0.54 5B 412452797.125 412456462.4375 1.28608936931048e-07 4215 0.00263102867852906 0.0457806602844887
0.55 5B 420943362.461538 420948037.923077 1.82206577390571e-07 4015 0.00267901145703611 0.225679721828213
0.56 5B 426931735 426936479.5 2.1811966518362e-07 2716 0.00111020945876289 0.283865622035015
0.57 5B 430945225.285714 430951095.571429 2.38404861346796e-07 3442 0 Inf
0.58 5B 434807598.75 434810302.5 2.54938535871189e-07 707 0.00112925859971711 0
0.59 5B 439158677.333333 439162328 2.70387559943999e-07 1773 0.0051017646644106 0.252008152736817
0.6 5B 441465137.666667 441469656.777778 2.77070624738668e-07 2455 0.0168380311608961 0
0.61 5B 443033027.5 443035684.5 2.81104078742843e-07 668 0 NA
0.62 5B 446957083 446962081.333333 2.8898480572804e-07 1209 0.0182447629114971 0.272321836175297
0.63 5B 449252341.875 449255347.375 2.92337545879368e-07 2317 0.00306499423392318 0.160624844376436
0.64 5B 450954887 450958825 2.94259266852377e-07 278 0 NA
0.65 5B 454994722.5 454998931.666667 2.96423956758967e-07 2618 0.00148035019098549 0.223069956038317
0.66 5B 457970882.8 457975895.6 3.01558528355038e-07 2444 0.00450214000818331 0.0518372992902344
0.67 5B 461569217.1875 461572858.625 3.0820920985294e-07 2961 0.00397476145221209 0.164582305915345
0.68 5B 465493854.384615 465497697.153846 3.11700392921176e-07 2932 0.000566722305593452 0.47734321447533
0.69 5B 469509725.777778 469514097 3.11216916697793e-07 3484 0.00170153840413318 0.242879349338727
0.7 5B 472496534 472500688 3.0846167794124e-07 2513 0.0015113297373657 0
0.71 5B 476898405.090909 476903448.272727 3.04169357473509e-07 3975 0.00290315829685535 0.125262332497722
0.72 5B 479685276.25 479690208.666667 2.94624861700491e-07 4042 0.00380687962889659 0.213679577313279
0.73 5B 484438577.428571 484443543.571429 2.90766589128938e-07 2786 0.000333749332376167 0.603813562293249
0.74 5B 487880546.909091 487885317.181818 2.93059712422957e-07 3049 0.00219803288291243 0.0854603842041737
0.75 5B 491504964.727273 491509314.818182 2.97844944374607e-07 1996 0.0127754481713427 0.0507030163503808
0.76 5B 496292097.6 496295623 2.90404857199351e-07 1032 0 NA
0.77 5B 498257192.909091 498260766.909091 2.91240310227189e-07 2253 0 Inf
0.78 5B 501533244 501536292.5 2.9720630210752e-07 956 0 NA
0.79 5B 502368360.333333 502373495 2.99795827505087e-07 1012 0.00750817243083004 0.114537692491995
0.81 5B 506610746.133333 506616049.066667 3.19524160105268e-07 5635 0.00571746506299911 0.0897401530007049
0.82 5B 508195981.222222 508198838.333333 3.29603370556258e-07 1645 0.0156006229908815 0.0112028115943661
0.83 5B 511066693.1 511071055 3.51827295343134e-07 2757 0.000645494602829162 1.03848474857636
0.84 5B 515125025.75 515128761.25 3.88860477697827e-07 1786 0.00110762160134379 0.289250145047636
0.85 5B 518033308.666667 518037472.111111 4.07799941717205e-07 3148 0.000303797687420585 0.221286412938324
0.86 5B 522775717.8 522779865 4.42676022966876e-07 982 0.0153457586558045 0.0386615373334346
0.87 5B 527476654.4 527478398.4 4.89754538091056e-07 578 0.0401972783737024 0.037619116727458
0.88 5B 529474071.666667 529478805 5.32530522303436e-07 797 0.00510570983688833 0.0698731808794854
0.89 5B 531783313.5 531787573 5.74533868181167e-07 787 0.00937218030495553 0.152720812232705
0.9 5B 534147739.333333 534152843 5.69661225585452e-07 638 0.00846317379310345 0.104700166138196
0.91 5B 536049119 536053881.5 6.00485075426264e-07 642 0 NA
0.92 5B 536657838 536660270.666667 6.12011215364381e-07 260 0.00768963153846154 0.571751732427712
0.93 5B 538986671.5 538992099.333333 6.44001738910502e-07 1057 0.0282938309366131 0.0379007999754756
0.94 5B 539583796.6 539590264.6 6.49208303185436e-07 2838 0.00603246313460183 0.116288948698132
0.95 5B 540739649 540742904 6.55570374972746e-07 284 0 Inf
0.96 5B 541414522.75 541418512 6.56979176757325e-07 1840 0.00987474230978261 0.0478617283235269
0.97 5B 542458456 542465046.666667 6.55939432208148e-07 1787 0.00770730789031897 0.0208453736652324
0.98 5B 543160659.333333 543167963 6.5322156175267e-07 2747 0.0120838117510011 0.0429956188820724
0.99 5B 544618985 544623256.5 6.4190674154261e-07 741 0.0027638326585695 0
1 5B 545531673.666667 545538628.666667 6.31023313357137e-07 1906 0.00252341795383001 0.300053841304061
1.01 5B 547067453.666667 547077267.666667 6.05826518991765e-07 1093 0.00962773138151876 0.192532604238382
1.02 5B 548381401.125 548388450.25 5.85125281312335e-07 2201 0.00228560939118582 0.33835820524986
1.03 5B 550097876.166667 550100215.166667 5.57979000225585e-07 1129 0.00173926873339238 0.401465706141632
1.04 5B 550924450.333333 550930437.888889 5.42455665550197e-07 3752 0.00473127349946695 0.0976641239520941
1.05 5B 552517871.363636 552522221.090909 5.13869825163999e-07 3339 0.00085176316262354 0.607051556498628
1.06 5B 554553249 554558826.166667 4.88449254855301e-07 2902 0.0095782494348725 0.0618964061358831
1.07 5B 557741188.636364 557746304.545455 4.54413155743287e-07 5232 0.0051752655351682 0.0743342732527019
1.08 5B 561507731 561514062.833333 4.20680184297285e-07 2376 0.00463355760942761 0.129125169117423
1.09 5B 566898852.571429 566904618.214286 3.83519259318734e-07 6227 0.00397543650875221 0.0662189193502654
1.1 5B 571717958.956522 571723396.608696 3.66711446883e-07 10302 0.00456285586002718 0.212817699926118
1.11 5B 574987234.083333 574991837.416667 3.73764630116473e-07 3356 0 NA
1.12 5B 577912839.1 577918303.3 3.81009943537574e-07 3751 0.00439284277259398 0.11310730214943
1.13 5B 580647790.125 580652678.375 3.87469294491188e-07 1808 0.0051765796460177 0.0903413476455821
1.14 5B 582868658.166667 582873011.333333 4.10809412908697e-07 1760 0.005721781875 0.242691538964623
1.15 5B 584677129.5 584680405.5 4.22927618853248e-07 1560 0.00416921807692308 0
1.16 5B 585971795.571429 585976062.428571 4.18803978350897e-07 1574 0 Inf
1.17 5B 587399801.333333 587404277.833333 4.07141813176852e-07 2698 0.00170809019644181 0.12712814361715
1.18 5B 588669475.916667 588674252.833333 4.20684257304951e-07 3476 0.00933517027042578 0.224196320200278
1.19 5B 590913446.833333 590917187.5 4.35047283918367e-07 1423 0.000693636872803935 0.293265708066257
1.21 5B 595523253.125 595527093.125 4.81263493061523e-07 1798 0.0123414950055617 0.0521714399091957
1.22 5B 598441267 598446952 4.44968522947863e-07 1006 0.0166899005864811 0.136434695769894
1.23 5B 601039096 601043206.666667 3.91152648897112e-07 3112 0.0022493587403599 0.0816326229737799
1.24 5B 603866601.333333 603872652.666667 3.43025767024957e-07 5181 0.00678240127774561 0.161259424533202
1.25 5B 605791812.555556 605797530 3.03915612845789e-07 2767 0.00815575932056379 0.01261673266848
1.26 5B 608748352.75 608753180 2.58396068621563e-07 1885 0.0102602115915119 0.0150006508234404
1.27 5B 613264877.6 613269143.6 2.19318692402707e-07 2258 0.00222375625332152 0.114676372613991
1.28 5B 620028485.92 620033618.56 1.86625154188515e-07 6523 0.00703590181818182 0.0690228004593865
1.29 5B 625890638 625895662.666667 1.29050795293707e-07 954 0.00106079399371069 0
1.3 5B 632626994.6 632632444.4 1.73543371100992e-07 1277 0.00570333389976507 0.231557817810662
1.31 5B 637883335.357143 637887698.142857 2.03208710100236e-07 4706 0.00226935432214195 0.18797877438163
1.32 5B 641699448.125 641703160 2.50002856438363e-07 3591 0.00498176068504595 0.0640645117052449
1.33 5B 646357912 646361602.2 3.23900849512076e-07 1665 0.0065342363963964 0
1.34 5B 650464263.615385 650470541.923077 3.53592099629403e-07 4839 0.0173739104091754 0.0239658779468432
1.35 5B 654372293 654376254.25 4.26059956482175e-07 1809 0.00798650389718076 0.0394191927799313
1.36 5B 657272957.285714 657277989.285714 5.15502936564101e-07 2683 0.00446849941856131 0.0713169867671038
1.37 5B 658714589.625 658718070.125 5.57627251310692e-07 1344 0.00655856227678571 0.129944205637131
1.38 5B 660310016.25 660315884.5 5.98666375545388e-07 950 0.00206107738947368 0.14823256617469
1.39 5B 661367285.666667 661372569.666667 6.22204842286653e-07 747 0 NA
1.4 5B 662167374.4 662172815 6.38157640979506e-07 1893 0.00311698568409931 0.147011602276903
1.41 5B 663079077.666667 663082930.5 6.54531187557822e-07 1057 0.0226652940018921 0.0998688659804431
1.42 5B 664415343 664421172.5 6.74614620289861e-07 1555 0.0117879267524116 0.094509011539143
1.43 5B 665987150.4 665994517.8 6.93025698773982e-07 2263 0.0151725525320371 0.0413933871292957
1.45 5B 668648970.666667 668656461 7.09897987487559e-07 1299 0.00694374087759815 0.189935828029683
1.46 5B 669894375.333333 669897641.666667 7.12180435159325e-07 805 0.00234296817391304 0.30834572378537
1.47 5B 671207636 671211801.333333 7.10265949150731e-07 845 0.00229328390532544 1.49087355622275
1.48 5B 673897515.75 673901979.25 6.92867639887746e-07 1325 0.0014827221509434 0.589297687728209
1.49 5B 674727250 674731196.5 6.84063093032292e-07 1342 0.00311424069299553 0.203558971793296
1.5 5B 676434443 676439235.4 6.60402589380497e-07 1832 0.0160134029967249 0.0193359611831905
1.51 5B 678309408.4 678313705.2 6.34738138002103e-07 2008 0.000492881010956175 2.02844360189041
1.52 5B 679481805.833333 679488539.333333 6.41331192766263e-07 2794 0.00439953264137437 0.341143252982019
1.53 5B 680646716.9 680652163.5 6.46960537586017e-07 2989 0.0163761716293075 0.0337210013725276
1.54 5B 682170879 682175808 6.48674800037015e-07 615 0 NA
1.55 5B 683231180 683238386.666667 6.45812264945648e-07 1404 0.00980813695156695 0.104158266962752
1.56 5B 684565012.6 684569519.8 6.37972354936801e-07 1328 0.0088993044126506 0.105186303201208
1.57 5B 685395399.75 685398873.25 6.34044567530241e-07 862 0.0205856245939675 0.0639151099540754
1.58 5B 686433368.6 686437359.2 6.34444328527998e-07 999 0.0178497267267267 0.131382073238841
1.59 5B 687800680.5 687808373.5 6.36240247813229e-07 701 0.00785011388017118 0.0405178184872476
1.6 5B 689370089 689374127 6.3691965912554e-07 230 0.00868621 0.143056638050427
1.61 5B 690098729.888889 690103849.777778 6.36734286100277e-07 1856 0.0158522275161638 0.0294601054800431
1.62 5B 692929367.333333 692934221 6.33170243309456e-07 2107 0.0106807392453726 0.100105812362027
1.63 5B 695345957 695350564 6.24925014905218e-07 1719 0.00530665667830134 0.0701638817685559
1.64 5B 698478627 698484376 6.13146022049723e-07 1935 0.0169066143669251 0.0131304685032711
1.65 5B 704057085.423077 704061691.884615 5.98942171142872e-07 6801 0.0167208425996177 0.132679729287609
1.66 5B 709334380.4 709339514.2 5.92902894752972e-07 3309 0.0179882679057117 0.0458154391738338
0 6B 163680 173488 NA 1529 0.0486753 0.0312610297214398
0.02 6B 3384708 3387486 7.08632553100864e-07 419 0.00668524 0.208224386858213
0.03 6B 4005325 4009627 7.08910515021514e-07 844 0.0272983203791469 0.0879755414703917
0.04 6B 4908129 4911062 7.10078138679814e-07 176 0 NA
0.05 6B 6602494 6606071 7.14792275457587e-07 117 0.0172414 0.423872771352674
0.06 6B 8360339.8 8365747.8 7.23224974493928e-07 2274 0.0121210527132806 0.0615944791974742
0.08 6B 11431561.5 11435556 7.43052878498984e-07 1002 0.0176418682634731 0.198522958901977
0.09 6B 12932154.5 12937487.25 7.4913283084244e-07 1636 0.0132523441320293 0.149530057306372
0.1 6B 14672504.75 14677636.25 7.50388265414384e-07 2085 0.00623172768057554 0.154428573678834
0.11 6B 17106813.4 17111379.4 7.51702763899836e-07 1709 0.0174049399648917 0.00965513863244653
0.12 6B 18650604 18653990.5 7.63347597971932e-07 951 0.0329819154574132 0.0620625821978036
0.13 6B 20679829 20687936 7.66567465903525e-07 1905 0.00315126 0.0475869969472528
0.14 6B 21534713 21537561 7.62510400523482e-07 461 0.0118750724511931 0
0.15 6B 22556732 22559402 7.53834540302643e-07 240 0.00390625 0.31067904
0.17 6B 25172714 25179080 7.74468403293241e-07 609 0.0420149207881773 0.0910444483911227
0.19 6B 27877379 27887587 7.77834176488762e-07 2624 0.0113925523094512 0.0546223682452397
0.21 6B 29997968.5 30001471.5 8.07920211746755e-07 678 0.00843719584070796 0
0.24 6B 32326215 32330387 8.27369861248473e-07 730 0.00808697068493151 0.290497513622708
0.27 6B 36013109.5 36017693 8.1700270022516e-07 891 0.0450778976430976 0.163531639909593
0.28 6B 37250792 37253002 8.02355599975407e-07 332 0.0318592397590361 0.0531947513552555
0.3 6B 38980691 38983634.5 7.72181040939858e-07 820 0.0132401097560976 0.0264158704748782
0.31 6B 40106526 40110816.6666667 7.46615142077379e-07 674 0.035373612611276 0.0607651106292248
0.32 6B 41811499.3333333 41815803 6.99112728120063e-07 866 0.0249475956351039 0.161746818625279
0.33 6B 42893230 42896051 6.63122900218364e-07 399 0.0101056447117795 0
0.34 6B 44175917 44179459.2 6.15344671562371e-07 1066 0.00274161315196998 0
0.35 6B 46519299.5 46525347.75 5.11226360702051e-07 1742 0.00173663848450057 0.0940447046001456
0.36 6B 48498139.6666667 48509809.6666667 4.06840860305978e-07 2123 0.00423862725859633 0.191810175631354
0.37 6B 55970210.5714286 55974534.5714286 2.37412379938065e-07 1295 0.0119868540540541 0.149464443158322
0.38 6B 66222225.4444444 66226121.3888889 5.03187822539143e-08 4424 0.000170089082278481 0.569015677748909
0.39 6B 78830029.6 78833779.05 2.34722305195472e-08 4194 0.00751619088221268 0.0828026537983466
0.4 6B 96784108.8333333 96789389.6 6.46140871008852e-08 5407 0.00144650306639541 0.183611785354686
0.41 6B 113818338.666667 113823792.666667 8.50986434587333e-08 2212 0.000430677626582278 1.13429424178692
0.42 6B 121704810.857143 121710681.52381 1.00844054130837e-07 8412 0.00111420987398954 0.263434541005288
0.43 6B 130565631.346154 130570815.269231 1.24289998400602e-07 9626 0.000100846560149595 0.592381817656863
0.44 6B 140585853.68 140591204.28 1.50650420980684e-07 8623 0.00267585833816537 0.153766492828532
0.45 6B 148832769.25 148836685.166667 1.43074453805333e-07 3795 0.00609640694598155 0.213861007871158
0.46 6B 155741065.222222 155750473 1.10629369948834e-07 5448 0.00207835439060206 0.17858501476028
0.47 6B 162824318.916667 162829730.666667 8.09882950115596e-08 2670 0 NA
0.48 6B 203633109.985075 203638716.529851 2.20229657092694e-08 42520 0.00144067004444967 0.140624821457476
0.49 6B 257618969.62 257625115.54 1.42044833219493e-08 16042 0.000495790273656651 0.283281151921513
0.5 6B 343004463.010204 343017381.816327 1.57861764693739e-09 39464 0.000201084626647071 0.251798126018971
0.51 6B 413268705.111111 413274527.222222 2.05775926248206e-08 3068 0.000968182467405476 0
0.52 6B 440515006.101695 440521279.644068 4.3309505143367e-08 17433 0.000551069582458556 0.23180487363467
0.53 6B 466102944.230769 466109267.179487 6.9590656472803e-08 14062 0.000127958021618546 1.1178948903482
0.54 6B 479164936.275862 479170896.655172 7.67581495076635e-08 7382 0.000136153480086697 2.5491364516348
0.55 6B 489130875.5625 489135348.5 8.06805184824584e-08 4517 0.00088584989373478 0.410981569209415
0.56 6B 495505137.833333 495511083.666667 8.26109438937003e-08 1460 0.00140188759589041 0.138521624090697
0.57 6B 507767655.647059 507772641.264706 8.50218989475595e-08 9628 0.000309488685085168 0.386694757256486
0.58 6B 525370594.983871 525375721.5 8.55670599722067e-08 17133 0.000385449437926808 0.49615723891325
0.59 6B 541720691.608696 541726058.086957 8.13876566942146e-08 10161 0.00141869748253125 0.318411218555082
0.6 6B 553238480.692308 553243503.307692 6.36886889709326e-08 9749 0.000787469250179506 0.265215433642548
0.61 6B 562801524.368421 562805993.157895 5.85672060757084e-08 7822 0.000772944681667093 0.0941471142454433
0.62 6B 570230560.631579 570235083.842105 6.71574243597611e-08 6772 0.00179437168783225 0.120523081875457
0.63 6B 578871251.904762 578875265.190476 8.12625936221429e-08 5291 0.00068857192024192 0.556032285963249
0.64 6B 595433556.792453 595439744.113208 6.08055694925371e-08 22002 0.00131654422688846 0.217175848479657
0.65 6B 615886925.291667 615893032.958333 1.21407981898477e-07 8642 0.00121988419810229 0.136668007261046
0.66 6B 625628072 625632293.25 1.93672151727946e-07 1594 0.000621920326223338 0
0.67 6B 633095879.125 633101198.625 2.87881519125859e-07 2545 0.00568511587819253 0.0590708745074775
0.68 6B 635449227.75 635453012 3.18555947168399e-07 992 0 Inf
0.69 6B 637576924 637584689.666667 3.40431552197219e-07 1181 0 Inf
0.7 6B 639717553.25 639723935.5 3.56545847705437e-07 2020 0 Inf
0.71 6B 641246737.8 641255869.4 3.64391978331082e-07 2445 0 Inf
0.72 6B 643580109.8 643583714.4 3.69839976327708e-07 1127 0.00299137526175688 0.347080707555129
0.73 6B 645631492.444444 645637248.222222 3.69056196189834e-07 3423 0.00605299035933392 0.159980754835109
0.74 6B 649741818.25 649747449.5 3.86530304223549e-07 2016 0.00376758809523809 0.198611500378858
0.75 6B 652391613.363636 652397569.272727 3.82500055730864e-07 4451 0.00822044492922939 0.0197933623713698
0.76 6B 656750706.6 656754772.8 3.48305397589421e-07 2433 0.00594052601726264 0.0354193278409682
0.77 6B 658693230.833333 658698137.666667 3.34214522915886e-07 1452 0.0223813289876033 0.0879868032858923
0.78 6B 660933242.166667 660936228.666667 3.16389073232736e-07 1326 0.0131040012518854 0.0955127273636453
0.79 6B 662451691.5 662459306.875 3.06825524353301e-07 4621 0.0127306628998052 0.125850841978274
0.8 6B 664516165.1 664521800.9 2.94318763317758e-07 4294 0.0294202742338146 0.13494845485074
0.81 6B 668606736.333333 668610915.777778 2.67599417570064e-07 3905 0.00702884670934699 0.0836963781346294
0.82 6B 675929372.5 675933824.5 2.48890021382321e-07 1078 0.0134033206029685 0.0593136322327779
0.83 6B 679783887 679788733.875 5.35119636537255e-07 2206 0.00921954144605621 0
0.84 6B 682548356 682554118 7.53565948056966e-07 428 0.0204313 0
0.86 6B 684924436.285714 684930147.714286 9.29282505496092e-07 2968 0.020308121287062 0.101494836407611
0.87 6B 685950777.142857 685955897.571429 9.76335180605444e-07 2922 0.00232685106776181 0.212959043645985
0.88 6B 687554160 687557504 1.0140551417985e-06 288 0.0203735 0.343069183007338
0.89 6B 688274718.25 688278988.5 1.01634935286727e-06 1733 0.00668074581650317 0.0250888358320595
0.9 6B 689270493 689276211 1.00495338647188e-06 245 0 NA
0.91 6B 689919228 689923507 9.88441452826664e-07 438 0.00226757 0
0.92 6B 690673108.666667 690677923 9.60147027773432e-07 1363 0.00668940783565664 0.124940776051154
0.93 6B 690958525.5 690963911.5 9.58513400328544e-07 782 0.0151802441176471 0
0.94 6B 692036461 692038525 9.86739531248018e-07 20 0 NA
0.95 6B 692774342 692783735 1.00863117490826e-06 798 0 NA
0.96 6B 693432189.8 693435894 1.01983027694611e-06 1043 0.00950601035474593 0.223910703797753
0.97 6B 694384004.428571 694388052.285714 1.02533055457634e-06 1986 0.00466324916414904 0.063103074089376
1 6B 696636476 696641207 9.79099122266893e-07 821 0.0059657 0.337435673936001
1.01 6B 697756697.5 697762314.5 9.25433900959639e-07 946 0.00394661877378435 0.156471560519266
1.02 6B 699129911.333333 699138311.333333 8.83974132723343e-07 2924 0.018893645622435 0.0103768191608106
1.03 6B 701386578 701392566 8.66875156386406e-07 354 0 Inf
1.04 6B 702137647.428571 702141953.714286 8.63254944458049e-07 1580 0.00786139000632911 0.0223635725592094
1.05 6B 703452161 703457003.666667 8.55838708234107e-07 732 0.00279760709016393 0
1.06 6B 704782518 704786578.4 8.46906500297632e-07 474 0.00400116624472574 0.302649649406017
1.07 6B 705437490.5 705442930.5 8.41966737839581e-07 1119 0.0111741714030384 0.0693360619118304
1.08 6B 706915109.8 706918832.8 8.29425064353322e-07 1275 0.0172718232156863 0.0516768442162169
1.09 6B 708726217.5 708732431.333333 8.1149200339119e-07 2039 0.0119813500784698 0.10471027044913
1.1 6B 709901494.8 709905378.2 7.98405587846133e-07 1209 0.0103593333829611 0.0229135910353461
1.11 6B 711359350 711361966 7.80603531774935e-07 219 0 Inf
1.12 6B 712409922.181818 712414527.818182 7.66577113872985e-07 3729 0.0162631825261464 0.0433861007517502
1.13 6B 714017373 714021686 7.43330537825149e-07 848 0.00993491509433962 0.153001070172756
1.14 6B 715650345.5 715655170 7.19466188569516e-07 773 0.0156171634799483 0.0707579616497783
1.15 6B 716438084.5 716442963.25 6.9311290204623e-07 345 0.0184580191304348 0.185079526959776
1.16 6B 718155173.166667 718160816.166667 6.68561694135501e-07 2724 0.0110445385242291 0.0357622469981703
1.17 6B 719508157.25 719514726 6.53347232107746e-07 2625 0.00880230106666667 0.173950767323815
1.18 6B 720649432.666667 720654995.666667 NA 1015 0.0117466301477833 0
0 7B 267438 269851 NA 263 0 NA
0.01 7B 421705 425790 NA 220 0.0231481 0
0.02 7B 1304370 1309391 NA 142 0.0272109 0.448169667302441
0.04 7B 3043243.5 3049874.5 7.61653849814909e-07 813 0.0139177481180812 0.0766328243487793
0.05 7B 3763136 3766649.2 7.53978760371146e-07 811 0.001152304648582 0.311980653321499
0.06 7B 4757382.66666667 4761893.33333333 7.43346370617738e-07 910 0.00436516907692308 0.0727169859558528
0.07 7B 5643164.75 5648406.75 7.33871315827337e-07 799 0.0132025168961201 0.360290842257009
0.08 7B 6352075.2 6356077.2 7.26295591440558e-07 1412 0.00770623185552408 0.117729554919708
0.1 7B 8519789 8526697 7.03080800760974e-07 487 0.0188778 0.0926765830764178
0.11 7B 8859289 8863598 6.9945945464914e-07 116 0 NA
0.12 7B 9754094 9760088 6.89866724935618e-07 219 0.00961538 0
0.14 7B 11958569 11961510.5 6.66257384768284e-07 249 0 NA
0.17 7B 15264712.6666667 15270754 6.30768330745029e-07 883 0.00220886930917327 0.148660019659238
0.19 7B 17630414.5 17636077 6.05359159986866e-07 621 0 Inf
0.2 7B 18199334 18203379 5.99253111498113e-07 197 0 NA
0.21 7B 19271829 19276711 5.87717600683279e-07 278 0.00373134 0
0.22 7B 21334109.75 21339442.5 5.65528019728466e-07 1058 0.00880521688090737 0.183353075059754
0.23 7B 22060990 22072146.3333333 5.57672419858019e-07 1035 0.0188143385507246 0.0874555866025585
0.24 7B 23966234 23971627.6666667 5.37183106488012e-07 1582 0.00398402878002529 0.103461687678235
0.25 7B 25672673 25675837.5 5.18802935652236e-07 509 0 NA
0.26 7B 27099208.5 27105465.25 5.03400937078723e-07 1153 0.00268394752818734 0
0.27 7B 29084763.1428571 29089980.7142857 4.81977589998676e-07 1946 0.00100995110996917 0.296282644434784
0.28 7B 31841716.25 31847602.25 4.52191346472452e-07 990 0.00104135607070707 0.886814909785804
0.29 7B 33356803.4166667 33361914 4.35813399230435e-07 2862 0.00873644207896576 0.0696750406139836
0.3 7B 35649933.4 35652854.4 4.11012879798536e-07 562 0.00160057245551601 0
0.31 7B 42525648.5 42531091.6111111 3.17975480382385e-07 5513 0.0064912763522583 0.121436896726607
0.32 7B 50704255.2941176 50711563.8823529 2.26733137335603e-07 6129 0.00206278904225812 0.26468892397167
0.33 7B 59074149.8181818 59080105.3636364 1.74840707554925e-07 4147 0.0040400023872679 0.0298437857109232
0.34 7B 63983049.7272727 63987186.1818182 1.02339271492738e-07 3087 0.00295092301587302 0.125012450107919
0.35 7B 70604349.2142857 70608100.5714286 1.38723612538761e-07 4161 0.00283230745013218 0.142528976923856
0.36 7B 76456457.2307692 76463435.1538462 1.4501984176081e-07 4956 0.000193184251412429 1.34245084099093
0.37 7B 82611412.1818182 82616598.3636364 1.50938757272048e-07 3333 0.00349730570957096 0.148075011098102
0.38 7B 89528144.3333333 89534465.5333333 1.56229174269327e-07 5615 0 Inf
0.39 7B 95678796.2 95682997.4 1.56512986692131e-07 648 0.00476558680555556 0.0902414162234532
0.4 7B 103557565.909091 103563759.181818 1.53112288913552e-07 5433 0.00017472236149457 0.911799810630647
0.41 7B 107809172.0625 107815200.0625 1.53042839926915e-07 4342 0.000694780976508521 0.191353489314124
0.42 7B 113632682.052632 113637560.105263 1.52121558995656e-07 5663 0.0022074053823062 0.201814360341527
0.43 7B 119480939.1 119486030.3 1.50147446301732e-07 5273 0.000941825105253177 0.290731655746468
0.44 7B 128908195.611111 128914397.722222 1.59197358515692e-07 8738 0.000799532580796521 0.359568304683986
0.45 7B 136773141.818182 136778620.272727 1.48984497378291e-07 8498 0.000347161403859732 0.774422251818256
0.46 7B 144307656.75 144312506 1.17502980461177e-07 3028 0.00326482745376486 0.189470400771997
0.47 7B 151490447.529412 151497633.882353 9.39524316515016e-08 5950 0.000805473576470588 0.478104916024787
0.48 7B 157077157.789474 157085536.157895 8.12761195005052e-08 9120 0.000222693244517544 0.533551636079287
0.49 7B 174890140.460317 174894818.507937 5.46926388737466e-08 23551 0.000114411474841833 0.665919859516858
0.5 7B 213700462.172414 213705879.931034 2.11830150270843e-08 27025 0.000141739209546716 0.29925363090869
0.51 7B 246514489.261905 246521933.47619 3.38418958113042e-08 13153 0 Inf
0.52 7B 273823041.173913 273829514.913043 3.45922505714631e-08 8743 8.49677524877044e-05 0.772717430350752
0.53 7B 327174238.280899 327182750 2.18944829686986e-08 33419 0.000201317013674856 0.295119534886973
0.54 7B 401467883.375 401473666.184211 1.15756835412608e-08 47292 0.000322635263892413 0.434331741067409
0.55 7B 455085315.369863 455092541.547945 2.7831966863703e-08 25433 0.00131005390626352 0.248426167188018
0.56 7B 482938743.552632 482943919.052632 3.60036614583806e-08 11324 0.000609565128929707 0.425794352597049
0.57 7B 509655911.652174 509661313.971014 4.2209729769962e-08 22404 4.00982440635601e-05 1.59006806572849
0.58 7B 532676831.833333 532682788.6875 4.99983235392375e-08 14931 0.00302566256077959 0.0819779957875862
0.59 7B 561811507.073529 561817041.117647 4.33468247894755e-08 20764 0.00184779617511077 0.179424152735829
0.6 7B 579724760.777778 579727343.333333 1.47283489063864e-07 1498 0.00564664308411215 0.236741864591703
0.61 7B 584031318 584033694.666667 1.59994803474707e-07 813 0 NA
0.62 7B 588386039 588390185.25 1.62308433442387e-07 1001 0.00684745194805195 0.59696758300345
0.63 7B 593391484.888889 593396382.444444 1.79282364997064e-07 2600 0.00781240585384615 0.242095901451557
0.64 7B 601595588.2 601600253.4 1.73439367855142e-07 2630 0.00865605519391635 0.135584557604634
0.65 7B 608193941.875 608198485.5 1.67451211504799e-07 2105 0.00242902393349169 0.0564665676156426
0.66 7B 612542422.666667 612548521.166667 1.75883255656854e-07 797 0.0191017920577164 0.0332997923433812
0.67 7B 617347791 617352529.333333 1.71764041909094e-07 1091 0.000920241173235564 0
0.68 7B 623592648 623597659.466667 1.87216879222851e-07 5136 0.000400511409657321 0.695695427565205
0.69 7B 629689092 629693331.818182 1.96492927272013e-07 2200 0.00181284709545455 0.211337425612145
0.7 7B 634075539.5 634078364 2.04798740040387e-07 330 0.00314189927272727 0.555085673135983
0.71 7B 638335804.777778 638341609.777778 2.40660427441114e-07 3393 0.0207794714176245 0.036688145999734
0.72 7B 641948734.8 641952981.8 2.91606729731197e-07 1622 0.00289555585696671 0.187530878776004
0.73 7B 645724343.5 645732433.5 3.63589287126931e-07 827 0.00111693332527207 0.316588736567583
0.74 7B 649448625 649452872.571429 4.46564235039712e-07 2221 0.00209273099954975 0.110097094409606
0.75 7B 653015028.5 653019244.5 5.20128625383932e-07 452 0.0111134269911504 0
0.76 7B 653890302.666667 653894167.333333 5.35994624159609e-07 853 0.00478612846424385 0.279768880151642
0.77 7B 656507357 656510577 5.78490580432808e-07 217 0 NA
0.78 7B 658433260.8 658437941.4 6.04798268498054e-07 1887 0.00423686287228405 0.0355955316170528
0.79 7B 660163504 660167628.333333 6.25377310977632e-07 1575 0.00193578666666667 0.18577377410078
0.8 7B 662769884.333333 662774579.666667 6.50083020438964e-07 1174 0.0181905614991482 0.0137082423803362
0.81 7B 664204760 664206028 6.60508022260463e-07 178 0 NA
0.83 7B 666905113.5 666907944 6.73999889511968e-07 518 0 NA
0.84 7B 667989506 667994094.5 6.77294256455245e-07 758 0 NA
0.85 7B 670278572 670289261 6.79952217689818e-07 768 0.00634921 0.531196794561843
0.87 7B 672385976 672389869 6.77361845052183e-07 104 0 NA
0.88 7B 673955432 673963147 6.72300466347913e-07 889 0 Inf
0.89 7B 675517431 675522205.5 6.64605572325411e-07 956 0.00532929326359833 0.725178978216938
0.91 7B 677899695 677903309 6.47780089721386e-07 193 0.0110343393782383 0
0.92 7B 678800857 678804516 6.40383078174172e-07 706 0.00139085409348442 0
0.93 7B 680272854.333333 680277402.666667 6.49016826451335e-07 761 0.0195625289487516 0.173324764482949
0.94 7B 681959185 681962890.666667 6.54395503706844e-07 491 0.00606897963340122 0
0.95 7B 683509522 683515042 6.74360757170699e-07 795 0.00121102 0.600163498538422
0.96 7B 683924716 683927901 6.79937669761278e-07 83 0 Inf
1 7B 690553554 690556213 7.18220733428081e-07 337 0.0171931587537092 0.0498869668073243
1.02 7B 692605245 692611235 7.10785634680443e-07 795 0.0544554 0.0596759917290113
1.03 7B 693095391 693098146.5 7.07627137508744e-07 566 0.00665891236749117 0.0759676462725213
1.07 7B 699151595 699159589.5 6.25285503761926e-07 1614 0.00248519475836431 0.0711745366863231
1.08 7B 700312627.714286 700323153.857143 6.00222123659748e-07 4651 0.0092588913201462 0.0840229303835315
1.09 7B 701640176.555556 701645435.333333 5.71970741339608e-07 3174 0.0124521310806553 0.119374276094366
1.1 7B 704223586.166667 704228242.833333 5.22325653850954e-07 2239 0.00796364402858419 0.193185663805446
1.11 7B 706046045.75 706050256.75 5.00936881029325e-07 1872 0.0129794463782051 0
1.12 7B 708555333.4 708559718.4 4.71043400287574e-07 2819 0.00681640964171692 0.059528360321564
1.13 7B 712017051 712022509.333333 4.20355225102662e-07 464 0.00146735172413793 0
1.14 7B 713953607 713957784.666667 3.85320084809094e-07 821 0.0259877006333739 0.107977700977672
1.15 7B 716957346 716966718 3.41042778691405e-07 716 0.00141393 0.562480462257679
1.16 7B 720298694 720302191.857143 3.14755081536769e-07 2311 0.00532520004759844 0.0460872417409508
1.17 7B 724840471.666667 724846376 2.85013302524778e-07 2316 0.00408186920984456 0.13423214815835
1.18 7B 728802185.428571 728806222.428571 2.45302137436676e-07 2091 0.0167577824485892 0.0223457616989742
1.19 7B 732763438.8 732771139.2 2.11353867464461e-07 4470 0.00928882071812081 0.172003399869529
1.21 7B 741802960.444444 741808877.388889 1.35144337308163e-07 8089 0.0169684949276796 0.111979727954011
1.22 7B 750034442.333333 750039472.666667 7.23564969479912e-08 1123 0.0612886693677649 0.0396293605288819
