poscM Chromosome Start End recRate nb_complete_site piSyn f0
0.03 1A 1197276 1202431 1.28204328826088e-06 2798 0.0321149908005718 0.0489322713830609
0.07 1A 3187498 3192426.5 1.22937490207059e-06 607 0.0256265046128501 0.120827954696282
0.08 1A 3403685.33333333 3408569 1.22348203918487e-06 1246 0.0525806754414125 0.0667192925164775
0.12 1A 5491027 5495112 1.15658401937862e-06 279 0.0540236 0.092616375065712
0.14 1A 6569388 6576401 1.12599356487817e-06 230 0.0171429 0.232847417881455
0.15 1A 7495603 7503027 1.09898218543153e-06 1573 0.0460784394151303 0.0728002485802382
0.16 1A 8243343 8248048 1.07675536225756e-06 633 0.0256019884676145 0.071466642287307
0.17 1A 9111992 9116920.5 1.05029696827475e-06 541 0.0401973955637708 0.066045521382902
0.18 1A 9610864.5 9614276 1.034852939624e-06 635 0.0202967303937008 0.089273983371031
0.19 1A 10065492.8 10070837.6 1.02150338959398e-06 945 0.0380020907936508 0.0566676918956935
0.2 1A 11564200 11572148 9.80895544252246e-07 559 0 NA
0.21 1A 12086563.6666667 12090693.1666667 9.67158637381254e-07 1903 0.018456445244351 0.0577854109856107
0.22 1A 13504627 13510462 9.3007519782074e-07 1679 0.0124558655985706 0.139412515201965
0.23 1A 15448395.75 15452477.25 8.73821290111507e-07 1918 0.0233463720020855 0.107297091831773
0.24 1A 16931434 16934477 8.31349589658753e-07 141 0.0435714 0
0.25 1A 18493615 18494853 7.89150516385891e-07 264 0 Inf
0.27 1A 20365561 20371612.75 7.41482616558673e-07 1503 0.0165733421823021 0.0768560958458756
0.28 1A 21760904.8 21768164.8 7.08024633342341e-07 2249 0.00530408886616274 0.21226862173311
0.3 1A 24139305.3333333 24143939.3333333 6.5147874816274e-07 850 0.00801435127058824 0.055110139640116
0.31 1A 25620304.5 25627185 6.06857316574939e-07 833 0.0321402163265306 0.0763837317995598
0.32 1A 27858512.1666667 27865408.8333333 5.33318696800451e-07 2675 0.0205585901682243 0.0685301220707911
0.33 1A 29729224.6666667 29735108.8333333 4.79536548777122e-07 2541 0.0101687111924439 0.123052282120776
0.34 1A 33512006.3333333 33517367.5 4.21759541592028e-07 2788 0.00560322838593974 0.188310322667706
0.35 1A 36534585.9 36538572 3.26058058564939e-07 3690 0.00482331793224932 0.116168997133633
0.36 1A 41526338.4444444 41532356.3333333 2.2356752004476e-07 1063 0.0142407323142051 0.0924935970884387
0.37 1A 45830763.75 45836528.75 2.25913996792417e-07 1071 0.0020894277124183 0.274897426333458
0.38 1A 49081955.1538462 49088945.2307692 2.22804657696844e-07 5986 0.00261286321349816 0.225236365554393
0.39 1A 53492751.8571429 53497285.7142857 1.7828724513288e-07 2121 0.0109126010466761 0.0314846284210505
0.4 1A 58595314 58600693.1052632 1.49998835301524e-07 6213 0.00991687567519717 0.137423626726845
0.41 1A 65554329.8571429 65558726.9285714 1.26268273315444e-07 5147 0.0144482507810375 0.0880636507617559
0.42 1A 79329628.962963 79336026.5925926 5.27186023481877e-08 14206 0.0032424528007884 0.134731749781468
0.43 1A 151981739.768362 151989984.248588 5.53900137605858e-09 70945 0.00315348926015928 0.22703661495237
0.44 1A 281313670.061947 281320270.752212 1.15166251155542e-08 42505 0.00429985443039642 0.205739719536948
0.45 1A 329821356.441176 329829311.573529 3.06920103090727e-08 26817 0.00562620309527539 0.135160507065985
0.46 1A 354100871.028571 354106033.142857 2.44802259094051e-08 12956 0.0117276791323711 0.0779045349240492
0.47 1A 368100781.5 368105637.266667 1.52047380133867e-08 11733 0.00471586945964374 0.163000807819316
0.48 1A 379056650.473684 379063024.736842 1.41710741180252e-08 8183 0.00346813112330441 0.0952442337960733
0.49 1A 394775548.92 394782036.6 2.24122997307302e-08 18571 0.00582274988799741 0.0973938067030418
0.5 1A 427018340.931035 427024127.068965 7.44720354850113e-08 21901 0.00728906667138487 0.111687244006985
0.51 1A 447433041.285714 447438776.44898 1.31001097547021e-07 15101 0.00390856903767962 0.13340820983446
0.52 1A 459402304.833333 459407310.916667 1.8375682927951e-07 9027 0.00659465770798715 0.0988801408054611
0.53 1A 464692047.958333 464696022.625 2.10006868149706e-07 5456 0.0124742413214809 0.0737285227075922
0.54 1A 470450555.125 470454961.5 2.39505707616404e-07 2887 0.00351780647731209 0.169098053208894
0.55 1A 473953020.125 473958147.25 2.57895830111376e-07 3940 0.00538683530456853 0.287513665895138
0.56 1A 478546587.2 478552011 2.83500440091355e-07 1158 0.00445083739205527 0.0715733898592796
0.57 1A 481800371.409091 481804465 3.03264564813806e-07 4730 0.00995165862156448 0.0656547029751685
0.58 1A 485638887.384615 485644449.384615 3.27883467967362e-07 6457 0.00663636470961747 0.222562510831528
0.59 1A 487974925.4 487979739 3.43550998971964e-07 1185 0.00122315058227848 0.32075975561872
0.6 1A 491176634.5 491181671 3.66330990436499e-07 1302 0.00737775514592934 0.142745409010263
0.61 1A 493370728.285714 493374748.285714 3.78692532771119e-07 2198 0.00161518775796178 0.378189017434374
0.62 1A 494697883.6 494701757.8 3.83742139050675e-07 1690 0.000780424615384615 0.592054939595923
0.63 1A 496410587.833333 496415574.333333 3.88130625449315e-07 1417 0 NA
0.64 1A 498455814.571429 498459474.642857 3.90232704663796e-07 2731 0.0115193558696448 0.0786264987847395
0.65 1A 500148936.666667 500152554.222222 3.89431893614214e-07 2647 0.00595033350963355 0.0415513181877885
0.66 1A 502887029 502891508.6 3.89670042980646e-07 2270 0.00145009827753304 0.136606829829055
0.67 1A 506587814.384615 506591518 3.96166203236962e-07 3859 0.0062066403576056 0.231388340844256
0.68 1A 510759990.75 510763665 3.752770079243e-07 519 0.0121581722543353 0.182567174858989
0.69 1A 513621599.111111 513627724 3.30073403245271e-07 2925 0.00930226407863248 0.0948371755332647
0.7 1A 516732830 516738199.857143 3.31934374278902e-07 5599 0.0079527087470977 0.0457692413424962
0.71 1A 518755842.833333 518766001.166667 3.44917023453299e-07 4186 0.00239980271595796 0.187871969013382
0.72 1A 520503930.857143 520508866.714286 3.4521757665556e-07 1889 0.00645682646903123 0.0900100313642469
0.73 1A 521291539 521295471.833333 3.47011731354021e-07 1355 0.0101224279557196 0.0376655648681834
0.74 1A 522714682 522718925.333333 3.53199612518681e-07 812 0.00500447878078818 0.111995388800461
0.75 1A 530017066.470588 530022899.411765 4.40304961477623e-07 7405 0.00394055672410533 0.0422117699388715
0.76 1A 532543644.111111 532549203.555556 4.68718715591384e-07 3355 0.00429191732637854 0.070035694440047
0.77 1A 534454944.625 534458898.125 4.68613175544003e-07 2714 0.00810485822402358 0.0641663993244129
0.78 1A 536526751.5 536530821.25 4.42374430056734e-07 1323 0.00368465049886621 0.0764316952142093
0.79 1A 537632396.833333 537636948.333333 4.35286847292684e-07 2266 0.00736914506619594 0.0624819118895372
0.8 1A 539067279.5 539071754 4.5914706177824e-07 438 0.0115788543378995 0.133171470541226
0.81 1A 540095412.142857 540099823.571429 5.00591221530585e-07 2009 0.0102629363544052 0.184353831621017
0.82 1A 541848458.6 541852655.4 6.18077073338259e-07 1956 0.0079516309406953 0.0621313617509904
0.83 1A 542546793 542551914.666667 6.80320024994663e-07 1156 0.00335612932525952 0.117779660232769
0.84 1A 544203946.727273 544208631.090909 8.20506368896182e-07 2066 0.022154622749274 0.0487588452134397
0.85 1A 546374756.875 546380283.75 1.01502530731971e-06 2622 0.0218668859649123 0.0407632749469237
0.86 1A 549582331.222222 549586789.222222 1.26827197691074e-06 5704 0.0141899823281907 0.119415792289375
0.87 1A 551600288.909091 551603730 1.40623743033819e-06 1958 0.00764161506639428 0.00951864850190669
0.88 1A 552211319 552213816 1.47409451758736e-06 284 0.0491747 0.0825674584694975
0.89 1A 553619942 553624644.5 1.60237673050291e-06 846 0.0165066666666667 0.0304624394184168
0.9 1A 554339388 554345359.666667 1.65354353521431e-06 951 0.0126763168454259 0.0475085609939415
0.91 1A 554887656 554890251 1.68619660190251e-06 218 0.0139752376146789 0
0.92 1A 555636929.5 555640137.5 1.72168811259233e-06 352 0 Inf
0.93 1A 556297389 556306081 1.74436526871546e-06 525 0.00802497 0.0345805654102134
0.94 1A 556794147 556798215 1.75594225505569e-06 918 0.00502516120915033 0.163800231783067
0.95 1A 557016652.666667 557021536.333333 1.75958576642677e-06 1146 0.0358951753926702 0.120775268864491
0.96 1A 557487151 557491334 1.76450617803736e-06 480 0.0505263 0.0191532330687187
0.98 1A 557944696 557948983.666667 1.76525695115885e-06 485 0.014398206185567 0.0897077957878487
0.99 1A 558184883 558189224 1.76409132394855e-06 36 0 NA
1 1A 558505998 558517659 1.76080570943263e-06 1030 0 Inf
1.02 1A 558965290.5 558967725 1.75290492590564e-06 207 0.0222193927536232 0
1.06 1A 560213296.5 560215881 1.71142195880161e-06 116 0 Inf
1.07 1A 560429261 560435391.5 1.70121871292714e-06 589 0.000856512733446519 0
1.08 1A 560953573 560957461 1.67308968430037e-06 279 0.0186874451612903 0
1.09 1A 561335324 561346990 1.64908765145755e-06 1527 0.0193651836935167 0.185101016513494
1.1 1A 562004636 562010277 1.60107894397402e-06 1118 0.0465976665474061 0.030535019611952
1.11 1A 562620528.666667 562623492.666667 1.54905726198635e-06 852 0.0170260302816901 0.169016972479132
1.13 1A 563684350 563687279.666667 1.44354729600496e-06 681 0.0174356089574156 0.0891210635934459
1.14 1A 564237246.6 564241252.8 1.37997805503794e-06 1173 0.00513785781756181 0.0902365582312127
1.16 1A 566026205.25 566032289.75 1.22608989415872e-06 1855 0.00904123762533693 0.0663093148394997
1.17 1A 566505469 566508290.8 1.21323158290673e-06 1513 0.0129187174487773 0.083744868104731
1.18 1A 567915619.833333 567920968 1.16669367268235e-06 2589 0.0126783206516029 0.078374608837397
1.19 1A 570736329.166667 570741990.666667 1.06141172562383e-06 1156 0.00825120284602076 0.146513555454155
1.2 1A 572112798.25 572116614.5 1.0078061490369e-06 1155 0.0190431309437229 0.030163517519799
1.21 1A 573664501.090909 573669496.909091 9.43635773686678e-07 1778 0.0157053007986502 0.0343379228524837
1.22 1A 575108361.428571 575113164.857143 8.92978908281557e-07 2257 0.011197515463004 0.0621515042793609
1.23 1A 576522726.8 576528913.4 8.42749233690698e-07 2279 0.0131035638788943 0.111627200591749
1.24 1A 577616733.333333 577622344.666667 8.0282111219934e-07 1585 0.0111267704100946 0.0436212080687932
1.25 1A 578516213 578522072 7.69298887934663e-07 621 0.0659878 0.0569828059126081
1.27 1A 579439149.5 579442924.75 7.34250460019878e-07 576 0.0207258142361111 0.0243029836734902
1.28 1A 580365073.333333 580370594.333333 6.98389221397727e-07 1342 0.00861365384500745 0.186175269200933
1.29 1A 581924029.666667 581929694.333333 6.36494280849214e-07 2890 0.0109019001107266 0.0844494131693748
1.3 1A 583303960 583308387 5.80700484959005e-07 2704 0.018895788158284 0.106987584185266
1.31 1A 584574737 584578818.6 5.3057459296126e-07 851 0.0180279904817861 0.0708321448878435
1.32 1A 586643015 586648282.666667 4.49271486047497e-07 950 0.0133653041052632 0.127174248005179
1.33 1A 591487006.947368 591493518.526316 2.86429018564904e-07 9899 0.0164617092423477 0.0831313971796635
0 2A 1267072.54545455 1273745.36363636 6.03792249151259e-07 4086 0.0185938381840431 0.0970487933086216
0.01 2A 4107711 4113165.45454545 5.25145373468082e-07 4038 0.0289850448885587 0.0568690904571882
0.02 2A 5675975 5678969 4.57788804178607e-07 373 0.056977 0.0137483721501659
0.03 2A 7764532.66666667 7769152.66666667 3.7729693404575e-07 486 0.0125610687242798 0.30095200085364
0.05 2A 15967283.8157895 15972483.8947368 1.22696364014721e-07 10160 0.0216944396141732 0.0967295768092187
0.06 2A 21396309 21401317 5.83360703499767e-07 296 0.00282635135135135 0
0.07 2A 24231328.25 24238049.75 8.35760105239111e-07 955 0.0443074788481675 0.0477414958910309
0.09 2A 26371659 26374700 9.59545088172232e-07 44 0 NA
0.1 2A 27263334.25 27274238.75 9.93873601403338e-07 2034 0.0105227005162242 0.0911294661155811
0.11 2A 27555023 27561447 1.00325167893621e-06 195 0.00451467 0
0.12 2A 28770704.5 28775965.75 1.02971166618036e-06 999 0.00208947461461461 0.464130135562812
0.13 2A 29305452.75 29312962.5 1.04594539431222e-06 2605 0.00275764329213052 0.0595897468641829
0.14 2A 30054585.3333333 30058899 1.12099296976782e-06 1021 0.00135284689520078 0.103299340423823
0.15 2A 30789165.5 30796318 1.15312890718959e-06 4035 0.0088035704535316 0.0394508226505929
0.16 2A 31800588 31803445.5 1.13302142531998e-06 229 0.0390246689956332 0.108002855253622
0.17 2A 32239902.5 32248781 1.09722928216637e-06 1069 0.0195377349859682 0.0745086663912616
0.18 2A 33337375 33342183 1.06412858558383e-06 666 0.0215942163663664 0.197757232307525
0.19 2A 34314773.3333333 34323524 1.10552772087805e-06 637 0.0119862199058085 0.0186962276282604
0.21 2A 36000424 36005553 1.00853986074995e-06 1135 0.0208872993832599 0
0.22 2A 36907476.2 36911897.6 9.13651076809319e-07 1507 0.00747039654943597 0.392388097745797
0.23 2A 38534860 38538480 8.55512997817925e-07 455 0 Inf
0.24 2A 38859897.25 38867323 8.47881062387143e-07 3410 0.00424641980645161 0.288918317662546
0.25 2A 39704200 39709256 8.33632639584544e-07 269 0 NA
0.26 2A 40540614 40547241 8.28118799137629e-07 715 0.0303464573426573 0
0.27 2A 41231826 41242893 8.29957531551943e-07 918 0 Inf
0.28 2A 42232802.75 42237255.5 8.42899602084758e-07 1272 0.011600388836478 0.195987258370067
0.29 2A 44115592 44122296.3333333 8.71975734057327e-07 1301 0.0165155987701768 0.0537716943719012
0.3 2A 48364525.75 48371893.5 9.3644312295047e-07 2254 0.00390661921694765 0.184141718317645
0.31 2A 50022569.25 50029015.75 9.56321839272013e-07 1236 0.0118518657119741 0.200026544917379
0.32 2A 51462240.1666667 51468231.1666667 9.60110921534514e-07 2185 0.0100601378672769 0.0585377502530862
0.33 2A 52210981.3333333 52217655 9.57567686957384e-07 496 0.0017241375 0.262443540610885
0.34 2A 52746090 52748912 9.54111150590793e-07 181 0 NA
0.35 2A 53662818.6666667 53669409.3333333 9.44132707237074e-07 1942 0.0156630605561277 0.199948670285117
0.36 2A 54705404 54707580 9.27272103490306e-07 302 0.0017357857615894 0.268971517565665
0.37 2A 55172843 55177658 9.17721035634455e-07 371 0.0272251 0.0228230199338111
0.38 2A 55881259 55886122 9.00988183020208e-07 1179 0.00172717401187447 0
0.39 2A 56926278.5 56933168 8.71248829860462e-07 626 0.0118235514376997 0.153417811572052
0.4 2A 57596406.25 57603985.5 8.58587442951543e-07 2911 0.0077159631398145 0.1139601374794
0.41 2A 58121552.25 58129762 8.67572864996746e-07 1417 0.00427347254057869 0.151307201330483
0.42 2A 58865161 58869223 8.75939193698809e-07 557 0 NA
0.43 2A 59554058 59558659 8.73803503636968e-07 249 0.00193424 0
0.44 2A 61254439 61259448.3333333 8.02527922371967e-07 1006 0.0302047741650099 0.0712027910853734
0.45 2A 62330187.5 62333822 7.59472597863184e-07 310 0.0437954419354839 0.0172932269354588
0.46 2A 63567392.6 63571677 7.33677558102796e-07 1534 0.0041934567601043 0.245494834958679
0.47 2A 65425186.8 65430780.4 6.92532122232062e-07 1703 0.00203681496183206 0.246812002440525
0.48 2A 67097223.8 67105864.8 6.52869911499072e-07 3089 0.00185720945937197 0.219699154704269
0.49 2A 68876442.6666667 68881492.5 6.08129023826601e-07 1778 0.00888679366704162 0.098688534311863
0.5 2A 70874542.5 70878153 5.54603219396195e-07 1638 0.00686022355311355 0.126235648788621
0.51 2A 73285333 73290758.3333333 4.855804969722e-07 1221 0.00769080728910729 0.0751551042297037
0.52 2A 74655365.1538462 74659418.3846154 4.4392996791162e-07 3341 0.00767018925770727 0.199936783831564
0.53 2A 78558028.6363636 78564332.7272727 3.16876334241827e-07 4255 0.0197246522209166 0.0660932337355117
0.54 2A 81775053.6842105 81781101.2105263 2.13254311130817e-07 6733 0.00954790054819545 0.105205301931844
0.55 2A 115815772.906475 115820825.402878 2.09782777236533e-08 45369 0.00713445298344685 0.113038280840271
0.56 2A 182664765.210526 182670659.973684 4.29338405330795e-08 52941 0.00320396346147598 0.112366281074778
0.57 2A 231347815 231369634 1.68898999431179e-08 669 0 NA
0.6 2A 264034262.487805 264044711.414634 5.13890006215932e-09 15173 0.000570487461609438 0.328928381417857
0.61 2A 402769834.422111 402778404.251256 3.20722412639668e-09 81478 0.000747787091632097 0.295134574435328
0.62 2A 506032054.21875 506037283.90625 3.14954193604847e-08 22594 0.00268014607209879 0.0898099445976266
0.63 2A 533160405.637931 533165766.413793 4.56565473081873e-08 18879 0.00294601132019704 0.161792841563322
0.64 2A 552929863.088235 552935347.470588 5.27844302700975e-08 10866 0.00601318373274434 0.182787468197502
0.65 2A 568708380.526316 568713337.736842 5.21474103813102e-08 12073 0.00608622283707446 0.132621758386999
0.66 2A 583966672.060606 583972570.757576 4.74064283980108e-08 9523 0.00784425018376562 0.0503074572386241
0.67 2A 599462367.611111 599466718.305556 5.252014733762e-08 11751 0.0027078254752787 0.113922489697875
0.68 2A 610269315.166667 610276281.041667 6.25565014335754e-08 9100 0.00733740411340659 0.13593533066731
0.69 2A 619735432.258065 619740591.16129 7.6341756017383e-08 8084 0.00462675356135576 0.128460507049728
0.7 2A 633758318.055556 633762579.944444 1.03725991874102e-07 4387 0.00888692061773421 0.0596287271033068
0.71 2A 639346482.769231 639351556.538462 1.17251770570179e-07 6198 0.0032656767631494 0.080262948370074
0.72 2A 647678746.375 647684177 1.40682359972663e-07 5532 0.00317260121655821 0.158908618972641
0.73 2A 654491640 654496774.230769 1.61703814706618e-07 3962 0.0101063947375063 0.0697745789893956
0.74 2A 661283319.2 661288425.55 1.87770285628961e-07 7467 0.00122204435918039 0.164895664174869
0.75 2A 667304825.571429 667311403.428571 2.13457197280637e-07 4238 0.00286037911514866 0.313203908890559
0.76 2A 671143833.8125 671148373.5625 2.30249538912247e-07 5263 0.00792813167585028 0.241548624284624
0.77 2A 675411386.25 675415896.125 2.49291640749211e-07 3026 0.011476968096497 0.127493783372655
0.78 2A 678578638.352941 678583547.352941 2.6368024551937e-07 7096 0.0128533363528749 0.0408144761237026
0.79 2A 681951372.181818 681957966.454545 2.79258165489298e-07 4417 0.0044945416708173 0.193369297284266
0.8 2A 685792476.9 685798954.4 2.97276782717938e-07 4750 0.00636389001894737 0.252411612039771
0.81 2A 688865608.3 688870614.9 3.11923594493961e-07 2845 0.0135896308049209 0.0378823755224741
0.82 2A 692145280.6 692151245.9 3.27414908610474e-07 3818 0.0072850946595076 0.136505584698016
0.83 2A 695509433.222222 695513949.333333 3.39020851124383e-07 3980 0.0182898327110553 0.0612418880551127
0.84 2A 698717715.4 698721195.2 3.47472804705205e-07 1606 0.00958373001867995 0.133817376321747
0.85 2A 702756246.25 702758018.25 3.61075199666433e-07 369 0.0094410352303523 0.18413541530917
0.86 2A 704957137.75 704961798.916667 3.70098418569742e-07 5703 0.00615860950903034 0.0994541374420814
0.87 2A 707139834.6 707144140.2 3.80365825386312e-07 1851 0.0123778927066451 0.114813463769607
0.88 2A 710040393.166667 710044993.583333 3.95988925679716e-07 4833 0.00730038274777571 0.0792094188876347
0.89 2A 712714264.166667 712718457.5 4.12237773907474e-07 2292 0.0168185885471204 0.0974107303276647
0.9 2A 715037902.1 715042717.6 4.27884459480543e-07 1979 0.0104294428600303 0.128152437279561
0.91 2A 717614971.2 717619563.1 4.4685705200472e-07 4094 0.0141745934074255 0.150411755386924
0.92 2A 719394198.5 719396875 4.67393107910521e-07 109 0.0141121321100917 0.300638867305534
0.93 2A 722058385 722064771 5.11247461219842e-07 1354 0.0158030901329394 0.0517164996399252
0.94 2A 723151385.375 723154440.625 5.18634121358458e-07 1896 0.0268064102373418 0.0364531320367962
0.95 2A 724908937.571429 724914219 5.25328549778568e-07 2767 0.0105339013552584 0.276825123769033
0.96 2A 727179691.333333 727184294.333333 5.41761785820575e-07 434 0.0103719631336406 0
0.97 2A 728931558 728936903.764706 5.61111899627644e-07 6215 0.0105720531681416 0.0874885759994896
0.98 2A 730885037.5 730890522.5 5.74244051200601e-07 1044 0.000463983738505747 0
0.99 2A 732581817 732588435 5.72369990708213e-07 554 0.00646288 0.38672387542396
1 2A 734086703.2 734091457 5.60159595721963e-07 1525 0.00578964512786885 0
1.01 2A 735214050.666667 735219161.833333 5.50432633974464e-07 1521 0.0101190707429323 0.110085472996464
1.02 2A 737381508 737383908.5 5.41642786201827e-07 248 0 Inf
1.03 2A 738973102 738978650.142857 5.25072878089297e-07 1974 0.0081318929189463 0.143870282998501
1.04 2A 740389626.25 740395669.75 5.15735002137315e-07 3659 0.0158490461820169 0.0530820860458494
1.05 2A 743096538.461538 743101361.846154 4.8779433100831e-07 4471 0.00920937378215164 0.0668401002928415
1.06 2A 745775346.777778 745781461.222222 4.47263436047825e-07 4305 0.0139889402229965 0.0804653807543837
1.07 2A 747884210.6 747888431.6 4.21817889163591e-07 1233 0.0202888275750203 0.0883328542290108
1.08 2A 751047470.5 751051347.833333 3.72552753707928e-07 1043 0.0114524886385427 0.0735472103215472
1.09 2A 753646191.8 753650583.1 3.17780797423495e-07 2091 0.0338825031276901 0.0620323112772833
1.1 2A 757244195.708333 757248590.541667 2.37635903915706e-07 6096 0.0161133625249344 0.090034918202698
1.11 2A 770513748.19403 770518855.149254 5.07628060252646e-08 26654 0.0126453075774743 0.0741335181210356
0.01 3A 419884 424534 NA 597 0.0263742587939698 0.106000797374096
0.02 3A 1283815.6 1286974 3.98865303206293e-08 1462 0.00736936987004104 0.0563018452144424
0.03 3A 1924585 1928794 7.4069899133783e-08 311 0.0616417 0.00753379611529208
0.07 3A 9200287.5 9206411 4.30395146339884e-07 1608 0.0267300843283582 0.0914479623640194
0.08 3A 12054457.6 12059708.2 5.62665358454077e-07 2394 0.0265050429657477 0.0259417827980033
0.09 3A 13164053.7692308 13169061 6.36026941145376e-07 3779 0.00844128435353268 0.0565759455024912
0.1 3A 14583894.7142857 14587224 6.76928116135201e-07 1596 0.00137455510651629 0.337306333726253
0.11 3A 15494020.25 15500004.25 7.20306323987905e-07 776 0.00654679304123711 0.159330138109251
0.14 3A 20010606.6 20015508 1.15322577110282e-06 1563 0.00515801967370441 0.0573262384303071
0.15 3A 20518260 20522468 1.19907610025303e-06 479 0.0234984 0.0885105125444689
0.16 3A 21293811 21296719 1.25612819709411e-06 297 0.0275810131313131 0.055749250426741
0.17 3A 21786689 21788782 1.28334387652264e-06 134 0.0668182 0.0262368636090167
0.18 3A 22544771.5 22547467.5 1.27429299026521e-06 220 0.00383292709090909 0
0.19 3A 23433908.6666667 23438195.6666667 1.21918661687121e-06 1249 0.0163870567654123 0.133467861840756
0.2 3A 23826555.75 23831443 1.18798505407517e-06 527 0.0185298339658444 0.0332930795995688
0.21 3A 24461580 24474835 1.12696666726501e-06 83 0.0259332 0.120223497293045
0.22 3A 25315084.6 25320273.6 1.10451983682256e-06 1867 0.0188443792179968 0.0481836230534901
0.23 3A 25906101 25909271 1.0929662599047e-06 23 0 NA
0.24 3A 27007424 27010880 1.10378797369014e-06 156 0.014876 0.29839741866093
0.25 3A 27583375 27585785.5 1.11415450888443e-06 421 0 NA
0.26 3A 28476216 28477243 1.12541959669079e-06 111 0.00655738 0
0.28 3A 30551550.3333333 30556090.6666667 1.12889922857122e-06 729 0.0181966503155007 0.0176039730395276
0.29 3A 31929841.6 31934986.3 1.11376505157868e-06 1995 0.0268841008521303 0.0503340374965023
0.3 3A 32515687.5 32519099.5 1.10318923193911e-06 229 0.0201097467248908 0
0.31 3A 34525419 34529494.5 1.04756655795829e-06 771 0.0254121036316472 0.0293825691556572
0.32 3A 36140947.25 36144310.5 9.81067217997611e-07 831 0.0099136597833935 0.0270278718665158
0.34 3A 38397005.25 38402926 8.97068756581628e-07 790 0.0211767301265823 0.0478184867928356
0.37 3A 40349096 40361359 8.48398860185471e-07 654 0.0143981 0.0898917218244074
0.38 3A 40826191 40831652 8.37238073414822e-07 54 0.0688112 0.0396160799404748
0.39 3A 42200894.5 42208173 8.06234950451026e-07 1593 0.010239835655995 0.0535862175871834
0.42 3A 45775723 45784143.6666667 7.35312932344385e-07 2381 0.00187394528769425 0.103149665218485
0.43 3A 47110671.4444444 47114999.2222222 7.11834091508562e-07 2105 0.022689964152019 0.0810870764969299
0.44 3A 50371186.6666667 50375468.6666667 6.62316964004103e-07 1103 0.0410022803263826 0.0236060861723472
0.45 3A 52676876.2307692 52681200.3846154 6.30190714532659e-07 2815 0.0247398934280639 0.0860698141947193
0.46 3A 54678293.4 54681802.4 5.94383785985417e-07 1691 0.0253561731283264 0.0509533598131357
0.47 3A 56360440.4285714 56365705.7857143 5.62126729996816e-07 3703 0.020344719889279 0.0642221120771439
0.48 3A 57782942.25 57788051.25 5.32396631115041e-07 2868 0.00953484493375174 0.0821166534561171
0.49 3A 60258210 60263793.8 4.80637999498666e-07 2790 0.00773021394265233 0.0488637267751435
0.5 3A 61300124 61304650.3333333 4.59933704460874e-07 1215 0.0107056194238683 0.114959795738519
0.51 3A 63036726.125 63040783.375 4.2709415051383e-07 2141 0.0146201921531994 0.0856194350021322
0.52 3A 64362291.7142857 64367233.7142857 4.03244202919374e-07 2977 0.00560790122606651 0.0835713898188044
0.53 3A 66537847.75 66541631.5 3.66643403432862e-07 1014 0.00188438275147929 0.212165807845323
0.54 3A 68302262 68307276.6666667 3.37926580556828e-07 1692 0.0138298541371158 0.061661845080305
0.55 3A 71233452.6 71237753.1 2.88643351193684e-07 2393 0.00495679109903886 0.0976882092249756
0.56 3A 76545961.4117647 76551152.1176471 2.29783925402924e-07 5140 0.0112836284688716 0.0923263096223794
0.57 3A 83618179.6428571 83624260.0714286 2.04048057209984e-07 5935 0.00870339825779276 0.147687766680178
0.58 3A 96725481.4 96731811.12 1.4420353370917e-07 10086 0.00258500151616101 0.162216994404321
0.59 3A 110650015.533333 110654124.633333 7.40308798923727e-08 8526 0.00635704530143092 0.148874146631247
0.6 3A 120371100 120376079.866667 2.86839044346958e-08 5363 0.00223319694201007 0.209304190545939
0.61 3A 133019904.882353 133024783.588235 1.72432517552249e-09 3515 0.00798981696159317 0.139531969659038
0.62 3A 145870014.153846 145875286.423077 0 8462 0.00717089044315765 0.0807726082351428
0.63 3A 166582844.361702 166587561.382979 4.32042221455363e-09 13772 0.0030726157506535 0.159856314073468
0.64 3A 294791118.609865 294800310.089686 9.68698000272464e-09 85091 0.000907670129308623 0.272983441128609
0.65 3A 432870931.16092 432876985.804598 2.46942172366021e-08 28522 0.00144240389260921 0.346412984877345
0.66 3A 467354918.193548 467360791.564516 3.86417417578717e-08 21067 0.00380610168965681 0.103339052225386
0.67 3A 492355641.353846 492361369.753846 3.91392935969589e-08 23031 0.00511953471972559 0.123525378760052
0.68 3A 507931668.976744 507936718.697674 3.83775534570474e-08 13761 0.00567814028384565 0.124118384899629
0.69 3A 515963178.272727 515968069.181818 3.45726238258595e-08 7065 0.00611096771125265 0.110983348684429
0.7 3A 520414125.666667 520418241.166667 3.14577099874685e-08 1420 0.00173587595774648 0.406948817893159
0.71 3A 535975267.052632 535980729.934211 3.85610178518316e-08 28546 0.0054057827989911 0.121934755748912
0.72 3A 556619511 556624168.7 7.97858316611651e-08 2516 0.00712320754372019 0.17905262371927
0.73 3A 560275528.909091 560283267.272727 8.61809228116849e-08 4445 0.00585339555230596 0.210720277057395
0.74 3A 566078547.285714 566085825.142857 1.06462773727144e-07 7165 0.00288000351290998 0.140638558876457
0.75 3A 571386921.7 571390997.3 1.38188202975107e-07 2691 0.00925308040133779 0.122700241627249
0.76 3A 575014879.428571 575018656.428571 1.58781459208198e-07 3540 0.00670165906497175 0.123578344095753
0.77 3A 577796799.714286 577800086.142857 1.68678432883544e-07 1980 0.00603100954545454 0.0119058764547259
0.78 3A 579365940.333333 579370553.333333 1.74164695070941e-07 1212 0.00924134632838284 0.138688292077369
0.79 3A 581260575.8 581264125.2 1.80672363122549e-07 1094 0.0114675327239488 0.040769346839222
0.8 3A 583615481 583619564 1.88602518080427e-07 1407 0.00886905879886283 0.0976506560316683
0.81 3A 585074938.875 585079017.375 1.93437205119812e-07 2104 0.00610048705798479 0.226048822535384
0.82 3A 588020315 588027393.833333 2.02974217370056e-07 3770 0.00610494678647215 0.0559957170637095
0.83 3A 595877157.12 595881617.16 2.26697085710302e-07 8825 0.00469803254957507 0.1504561742617
0.84 3A 601653407.133333 601658856.533333 2.42767206640128e-07 5365 0.00984991438956198 0.122667690327327
0.85 3A 605209692.153846 605213408.307692 2.52150843248047e-07 2675 0.018541668246729 0.086559720413636
0.86 3A 609934520.875 609940214.125 2.64361865068214e-07 3672 0.00331622193627451 0.171178417653213
0.87 3A 614477948.055556 614482197.611111 2.75782511539188e-07 4294 0.012292211625524 0.0327228528279112
0.88 3A 621016554.7 621024244.7 2.91760186115332e-07 3391 0.0035927076098496 0.130585941200075
0.89 3A 624126540.4 624129738.3 2.99128447379956e-07 2892 0.00655935623098202 0.295461699414846
0.9 3A 628231686.428571 628239002.142857 3.0865839573431e-07 1794 0.0145854389241918 0.0566384398378673
0.91 3A 632087952.666667 632095190.722222 3.1739111642236e-07 6199 0.0124525032263268 0.0805927685669442
0.92 3A 635599936 635604162.5 3.25160558553702e-07 2017 0.00923075674268716 0.115937584898208
0.93 3A 639029512.214286 639035326.5 3.32584090618911e-07 5674 0.016214298316884 0.0592734531865314
0.94 3A 642362669.428571 642367538.071429 3.39523399185328e-07 3856 0.00839593333246888 0.116978462490701
0.95 3A 645658636.636364 645663416.727273 3.48584029940466e-07 5184 0.0100011486057099 0.0581553884487533
0.96 3A 647841136.588235 647845597.705882 3.59555045655667e-07 5022 0.0139102156670649 0.135011761899131
0.97 3A 649811398.714286 649816506 3.7220972607376e-07 2768 0.00178369907514451 0.33422606634767
0.98 3A 652729177.888889 652733584.111111 3.53944003057064e-07 2756 0.0141827824746009 0.0852071326134326
0.99 3A 654282570.333333 654286561.666667 3.41126887372876e-07 880 0.004661489 0
1 3A 656518786.75 656522522.5 3.28990908365727e-07 1205 0 NA
1.01 3A 658352128.857143 658359601.714286 3.24057768104685e-07 3563 0.00784137177378614 0.12825748648458
1.02 3A 659752430 659757875.125 3.23272464667352e-07 3306 0.00233419596733212 0.143639157387024
1.03 3A 662051869.4 662056862.2 3.28163722365902e-07 1968 0.00121355798780488 0.059641177148703
1.04 3A 663424255.571429 663428671.571429 3.34441884820829e-07 1861 0.0092448960236432 0.0380829580712049
1.05 3A 669872353.2 669876741.2 4.02587869311245e-07 5349 0.00638449764236306 0.0948698924083018
1.06 3A 674825468 674830720 4.86223134094563e-07 1913 0.00407622488970204 0.088693266503481
1.08 3A 678500286 678503878 5.73117883370475e-07 426 0.00427892 0
1.09 3A 679789132.333333 679792617 6.08761676426688e-07 1671 0.00155109798922801 0
1.1 3A 681767829.75 681772039.75 7.01766495113303e-07 625 0.00335401624 0.133302729625424
1.11 3A 683432859.909091 683437084.272727 7.90766183293304e-07 3962 0.00287838073700151 0.0600280889285962
1.12 3A 684792596.666667 684796814.333333 8.51370674804056e-07 1991 0.00298590151682572 0.161810885568858
1.13 3A 686562452 686566998 9.12412330181205e-07 726 0.00112676801652893 0
1.14 3A 687523455 687528343 9.37537062264818e-07 11 0 NA
1.15 3A 688890145.142857 688894485.285714 9.62521825252191e-07 2402 0.00314868538717735 0.0684719607880444
1.16 3A 689492814 689498441 9.70225661015953e-07 743 0.0312101 0.0941166481363405
1.17 3A 691409486.5 691413002.5 9.78207361080641e-07 515 0.0192612003883495 0.139471295087699
1.18 3A 692924214.2 692931739.6 9.68426416758255e-07 2643 0.0085889041430193 0.0380627291008089
1.21 3A 695320715.666667 695326417.666667 9.23124438120564e-07 1701 0.000803368223398001 0.270126513960533
1.22 3A 695728816 695732219 9.19616449717503e-07 429 0.0170616 0.231941904627936
1.24 3A 697398735.333333 697401961.666667 9.23230196331287e-07 541 0.00694771297597042 0.269755816294468
1.25 3A 697752790.666667 697756472.333333 9.11136617330558e-07 970 0.0081552533814433 0.161511126283335
1.26 3A 698863040 698867798 8.42359439404854e-07 55 0 Inf
1.27 3A 699840224 699858359 7.41012730893915e-07 391 0 Inf
1.28 3A 701202936.333333 701211081.333333 5.97254494378175e-07 1685 0.0105158827240356 0.152286815647748
1.29 3A 705396055.75 705401199.75 1.8185025568741e-07 1178 0.0129579630730051 0.0617830336250225
1.3 3A 709190053 709191408 1.88313098487463e-07 429 0.0205288 0
1.31 3A 711091505 711096951 5.27329624134835e-07 1360 0.00710665883823529 0.0958706308667624
1.32 3A 714000923 714004955 8.24570732355354e-07 162 0 Inf
1.33 3A 714771322.333333 714777636 8.81380897569683e-07 175 0.008512308 0.309303892669297
1.35 3A 716558684 716563027 9.70539019261545e-07 255 0.0161102 0.0891236607863341
1.38 3A 717903102 717905777 9.96376550632402e-07 109 0 NA
1.39 3A 718435578.333333 718437954.666667 9.96856532332178e-07 334 0 NA
1.4 3A 719665657 719669336.333333 9.76476857502478e-07 506 0.0130158794268775 0.196775676407392
1.41 3A 721597250.5 721605327 9.94354893369109e-07 1049 0.0210720947473785 0.0994473157233346
1.42 3A 722274947 722281449 1.02888011959703e-06 345 0.0613491 0.0285153327432676
1.43 3A 724421334.166667 724425963 1.12421511454903e-06 1181 0.0251203313801863 0.0293956757507516
1.44 3A 725970205.666667 725975571.333333 1.22587168178776e-06 2158 0.0402686003707136 0.0665077127661643
1.45 3A 727071777 727074292 1.28149355180831e-06 91 0.03083 0.159602659747
1.46 3A 727989884 727993508 1.3153957337639e-06 469 0.0651097 0.0122049709951052
1.47 3A 728882516 728886033 1.33748182008205e-06 335 0.0463769328358209 0.0681865659861463
1.49 3A 729970859.5 729973287.5 1.35013348334119e-06 328 0 Inf
1.51 3A 731083694 731089749 1.34677858151927e-06 411 0.0492824394160584 0.176548621085357
1.53 3A 732467879 732473098 1.31948272231124e-06 559 0.0208769 0.0870301625241295
1.54 3A 732755969.2 732762170.2 1.31053623050628e-06 1137 0.0264218613016711 0.0746363142434327
1.56 3A 734024912.8 734031625.8 1.25818131093973e-06 2111 0.0294775120795831 0.0490714935477876
1.57 3A 734280335 734283310 1.24516120024032e-06 106 0.0380952 0
1.58 3A 734783072 734791156 1.21662274415416e-06 1084 0.0236066 0.0450687519591979
1.59 3A 735890842 735894915 1.14229104407113e-06 671 0.0353096932935917 0.0676635858072047
1.61 3A 737921970.333333 737928315 1.02127784416746e-06 1967 0.000648451540416879 0.768053853026181
1.62 3A 739142982.5 739147206.5 1.0069127383246e-06 1371 0.00635596735959154 0.0854075918077526
1.63 3A 739736907.4 739740777.2 9.9504838294153e-07 1124 0.0153805460053381 0.0516872045225412
1.65 3A 742411469.75 742415292 9.07886845283074e-07 1088 0.038304501875 0.088189435777338
1.66 3A 743826344.857143 743831013 8.37631620072228e-07 2440 0.0120778551147541 0.181743986836052
1.67 3A 745357952 745361441.5 7.62719726795039e-07 446 0.011606164573991 0
1.68 3A 746696384.142857 746699997.428571 7.06904552067048e-07 2060 0.0116471199368932 0.114318750328905
1.69 3A 749371201.75 749376562 6.01900624890802e-07 1846 0.0105775758179848 0.0235658935232236
0 4A 201613.5 204578.5 NA 377 0 NA
0.01 4A 731622 737622 NA 423 0 NA
0.02 4A 1726308 1731772.6 NA 1617 0.0107517376623377 0.205351339333922
0.03 4A 2332848 2337265.33333333 NA 1433 0.000304770048848569 3.17116317639226
0.04 4A 3089605.5 3094330.33333333 1.08715582598612e-06 2602 0.00110033209069946 0.180255378494669
0.06 4A 4753291 4757747.8 1.06317434120905e-06 854 0.00478963231850117 0.315285237483577
0.07 4A 5468269.25 5472666.25 1.05282075834411e-06 1392 0.0105174227729885 0.039539243056088
0.08 4A 6066586.5 6072816.16666667 1.04412118518198e-06 2026 0.0149870529220138 0.218435287988926
0.09 4A 7087945.4 7091182.2 1.02926693569283e-06 857 0.0110941621586931 0.0555087636538336
0.1 4A 7749195.66666667 7753194.66666667 1.01960285910574e-06 1197 0.00727680217209691 0.13199997010447
0.11 4A 8586922.33333333 8590301.33333333 1.00733357973733e-06 676 0.00938295115384616 0.21579986588353
0.12 4A 9667170.5 9670872.25 9.91444909111736e-07 864 0 Inf
0.13 4A 10636377 10639773 9.77142184670035e-07 353 0.00433604 0
0.14 4A 11514583.625 11518195.375 9.64130763076336e-07 1590 0.0101074790377358 0.0682341691125344
0.15 4A 12413884.3333333 12418321.6666667 9.50759534199539e-07 488 0.0132304168032787 0.072337380050447
0.16 4A 13701051 13704140 9.31563142784924e-07 169 0.0141965218934911 0
0.18 4A 15638398 15642171 9.02475043828397e-07 193 0.0165375 0
0.19 4A 16242276.375 16247265.25 8.93355556487315e-07 3266 0.00905484759032456 0.0852522604434316
0.2 4A 17116136 17120063 8.80149901083398e-07 760 0.0138232423684211 0.111194350757946
0.21 4A 18265541 18269206 8.62705363326959e-07 14 0.0564706 0.471416985121461
0.22 4A 19623077.5 19625883 8.42011188950274e-07 440 0 Inf
0.23 4A 20105317 20112607.5 8.34598032679595e-07 396 0.00396783593434343 0
0.24 4A 21361273.1666667 21367894.1666667 8.15325245585268e-07 3772 0.00667819009013786 0.307871974032156
0.26 4A 24006425 24010878 7.73728421141769e-07 413 0.00208920203389831 0.52625073993982
0.27 4A 24855264.8333333 24859230 7.59667717983935e-07 1916 0.00213190307933194 0.0554921924634216
0.28 4A 25885947 25893930.5 7.42586730837752e-07 642 0.017314074953271 0.128457995978371
0.29 4A 27624961.5 27628808.5 7.14277087231223e-07 325 0.00596951729230769 0.267442008144434
0.3 4A 28942256 28947027 6.93162439595524e-07 1601 0.00899581312304809 0.0647328215283462
0.31 4A 30413523 30417839 6.69950468345724e-07 882 0.00233805 0
0.32 4A 31281656.5 31290654.5 6.5639770868382e-07 1649 0.00206946793814433 0.0419381912946497
0.33 4A 33393537.6666667 33397112 6.24138645435313e-07 691 0.00599276657018813 0.0546653820499518
0.34 4A 34490327 34495697 6.07648671106286e-07 974 0.0074136673100616 0.166400162009453
0.35 4A 36285760.1428571 36290975.2857143 5.81143683284578e-07 2246 0.0118043102760463 0.0832252854037702
0.36 4A 37600207.4615385 37605155.3076923 5.62100504202121e-07 4555 0.00672498363336992 0.0764118337707151
0.37 4A 38933903.1428571 38941558.2857143 5.43062103732171e-07 2496 0.00591580365985577 0.0778582131400249
0.38 4A 40563204.5714286 40568071.8571429 5.20288777666173e-07 1875 0.002594166624 0
0.39 4A 42889651.75 42894943 4.88589750628238e-07 3567 0.00536237985982618 0.143161569264954
0.4 4A 45372973.1666667 45376443 4.55759831844581e-07 1957 0.000397695574859479 0.295115894039735
0.41 4A 47078530.8 47085189.6 4.33897994606443e-07 7275 0.00582337319312715 0.10718412453154
0.42 4A 48894087.4 48899217.6 4.11117580694485e-07 1666 0 Inf
0.43 4A 52989096 52994969.5 3.62094923202442e-07 459 0.00170086335511983 0
0.44 4A 57750710.4285714 57755445.0714286 3.08767855032654e-07 4943 0.00563348882460044 0.12341359306036
0.45 4A 70477292.5238095 70483046.8095238 1.26890752061101e-07 22460 0.00266475334683882 0.216414826029609
0.46 4A 87675469.9666667 87680794.1 2.1517416915407e-08 10815 0.00408017699491447 0.148213886871397
0.47 4A 96335226.5789474 96340303.368421 2.00145429683008e-08 6316 0.00541810819031032 0.101919879781973
0.48 4A 121669668.119658 121674297.786325 2.36939180477627e-08 39963 0.00300718902672472 0.142708339954205
0.49 4A 163301343.723684 163307083.592105 4.41923453005282e-08 29288 0.00242901666525539 0.133316772888544
0.5 4A 216043614.333333 216054445.020833 5.85790713335702e-08 22413 0.000486304843394459 0.320131106544797
0.51 4A 329781059.69697 329795995.742424 3.06114778660223e-08 29714 0.000623693323517534 0.390758659935355
0.52 4A 404391281.666667 404395598.666667 0 1255 0.000786123370517928 0.145364428520556
0.53 4A 463151150.024793 463156921.330579 0 42067 0.00330038564159555 0.117821538163276
0.54 4A 516469990.225806 516476013.225806 0 25785 0.00593821852425829 0.129736242998724
0.55 4A 547607792.84127 547613108.809524 4.72696736323152e-08 19557 0.00393930385079511 0.130212958062152
0.56 4A 565396221.9 565402364.35 1.85716693004419e-07 5881 0.00693883258187383 0.08601386297919
0.57 4A 572101703.304348 572107647.26087 2.69688794857945e-07 10833 0.00593277183882581 0.0959662668085365
0.58 4A 577827895.5 577833812.875 3.63598681613743e-07 7628 0.0143961549868904 0.0216901673239852
0.59 4A 582161661.166667 582167462.333333 4.29876530808244e-07 11451 0.0112603618321544 0.0616770976653024
0.6 4A 584953152.5 584958221.772727 4.722559101053e-07 7236 0.0133028927363184 0.0319273850472426
0.61 4A 589172367 589176045.666667 5.4484664367763e-07 946 0.00163569873150106 0
0.62 4A 590351326.4375 590358049.5625 5.66968751691092e-07 6777 0.00249325991146525 0.265455594342454
0.63 4A 591817217.75 591821521.5 5.95483506305037e-07 1211 0.00103012112303881 0.419589134123132
0.64 4A 593472499.666667 593481959.333333 6.39793957783572e-07 2927 0.00188658621113768 0.0782666525515877
0.65 4A 594494627.090909 594498555.090909 6.66250614293633e-07 2674 0.00716080920718025 0.113267090835581
0.66 4A 596210397.5 596215743.083333 7.09169821899823e-07 5411 0.0152699251376825 0.0621503326963274
0.67 4A 597839486.5 597844174.5 7.47981310443718e-07 1913 0.0304300361735494 0.0546302454432455
0.68 4A 598916453.333333 598921470 7.72494777604805e-07 1783 0.00134884839035334 0.564815615462721
0.69 4A 600686839 600690943 8.10908528070216e-07 1619 0.0100144276714021 0.0943607118436363
0.7 4A 601364145 601368127 8.25095744170436e-07 380 0 NA
0.71 4A 603452022 603455649.666667 8.99698041359658e-07 1750 0.00166422139428571 1.01767418692068
0.72 4A 604101159 604103952 9.25003023042105e-07 197 0.00465116 0
0.73 4A 605693728.75 605698129.75 9.65297930213654e-07 1477 0.0019981718957346 0.0980406877594537
0.74 4A 606647585 606654413.666667 1.02528847197525e-06 1591 0.000844318793211816 0.19492542011114
0.75 4A 607633229 607636147 1.07744277740027e-06 260 0.00502901 0
0.76 4A 608765733.333333 608771407 1.12361959140711e-06 1182 0.000431169524534687 0.446082729407561
0.77 4A 609925870 609929741 1.15622903227137e-06 534 0 NA
0.78 4A 610602736.25 610608987.5 1.19364715031333e-06 2306 0.00847816771465741 0.110247406419982
0.79 4A 611633480 611636794.5 1.27433164376121e-06 618 0 Inf
0.8 4A 612155174 612159924.25 1.30982844424806e-06 1143 0.000671747874015748 0.302477109441266
0.81 4A 613406477.5 613411637 1.38095109551471e-06 337 0.00249756712166172 0
0.82 4A 613950609.8 613955576 1.40510666544401e-06 1885 0.0172888924509284 0.26977468049926
0.83 4A 614485290.5 614490362 1.42545353599192e-06 1853 0.0100044198273071 0.243701787316998
0.84 4A 615290892.333333 615294760 1.44932660262074e-06 725 0.0189019219586207 0.0209806660916077
0.86 4A 616492778 616495920.333333 1.46887584845757e-06 534 0.0255536224719101 0.109821092671221
0.87 4A 617161149.5 617166550 1.47176582596673e-06 731 0.00618664465116279 0.0637698076712282
0.88 4A 617849660 617854328 1.46859242161599e-06 172 0.0258388 0.0509578618202084
0.89 4A 617919114.75 617924316.25 1.46791588576749e-06 1587 0.0111170629804663 0.0662974611491122
0.9 4A 618592319.5 618597971 1.45822119381294e-06 589 0.00555327901528014 0.208352192929139
0.91 4A 619202725.666667 619211761.333333 1.44428306596769e-06 1252 0.00225781687699681 0.13208512514844
0.93 4A 620188580 620195028 1.41169772934462e-06 524 0 NA
0.95 4A 621152682.333333 621156875 1.36762695162918e-06 653 0.002214095237366 0.258663826392701
0.96 4A 621804434 621809584 1.33093819368367e-06 1540 0.00772151558441559 0.153218568557044
0.97 4A 622219009.666667 622224550.833333 1.30471799457479e-06 1007 0.00909228566037736 0.0409287358092841
0.98 4A 623316419 623319706 1.22472137949293e-06 412 0.0309657514563107 0.114074619363378
1 4A 625163231.5 625165660 1.05462562836462e-06 724 0.00692099647790055 0.312651633802014
1.01 4A 626063116.75 626071178.25 9.55252524578687e-07 2318 0.00202523904227783 0.298794300765442
1.02 4A 627516023 627521263 8.08785986336385e-07 788 0.00261495241116751 0.111611109965265
1.03 4A 628121249.833333 628125592.5 7.62212234815611e-07 1565 0.00931752976357828 0.164983357955216
1.04 4A 629501644.5 629507319.6 6.85646390592124e-07 3795 0.00593583798682477 0.0722996589320915
1.05 4A 631440263.2 631445363 5.88019019512207e-07 4351 0.00401483044587451 0.0981767262054943
1.06 4A 634142525 634148429.666667 4.71081665203116e-07 1624 0.00941933221674877 0.107690049712455
1.07 4A 637062053.5 637066122.5 3.67356237569562e-07 2456 0.020572106490228 0.056265556990001
1.08 4A 640488923.636364 640493722.454545 2.81381741511085e-07 3241 0.0090614177722925 0.0996249925301488
1.11 4A 650102783 650106395.333333 2.68231002594944e-07 319 0.00278739827586207 0.421710385877416
1.13 4A 651623778 651627938 2.49390983008392e-07 358 0.0259567 0.0703013094884943
1.23 4A 657488709 657491584 0 89 0 Inf
1.24 4A 680797979.428571 680803803.171429 1.18869788469027e-07 12794 0.00743594902868532 0.0657329295046995
1.25 4A 688092001 688096031 2.3023283364882e-07 159 0 NA
1.28 4A 699899776 699902312 3.80558973263715e-07 86 0 NA
1.3 4A 702043190 702046461 4.26908619957024e-07 196 0.00628525 0.188519151982817
1.31 4A 703261247 703266781 4.58831665032481e-07 295 0 NA
1.36 4A 713233263 713236120 5.87677838043707e-07 324 0 NA
1.37 4A 714418331 714420301 6.2646979917961e-07 240 0 Inf
1.47 4A 732517958 732521891 4.29559500890613e-07 186 0.0135014 0.0568138859673812
1.51 4A 741545979 741549092 3.63971331883001e-07 65 0 NA
0 6A 511420 515433 NA 1253 0.020721643575419 0.0905425510308236
0.01 6A 1232084.8 1237627.4 2.71208754201159e-07 2599 0.0012874112804925 0.0882209102242973
0.02 6A 2982029.75 2986610.25 3.92775225291099e-07 1719 0.00155165378708551 0.296651594530943
0.03 6A 6806822.63636364 6812059.45454545 6.56621573955629e-07 2410 0.0143601720912863 0.173808254162804
0.04 6A 9256447 9261046 8.10158161982933e-07 647 0.026849355950541 0.0635031225481979
0.05 6A 10491634 10496460 8.99799116888823e-07 82 0 NA
0.06 6A 11441711.5 11446005.5 9.34739456041546e-07 1793 0.0157309444116007 0.109422283414268
0.07 6A 12380710.3333333 12387588.6666667 9.54802596731946e-07 2295 0.0161074422657952 0.0247009358182445
0.09 6A 13476867.6666667 13480326.6666667 1.06766575257716e-06 595 0.0270626742857143 0.0437388860536816
0.14 6A 16226818 16234941 1.04114270876002e-06 457 0.00447361877461707 0.0694444613194499
0.15 6A 17450753.8 17457929 9.71695758013554e-07 3132 0.000459366445721584 0.414214675903491
0.16 6A 22159550.4 22165267 6.45389509634379e-07 2146 0.0121338568499534 0.17165704783095
0.17 6A 23774445.1111111 23778246.3333333 5.87970406443475e-07 2234 0.0230734698433304 0.0445592599748692
0.18 6A 24577300.5 24581179.5 5.53005225781583e-07 243 0.0123951304526749 0.0750886806172091
0.2 6A 25674719.6666667 25679738.3333333 5.07572324008885e-07 480 0.0029193025 0
0.21 6A 28976122.4444444 28980601.2222222 3.6801768158389e-07 2560 0.00748201613671875 0.073482782345664
0.22 6A 36702117.047619 36706202.0952381 4.24859330093931e-07 4158 0.00673253184223184 0.217924439157699
0.23 6A 40807396.5 40814769 5.04418507219132e-07 505 0.0100756959207921 0.165566872845384
0.24 6A 42922554 42927225 5.28969439054196e-07 270 0 Inf
0.28 6A 47993914.5 47997064.5 5.34468188256369e-07 478 0.00323225246861925 0.259147195744191
0.29 6A 48746822.5 48751646.6666667 5.29418726120416e-07 2420 0.00274480199173554 0.121539784948464
0.3 6A 51406171 51409969 5.00086274474512e-07 307 0.011529 0
0.31 6A 52299419.6 52304342.4 4.85982278143845e-07 1278 0.00985504238654147 0.08142568917301
0.32 6A 53477344.1666667 53481607.6666667 4.91757894739615e-07 1099 0.0201502353958144 0.068775763200476
0.33 6A 55825454.875 55829639.75 5.03745100459006e-07 1858 0.0134204555974166 0.0546301312563824
0.34 6A 57690195.5 57694258 4.57162045985135e-07 885 0.00888902592090396 0.103320538979725
0.35 6A 60091927.8 60096512.4 3.89337990322202e-07 1215 0.0084362553909465 0.0630538495991576
0.36 6A 61303282 61311354.6666667 3.63039014353682e-07 1710 0.0168372702690059 0.436410572041109
0.37 6A 64347701.875 64353067.375 2.89517281387341e-07 3164 0.00770447667825537 0.136099264306218
0.38 6A 71342544.1923077 71347783.0384615 1.48939694353608e-07 9768 0.00656268014230139 0.117878211267316
0.39 6A 83047968.7692308 83054034.3589744 1.35202347217353e-07 12711 0.00955878087735033 0.0931050197135748
0.4 6A 92175732.8333333 92179793.0833333 1.33434809627588e-07 3417 0.0185052286157448 0.0926241436122706
0.41 6A 98961634.5714286 98967460.8571429 1.25230552785285e-07 1921 0.00570702087454451 0.245874498484113
0.42 6A 104057646 104063101.333333 1.16148267999132e-07 2086 0.00442957430488974 0.121257074063765
0.43 6A 107908718.529412 107914842.058824 1.07307224479481e-07 6505 0.00510151769961568 0.126888276536393
0.44 6A 120032619.347826 120037764.347826 8.37043445169064e-08 8306 0.00553678718516735 0.151256294610779
0.45 6A 134345392.541667 134352641.916667 6.55304924304543e-08 8652 0.000559894438280166 0.529573364322267
0.46 6A 148613188.416667 148618906.805556 4.97652407698003e-08 12068 0.00330735722696387 0.166952039322135
0.47 6A 283844134.651961 283852570.357843 8.06290100489367e-09 73348 0.00110784362973769 0.245343648379282
0.48 6A 410259893.416667 410268080.666667 1.22050647124051e-08 5084 0.0058226006577498 0.154664319601158
0.49 6A 423072764.666667 423079217.333333 2.56550535570959e-08 5213 0.00726473589679647 0.034170666698408
0.5 6A 430410516.166667 430424329.833333 3.49468578298858e-08 1957 0.0107117279816045 0.107292927435618
0.51 6A 432957296.5 432962735.666667 3.85090577740062e-08 1781 0.00164150834868052 0.13139797850751
0.52 6A 437155176.285714 437159561 4.47210210690304e-08 1914 0.000404188079937304 0
0.53 6A 441490003.25 441494002.75 5.15579179005836e-08 1953 0.00843696949308756 0.224505848082932
0.54 6A 444644472.666667 444650405.333333 5.57965654391134e-08 2236 0.00269246842576029 0.146981623555564
0.55 6A 448251371.769231 448256103.307692 6.02967504432865e-08 3291 0.0078225381282285 0.126733873459807
0.56 6A 455155566 455162495.238095 6.83255953469191e-08 8007 0.00465734302235544 0.161610326156539
0.57 6A 468992865.53125 468997257.21875 7.7894121265266e-08 7274 0.00182903629062414 0.218117511546817
0.58 6A 486003988.342105 486009331.894737 8.80596554277097e-08 10943 0.00326634067805903 0.113912791226356
0.59 6A 498477243.029412 498482115.176471 9.01883427039173e-08 12634 0.00592652118371062 0.0703175698659322
0.6 6A 505895944.052632 505902342.736842 8.22935721494773e-08 6917 0.0082132545756831 0.129198768013605
0.61 6A 514551937.185185 514556909.666667 8.82397959321759e-08 9439 0.00751870557951054 0.114898314198114
0.62 6A 524994821.813953 524999083.255814 1.08479965644189e-07 12686 0.00874204407244206 0.11082199411391
0.63 6A 540060843.393939 540065551.545455 1.43298185656065e-07 13711 0.00715402786273795 0.113759649218962
0.64 6A 548399964.222222 548406827.944444 1.29510580376632e-07 8827 0.00974278483629772 0.0672664783783041
0.65 6A 553646393.125 553651956.0625 2.20341367660691e-07 5651 0.009303620621129 0.103603818876805
0.66 6A 556735783.272727 556740898 2.63608337554754e-07 2980 0.00594896594630872 0.0785689632106906
0.67 6A 559471309.666667 559475996 2.99940322192488e-07 2608 0.00786413406058282 0.149843427719192
0.68 6A 563648338.818182 563654575.818182 3.79653331184746e-07 4883 0.00576287839238173 0.109557376792403
0.69 6A 565156585 565161453 4.1500000193497e-07 1223 0.00646861978740801 0.12983223011856
0.7 6A 569677868 569686009.8 5.44726547573256e-07 3286 0.0129932925745587 0.176330331155411
0.71 6A 571173410.6 571180326.8 5.94367621359491e-07 1463 0.00104689234449761 0.446627592585157
0.72 6A 573455946.142857 573460507.285714 6.77667350253915e-07 2330 0.00813855184120172 0.13995441873434
0.73 6A 574883236 574891222 7.34360518666197e-07 1362 0 Inf
0.75 6A 578075822.8 578085063.6 8.72711560260461e-07 2158 0.0150209134476367 0.0770853655362744
0.76 6A 579102659.8 579108234.6 9.20650905593286e-07 2131 0.00503341851243548 0.0899193260146192
0.77 6A 580239952.5 580244118.25 9.75844103665647e-07 1461 0.0100593149212868 0.0555813115376678
0.79 6A 581837578.833333 581841394.166667 1.08459545463369e-06 1849 0.00982560237425636 0.0287565507930863
0.8 6A 583268859 583272768 1.18535983914619e-06 184 0.00821918 0
0.82 6A 584766634.333333 584774176.666667 1.27981730947026e-06 627 0.0102754805741627 0.20544307398114
0.83 6A 585479426.714286 585488637.714286 1.32177850649423e-06 3849 0.0125725982073266 0.0690408021436549
0.84 6A 586212843.75 586217725.75 1.3742219136938e-06 1869 0.00307706674157303 0.309602600521276
0.85 6A 586770093 586782183 1.41026912870965e-06 1879 0.0100383 0.295615791518484
0.86 6A 587564389 587570511 1.45305007302883e-06 331 0.0285022238670695 0.0304380452170367
0.87 6A 587917892 587924074.5 1.46890938489213e-06 1647 0.00497541493624772 0.145524439269597
0.88 6A 588422630.666667 588426187.333333 1.48886081460933e-06 821 0.00203742460414129 0.222829434785957
0.91 6A 590074286 590079890 1.5271423180115e-06 637 0.0122075 0.14818758959656
0.93 6A 591372106.8 591377091.4 1.52867910212578e-06 2473 0.0103291622482814 0.0169162892047794
0.94 6A 591853458.333333 591856400.333333 1.52283908234505e-06 1126 0.00656577460923623 0.03146038831993
0.95 6A 592684365 592688476 1.50487763788266e-06 310 0.0140194 0.154808337018703
0.96 6A 593182827.5 593186504 1.48888588128864e-06 384 0.00495413471354167 0.624929430132521
0.97 6A 593430767 593435915 1.47986774932404e-06 498 0.0263538 0.0472345544096108
0.98 6A 594888364.25 594892711.5 1.43620184907473e-06 3129 0.014543546126558 0.0508615854456088
0.99 6A 596368658.333333 596374264.666667 1.31477249096283e-06 1167 0.012436006940874 0.145574510222172
1 6A 596821358 596825703.875 1.25758126915125e-06 2490 0.0126626598995984 0.154704778578635
1.01 6A 597308157.666667 597312698 1.19803581891521e-06 1128 0.0110043343262411 0.254298438460554
1.02 6A 597844107.5 597849822 1.14007871526179e-06 727 0.00248344954607978 0.201004463208876
1.04 6A 598971204.166667 598975178.166667 1.04412774279236e-06 1858 0.00517202465016146 0.0725542528635206
1.05 6A 599910153 599916151 9.91025627625267e-07 240 0.0220527 0.216018900180023
1.06 6A 600499071.8 600503502.6 9.75949043846247e-07 2211 0.0121970445545002 0.067391822600517
1.07 6A 603056903.818182 603060817.090909 7.6610339218006e-07 2916 0.00522755135048011 0.0587072400755531
1.08 6A 605224537 605230314.571429 5.91013331748325e-07 4625 0.0266934937513514 0.0886982652574485
1.09 6A 606761359 606768258 5.89785674507852e-07 415 0.0556199 0.0200325782678502
1.1 6A 607104802.5 607108858.5 5.91017683412502e-07 1947 0.0316839718027735 0.0916070663199055
1.11 6A 607931222 607933664 5.99070367329289e-07 69 0.0387597 0.0524390023658594
1.13 6A 609222825.444444 609227293.444444 5.71926615887793e-07 2233 0.0154544661173309 0.0645527751425571
1.14 6A 613630956.2 613635634.866667 4.17684098025406e-07 16026 0.0159689821178086 0.0523655615136183
1.15 6A 617041839 617048848.333333 2.55593580621652e-07 2006 0 NA
0 7A 3962512.83333333 3966719 1.85789154625281e-08 1352 0.00777099616863905 0.184784857178902
0.01 7A 8802228 8806513 9.13682601360482e-08 467 0.00725952483940043 0.12729530466081
0.02 7A 13100401 13106973 1.89388597574018e-07 177 0 NA
0.03 7A 14894307 14896510 2.53502384846984e-07 348 0.0168121 0.197748050511239
0.04 7A 19587822 19592593.6666667 3.53970879420553e-07 1415 0.0128623270671378 0.133822815327539
0.05 7A 24849155.5 24853444 5.92384584180897e-07 454 0.024195163876652 0.0209255684255684
0.08 7A 29649462 29652591 9.88827969269455e-07 87 0 NA
0.15 7A 34538999 34540876 1.29860125393025e-06 221 0.0278273 0.037781602958246
0.19 7A 36872224.6666667 36875846.3333333 1.3669678573392e-06 1051 0.0130691992007612 0.010695826690038
0.27 7A 42963605 42965380 1.04474363569521e-06 142 0.0826568 0.019222616892984
0.31 7A 47444352 47448384 9.05036030758963e-07 263 0.0892746 0.0832756461524331
0.32 7A 48055953 48061026 8.87663204287728e-07 210 0.0647416 0.0340564644679773
0.35 7A 54475859.5 54480002 6.90150555592324e-07 277 0.00349471667870036 0.147062224470622
0.36 7A 56151832 56157135 6.96195316903044e-07 518 0 NA
0.37 7A 57210984 57215904 6.53295080219751e-07 166 0 Inf
0.38 7A 58841366 58844070 6.0034407785054e-07 447 0.0142911 0.231661663552841
0.41 7A 64156553.5 64160069.5 5.38229079584232e-07 561 0.0185548288770053 0.0852677121397402
0.42 7A 65273396.8333333 65277771.5 5.46821903487358e-07 1515 0.0108982904290429 0.0347963558640923
0.43 7A 67672102.7857143 67677153.8571429 5.80744408422218e-07 2399 0.0329699826677782 0.0594444723100953
0.44 7A 70726997.6666667 70730620.3333333 6.12847019197925e-07 499 0.00824375699398798 0.10427058626017
0.46 7A 74283354.5 74290912.5 6.3932895954405e-07 469 0.011371232196162 0.10567161035688
0.48 7A 76120090.5 76123166 6.65348996006367e-07 266 0.0165530601503759 0
0.49 7A 77316023 77323679 6.75736043597949e-07 715 0.00978429090909091 0.0326785210715964
0.5 7A 78578484.25 78583067.75 6.7136127554336e-07 1025 0.0164114263414634 0.123682052100286
0.51 7A 79717980.75 79725254.25 6.53610368543879e-07 1332 0.010421606463964 0.0703731046012694
0.52 7A 81179613.25 81184365.25 6.12049577751178e-07 869 0.00563533208285386 0.33258726375561
0.53 7A 82090453 82098105.3333333 5.75711730658255e-07 517 0.0199239417794971 0.100672069359629
0.54 7A 83285019 83288075 5.20657392035587e-07 283 0.0423077 0.0909550743718047
0.55 7A 83907479 83913223.6666667 5.10454431871029e-07 3151 0.0129652854268486 0.0493481224757181
0.56 7A 85397892.6666667 85403101.4444444 4.91238802820104e-07 2485 0.012387541416499 0.0807685177642371
0.57 7A 88655013.5 88657673 4.44029003628935e-07 297 0.0084471505050505 0.5460988637732
0.58 7A 92216402.3333333 92220700.5 3.80550928331156e-07 4272 0.0198734882560861 0.0581882817564788
0.59 7A 99405652.5 99414688.6666667 1.94714349090504e-07 6244 0.00467183035554132 0.262086847761329
0.6 7A 107297012.235294 107302966.529412 1.64431639949892e-07 6092 0.00297419768384767 0.125576726309802
0.61 7A 112619230 112622885.5 2.05951491400096e-07 233 0 Inf
0.62 7A 116057659.4 116062541.4 2.43824920449515e-07 3458 0.0117105201648352 0.0975158896941097
0.63 7A 118873159.857143 118880550.142857 2.47280406203562e-07 2075 0.0160898445831325 0.0797282109384934
0.64 7A 121777680.777778 121784672 2.34409110013415e-07 4389 0.0124849479471406 0.149447839167828
0.65 7A 126006777.818182 126011755.636364 1.90223822259656e-07 3043 0.00610755806638186 0.0156027490836634
0.66 7A 129412593.5 129418375.428571 1.89428213099735e-07 4192 0.0105196868416031 0.0681634374917052
0.67 7A 140893634.619048 140899689.333333 1.07460464858765e-07 7263 0.00785167089081647 0.0987962400202389
0.68 7A 187776624.313609 187782476.568047 9.80632283529244e-09 62437 0.00647266033763634 0.131094347439601
0.69 7A 235525524.705882 235530743.411765 1.40162607703384e-08 14327 0.00373589779088434 0.176163844323625
0.7 7A 252027684.413793 252034440.413793 1.2223898519692e-08 7480 0.00153807454144385 0.13296447848756
0.71 7A 266679694.695652 266685000.217391 1.10519379561078e-08 8359 0.00264215272161742 0.17156363409924
0.72 7A 275461350.142857 275467751.714286 1.05285302574173e-08 4115 0.00086047947800729 0.249776478572268
0.73 7A 287649637.470588 287654569.705882 1.00389713397002e-08 5256 0.00161618030726788 0.190094376995526
0.74 7A 294915186 294920342.153846 9.87725021095335e-09 4116 0.000697640612244898 0.258735644850652
0.75 7A 303761492.25 303769629.75 9.80984284010173e-09 1848 0 NA
0.76 7A 310636959.166667 310655276.833333 9.8474714352997e-09 1595 0.000775235548589342 0.371717387624609
0.77 7A 318215836.666667 318225644.333333 9.99268580160083e-09 1033 0 NA
0.78 7A 325489461.166667 325505576.333333 1.02276349378896e-08 2155 0 Inf
0.79 7A 331354644.5 331372558 1.04881691838376e-08 2659 0.000596469895073336 0.57611456348235
0.8 7A 345325239.15 345336551 1.13998529066826e-08 9158 0.000233136160733785 0.676120168952928
0.81 7A 394041728.595745 394049794.148936 1.74097932492549e-08 17952 0.000426818112076649 0.15781937261034
0.82 7A 422432208.5 422439211.75 2.2469522554706e-08 1169 0.00657086535500428 0.0770100616277761
0.83 7A 423556015 423563387 2.27105057778797e-08 329 0 Inf
0.85 7A 424312931 424317651 2.28738773041016e-08 579 0 NA
0.86 7A 424628142 424634545 2.29425179875405e-08 629 0.00137575 0
0.9 7A 473808012.120419 473813647.115183 3.65434539327171e-08 58496 0.00503727636428132 0.124616161860388
0.91 7A 528356105.666667 528361973.111111 5.55325408297616e-08 5835 0.00271764586289632 0.149791441898822
0.92 7A 540812979.914286 540818024.114286 6.161275171936e-08 8985 0.010431166490818 0.0935410767008441
0.93 7A 552593606.464286 552599442 6.88920125640938e-08 9171 0.00392654776731 0.0645743205778963
0.94 7A 563104652.961538 563109699.846154 7.66563284240394e-08 7662 0.00302753207387105 0.128190804259047
0.95 7A 575083687.583333 575091408.916667 8.23764313654083e-08 6018 0.00358331439431705 0.213442481815338
0.96 7A 592148048.861111 592152366.277778 8.42347747531533e-08 9196 0.00708954332394519 0.091934212325015
0.97 7A 609638831.821429 609645092.5 1.09243085142594e-07 11221 0.00987620586222262 0.0949435794803814
0.98 7A 616796036.4 616800661.2 1.58629794512553e-07 1319 0.00799230079605762 0.0686556069799833
0.99 7A 620985174.571429 620988384.857143 1.81789200216484e-07 1387 0.0150028696467195 0.0535906613049687
1 7A 626482486 626486838.2 2.27827039206476e-07 2293 0.0144091719843 0.0586874608979736
1.01 7A 634408478 634413380 3.08607432921278e-07 725 0 Inf
1.02 7A 635952822.142857 635956658 3.30975082163173e-07 1705 0.0173203211847507 0.0518056316566542
1.03 7A 638764026.6 638769787.6 3.65779225437086e-07 1468 0.00596490343324251 0.078774288486098
1.04 7A 642106710.625 642110795.125 4.01142881027591e-07 1744 0.00662668676605505 0.168867923476904
1.05 7A 644599303.666667 644602730.166667 4.26881618712216e-07 1643 0.00356656963481436 0.0443572684313953
1.06 7A 645938560 645944884 4.40493653585784e-07 37 0.0439024 0
1.07 7A 648425798 648431018 4.65299838222688e-07 256 0 NA
1.08 7A 650622061 650628259 4.86748328783294e-07 765 0.00460294 0.0658672500619169
1.09 7A 652674040.166667 652679793.666667 5.06385276052371e-07 1907 0.00287832970634504 0.167087022945405
1.1 7A 654102942 654106615 5.1982078117577e-07 954 0.0040200606918239 0.059353518943869
1.11 7A 654773271 654803669 5.26199891807727e-07 45 0 NA
1.12 7A 657610131.8 657615126.8 5.52064023093239e-07 1597 0.0125029983531622 0.0835412129624089
1.13 7A 659461855 659466206.5 5.68635626241734e-07 591 0.0234605576988156 0.0675612460431122
1.14 7A 660778161.2 660784162 5.80227501873517e-07 1993 0.00593226166583041 0.109425925616579
1.16 7A 663714516.875 663717877.375 6.05507445897416e-07 1725 0.00315197806956522 0.171758698894942
1.17 7A 666395492 666401848.5 6.3901198995445e-07 919 0.0203930187159956 0.108781006485172
1.18 7A 667074773.2 667080967.6 6.49334111273945e-07 2516 0.00556224317845787 0.0798198118368072
1.19 7A 669602238 669605749 6.80530820581446e-07 168 0.0594123142857143 0.0798480850450596
1.2 7A 671279662.333333 671285693.333333 7.10901118726343e-07 1385 0.0224964680144404 0.0446683383418372
1.21 7A 672187016.8 672191002.8 7.23183744925396e-07 1682 0.0468202659334126 0.0678464368597725
1.22 7A 674187520.333333 674191324.333333 7.3930046349749e-07 814 0.0206939552825553 0.0757121428163844
1.23 7A 675246782.4 675250714.6 7.41246494414455e-07 787 0.0199639860991105 0.0897443283426656
1.25 7A 678018792 678021897.666667 7.4842594316411e-07 1402 0.00718466340941512 0.081246189118105
1.26 7A 679949329.083333 679955926.083333 7.5787839082519e-07 3166 0.00566939975047378 0.161404986648405
1.28 7A 681997487 682001751.5 7.57546350086986e-07 270 0.005998362 0.142134802801165
1.29 7A 683482195 683492670 7.73598778063299e-07 876 0.0180927 0.173531313734268
1.3 7A 685748437.333333 685753451.666667 7.83519022878701e-07 517 0 NA
1.31 7A 686233382 686237056 7.83401408595527e-07 388 0.0545134 0.0458457920437911
1.33 7A 688960269 688968295 7.67652811711203e-07 879 0.00153091 0.336451522297196
1.34 7A 689964094 689969671.666667 7.55481397650154e-07 831 0.0189097314079422 0.452563809586502
1.35 7A 690868974 690871794 7.47957583803186e-07 118 0.0479638 0.0396653309370817
1.36 7A 691535435 691536922 7.4952392022917e-07 137 0.0399524 0.0420375246543387
1.37 7A 692584578.75 692589731.75 7.6114283256571e-07 626 0.0357121638977636 0.0221008502190745
1.38 7A 693846860.8 693852226.2 7.69314190186572e-07 980 0.00762740724489796 0.126238105277463
1.39 7A 694542511 694547765 7.69169464994618e-07 898 0.0216881 0.212886790451907
1.4 7A 696975251 696979014 7.4157542950791e-07 248 0 Inf
1.42 7A 699282670 699287944.25 7.12344227071371e-07 1456 0.0215759023351648 0.0163092982199839
1.43 7A 700884377 700892430.166667 6.9749558845365e-07 3202 0.00729831661461587 0.268042240777863
1.44 7A 701792440.75 701797092.75 6.93249667850967e-07 4931 0.0210410406753194 0.0427967574432435
1.45 7A 704379880.5 704383233 6.95622498061601e-07 598 0.019587115451505 0
1.46 7A 705325003.75 705330096.5 6.97781099547046e-07 2974 0.00797475769804976 0.111955581976465
1.47 7A 707462851 707468262.25 7.05019314654548e-07 1463 0.0144130749829118 0.075759831724524
1.48 7A 709404534 709410201 7.00761572151223e-07 806 0.0021178 0.0822197563509302
1.49 7A 711607430 711611179 6.95936901398978e-07 181 0 NA
1.5 7A 712180398 712183969.5 6.94791745248401e-07 204 0 NA
1.51 7A 714165965.5 714171468.5 6.91156488150192e-07 689 0.0402165872278665 0.0467618440666371
1.52 7A 715968797.5 715975331 6.88298719789364e-07 936 0.049929841025641 0.0389661482948535
1.53 7A 717390148.5 717394748.5 6.86363087355819e-07 661 0.0292578287443268 0.201141716479593
1.55 7A 719571983 719575149.25 6.83902951899252e-07 1248 0.0131339916346154 0.0829643004349702
1.57 7A 721250156 721256446 6.82455685852289e-07 2022 0.0155625247279921 0.204324853399984
1.58 7A 722597238 722601907 6.80557651152302e-07 295 0.033913 0
1.59 7A 723286624.666667 723291067.666667 6.78944625558225e-07 1432 0.0266056670391061 0.0362203593097652
1.6 7A 724325489.75 724329588.75 6.76824481466309e-07 1036 0.0196677764478764 0.0111547059287401
1.61 7A 726112142.666667 726119297.333333 6.73939697283123e-07 1208 0.0166576979652318 0.230004967888894
1.62 7A 727443573 727457990 6.72454329433371e-07 1829 0.0287326 0
1.63 7A 729467490.25 729471645.75 6.71326796911237e-07 1374 0.0339286076419214 0.052930903189049
1.64 7A 730905941.428571 730911900.142857 6.71322170406379e-07 2569 0.00752638355001946 0.0737361240005752
1.65 7A 732898679.777778 732902434.555556 6.71951846584658e-07 1690 0.0381008224852071 0.0488482884480122
1.66 7A 736149721 736155708.833333 6.71331533262713e-07 2380 0.0232194817226891 0.219821852905992
