poscM Chromosome Start End recRate nb_complete_site piSyn f0
0 1D 1580107 1584929.1875 6.26120017326891e-07 7082 0.01611112009037 0.0522472073619163
0.01 1D 3963719.5 3967548.5 7.9084805232784e-07 435 0.02399606 0.0277823942763937
0.02 1D 5425513 5430556 9.06139680338369e-07 348 0.00649384022988506 0.189409150068119
0.03 1D 5511254 5517977 9.13196172291157e-07 651 0.00911508 0.19321168876192
0.04 1D 6328647.5 6336972.5 9.81164112860305e-07 1124 0.0301001423487544 0.0976146256742026
0.05 1D 6778533 6780323 1.01923951577083e-06 159 0.0175439 0
0.06 1D 7487543 7492403.5 9.76008496030621e-07 550 0.00706221109090909 0.391155249060422
0.07 1D 9347481.21428571 9352220.42857143 9.75560478228199e-07 4651 0.0217028789249624 0.0199596118786416
0.08 1D 10732559.5 10736626 1.3089501353939e-06 864 0.0209311182638889 0.0411287757139916
0.1 1D 11580304.5 11587739.5 1.17433541115337e-06 1120 0.0157773928571429 0.032271016169157
0.11 1D 12142684 12147731.25 1.10335058599272e-06 543 0.00703802493554328 0
0.12 1D 14744768.2 14749245 3.33972256055056e-07 1123 0.0137218786197685 0.146978773430153
0.15 1D 18107199.3333333 18110586.6666667 1.0389592380295e-06 880 0.0239082817954545 0
0.16 1D 19529676.5555556 19535224.8888889 1.33514601948072e-06 2648 0.0259814862537764 0.084271762412695
0.17 1D 20826034 20827727 1.22497386660458e-06 24 0 NA
0.18 1D 21828436 21832490 1.07349020733297e-06 17 0 NA
0.19 1D 21885424 21888853 1.06436469519594e-06 318 0 NA
0.2 1D 22947275.3333333 22952507.6666667 1.02500201154221e-06 585 0.00156121025641026 0.321556101556102
0.21 1D 24399054 24402498.6666667 9.84558259357803e-07 969 0.00514103168214654 0.0992136383783903
0.22 1D 24779031 24786455 9.74006980762083e-07 291 0.00337268 0.292695126724148
0.23 1D 25732394 25737271 9.47907618748164e-07 971 0.000960744346035015 0
0.24 1D 27863820.5 27871401.75 8.90417204394331e-07 2669 0.00107852869239416 0.101061761046129
0.27 1D 31421662 31431937 7.97441065649626e-07 985 0.00101626 0.285341349654616
0.28 1D 32640925 32643544 7.6654813905423e-07 311 0 NA
0.3 1D 34733574 34736854.6666667 7.214901644776e-07 1188 0.00356778401515152 0.398030838734154
0.32 1D 36792337.8 36797632.2 6.78427112521435e-07 3301 0.00253008503332324 0.136175960223916
0.33 1D 37545378.5 37552059.5 6.62776809866375e-07 505 0 NA
0.34 1D 38591145.8 38594428.8 6.41203733837539e-07 1685 0 NA
0.35 1D 39943215 39948696 6.1341024634116e-07 180 0 Inf
0.36 1D 41554997.75 41557098.125 5.80608624937383e-07 1835 0.00689856392370572 0.139086544316359
0.37 1D 43173708.6666667 43178988 5.47845694936579e-07 446 0 NA
0.38 1D 45287339.8 45291744 5.05569290931406e-07 1259 0 NA
0.39 1D 47789767 47798085 4.56037976501763e-07 689 0 Inf
0.4 1D 49656257.2222222 49663535.8888889 4.19591778221124e-07 4655 0.00129991097314715 0.237685927092771
0.41 1D 52751592 52757766.3333333 3.59920902121984e-07 698 0.00292136378223496 0
0.42 1D 55809231.2857143 55812858 3.02025969718257e-07 2601 0.000341748727412534 0
0.43 1D 59795337.2142857 59804717 2.27932608343201e-07 5335 0.00220769529034677 0.243788918510897
0.44 1D 71778914.3137255 71784264.745098 5.94673161382814e-08 17368 0.00120468324332105 0.38204521340331
0.45 1D 84610895.5 84616708.5 0 388 0 NA
0.46 1D 85633820 85640605.2 0 2594 0.000413846414803392 0
0.47 1D 87171325.75 87179454 0 3455 0.000270336208393632 0.613218982505142
0.48 1D 90944472.8333333 90948551.5833333 0 4797 0.000383022188868043 0.466882072766418
0.49 1D 117650755.184211 117656446.096491 0 40059 0.000588425029830999 0.264099633709053
0.5 1D 150285006.5 150301843 0 1076 0 NA
0.51 1D 153766195 153777481 0 1482 0.00131962153846154 0
0.52 1D 207783186.307692 207790935.906593 3.51777876481541e-08 64403 0.000723170795164822 0.215746627317555
0.53 1D 251101534.153846 251107405.153846 7.759284350594e-08 14436 0.000623637657037961 0.567440899199766
0.54 1D 262869337.129032 262875305.419355 8.80875776419266e-08 9504 0.00122109188026094 0.365185788820297
0.55 1D 281298293.577778 281303414.4 1.03590111857057e-07 13467 0 Inf
0.56 1D 293252964.478261 293257578.130435 1.1287914366076e-07 8687 0.000190926218832739 0
0.57 1D 301431063.242424 301436497.060606 1.19077535536146e-07 9356 0 Inf
0.58 1D 310052742.034483 310057644.655172 1.27019956555811e-07 10464 0 NA
0.59 1D 316514448.653846 316521381.076923 1.34374456227863e-07 8467 0.000122885400968466 0
0.6 1D 324398388.055556 324403275.055556 1.40027304676756e-07 5705 0 Inf
0.61 1D 329368671.888889 329374958.944444 1.42141294165333e-07 7034 0.000126983608188797 1.21873688357637
0.62 1D 335295880.086957 335301836.26087 1.45721824730415e-07 9918 0.0003458843456342 0.378114302247078
0.63 1D 343214388.771429 343219727.485714 1.52223989836094e-07 9332 0.00123604362516074 0.197304633178421
0.64 1D 349622797.809524 349627084.619048 1.58947784481563e-07 5896 0.000993035792062415 0.147407991710547
0.65 1D 356122670.0625 356127315.25 1.67106435897369e-07 4485 0.0011560778974359 0.108735737925966
0.66 1D 361857217.863636 361862361.409091 1.75491455818167e-07 7309 0.00109195103160487 0.402100981047768
0.67 1D 365906571.315789 365910511.157895 1.81994911250395e-07 5149 0.000743192588852204 0.132511194035389
0.68 1D 371147698.8 371151171.6 1.91535402326692e-07 3487 0.00391827479208489 0.191910296111457
0.69 1D 376032163.588235 376036460.294118 2.17352836194582e-07 4700 0.000212836196170213 0.576674871937926
0.7 1D 380964683.875 380968375.75 2.48797691740976e-07 5141 0.00038495675549504 0.289306324547538
0.71 1D 386262182.071429 386268256.071429 2.8449538180974e-07 6168 0.000163959873540856 0.8347046186386
0.72 1D 392076269.666667 392081286.333333 3.32374518162883e-07 3258 0.00541300511356661 0.163832175079726
0.73 1D 396142741.666667 396146172 3.76646269609924e-07 1892 0.000532894471458774 0
0.74 1D 399002377.75 399005825 4.00593911019556e-07 1080 0.00169069722222222 0.160655475798118
0.75 1D 400075840.8 400079505.4 4.06548606003472e-07 1064 0.00190469939849624 0.285545872057959
0.76 1D 402189082.75 402194241.75 4.14057322414562e-07 556 0 NA
0.77 1D 403510876.875 403514181.9375 4.15976374818275e-07 3880 0.0118454746030928 0.112771473366087
0.78 1D 406038975.2 406042703.8 4.13860956226628e-07 1117 0 NA
0.79 1D 408366718.777778 408370552.444444 4.13846363446538e-07 2955 0 Inf
0.8 1D 410264184.857143 410270194 4.19825409358056e-07 3252 0 Inf
0.81 1D 412029942.333333 412038037 4.30543173313123e-07 1554 0.00133563042471042 0
0.82 1D 413903623.833333 413906859.166667 4.35068920595022e-07 912 0.0192066893640351 0.0328815663507495
0.83 1D 415793987 415798923.714286 4.29052843556139e-07 2267 0.00127770410233789 0.372598584691222
0.84 1D 418958743.125 418963846.125 4.90194557987294e-07 4025 0.00023788240173913 0.90636650574379
0.85 1D 422366622.315789 422374476.315789 5.1063032300981e-07 7650 0.0014673452379085 0.240301042287737
0.86 1D 426165850.5 426169497.125 5.46542526147892e-07 3442 0.00955781751016851 0.345539175652219
0.87 1D 430416501 430420775 6.17942033184554e-07 259 0 Inf
0.88 1D 430564939 430573646 6.20568788217035e-07 1215 0.00170721 0.272695801922435
0.89 1D 430976701 430983376 6.27658063680163e-07 610 0.0176282 0
0.9 1D 431790881 431795856.2 6.41382775298851e-07 2166 0.00800339450600185 0.0166794197002916
0.91 1D 432058408 432062311.333333 6.4579507217574e-07 1115 0.00691914914798206 0
0.92 1D 432876223.5 432881684.25 6.59044544466044e-07 1647 0.00716562304189435 0.0246465389675524
0.93 1D 433589805.75 433595731.75 6.70243045010407e-07 1318 0.00265824842943854 0.0821303377850641
0.95 1D 435762734.8 435765826 7.0243438344807e-07 1160 0 NA
0.96 1D 436485566 436489942.333333 7.12478452765874e-07 965 0.00311093904663212 0
0.97 1D 437432659 437437008.5 7.33534519686398e-07 813 0 NA
0.98 1D 439046046 439050693.5 7.70078642014393e-07 720 0.013968546375 0.0285747332181593
0.99 1D 440011140.2 440015139 7.40385288047261e-07 1251 0.0173604257394085 0.0132147038981121
1 1D 443700553.384615 443705051.461538 7.21222347098256e-07 4604 0.00548820498045178 0.136479226433997
1.01 1D 445985051.857143 445989461.571429 7.29024176357346e-07 2068 0.0197958733075435 0.0818501208636522
1.02 1D 446981946.5 446985864 7.2825582144251e-07 691 0.00289217678726483 0
1.03 1D 447957027.5 447960773.833333 7.25461041954832e-07 1037 0.0158355262873674 0.169985462347458
1.04 1D 449295667.5 449297885.5 7.25179357756559e-07 220 0.0183127763636364 0.140996286050464
1.05 1D 449859932.5 449864444.5 7.27894831437522e-07 1678 0.00430690607866508 0.196396158599065
1.06 1D 451128789 451132397 7.38813049530761e-07 328 0.00321285 0.534450721322191
1.07 1D 451737271 451739395.666667 7.46887581545128e-07 331 0.00300948425981873 0
1.08 1D 452473412.25 452478639.25 7.58907327084825e-07 1438 0.0115192294993046 0.129768703707426
1.09 1D 453274017 453278271 7.74903385554547e-07 644 0 Inf
1.1 1D 454394531 454399086.5 8.02456861524297e-07 318 0.0424940075471698 0
1.11 1D 455595780 455599057.75 8.38614240588707e-07 1056 0.0218868560606061 0.0366969586180996
1.12 1D 457159564 457166736 8.9559563631993e-07 1224 0.0120296890522876 0.135313814757625
1.13 1D 458768885.142857 458773178.5 9.55401952329483e-07 3535 0.0123850030551627 0.162130525850334
1.14 1D 461535937 461539983.25 1.01253871632343e-06 1315 0.0103207940988593 0.0209441541601424
1.15 1D 462712840.5 462717207.75 1.04637145068118e-06 1190 0 NA
1.16 1D 463490591 463494658 1.10445679939063e-06 258 0.0588235 0.0397660798830399
1.17 1D 464140500 464147926 1.14170428773417e-06 498 0.0282486 0.186315782021056
1.18 1D 464512902.666667 464517485 1.15727490624447e-06 1574 0.00183613092121982 0.0990194545698333
1.19 1D 465213512 465217160 1.17598503088196e-06 1141 0.0086174888694128 0.0586056991007057
1.2 1D 466288601.25 466293457.5 1.17867847301728e-06 1634 0.00062853488372093 0.276119436119436
1.21 1D 467016328 467019324.5 1.16271500100385e-06 247 0 NA
1.22 1D 467985840.166667 467993116.333333 1.12908086304713e-06 2540 0.00774078024409449 0.0579039583601519
1.23 1D 469083136.5 469087539.75 1.15110802155529e-06 1636 0.00243679698655257 0.289698877655359
1.24 1D 469783173.5 469785860.5 1.16261532394141e-06 1275 0.00386584454901961 0.232615778470384
1.25 1D 470558223.5 470562842.5 1.15676084773583e-06 1017 0.0153470878072763 0.203981116515829
1.26 1D 471604847 471610191.5 1.11496855387349e-06 939 0.00434903923322684 0.139112369876393
1.27 1D 472116569.5 472120408.5 1.08015212803411e-06 796 0.0180511783919598 0.138047511201053
1.28 1D 472653724.75 472656604.5 1.05231527086348e-06 1222 0.00481105994271686 0.0989637752041007
1.29 1D 473735806.714286 473740288.857143 1.02287077878153e-06 2282 0.00293361537248028 0.233673312695249
1.3 1D 475230686.375 475233769.125 9.93799985551052e-07 2504 0.00289709704472843 0.352481486163231
1.31 1D 476847675.384615 476852129.153846 9.84271598627321e-07 2990 0.00217626031772575 0.0895545508950348
1.32 1D 478258399.5 478263063.25 9.92015451560388e-07 1631 0.0346721529000613 0.0508290606139509
1.33 1D 478903931.6 478907899 1.00103596464072e-06 1448 0.0100759493853591 0.178686641465741
1.34 1D 479686632 479692643.75 1.01649994770564e-06 2302 0.00231894071676803 0.251460401495932
1.35 1D 480601318.777778 480607049.444444 1.04044313922287e-06 2120 0.0134841869716981 0.056177645529043
1.36 1D 481553347.5 481559681.5 1.05690333698491e-06 1098 0.0244727918032787 0.0371658824903552
1.37 1D 482217137 482218242 1.06049841476365e-06 21 0 NA
1.38 1D 483066434 483070928.5 1.05837717269826e-06 1507 0.0176302882149967 0.065102269103813
1.39 1D 483846792 483855398.5 1.05234038650623e-06 978 0.0147821816155419 0.189491279019156
1.4 1D 484617719.857143 484623322.571429 1.05078965799486e-06 3413 0.0105466195985936 0.0437005402171417
1.41 1D 485605728.666667 485610425.666667 1.05145391355512e-06 1849 0.0177572102217415 0.120070309757125
1.42 1D 486325285.25 486329730.5 1.05222664009748e-06 678 0.0146621126843658 0.202237971939075
1.43 1D 487022845.5 487027068 1.05316748969337e-06 819 0.0228192002686203 0.0603847227056829
1.44 1D 488035066.4 488040786.4 1.05338234614111e-06 1969 0.00562132168613509 0.0826179334028069
1.46 1D 491038570.5 491046358 1.04846513493729e-06 552 0.00345015760869565 0.476526245650404
1.47 1D 492747840 492754069.666667 1.04805968518512e-06 3932 0.00184999402848423 0.107919989821748
1.48 1D 493961975.142857 493966141 NA 2282 0.00559147434706398 0
0 2D 304202 309743.75 1.65063745148952e-06 887 0 NA
0.01 2D 672180 675387 1.63675003794495e-06 254 0.0379507 0.029960185187625
0.02 2D 2014157 2015713 1.57271633822152e-06 518 0.00193237 0
0.03 2D 2472602 2477802 1.55116453599258e-06 577 0.0318199383015598 0.0621340410242983
0.04 2D 3077076 3080377 1.52307003389834e-06 34 0 NA
0.05 2D 3773856 3790417 1.49011709750458e-06 1705 0.00771399 0.297712338232225
0.06 2D 4461128 4465758 1.45761527914681e-06 244 0.0370752 0.063074508026929
0.07 2D 5122632.5 5126907.5 1.42551571972158e-06 1024 0.0338704890625 0.0750623860751199
0.08 2D 5390158.25 5393975.75 1.41237067362203e-06 1081 0.0425960541165587 0.0123628720110175
0.09 2D 5761715 5768783 1.39391323107849e-06 552 0 NA
0.1 2D 6712365.5 6717819 1.34605816342094e-06 1144 0.0099012473951049 0.025368126119293
0.11 2D 7144325.75 7147772 1.32404965386953e-06 1180 0.0127896240677966 0.0566969541066804
0.12 2D 8395237.33333333 8400534.66666667 1.25866311959314e-06 861 0.0343714011614402 0.0383444743469779
0.14 2D 10457505.6666667 10462462.3333333 1.14926427726156e-06 1176 0.00248283947278912 0
0.15 2D 11570148 11577493.2 1.06632687444298e-06 2043 0.0108612527753304 0.0131551378545918
0.16 2D 12552532 12559454.6666667 9.54655016767701e-07 647 0.0231884347140649 0.0185380613103508
0.17 2D 12895528.25 12899085.75 9.13639586958347e-07 689 0.040775091436865 0.0517101493206495
0.18 2D 13760291.0833333 13765644.5 8.52172678581217e-07 2640 0.0149643117765152 0.152975742468696
0.19 2D 14457123.5 14461858.8333333 8.5047367403427e-07 1194 0.0122370162981575 0.206127623267686
0.2 2D 15633355.25 15641625 8.86325989710319e-07 915 0.00755075960655738 0
0.21 2D 18436287.5 18440525.5 8.74682975882326e-07 1070 0.0257372364485981 0.0102388371218065
0.22 2D 19580696 19582357 7.78518417558993e-07 306 0.00324675 0.576240856240856
0.23 2D 20778047 20783120 9.60590299907669e-07 218 0.025974 0.102666897666898
0.24 2D 22197449 22206640 1.062592704677e-06 510 0.0335697 0.084327831347912
0.25 2D 22624600.3333333 22628973.6666667 1.08509434254762e-06 545 0.00719781306422018 0.441541453727795
0.28 2D 25145476.7142857 25153590 1.15161515244772e-06 2573 0.00326733190050525 0.104460434811063
0.29 2D 26532331 26535858 1.13700380969102e-06 147 0.0201005 0.194240939280117
0.3 2D 26979932.3333333 26989046 1.1236129321101e-06 1580 0.00395137346202532 0.181851960986224
0.31 2D 27748884.1666667 27752142.6666667 1.11838023936849e-06 1263 0.0187504560965954 0.0483179044801742
0.32 2D 28626605 28640397 1.18526565373525e-06 2310 0.0185263 0.0807641029239514
0.33 2D 28883800.3333333 28887565 1.19725237429642e-06 1398 0.00784623499284692 0
0.34 2D 29604332.5 29606847.5 1.21492722358508e-06 387 0.00234719813953488 0
0.35 2D 30467249.6666667 30474380.3333333 1.19476296319527e-06 1402 0.00716446619828816 0.234703041254896
0.36 2D 31673149.6666667 31676204.6666667 1.09674764456936e-06 751 0.00128260338215712 0
0.37 2D 32315982.3333333 32323151.6666667 1.00905354422179e-06 1044 0.0215159685823755 0.0478870813013548
0.38 2D 32885216 32889757.3333333 9.59585285540733e-07 1536 0.0105347549414063 0.197845295316925
0.39 2D 34006862.4 34010752 9.34341534416874e-07 1871 0.00814666218065206 0.0698882344481264
0.4 2D 35399919.8571429 35405777 9.00495800321881e-07 3566 0.0142445674711161 0.0811483224527868
0.41 2D 36663902 36672542 8.67586041900619e-07 1507 0.0159434867285999 0.0444394174355344
0.42 2D 37641395.4285714 37645258 8.40588722376215e-07 2252 0.0291760375666075 0.107471010260516
0.45 2D 43369633 43377942 6.46586993945924e-07 805 0.00958658 0.0374148027763811
0.46 2D 43991669 43995409 6.23494640755343e-07 270 0 NA
0.47 2D 46033973.6666667 46040953.7777778 5.60126898775068e-07 2392 0.0072679660409699 0
0.48 2D 48309835 48313658 5.102165793157e-07 163 0.0237906 0.182476272141098
0.49 2D 49691736.5 49696983.25 4.9178852838365e-07 2925 0.0146724682632479 0.0591991934550769
0.5 2D 51749450.4 51756153.8 4.80033726671038e-07 1581 0 Inf
0.51 2D 53570318 53572100 4.85891334296585e-07 484 0.00219200842975207 0
0.52 2D 55650348.5 55656139.0833333 5.09766584467514e-07 4914 0.00947053701668702 0.0413885517221631
0.53 2D 57832703 57838228.25 5.3128954972612e-07 1170 0.00422129115384615 0.0578885021943047
0.54 2D 60172663.3333333 60176853.8333333 5.18191373994572e-07 1811 0.00870767332965213 0.0463621516654668
0.55 2D 62213599.3571429 62217129.7142857 5.10670288970013e-07 2806 0.0126148842444761 0.128435289903565
0.56 2D 63865722 63870179.1666667 5.0504725959778e-07 1769 0.00222421034482759 0.149333269896588
0.57 2D 66629168.25 66634431.5 4.80403883922558e-07 1373 0.0087997693809177 0.164354981738845
0.58 2D 67690836 67697166.3333333 4.70819905313191e-07 2242 0.00169466251115076 0.227210930019341
0.59 2D 69853863.6666667 69857696 4.51056040915821e-07 1168 0.00246886974315068 0.0743743360517981
0.6 2D 72273524 72277039.25 4.28585042050564e-07 944 0.00475154237288136 0.143453240874506
0.61 2D 73576698 73583564 4.16315558563758e-07 1225 0.00154563715102041 0.157615047819313
0.62 2D 75520690.7692308 75525236.1538462 3.97302522416275e-07 3986 0.00443945763923733 0.223190134027161
0.63 2D 77713104.4545455 77719751 3.7521207963172e-07 3817 0.00408732889703956 0.0500651790400698
0.64 2D 80194063.4666667 80199874.8666667 3.52475957298062e-07 6434 0.00691669619707802 0.108393000336491
0.65 2D 83267677.6 83272702.6 3.27637810700772e-07 1313 0.0160731416450876 0.0820045759799058
0.66 2D 86253980.7777778 86260653.6666667 3.07161058280885e-07 4342 0.00136296892883464 0.0829255075260302
0.67 2D 89094997.3636364 89099328.8181818 2.91025634699456e-07 3382 0.00949697518923714 0.13923456575295
0.68 2D 95636924.8823529 95642073.8235294 2.60095602357261e-07 4821 0.0155003090250985 0.133707201285698
0.69 2D 101417659.666667 101422082.4 2.14242289926302e-07 3072 0.000822895983072917 0.621806221743406
0.7 2D 108986283.454545 108990930.227273 1.85781101540944e-07 6682 0.00338530912226878 0.095014821390592
0.71 2D 115513397.818182 115517589.454545 1.65989530427695e-07 7150 0.00962758849846154 0.0940203631032021
0.72 2D 121082092.12 121086833.36 1.52297201340274e-07 8326 0.00128555318436224 0.275048034069738
0.73 2D 126673920.266667 126680005.4 1.42554058229505e-07 4364 0.00183181833180568 0.339724041059912
0.74 2D 131776958.75 131782349.7 1.28461257774997e-07 6635 0.000928747505651846 0.210986839736208
0.75 2D 136350194.636364 136355009.818182 1.18390349056271e-07 3270 0.00185450621406728 0.288547035638452
0.76 2D 145098127.2 145103061.8 9.99915683135748e-08 7058 0 Inf
0.77 2D 169693490.931034 169699163.655172 4.90084616770915e-08 38606 0.000731033485986634 0.171748380746275
0.78 2D 195900419.380952 195906173.238095 1.83952655387246e-08 7290 0 Inf
0.79 2D 207866385.351351 207874639.648649 1.06111201862035e-08 14974 0.000116445396687592 0.372289790028622
0.8 2D 300548849.874317 300557711.278689 1.11142071661216e-08 73073 0.000141524114214553 0.479110378421656
0.81 2D 352616757.44 352622918.54 4.62587884629188e-08 19431 0.000153633696155628 0.789213679421535
0.82 2D 372087156.761905 372091994.52381 6.18834418865321e-08 13076 0.000296395353624962 0.166073170165347
0.83 2D 383146458.921053 383151637.078947 6.82824546643092e-08 11977 0.000217415645487184 0.823854154326856
0.84 2D 398923547.981481 398928097.648148 7.449339126955e-08 15931 0.00053413889755822 0.254924155680215
0.85 2D 415073971.217391 415078315.173913 7.9147650811876e-08 4993 0 Inf
0.86 2D 422177727.965517 422182374.724138 7.95336956461479e-08 9437 0.00149168863579527 0.436369623123963
0.87 2D 439423065.823529 439427711.220588 8.60307538916576e-08 20943 0.0028275254283054 0.201915577005196
0.88 2D 455689269.222222 455693505.944444 9.5188024523411e-08 5810 0.00154154850430293 0.113028882872821
0.89 2D 460938998.529412 460945135.588235 9.72826299454654e-08 7063 0.00828081389494549 0.138177068112264
0.9 2D 470850772.3125 470856021.53125 1.00660448474492e-07 10303 0.00473465026497137 0.0651582681926834
0.91 2D 477665089.047619 477669611.142857 9.74186704631793e-08 5472 0.00287319678910819 0.14617899720416
0.92 2D 488947049.69697 488950907.151515 8.94237166123364e-08 8645 0.000356418646616541 0.370514791581257
0.93 2D 498624207.428571 498628761 9.10152394458094e-08 4900 0 Inf
0.94 2D 509460450.857143 509467706.714286 1.02893559366488e-07 6067 0.000789634751936707 0.17969844637189
0.95 2D 517664623.296296 517670197.592593 1.18987764146249e-07 8982 0.00144332279225117 0.310147734714041
0.96 2D 525758477.272727 525763359.772727 1.38287798960091e-07 6069 0.0037420153633218 0.112681720368814
0.97 2D 534050576.653846 534054571.769231 1.54474552189251e-07 9589 0.00337172546146626 0.216878731125152
0.98 2D 540167217.619048 540173107.714286 1.69518289485861e-07 9048 0.00695785027961981 0.151958513675836
0.99 2D 546276761.2 546280838.7 1.8742587739443e-07 6200 0.0105250870596774 0.105025418518579
1 2D 551560287.4 551569097.8 2.09091601607031e-07 2627 0 NA
1.01 2D 554658946.454545 554663088.636364 2.14010154532981e-07 3127 0.00225635002238567 0
1.02 2D 557741707.285714 557744897 2.29107751934429e-07 2416 0.00287911079884106 0.165669119732255
1.03 2D 562478282.571429 562482095.857143 2.55889815183872e-07 1530 0.00849283431372549 0.0447195115236132
1.04 2D 565868998.888889 565873746.277778 2.71177796525435e-07 7079 0.00573938625935867 0.12185990696047
1.05 2D 571594255.888889 571598578.111111 3.06538685448542e-07 2325 0.00460891290752688 0.0998182208434212
1.06 2D 574975656 574980274 3.34029859058074e-07 2524 0.00231888736529319 0.181753685491254
1.07 2D 578200357.785714 578204518.5 3.74721622309131e-07 4188 0.0101667253361987 0.0286476242672163
1.08 2D 580113150 580117753 4.02120523325635e-07 2420 0.00224005730165289 0.398585813368001
1.1 2D 584644156.166667 584646544 4.26639913785803e-07 852 0.00860990124413146 0.183125308512792
1.11 2D 587683533 587688118.166667 4.20575252235006e-07 2499 0.00608526114445778 0.0423164965742639
1.12 2D 589008830.25 589013638.75 4.20069307698967e-07 1052 0.00762467536121673 0.0527469942222112
1.13 2D 590376393 590381263.75 4.17782690020529e-07 3080 0.00397688517532468 0.1235217604069
1.14 2D 592976746.111111 592984034.333333 4.16768830740074e-07 3951 0.00470235845229056 0.165083326769724
1.15 2D 595243405.384615 595247854.692308 4.22199718862252e-07 3250 0.0135916088 0.0595623925301277
1.16 2D 598179930.166667 598184157.833333 4.44741295603703e-07 2538 0.00443857085894405 0.242055407685393
1.17 2D 601135277.875 601140964.5 4.64189157282248e-07 2976 0.00656530947916667 0.0768393595159597
1.18 2D 604731023.75 604734872.25 4.70094564294852e-07 726 0.018297714600551 0.0539153330865027
1.19 2D 607060789 607065683.75 4.80321614795077e-07 2791 0.0126522324747402 0.170788439013459
1.2 2D 609020917.666667 609025948.416667 4.86042553993941e-07 5628 0.0027789213503909 0.0458691075608036
1.21 2D 610810502.428571 610814954.285714 4.82986339822895e-07 1840 0.0194478032717391 0.029818890112816
1.22 2D 612034540.666667 612038995.333333 4.76627252408503e-07 1233 0.0107105256447689 0.0388225349979983
1.23 2D 613341043.111111 613346392.666667 4.65717554770002e-07 2472 0.00731425533980583 0.10781949822329
1.24 2D 615065700.5 615068881.75 4.44862643942623e-07 775 0.00226179677419355 0.529329228689152
1.25 2D 617184921.538462 617190062.076923 4.09568757568489e-07 4855 0.0101482945066941 0.135237679482866
1.26 2D 620198941.285714 620203279.285714 3.84024989646096e-07 1360 0.0146669622794118 0.0995136383121797
1.27 2D 622292980.285714 622297864.714286 3.54570112115094e-07 2483 0.00598935265404752 0.0376862024231772
1.28 2D 624689383 624694015.625 3.3184207800811e-07 3301 0.0127859438988185 0.093662358744965
1.29 2D 628477514.333333 628483840.166667 2.95768569030923e-07 4540 0.0040818475969163 0.139296196389826
1.3 2D 634444345.875 634449252.916667 2.38654207636568e-07 7824 0.0147689707413088 0.0599798600266666
1.31 2D 644462838.538462 644467701.653846 1.7787695770578e-07 17212 0.0168194422199628 0.0894288853064507
0 3D 1701169.46153846 1705965.23076923 9.00524510756906e-07 4302 0.0196574187587169 0.0578259400055569
0.01 3D 3828891.5 3834347.75 9.28225958718266e-07 2003 0.018461603349975 0.0698286428595235
0.02 3D 6213400.26666667 6218059.66666667 9.66270835848323e-07 4826 0.00583850539784501 0.095530348938625
0.03 3D 7418421.5 7425270.83333333 9.83743795950141e-07 2236 0.00736753430232558 0.0344043559768126
0.04 3D 8767690 8775183.5 1.00086066952729e-06 1138 0 NA
0.05 3D 8971249 8975091 1.00320593344541e-06 354 0.0316623 0.0260158927178379
0.06 3D 10453763 10456812 1.01960951541152e-06 217 0.0100460829493088 0.133175394495413
0.08 3D 11692665 11697586 1.02743486681109e-06 1690 0.00528795188757396 0.031929790036079
0.09 3D 12271502.6666667 12274413.3333333 1.03011290698092e-06 624 0.0247922822115385 0.0556660755436576
0.1 3D 13302372.2 13306714.8 1.05364691400083e-06 1761 0.0107280917206133 0.0620301761933375
0.11 3D 13864791 13868334.5 1.06229984651606e-06 175 0.023252628 0
0.12 3D 14596417 14603787 1.06977301720594e-06 385 0.0150374397402597 0.0995651788126478
0.13 3D 15304981 15308627.5 1.07443320411985e-06 329 0.0215246945592705 0.0392860408804702
0.14 3D 16404639.6 16409914.6 1.0937012511935e-06 2018 0.0073885264271556 0.0772872098781735
0.15 3D 16989921 16992606 1.09673229779577e-06 16 0 NA
0.18 3D 19744891.5 19747444.5 1.10470879804918e-06 273 0.00967032967032967 0
0.19 3D 20785158.3333333 20786587.6666667 1.18889476279284e-06 281 0.0163578072597865 0
0.2 3D 22047120 22052398 1.26047788850451e-06 397 0 NA
0.21 3D 22357174.6 22362044.2 1.26809349283021e-06 1575 0.00445502567619048 0.125035062381427
0.22 3D 23128353 23131209.5 1.27416755304865e-06 388 0.0102454556701031 0.071930960188334
0.23 3D 23669446 23673272.5 1.26522617057576e-06 436 0 NA
0.25 3D 25259300.6666667 25263528.6666667 1.17663916435633e-06 1071 0.0122487371428571 0.0823957297869587
0.26 3D 26215820.5 26219240.5 1.08021369422023e-06 437 0.00968387034324943 0.134603584633481
0.27 3D 26376617.5 26380103.5 1.06056871797917e-06 349 0.0249317908309456 0
0.29 3D 28369339 28373793 8.81903070516482e-07 356 0.00217667266853933 0
0.3 3D 29220472.5 29225185.5 8.2732826910849e-07 713 0 Inf
0.31 3D 30072114 30079482.8 7.86440901902269e-07 2561 0.0214306599414291 0.103163929465169
0.32 3D 31690334 31694647 7.25666031943846e-07 352 0.0149477 0
0.33 3D 33239028.6666667 33247311.6666667 6.89323078927085e-07 2929 0.00134180158415842 0
0.34 3D 36722328.0909091 36726926 6.09094503866452e-07 2939 0.0137586724872406 0.0422817473406493
0.35 3D 39872910.75 39877099 5.52826701807514e-07 2276 0.00656902739015817 0.0959655927375338
0.36 3D 42402731.2941176 42406091.1176471 5.36051157089051e-07 4903 0.00686947626759127 0.295982445512299
0.37 3D 44506784.2666667 44511743.3333333 5.51861435874896e-07 4742 0.00780631230704344 0.100634743083106
0.38 3D 46814854.2857143 46821848.5714286 5.30993635162494e-07 3101 0.00513081928216704 0.162520343861253
0.39 3D 49014116.2857143 49018059.2857143 4.98304120237784e-07 2564 0.00188583372464899 0
0.4 3D 50625427.4 50632331.8 4.75229570314002e-07 1237 0.00314989759902991 0.147366630206477
0.41 3D 51688592 51696138 4.60390894673247e-07 299 0 Inf
0.42 3D 53443342.6666667 53447576.3333333 4.36741437970491e-07 1645 0.000570470936170213 0.312474358491143
0.44 3D 57328301.5 57334161 3.87583553181583e-07 827 0 NA
0.45 3D 58898439.1666667 58903109.5 3.69057361622164e-07 2321 0.000331192244722102 0.389698614747133
0.46 3D 61640007.2857143 61645098.5714286 3.38294037824839e-07 2047 0 NA
0.47 3D 63720249.0833333 63724045.3333333 3.16547096588355e-07 2756 0.000320304673439768 0
0.48 3D 66945196 66951793.7272727 2.85287436254094e-07 3871 0 Inf
0.49 3D 70112134.8 70119070.6 2.57061548163867e-07 4298 0.000226072684969753 0.30323674814781
0.5 3D 82348956.8205128 82354946.7179487 1.82073607626696e-07 13262 0.000742227549389232 0.108315349478635
0.51 3D 93256397 93264153 1.26350710440072e-07 613 0.00165975 0
0.53 3D 95007056.875 95011200.875 1.18735483185452e-07 2197 0.000932662721893491 0.419615127912311
0.54 3D 96249761.2 96252883.2 1.13492043967189e-07 1164 0.00340333640034364 0.142537100059208
0.55 3D 109916776.510204 109922048.959184 6.72852203529212e-08 14145 0.00075253282290562 0.264174673274328
0.56 3D 131623619.66 131629338.54 2.64537402280411e-08 14957 0.000270054377214682 0.926074239560686
0.57 3D 147326191.2 147331020.666667 2.53488333176371e-08 9426 0.000728128459579885 0.210834518084686
0.58 3D 166444746.59375 166449938.046875 2.67000453510959e-08 19714 0.000269265764431369 0.108700251693135
0.59 3D 244847759.548913 244857081.668478 1.78732983970874e-08 67858 0.000320667921718884 0.606843857575241
0.6 3D 308405335.575758 308411596.227273 3.97198362741123e-08 23490 0.000448245196509153 0.34703767597695
0.61 3D 327863796.073171 327870359.195122 3.47491393552011e-08 13988 6.93768708893337e-05 0.51391219028715
0.62 3D 344630992.276596 344637236.787234 3.93460128069531e-08 19214 0.000213685678827938 0.209108011444087
0.63 3D 366189306.457447 366194917.510638 6.5978929227649e-08 30012 0.000589469755764361 0.312347924222301
0.64 3D 386016281.510638 386021380 1.08378975749536e-07 15272 0.00088863146870089 0.339816170396487
0.65 3D 396081607.037037 396085940.148148 1.37464782485912e-07 7790 0.000999607151476252 0.314039900663363
0.66 3D 402739868.347826 402745277.130435 1.60883825152342e-07 6857 0.000846298401633367 0.247455473786665
0.67 3D 409507933.684211 409513716.210526 1.89305720843799e-07 5228 0.000372805241009947 0.444894280516964
0.68 3D 415158443.038462 415163175.807692 2.07719868992747e-07 9874 0.00249552552278712 0.156350615136769
0.69 3D 420503141.052632 420511313 2.1980757024406e-07 6525 0.00164793840306513 0.133953180677601
0.7 3D 425944227.578947 425952203.526316 2.26789652068667e-07 10035 0.000979139074240159 0.348581632212513
0.71 3D 430116149.928571 430121240.571429 2.36452950922007e-07 3317 0.000899542942417848 0.287428220422689
0.72 3D 434463129.1 434467504.9 2.48925831511753e-07 1891 0.00201375774722369 0.0772414526945646
0.73 3D 438048217.947368 438051426.210526 2.57444985731835e-07 4194 0.00262059776824034 0.164323637281575
0.74 3D 441033973.571429 441038132 2.63243166628941e-07 4014 0.00200154667663179 0.256323941665859
0.75 3D 444336357.6 444341647.266667 2.68452827614027e-07 5312 0.00133982017055723 0.350261651856116
0.76 3D 447939311.857143 447945492.714286 2.72542259472981e-07 2416 0.000377057781456954 0.311435394912421
0.77 3D 450784123 450789776 2.74657589070053e-07 1714 0 NA
0.78 3D 454229148.333333 454233007 2.77849575160279e-07 2661 0 NA
0.79 3D 456698192.857143 456701945.214286 2.800850280916e-07 3779 0.00585573842021699 0.0524866430736885
0.8 3D 459503321.538462 459509396 2.8178708353072e-07 4336 0.00774753825184502 0.0251182363876847
0.81 3D 462364789.7 462368486.2 2.82641993751257e-07 2714 0.000719944944731024 0.290332608438934
0.82 3D 465621098.75 465625557.5 2.82596032950176e-07 3453 0.000522314630755864 0.48360691174144
0.83 3D 469441541.833333 469445912.25 2.81060332981621e-07 3799 0.000191000894972361 0
0.84 3D 472803545.833333 472807598.916667 2.78392295364948e-07 3072 0.00156606023763021 0.104340954326143
0.85 3D 477111327.444444 477118099.555556 2.73225938013249e-07 2761 0.000312449750090547 1.09277989978506
0.86 3D 480523948.083333 480528120.583333 2.67192106178358e-07 2507 0.00192289335859593 0.0598393984235028
0.87 3D 484161035 484166295 2.53417772715769e-07 2736 0 Inf
0.88 3D 488071294.384615 488078470.307692 2.40280140302253e-07 3820 0.000460941570680628 0.286187616878904
0.89 3D 491293640.6 491299903.4 2.3525645279271e-07 2221 0 NA
0.9 3D 496936278.772727 496940732.454545 2.39537426068922e-07 6743 0.00204554421325819 0.160477443431095
0.91 3D 502083810.538462 502089082.923077 2.44407993487273e-07 4524 0.00244157072281167 0.256709570145927
0.92 3D 506326012.266667 506330980.8 2.31249384565891e-07 7757 0.00165811455846332 0.245565510005193
0.93 3D 509758124.384615 509761919.846154 2.30014049239305e-07 4075 0.00817726030184049 0.181081275421145
0.94 3D 514624119.0625 514629032.875 2.44836431116413e-07 5452 0.00213714997065297 0.0972671146525697
0.95 3D 517969997.222222 517974181.333333 2.54791534257324e-07 2900 0.0150764197586207 0.0789912430343696
0.96 3D 522930891.1 522935073.7 2.6078261278645e-07 3928 0.00477044114052953 0.0612250326241033
0.97 3D 526071498.5 526076646.4375 2.66324053323339e-07 4767 0.00188418816026851 0.190908541279997
0.98 3D 530471741.307692 530477836 2.88218033817668e-07 3431 0 NA
0.99 3D 533760373.555556 533764045.777778 3.03461154047311e-07 2138 0 Inf
1 3D 536418600.636364 536423225.363636 3.1846586990639e-07 2919 0.00233971503254539 0.170082404105343
1.01 3D 539991030 539996178 3.46979414961609e-07 1230 0.0032551996097561 0.0713391949348369
1.02 3D 542267561.333333 542280883.333333 3.70282252211687e-07 687 0.00288567787481805 0.251662166619495
1.03 3D 544632238.833333 544635885 4.03765836635685e-07 2866 0.00629061074668527 0.306379462709474
1.04 3D 546789531.823529 546793855.764706 4.40286296025967e-07 5055 0.0200680530128586 0.0352483479034559
1.05 3D 549255661.333333 549260812.166667 4.71352602570702e-07 2347 0.00300751747337026 0.28549195778836
1.06 3D 551851011.6 551855120.2 5.07164437718323e-07 1545 0.00647588075080906 0.120779690652687
1.07 3D 554605497.166667 554610986.333333 5.55619435066086e-07 2830 0.00639996045936396 0.158828481830119
1.08 3D 556109662.333333 556117043.666667 5.66526030805038e-07 1287 0.01288503 0
1.09 3D 558972599 558977871.25 5.27322426638083e-07 2080 0.00142835621153846 0.288991155150199
1.1 3D 560669959 560673489 4.7997289792892e-07 218 0 NA
1.11 3D 561276693 561280072.5 4.63484099571129e-07 296 0.00967305641891892 0.303505491552933
1.12 3D 562577524 562581206.333333 4.22045350991373e-07 697 0.00717823167862267 0.23032374414445
1.13 3D 563642339 563645202.5 4.05944149378476e-07 71 0 NA
1.14 3D 566245228.125 566250095.25 4.31198058969398e-07 1441 0.00583525432338654 0.256356195870041
1.15 3D 570474217 570477604 4.3110042430928e-07 488 0.00979252008196722 0
1.16 3D 574606133 574610049 4.86220282219032e-07 892 0.0145780604820628 0.110718811634593
1.17 3D 576082320.666667 576088172.666667 6.47067001171487e-07 888 0.00778933978603604 0.123126417462438
1.18 3D 577382138 577383398 7.26791525773067e-07 160 0 NA
1.19 3D 578615905 578620322 7.91433829933438e-07 135 0 Inf
1.2 3D 579726218 579733444 8.40535912502353e-07 485 0 NA
1.21 3D 580719827 580722316 8.77069944001353e-07 343 0.0489876317784257 0.0338383990385102
1.22 3D 581523896 581528198 9.01712139506204e-07 16 0 NA
1.23 3D 582296396.5 582298259 9.53444240986298e-07 308 0.045 0.020674
1.25 3D 584131388 584138021 1.09321094369105e-06 2096 0.00749059859732824 0.163532694169193
1.27 3D 586106048 586114994.333333 1.17064205812015e-06 1325 0.00371032056603774 0.117099617949911
1.28 3D 586954193.5 586958215.5 1.17846053163015e-06 626 0.00612218178913738 0.150986918203324
1.29 3D 587583936 587590205.75 1.17355728484521e-06 1224 0.00836718807189542 0.182659456950099
1.3 3D 588393624 588396164 1.15647821665452e-06 225 0 NA
1.31 3D 589615913.5 589618728 1.11348305836867e-06 391 0.0273798805626598 0.286988776168675
1.32 3D 590444926.333333 590451193.333333 1.1157935129001e-06 918 0.0333978672657952 0.0764978321553196
1.33 3D 591530061 591534722.5 1.10857670461484e-06 572 0.0313618568531469 0.0478944710604349
1.35 3D 593173762.5 593178398.5 1.09490474950915e-06 397 0 Inf
1.36 3D 594728014.4 594732092.6 1.07531132575397e-06 1058 0.0289252575614367 0.0278503538346705
1.37 3D 595065084.5 595070126.25 1.06306744810928e-06 1883 0.0164882525225704 0.0462225096968329
1.38 3D 596912028 596915547 9.73379670328619e-07 236 0 NA
1.4 3D 598533484.666667 598537001.333333 8.9677321944778e-07 941 0.0243596987247609 0.0603939922459949
1.42 3D 600123710 600126996 8.54213563703903e-07 234 0.0042735 0
1.44 3D 601917967 601925473 8.39242228673895e-07 546 0 NA
1.45 3D 602752142.5 602757368.75 8.4585754644657e-07 1165 0.00508248370815451 0.145455371561164
1.46 3D 604288242.5 604293324.333333 8.48534553147548e-07 5240 0.00705838546660305 0.130026147805194
1.47 3D 607043328.5 607048154.875 8.33038132099723e-07 4496 0.00375815888122776 0.0508982160049878
1.48 3D 609427438.166667 609431264.666667 8.13217547121402e-07 2179 0.0195894356952731 0.108740355566207
1.49 3D 610282591 610288282.333333 8.09712763664294e-07 1388 0.00135664449567723 0.116104512311313
1.5 3D 611380298 611383156.75 8.04780439146814e-07 1696 0.0221555869103774 0.140905249994522
1.51 3D 611673342 611674917 8.03322383605504e-07 148 0 NA
1.53 3D 612895337.333333 612903661 7.96478879097333e-07 1091 0.0145315814848763 0
1.54 3D 613627779.8 613633810 7.91853865487924e-07 2157 0.00822711200278164 0.0162086569635821
0 4D 2198599.75 2202494.25 2.03159819829912e-06 4921 0.0110450939869945 0.121532312577477
0.01 4D 4614552.16666667 4619214.16666667 1.92943513354509e-06 2454 0.000402484979625102 0.580613040336393
0.03 4D 5602744.5 5608050.5 1.88701911522695e-06 1770 0.0163312941694915 0.129108813421738
0.04 4D 6038494.5 6042889.5 1.8685006317825e-06 885 0.0100313051977401 0.0244302416623413
0.05 4D 6492055 6495568 1.84932295239492e-06 168 0 NA
0.06 4D 6608753 6614149.33333333 1.84436064083197e-06 1218 0.0198100944006568 0.101256520173392
0.07 4D 6896320 6899884 1.832296722521e-06 289 0.0248668 0
0.08 4D 7107798 7112439 1.82339986465315e-06 561 0.0381645 0.0132720460113456
0.09 4D 7412758 7417644 1.81037447866378e-06 52 0 NA
0.1 4D 7760155 7765496.28571429 1.79544510279604e-06 3420 0.0103205742426901 0.0486487260948007
0.11 4D 8023861 8026482.66666667 1.78420524877181e-06 354 0.00281465423728814 0
0.13 4D 8402325 8412432 1.76787184137447e-06 207 0.00935673 0.148902447756855
0.14 4D 8700574 8706801.33333333 1.75524558742069e-06 1211 0.0181884632782824 0.039397786013124
0.16 4D 9366886 9374153.14285714 1.72694524517419e-06 4669 0.00961156301349325 0.18477860385256
0.18 4D 10254193.5 10260903 1.68953028703626e-06 767 0.0103832353324641 0
0.2 4D 10994323.2 10999132.8 1.65856482759368e-06 1473 0.00577618046164291 0
0.21 4D 11497489.8333333 11504208.8333333 1.63755567425847e-06 1630 0.00960425609815951 0.127891096829576
0.22 4D 11904451.1666667 11909437.6666667 1.62069545320507e-06 977 0.0323487350051177 0.0538223628480791
0.23 4D 12458543 12464968 1.59775350538049e-06 898 0.00160299 0.150672181361081
0.24 4D 12585991.25 12589600.75 1.59255759683334e-06 828 0.00972543852657005 0.21214936832512
0.25 4D 13150877 13155879 1.56930611772112e-06 1428 0.00708231516806723 0.141924872787893
0.28 4D 14608229 14611486 1.50994040881085e-06 213 0.0487265 0
0.29 4D 15358265.3333333 15364424.5 1.4796015288827e-06 1747 0.00538449882655982 0.0613603745777706
0.3 4D 15878369.3076923 15883500.7692308 1.4587422702129e-06 4070 0.0191098020515971 0.0496460237229825
0.31 4D 16535155.1111111 16539828.5555556 1.43245778744328e-06 3333 0.00973397187218722 0.0701650537348923
0.32 4D 17344711.5 17349889.4 1.39793122813964e-06 2511 0.0104061389924333 0.0860013946574052
0.33 4D 19419900.5714286 19424827.5714286 1.30969637923584e-06 2501 0.0172771041983207 0.095753953197208
0.34 4D 20538853 20540667 1.26313709059818e-06 106 0 NA
0.35 4D 21573035.4 21582550 1.22045981110329e-06 4353 0.00358256301631059 0
0.36 4D 22172073.4285714 22176205.4285714 1.196182251375e-06 1550 0.00301191193548387 0.123072775443141
0.37 4D 23206982.4 23212969.4 1.15441513696675e-06 2551 0.0260644318384947 0.00434826741143734
0.39 4D 25585393.5 25591754 1.06054405967915e-06 2229 0.0209521956482728 0.0246460567574449
0.4 4D 26834191 26839241.25 1.0124384590222e-06 2639 0.0146092580522925 0.0374424013156461
0.41 4D 28837709.5 28844554 9.36745493664583e-07 5472 0.00362601497167398 0.0444529298629517
0.42 4D 30405987.375 30409794.75 8.74952266250206e-07 1870 0.010170483315508 0.0895210905956136
0.43 4D 32222084.0833333 32227651.5833333 7.476772016554e-07 3593 0.00331608025605344 0.214707744860642
0.44 4D 35975813.1428571 35982112.7142857 4.82054899329792e-07 4481 0.0199042736576657 0.0883297028012819
0.45 4D 39883478.875 39887878.75 2.82561875566662e-07 2215 0.00393833227990971 0.0330520383895923
0.46 4D 43777698.1 43783696.35 1.66002431447773e-07 7111 0.00205024632259879 0.112247295439721
0.47 4D 48661593.0769231 48666969.8461538 1.29569881515975e-07 2879 0 Inf
0.48 4D 52261454.5555556 52265344.5555556 1.56008002057335e-07 2468 0 NA
0.49 4D 55229405.1666667 55234787.9166667 1.55475824949494e-07 2587 0.00189519650560495 0.159921694775327
0.5 4D 58588126.6153846 58595042.2307692 1.05394814520342e-07 4384 0.000437474315693431 0
0.51 4D 75405024.6428571 75411071.0119048 6.71818610409971e-08 30438 0.000229205460279913 0.30973364048776
0.52 4D 96019117.8484848 96024708.2121212 5.36986405558378e-08 12752 7.44530308971142e-05 0.598064679249826
0.53 4D 107490373.162162 107495634.540541 5.40015111432872e-08 10536 0.000169413287775247 0.324275254540997
0.54 4D 142459568.549451 142466624.032967 2.04408339698798e-08 35660 5.54018746494672e-05 0.65824676608993
0.56 4D 201896944 201905027 0 999 0 NA
0.57 4D 235091347.232143 235103956.910714 8.6356350129813e-09 26180 7.77261785714286e-05 1.26528202319699
0.58 4D 280380826 280397316.555556 1.93758370197544e-08 8090 0.000209688893695921 0
0.59 4D 303877483.217949 303883553.24359 2.26741291154464e-08 29794 0.000168149093441633 0.242283427793115
0.6 4D 338038831.186047 338043489.48062 2.87927406581509e-08 41781 0.000324721993729207 0.458996157310054
0.61 4D 367095153.7 367099929.133333 9.02262437915149e-08 20967 0.000198692819192064 0.175260036603908
0.62 4D 378643808 378649335.6 1.16457221568022e-07 5565 0.00016830534591195 0.216463488231744
0.63 4D 381296197.75 381301217.125 1.28018747256378e-07 4312 0.00023161930148423 0
0.64 4D 387942526.105263 387946909.789474 1.18182103237537e-07 6095 0.000163331091058244 0.288611373345937
0.65 4D 395607123.517241 395611591.551724 1.11730963390098e-07 7942 0.000818324403173004 0.180381084126889
0.66 4D 406067494.268293 406073027.292683 1.24308199430133e-07 14156 0.000136623925543939 0.300225197065788
0.67 4D 418124610.105263 418130863.263158 1.51540999629604e-07 10427 0.000658569384674403 0.166837988877633
0.68 4D 423101606.444444 423106223.944444 1.65079792108156e-07 4546 0.000414500140783106 0
0.69 4D 428250142.944444 428255555.055556 1.80383875816643e-07 6325 0.00156126583873518 0.0725636902699212
0.7 4D 432474233.857143 432478730.857143 1.93951031733791e-07 1664 0 NA
0.71 4D 435446392.647059 435451382.588235 2.04065597067874e-07 5776 0.0013273009851108 0.224706304174911
0.72 4D 440742055.75 440746862.8125 2.1451984965199e-07 4522 0.000657017972136223 0.362825194936175
0.73 4D 445073707.454545 445079410.545455 1.99402663917212e-07 6034 0.000651887553861452 0
0.74 4D 449665983.846154 449670221.076923 1.97063016311553e-07 5101 0.000919157969025681 0.368100255324333
0.75 4D 455603618.3125 455606687.75 2.52438008048295e-07 3351 0.000212072473888392 1.23361787746023
0.76 4D 459326640.333333 459330617 3.28363068375273e-07 2087 0.000497369252515573 0
0.77 4D 460732295.333333 460735882.5 3.66483483469965e-07 1616 0 Inf
0.78 4D 463110701.5 463116655.666667 3.92677662166376e-07 2350 0.018076109873617 0.0784437372839901
0.79 4D 465622013.888889 465627689.555556 3.74700189079926e-07 3355 0.00127065206557377 0.305232087463041
0.8 4D 468628217.375 468633366.9375 4.09046205148396e-07 6451 0.00612847072701907 0.14892278946476
0.81 4D 469869446 469872022 4.41506966222029e-07 104 0.00665927 0
0.82 4D 473702763.692308 473708958.846154 6.23994847321246e-07 5001 0.00115508785202959 0.494477664160191
0.83 4D 476129838.333333 476135062.333333 7.91867254770627e-07 1046 0.00369184856596558 0.187035994963427
0.84 4D 477273171.571429 477278330.285714 8.88049345119223e-07 962 0.00250746542619543 0.24037877345013
0.85 4D 478082578.166667 478088044 9.61762906747749e-07 2297 0.0114123892903788 0.0930129367154856
0.86 4D 479200210 479203318 1.07170691987849e-06 488 0.0196374444877049 0.134647400903475
0.87 4D 479818594 479826531.5 1.1369360031931e-06 1361 0.00363512324026451 0.22845892717531
0.88 4D 480858184 480862053.333333 1.3332685499517e-06 557 0.0336152341113106 0.0453347501769069
0.89 4D 481136064.333333 481140327 1.41128481308678e-06 1791 0.000524762702400893 0
0.9 4D 481803823.5 481807099.25 1.56431386931098e-06 1347 0.00149469651076466 0.14164085421149
0.91 4D 482503377.25 482512776.25 1.57866252872046e-06 2962 0.00378741681971641 0.174914972226941
0.92 4D 483109869.5 483114735.75 1.48223538771979e-06 1636 0.00841951561246944 0.0828708448030893
0.93 4D 483914179.5 483920299 1.42863488554877e-06 988 0.00289652605263158 0
0.94 4D 484534608.714286 484539633.142857 1.37854576328324e-06 2093 0.0147150449116101 0.0789253601845201
0.95 4D 485451546 485457685 1.28886469186865e-06 391 0.032900095140665 0
0.97 4D 486181976 486186469 1.20437339667996e-06 410 0.0376442004878049 0.0181870784980567
0.98 4D 486882017.571429 486884881.714286 1.11234234211032e-06 1657 0.00276707841882921 0.048808733108092
0.99 4D 487278372.5 487281766.5 1.05533260950782e-06 262 0.00847664358778626 0.194517677406722
1 4D 489218525.333333 489221699.166667 6.71438724659187e-07 1833 0.00948004242771413 0.0709707577789844
1.01 4D 494033416.076923 494039533.692308 4.82397255532223e-07 3083 0.0108314346513137 0.138980042586089
1.02 4D 496031560 496033600.666667 7.61415054981246e-07 132 0 NA
1.03 4D 497147622.2 497151548.2 8.95010224082318e-07 1026 0.0158591248538012 0.0266772480144854
1.04 4D 497990814 497994394.5 9.91214842209251e-07 941 0.00862719863974495 0.0702504578752413
1.05 4D 498585442 498593011 1.05683436446447e-06 675 0.00293206034074074 0
1.06 4D 498914358 498920511.666667 1.09217865964798e-06 1824 0.0192627359649123 0.0905484134238095
1.07 4D 499419497.5 499424899 1.12812880083277e-06 1348 0.00612752307863501 0.378446453337745
1.08 4D 500148022 500161406 1.1897877741121e-06 2285 0.00441391473522976 0.113101985988478
1.09 4D 500823603 500829738 1.32320208447816e-06 467 0.0306513 0.0595077533416201
1.1 4D 501318167.5 501322494.5 1.47447382317567e-06 613 0 NA
1.11 4D 502479431.090909 502483062.909091 1.96070107735505e-06 2743 0.00917983579292745 0.046207269630614
1.12 4D 504102031.142857 504106444 2.57469971746467e-06 2890 0.0133249564083045 0.147689660690443
1.13 4D 504339499 504344372 2.77226059342016e-06 331 0.0031746 0.268199458199458
1.16 4D 505341573 505344180 3.10293340990893e-06 748 0.0104934088235294 0.219585206134872
1.17 4D 505430706.5 505434793.5 3.07038176084406e-06 163 0.0116297650306748 0.15312943828236
1.21 4D 505983762 505988144 2.64345342213718e-06 227 0.004 0
1.22 4D 506167612.5 506170110.5 2.41585076838613e-06 322 0.012074439689441 0.148859847818048
1.25 4D 508743601.473684 508749948.210526 1.24344282160039e-06 9387 0.00979152796143603 0.0961512082780643
0 5D 554527 558722 NA 603 0.00154739 0.31261285131738
0.01 5D 935699 941610 9.27956340645568e-07 479 0 NA
0.02 5D 1869527.33333333 1874195 8.97682055260103e-07 929 0.0120780824973089 0.0505217671083213
0.03 5D 2663968 2669672.5 8.70726806700462e-07 985 0.0205318718781726 0.0855871919185019
0.04 5D 3603096.5 3605654.75 8.37410080846522e-07 729 0.0287886264197531 0.0970023405057313
0.05 5D 5194822.5 5198704.5 7.77194484988952e-07 434 0.0383555870967742 0.0353011957330065
0.06 5D 5900671.5 5910466 7.48903276855727e-07 567 0.00712810677248677 0.0702619860023336
0.07 5D 7005753.66666667 7011077.33333333 7.03099065471512e-07 1838 0.00797024727965179 0.0777688805848219
0.08 5D 7410320 7415303 6.85748303900026e-07 650 0.00789266 0
0.09 5D 8384646.5 8391771 6.42643524111563e-07 2337 0.00763168962772786 0.0643528180263577
0.1 5D 9116808.33333333 9120892.33333333 6.09606129640193e-07 562 0.030333424911032 0.0503009927950943
0.11 5D 10536464 10542334 5.57909934191357e-07 99 0.0292683 0
0.12 5D 13692322.2666667 13697843.4 4.59386776366784e-07 4987 0.00642468570884299 0.0408206378465143
0.13 5D 22656590 22661429.2 2.40333808586962e-07 1485 0.00601674443097643 0.031856462600039
0.14 5D 25293292.5 25296886 3.63469309666218e-07 646 0.00989807678018576 0
0.16 5D 28456090.4 28461772.6 4.1636075025299e-07 1062 0.0221865145009416 0.0337755887443274
0.17 5D 30115396 30119401 4.57036293589867e-07 666 0 Inf
0.18 5D 32807479 32812571 5.54058251246605e-07 2512 0.00425725891719745 0.10871063215147
0.19 5D 36425487.8333333 36429413 6.61036573665605e-07 1194 0.0144871634338358 0.217560927388411
0.2 5D 37349102 37355164.6666667 6.82085520398193e-07 1652 0.00117242360774818 0.151499623253047
0.21 5D 40152268 40154498.6666667 6.74545261118622e-07 484 0 NA
0.22 5D 40711934 40715758 6.6100107301741e-07 198 0.0175502232323232 0
0.23 5D 41409671.6 41412857.2 6.53402603816419e-07 805 0.00905371826086957 0
0.24 5D 42481560 42483718 6.40608703814872e-07 305 0 NA
0.25 5D 43481260.3333333 43485949 6.19312503156337e-07 871 0 NA
0.26 5D 44677421.6 44681649.4 5.94384346804183e-07 2035 0 NA
0.27 5D 45402810.25 45406007 5.91357310246714e-07 769 0 NA
0.28 5D 46309145 46312912 5.85361100772254e-07 295 0 NA
0.29 5D 47023818 47035761 5.78025927267768e-07 504 0.00379327 0.302886427805034
0.3 5D 49415985.6666667 49421304.1666667 5.37185558994523e-07 2134 0.00137916898781631 0
0.31 5D 52529385 52534635.5 4.62775755448683e-07 3476 0.0189048846835443 0.0352952882297036
0.32 5D 85747182.141844 85752736.1347518 1.71959197606561e-07 48174 0.00153344231176568 0.0978400013420816
0.37 5D 116958786 116968730 4.94930611113363e-08 1244 0 Inf
0.46 5D 117264378.5 117267745 4.86336184033483e-08 557 0.00175630071813285 0
0.47 5D 117342860 117345201 4.84124661441701e-08 248 0 NA
0.52 5D 117739586 117745517 4.72853664508308e-08 496 0 NA
0.54 5D 118007705 118009555 4.65358900425839e-08 83 0 NA
0.55 5D 119338683.454545 119343385.818182 4.28234947917319e-08 3969 0 Inf
0.56 5D 136984970.081081 136992885.621622 1.43912677286784e-08 29212 6.51730364233876e-05 0.715488168264017
0.57 5D 184867291.8 184879290.233333 0 14095 0.000206115462220646 0.294455058448626
0.58 5D 212918231.636364 212924637.779221 0 29116 0.000129128691097678 0.302934928000596
0.59 5D 256230480.905556 256236502.177778 8.48900060507024e-09 70364 0.00138003662986755 0.196605714628781
0.6 5D 288757299.744186 288762365.093023 6.64638967371068e-08 12560 0.000499174531050955 0.390830047442768
0.61 5D 299724104.428571 299728535.5 1.00031967055568e-07 8570 0 Inf
0.62 5D 309977803.111111 309982143 1.37577107044347e-07 8926 0 Inf
0.63 5D 319823081.88 319828078.2 1.86895067735768e-07 6957 0.00175430450481529 0.233817513858624
0.64 5D 326369616.25 326374182.125 2.19317047086094e-07 4573 0.000211166411546031 0.596364243670676
0.65 5D 331084914.272727 331091073.636364 2.40394579109548e-07 3685 0.00208335312890095 0.0661459743007863
0.66 5D 334140550.25 334145310.25 2.55270541944116e-07 1351 0 Inf
0.67 5D 336632116.636364 336637884 2.68637680848123e-07 3447 0 NA
0.68 5D 339312701.5 339316569.5 2.82314304549052e-07 1093 0 NA
0.69 5D 342773128.25 342778321 2.99034537099822e-07 1694 0.000618896971664699 0.530294051437648
0.7 5D 346316067.25 346318707.875 3.14953976706977e-07 2274 0.010875362005277 0.0348532055051599
0.71 5D 349917459.214286 349920894 3.29776892152591e-07 2802 0.00239120775874375 0.118535612472324
0.72 5D 352471470.555556 352476011.444444 3.39867103401885e-07 2361 0.0038499025158831 0.0556814981164273
0.73 5D 355657004.6 355661971 3.53354069022613e-07 3284 0.00327534439707674 0.225679721828213
0.74 5D 358768776.6 358771517.8 3.67675001248498e-07 851 0 NA
0.75 5D 361551077.363636 361556155.636364 3.81443801604587e-07 2442 0.00123477841523342 0.283865622035015
0.76 5D 364583473.142857 364588680.857143 3.9746558215529e-07 3153 0 Inf
0.77 5D 366719211 366723458.5 4.09398214780416e-07 2315 0.000698094107991361 0
0.78 5D 369636513 369639168.166667 4.26474964721525e-07 1552 0.00522686597938144 0.281312618834886
0.79 5D 371379526 371383754.833333 4.37236359074533e-07 2952 0.011180512347561 0.00870747767425473
0.8 5D 373523294 373527680.5 4.51268896068599e-07 1043 0.00397151808245446 0
0.81 5D 375622723 375627387.714286 4.64293840063405e-07 2011 0.0124401872899055 0.274169362511464
0.82 5D 377961572.714286 377965105.857143 4.77931179460292e-07 1431 0.00132362665967855 0.153291985852457
0.83 5D 379482563.2 379486436.4 4.86331672528976e-07 2138 0.00092677598222638 0.289772285360843
0.84 5D 381607253.5 381611069.8 4.97348952418745e-07 2487 0.00404150168476076 0.0859546708180004
0.85 5D 384101003.545455 384105649.272727 5.09329688774263e-07 2175 0.0014036944183908 0.44394684508338
0.86 5D 385319211 385323911 5.14795444638176e-07 1913 0.00558129550444328 0.135169287384288
0.87 5D 387302853 387306309.153846 5.23141547580111e-07 2019 0.00353675507677068 0.0407980734684801
0.88 5D 389284232.666667 389288425.666667 5.3083153076155e-07 2481 0.000840164756146715 0.37937510922552
0.89 5D 390862063.428571 390867065.285714 5.36460824224991e-07 1413 0.00135340467091295 0.301758747617081
0.9 5D 391853198.5 391860546 5.39800550536347e-07 738 0 NA
0.91 5D 393845979.6 393849263.8 5.45963009837582e-07 1397 0.0027186625841088 0
0.92 5D 396329994 396333246 5.52711071160933e-07 649 0.0122642355932203 0.212829083787026
0.93 5D 396948765.625 396954957.625 5.54222122396058e-07 3135 0.00150895225837321 0.122157065739118
0.94 5D 398462206.5 398468286 5.57656179867339e-07 1027 0.00863535785783836 0.291660404849944
0.95 5D 399537047 399541683.2 5.59852040530991e-07 2491 0.00261697910076275 0.10759197324938
0.96 5D 400895699 400903146 5.62371298311859e-07 256 0 NA
0.97 5D 402774681.5 402780054.25 5.65299824042392e-07 2111 0 Inf
0.98 5D 405005104.25 405009604.75 5.67987002216676e-07 872 0 NA
0.99 5D 406455202.8 406459642.6 5.69324097445136e-07 1524 0.000622704895013123 0
1 5D 408504759.625 408510225 5.70549660542748e-07 1820 0.0127552402637363 0.043235802975264
1.01 5D 410127469.166667 410130643.5 5.71029368770448e-07 1321 0.00609580647236942 0
1.02 5D 412873141.615385 412876700.230769 5.69194731850652e-07 2338 0 Inf
1.03 5D 415122361.222222 415126155.333333 5.53889524702972e-07 2277 0 NA
1.04 5D 418321002 418324733 5.3973361030458e-07 1283 0.000807061371784879 0
1.05 5D 420382551.333333 420388835.666667 5.41286478154223e-07 2843 0.00936404941962715 0.0869865968146449
1.06 5D 421697825.833333 421700949 5.45838046066347e-07 2122 0.0129017993025448 0.0518277300742772
1.07 5D 423488818.444444 423493417.444444 5.57428428966951e-07 3574 0.00110299126468942 0.41924792508203
1.08 5D 425741727.166667 425745312.666667 5.77352437641154e-07 1690 0.000550644840236686 0.533546607399879
1.09 5D 426859681.25 426863766.5 5.84267465811225e-07 732 0 NA
1.1 5D 429126673.285714 429131059.285714 6.06317770166971e-07 2900 0.000329777627586207 0.221286412938324
1.11 5D 431505101 431513273.8 6.36462497205094e-07 2085 0.00919550973621103 0.0746324785836198
1.12 5D 432671449 432675277.75 6.52310381392177e-07 652 0.0389145001533742 0.0574113342180346
1.14 5D 434987693 434990117.285714 6.91102092056296e-07 506 0.00620479268774704 0.274068582264806
1.15 5D 436209089.4 436212249.2 7.10431863357052e-07 1102 0.0103858045735027 0.123264877657454
1.16 5D 437765324 437770722.25 7.22905718482648e-07 822 0 NA
1.17 5D 439370873.333333 439375908.666667 7.36053387245915e-07 638 0.00846317379310345 0.104700166138196
1.18 5D 440950841.25 440954876.75 7.75968534210745e-07 717 0.00278842984658298 0.571751732427712
1.19 5D 442851509.363636 442857871.909091 8.15593151946878e-07 3957 0.0101415113409148 0.0778561756285348
1.2 5D 444229321.666667 444232903 8.39194034774739e-07 893 0 Inf
1.21 5D 444971809.166667 444977429.333333 8.49870893427827e-07 3950 0.0115931413037975 0.0312177770478637
1.22 5D 445469952.5 445479078 8.56337958316823e-07 1543 0.00204590983797797 0.0902029513777402
1.23 5D 446960382.142857 446965920.857143 8.71732386058468e-07 2700 0.0032268858962963 0.231695230481999
1.24 5D 448790231.4 448797412.2 8.83669332403675e-07 3113 0.00374262106328301 0.270598109867048
1.25 5D 450099698.2 450102119.2 8.87306427449377e-07 1048 0 Inf
1.26 5D 450651866.166667 450658539.333333 8.87551208692782e-07 2747 0.00436826371314161 0.0242600023843088
1.27 5D 451492328.666667 451500220 8.86417398607958e-07 1005 0.00572350024875622 0.250794090054919
1.28 5D 452059418 452063882.5 8.84781803177747e-07 1417 0 Inf
1.29 5D 452590561.333333 452594810.833333 8.82509880859653e-07 1626 0.0011288547601476 0.156848508756526
1.3 5D 453406278 453410936 8.77689869556267e-07 110 0 NA
1.31 5D 453883127.166667 453888657.833333 8.74092360182715e-07 2700 0.0105972915037037 0.0607024242902407
1.32 5D 454586514.6 454590897.2 8.67759622560788e-07 2136 0.000430008707865169 0.314558713535328
1.34 5D 456435469.857143 456440518.285714 8.45416799531584e-07 3366 0.00777138760546643 0.0659247515881524
1.35 5D 458023956.5 458028311 8.19890442225259e-07 1549 0.0130940822724338 0.0710657981215376
1.36 5D 459725470.857143 459730680.142857 7.84974159214727e-07 2408 0.0013444123255814 0.172114665151153
1.37 5D 461493377.583333 461499366.166667 7.41783029666368e-07 6332 0.00439685485628553 0.0690607931699384
1.38 5D 464233040.285714 464240827.142857 6.56631546543322e-07 6985 0.00610484940300644 0.107612194246109
1.39 5D 466291003.842105 466295416.947368 6.08908118381847e-07 5588 0.00271141724946314 0.301568035207499
1.4 5D 469647094.666667 469652386.083333 6.07258649996891e-07 4032 0.00239507344990079 0.132525707856109
1.41 5D 473216188.666667 473220685.666667 5.42367511024922e-07 2667 0.00540090507686539 0.0988224404199764
1.42 5D 475497785.6 475502628.2 5.21448734287432e-07 1622 0.00738926916152898 0.157222842637526
1.43 5D 477049715 477052719.333333 5.17009817625568e-07 2105 0.00353825964370546 0
1.44 5D 478359203.333333 478363702.666667 5.18854465110181e-07 1330 0 Inf
1.45 5D 480033724.153846 480038332.153846 5.29440891645751e-07 4698 0.00326860432311622 0.112573853365502
1.46 5D 480960477.428571 480964174.285714 5.39043351802082e-07 1036 0.0118023393532819 0.0696757808608549
1.47 5D 481956524.5 481960920.5 5.52035104997045e-07 727 0 Inf
1.48 5D 483878200.875 483881576.625 5.86477528667961e-07 1687 0.0210320062359218 0.0571791726090546
1.49 5D 486211365.5 486215352 6.42789239067114e-07 179 0.0265221787709497 0.183333531333531
1.5 5D 487102984 487107563 6.3060523074229e-07 1037 0.0183631382738669 0.104597321622962
1.51 5D 488348225.4 488352865.4 6.20404313371602e-07 3345 0 NA
1.52 5D 489892237.777778 489897446.888889 6.43152963444265e-07 3341 0.00714767225980245 0.188516412211387
1.53 5D 491216468.428571 491223779.285714 6.69966540307817e-07 2262 0.0104914786206897 0.011997511108826
1.54 5D 492639710.5 492645206 6.88560991065012e-07 1270 0.00546088523622047 0
1.55 5D 493374503 493379740 6.95867823893632e-07 234 0.00431965 0
1.56 5D 494465968 494471923.666667 7.06374023122501e-07 1276 0.00308502822884013 0.0724400922930439
1.57 5D 495862226 495865727.5 7.19156044500797e-07 623 0.0028926755858748 0
1.58 5D 497345551.75 497350319.375 7.32025132080452e-07 1959 0.00051408494129658 1.15487895450308
1.59 5D 498546024.8 498551640.6 7.41914575707909e-07 1742 0.0208183778989667 0.0393448500057532
1.6 5D 499696618.857143 499698855.571429 7.50861190635513e-07 990 0.00271908 0.109011544754517
1.61 5D 500851168.5 500856633.333333 7.59390911555896e-07 1853 0.00268630417701025 0
1.62 5D 501726459.25 501733653.75 7.65552036669486e-07 1647 0.00108857887067395 0.157578813840943
1.63 5D 503033477.5 503040049 7.74237982216962e-07 500 0.0104878032 0.159981940164552
1.64 5D 503666583.5 503670731.5 7.78223885266417e-07 405 0.00503519948148148 0
1.65 5D 505201611 505207692 7.87315716221407e-07 372 0 Inf
1.66 5D 506200343.375 506204908.125 7.92776186368402e-07 2027 0.00541445673408979 0.260729250688271
1.67 5D 507773296.833333 507777483.666667 8.00663790812202e-07 2101 0.00171839982865302 0.15936923530166
1.68 5D 509222851.5 509226631.75 8.07150660577807e-07 556 0.00385326384892086 0.136291988661206
1.69 5D 510032974 510034859.25 8.10446786324515e-07 390 0.0150854464102564 0.0489749578813787
1.7 5D 511091602.666667 511094175.833333 8.14447836048469e-07 1697 0.00293675279905716 0.172151604354984
1.71 5D 512557742 512563563.666667 8.19327253965435e-07 1245 0.00236492212048193 0
1.72 5D 513952004 513955215.2 8.23238217384109e-07 971 0.0101858842430484 0
1.73 5D 515260733 515264450.5 8.26308606031111e-07 861 0.00114867595818815 0
1.74 5D 517277407.555556 517282916.666667 8.29809873115217e-07 3589 0.0136933917720814 0.0291857621458473
1.75 5D 519221914.111111 519226938.888889 8.31870041873755e-07 2631 0.0210289263587989 0.0209787865234464
1.76 5D 520382688.5 520388334.166667 8.32445673177755e-07 3744 0.00585790965544872 0.390743821734108
1.77 5D 521521725.333333 521525865.888889 8.32578700427837e-07 2096 0.0043557202528626 0.0309962242388408
1.79 5D 524700150.5 524702981.166667 8.3046957374627e-07 832 0.0129465400240385 0.132803272644506
1.8 5D 526110331.222222 526115930 8.46559955110193e-07 2138 0.00182049187090739 0.0745701619892908
1.81 5D 527225322 527228419.6 8.83808699777584e-07 963 0.0156247317341641 0
1.82 5D 528767607.5 528774484 9.44317498722725e-07 2678 0.0142126607841673 0.0450089184307039
1.83 5D 529745494.2 529750226.6 9.77521684346355e-07 1691 0.00533407415730337 0.220519458300259
1.84 5D 530949727.5 530951908 1.01359847988895e-06 387 0.00248840341085271 0.299980352272202
1.85 5D 532132157 532135984 1.04338508906548e-06 1229 0.0015767493083808 0.295476614011926
1.86 5D 533199102 533204257 1.06538736692319e-06 354 0 Inf
1.87 5D 534179315.571429 534183781.714286 1.08134655852716e-06 2075 0.00177014720963855 0.392612130610192
1.88 5D 535066321 535069324.5 1.09279709744951e-06 282 0.00345128794326241 0
1.89 5D 536165543.5 536171696.5 1.10232029593749e-06 1142 0.00776277888791594 0.0639869704295696
1.9 5D 536929579.5 536933467.5 1.10597401193e-06 819 0.0238073230769231 0.0150670929706857
1.91 5D 537795969 537800442.428571 1.10768342984239e-06 2486 0.00364976471037812 0.534865865404143
1.92 5D 538660799.5 538668077 1.10630666771727e-06 3875 0.00606695571612903 0.11788805987297
1.93 5D 539154734.75 539159546.25 1.10416105114148e-06 1206 0.0247085254560531 0.0262023882914813
1.94 5D 540139716.75 540144367.25 1.09685162514446e-06 1441 0.000689950367800139 0
1.96 5D 541607250 541611954 1.07890040834517e-06 654 0.0179038 0.0983020364391917
1.98 5D 542938059.2 542942273.2 1.04647213246035e-06 1432 0.00874742219273743 0.0688988351586657
1.99 5D 543622318.5 543626010.166667 1.02465021498122e-06 1184 0.0101626121283784 0.150277253847261
2 5D 544441577.666667 544443845 9.8368558278041e-07 793 0.022486604035309 0.131382073238841
2.01 5D 545766304.2 545771572.4 9.01123474761868e-07 809 0.0155021899876391 0.063664662651396
2.02 5D 546927098.666667 546932699.666667 7.97653488526439e-07 2027 0.0149844970498273 0.0665221581723086
2.03 5D 548244307.666667 548251816.333333 7.11192483193306e-07 1234 0.00492519472447326 0.246301466934407
2.04 5D 549718276 549722488 5.89773055044683e-07 1412 0.00917309898016997 0.128731151848078
2.05 5D 550803400.75 550806482.625 6.17000969011019e-07 1435 0.0230456112055749 0.176743144480171
2.06 5D 553565557.25 553570622.875 6.34611985950926e-07 1854 0.015223067583603 0.0270027138277449
2.08 5D 556697358.666667 556701855 7.20938179666218e-07 1065 0.0113303314553991 0.0711732519375679
2.09 5D 557391438.666667 557395643.833333 6.10460213732126e-07 1866 0.0406247537513398 0.0839562468780007
2.1 5D 558562355.090909 558567445.818182 4.6892482146084e-07 3485 0.021598526553802 0.0901508576577932
2.11 5D 562730670.925926 562735523.925926 1.38160400887323e-07 10458 0.01130873026965 0.187416156234995
0.01 6D 1711917 1715833.33333333 8.8933365583973e-07 490 0.0124631726530612 0.279312454688954
0.02 6D 2360881.16666667 2366086.5 9.37045776139126e-07 3154 0.0383049071972099 0.0407530112155604
0.03 6D 3488493 3491678 1.03383095514347e-06 201 0 NA
0.04 6D 4549970 4554131.25 1.13241564799674e-06 1445 0.0190749300138408 0.0410382925966987
0.05 6D 5994581 5999878 1.25870457516413e-06 256 0 NA
0.06 6D 6308329.5 6310594.5 1.26658328720363e-06 746 0.0236959142091153 0.198522958901977
0.07 6D 7131141 7135572.16666667 1.3751444939838e-06 1908 0.0180662008909853 0.110632210913628
0.08 6D 7573296.75 7577379 1.42677506587344e-06 1038 0.0115830595375723 0.0949590524691406
0.1 6D 8748782.33333333 8754276 1.46338660183152e-06 1626 0.0140951583111931 0.0377333683663314
0.11 6D 9375512.8 9380682.2 1.47899196851936e-06 1898 0.00461055597471022 0.032818868156407
0.12 6D 10054525 10057841 1.44143483181529e-06 951 0.0329819154574132 0.0620625821978036
0.13 6D 10987113.5 10992910 1.29128656598111e-06 2849 0.00605957104247104 0.171143962854027
0.14 6D 11991897.6666667 11997031.6666667 9.6870559715167e-07 1673 0.00445010627316198 0.0771497999491351
0.15 6D 13505585.5 13512306 9.99429154452118e-07 1494 0.0168113757028112 0.112085285067042
0.16 6D 14260506 14262377 9.65321572164329e-07 176 0.0112427488636364 0
0.18 6D 15515266 15523093 8.8920674559036e-07 655 0.0159533 0.101978900917052
0.19 6D 16631039.4 16638299.4 8.43574308328063e-07 2910 0.017432995742268 0.0381695606511736
0.2 6D 17731472.6666667 17734864.6666667 7.37281161907468e-07 1141 0.00847000370727432 0.177452410722828
0.21 6D 20851450 20854447 9.01066297938728e-07 300 0.0365145 0.287247531802435
0.22 6D 21980166 21985295 1.15826557640829e-06 591 0.0494248 0.117135729431379
0.23 6D 23075148 23077733 1.61234452382925e-06 332 0.0318592397590361 0.0531947513552555
0.24 6D 23784605.5 23788806.5 1.89486028851053e-06 1027 0.0125245085004869 0.061136988349891
0.25 6D 24334758 24339167.5 2.0403632794893e-06 465 0.0101049419354839 0.247761076343354
0.26 6D 24643765 24647753 2.09427810017561e-06 839 0.0274772454112038 0.0248192704377009
0.29 6D 25661048.3333333 25665296.6666667 2.13382479994004e-06 630 0.0342930441587302 0.161746818625279
0.3 6D 25768796 25772530 2.12521360041817e-06 646 0.0307107445820433 0
0.31 6D 26248760.3333333 26251575.3333333 2.05716208296168e-06 367 0.0166036804359673 0.0463069650136596
0.34 6D 27373079 27376272 1.84825202513985e-06 316 0.0285913867088608 0.126549421551693
0.35 6D 27520417 27527535 1.86164040201425e-06 720 0.0316586 0.0628347431661539
0.36 6D 28301828 28305178 1.89173643875688e-06 75 0 Inf
0.37 6D 28691682.6666667 28695490.6666667 1.8821126506663e-06 497 0.0015140323943662 0.569015677748908
0.38 6D 29091373 29094640 1.85520789751643e-06 219 0.00982533 0
0.39 6D 29756921 29757731 1.77222695576079e-06 34 0 NA
0.4 6D 30281142 30285808 1.67262222065879e-06 137 0.0135823 0.941401677182804
0.41 6D 32296642 32299935 1.28934941715465e-06 269 0 NA
0.42 6D 32701703.1428571 32706155.4285714 1.25148894971628e-06 1415 0 NA
0.44 6D 34489011.5 34492052.75 1.08321913761217e-06 965 0 NA
0.45 6D 35205796.8 35209923.8 1.01490632036834e-06 992 0.000954685211693548 0.306587200203732
0.46 6D 36801708 36806276.3333333 8.6149526207337e-07 1108 0.00341041703971119 0.309267527462472
0.47 6D 37920912 37926334 7.52901840056245e-07 419 0.0486393 0.0141423910294762
0.48 6D 39988668.6666667 39999088.3333333 6.2150590198777e-07 1255 0.0112683134501992 0.206049944847709
0.49 6D 42000202.25 42008679.75 5.25396445020659e-07 972 0.00710971399176955 0.082598959691444
0.5 6D 48654849.85 48660493.55 4.01943305923101e-07 5063 0.00174217313450523 0.161611007394446
0.51 6D 53659909.25 53667775.25 3.34095919379242e-07 3535 0.000269493326732673 1.99867863724699
0.52 6D 56123580.1111111 56127234.6666667 3.13964730236684e-07 2615 0.000385802156787763 0.280138858756245
0.53 6D 57595175.6363636 57600607 3.06238086031412e-07 3442 0 Inf
0.54 6D 59113305.3333333 59119138.1666667 3.01069505708388e-07 3194 0.000303928925485285 0.296572083575533
0.55 6D 60282059.2 60286964.4 2.99280762273639e-07 2053 0 NA
0.56 6D 61143342 61147557.5 2.99213135360742e-07 671 0 NA
0.57 6D 62634457.1666667 62639977.6666667 3.01719399739914e-07 2320 0.00519892579310345 0.0940861669248809
0.58 6D 65013226.2222222 65018674.6666667 3.12108231075409e-07 3219 0.00107364406026716 0.788869138429338
0.59 6D 67175469 67178299 3.28267559827723e-07 890 0.0128820984269663 0.0986696329640481
0.6 6D 69280324.875 69284637.625 3.3556387537086e-07 2600 0.00196008329615385 0.388890295923982
0.61 6D 72768036.3333333 72772020.6666667 3.32736457655896e-07 1761 0 Inf
0.62 6D 75324498.5 75330482.5 3.30014141893557e-07 742 0 NA
0.63 6D 78711788.8571429 78716492 3.27267448844238e-07 2798 0.00862457089349535 0.2050369496043
0.64 6D 84191700 84199270.2727273 3.05918597652529e-07 4489 0.00131844266429049 0.242330564764137
0.65 6D 88088519 88091544.4615385 2.70559200036677e-07 3214 0.00299296164592408 0.0881950924080104
0.66 6D 91423538.8888889 91430848.7777778 2.39056069808574e-07 4485 0.00044955626309922 1.13334427868186
0.67 6D 95263128.8 95269640.4 2.09449997508501e-07 1613 0.00315923420954743 0.0973623941504749
0.68 6D 99383298.1428571 99388369 1.77639572912213e-07 2450 0.00193165305714286 0.0613840742546493
0.69 6D 109684420.782609 109690634.108696 1.05109441062871e-07 15085 0.00109325242094796 0.184347014309539
0.7 6D 145383065.712329 145390868.082192 5.3640575140846e-09 47363 0.00101635116694466 0.125019900518051
0.71 6D 216895599.323529 216909907.235294 3.15083792858645e-08 16672 0.000180093493042226 0.474484549391232
0.72 6D 242816748 242824872.75 6.45550761661014e-08 1512 0 NA
0.73 6D 247350667 247356069.5 6.95569282291163e-08 712 0.00141163969101124 0
0.74 6D 254255000.055556 254262304.111111 7.67641581638014e-08 6134 0 Inf
0.75 6D 262850274.571429 262855553.714286 8.52589317902066e-08 2948 0.000665947042062415 0.14705353861245
0.76 6D 264447677.75 264455267.75 8.67540821586188e-08 1318 0.00147184838391502 0
0.77 6D 265173638 265180559 8.74251554173748e-08 362 0 NA
0.78 6D 267163426.875 267167468.75 8.9237125372243e-08 2145 0.000933036195804196 0
0.79 6D 270414965.333333 270420004.416667 9.21242182389067e-08 3435 0.000574569004366812 0.434845446054057
0.8 6D 273200394.1 273203929.9 9.4520463253247e-08 1884 0 NA
0.81 6D 276714138.6 276719266.3 9.74455774859243e-08 3276 0.000295495763125763 0.296438947431446
0.82 6D 277982259 277988953.666667 9.84736386696166e-08 1415 0.000752041872791519 0
0.83 6D 283741263.75 283745148.25 1.02954254589807e-07 1037 0 NA
0.84 6D 285994815.384615 285999408.538462 1.04621228411321e-07 2691 0.00108360672612412 0
0.85 6D 290364068.454545 290369057.545455 1.07730115189413e-07 3005 0.000574009744093178 0.167636779251461
0.86 6D 293612642.888889 293621354.333333 1.09926728125831e-07 3651 0.000547959578197754 1.14917899797302
0.87 6D 297952489.666667 297959074.833333 1.12708083431682e-07 3299 0 Inf
0.88 6D 304326202.294118 304332954 1.16493876837409e-07 6546 0.00011852970974641 0.37389997425942
0.89 6D 307471569.708333 307476796.583333 1.18217210332456e-07 6874 0 Inf
0.9 6D 313964550.789474 313969570.947368 1.21496954855568e-07 5819 0.000167060539611617 0.591999829486998
0.91 6D 318911792.318182 318916715.909091 1.23744641236508e-07 6429 0.000600843268004355 0.224337492209742
0.92 6D 328633250.5 328636815.583333 1.27499718202027e-07 2247 0.000908511740097908 0.243868863855101
0.93 6D 336300122.25 336305735.75 1.29847109547892e-07 6367 0.000773704011308309 0.521217908641073
0.94 6D 350502826.693548 350507396.725806 1.2983407210469e-07 17002 0.000400997222091519 0.493747376308168
0.95 6D 363561890.517241 363567174.068965 1.27469228716853e-07 13196 0.00138332023264626 0.331730423464385
0.96 6D 371449828.692308 371455036.153846 1.50190118190725e-07 5269 0.000354117358132473 0.154864903094061
0.97 6D 375900018 375904897.454545 1.73929187917099e-07 5195 0.000771143653512993 0.143205234205248
0.98 6D 379261378.363636 379265409.363636 1.9044882603663e-07 3027 0.000966293154938883 0.199865939451305
0.99 6D 381884495.545455 381888638.636364 1.95384538386752e-07 3010 0.00276523494684385 0.105718480766053
1 6D 385590862.166667 385595349 2.12988274210276e-07 3864 0.00125026068322981 0.180479825317092
1.01 6D 388011470.818182 388016533.090909 2.31312607934348e-07 3516 0.000254530127986348 1.28932884684915
1.02 6D 391736249.76 391741004.12 2.49851068100841e-07 7736 0.000922977625387797 0.320521978563067
1.03 6D 400134656.545455 400140867.606061 2.92039696520408e-07 14541 0.00130243271920776 0.2264466886385
1.04 6D 405133974.222222 405138866.888889 3.39513382491519e-07 3239 0.00122874765359679 0.340600636900753
1.05 6D 409709719.083333 409716069.833333 4.54640602091677e-07 3920 0.00100041026530612 0.220017434989886
1.06 6D 412174481.833333 412180862.5 5.14608093503439e-07 1892 0.00219340966173362 0
1.07 6D 414306817.75 414312468.5 5.59523839472799e-07 2254 0.000436001428571429 0.588111196081532
1.08 6D 417754195 417758589 6.2590170990756e-07 402 0 NA
1.09 6D 419110184.5 419121575.5 6.49938996711635e-07 1482 0.00611281776653171 0.0628802119306851
1.1 6D 420427656.571429 420431526.285714 6.71990429774834e-07 1466 0.00434852784447476 0.044710976044641
1.11 6D 422079116.571429 422084680.142857 6.98192212855351e-07 3638 0.00154316437603079 0.24194434516939
1.12 6D 423768657 423772473 7.23188528737573e-07 465 0 NA
1.13 6D 424730045.5 424738741 7.36594123931798e-07 1632 0 Inf
1.14 6D 426009343 426018906.666667 7.53465759642882e-07 1888 0 Inf
1.15 6D 427373334.5 427376665.75 7.70216690538234e-07 627 0.0031294576076555 0.37381508732944
1.16 6D 428556271 428560661.5 7.82447748613365e-07 708 0.00919761525423729 0.100229207656934
1.17 6D 429016890.125 429021570.375 7.83176356264663e-07 3111 0.00501979569270331 0.212060974037319
1.18 6D 429836321 429844955 7.85328968806466e-07 755 0 NA
1.19 6D 430844082 430847579 7.89609160835545e-07 285 0.0240447 0.188779647905775
1.2 6D 431623141.285714 431630141.428571 7.94209146629683e-07 2435 0.00895799492402464 0
1.21 6D 432585388.333333 432591489.333333 8.01249949315147e-07 2237 0.00240763041573536 0.094240786283924
1.22 6D 433141448.5 433146940 8.00610831492578e-07 1085 0.00865494331797235 0.0484836320864446
1.23 6D 433980536.833333 433984735.333333 7.98875355256081e-07 1274 0.00658639379905808 0.0256922698150248
1.24 6D 434531691.333333 434535160.333333 7.99628920994141e-07 1519 0.00269135799210007 0.123990779264494
1.26 6D 436504148.8 436509131.6 8.14587656305886e-07 1276 0.0379357626959248 0.0890061133949724
1.27 6D 437556407.818182 437562661.090909 8.29345350116813e-07 5406 0.0110136204069552 0.124347473863255
1.28 6D 438787604.833333 438795186.166667 8.23349752681527e-07 3314 0.0333417802353651 0.126459250754179
1.29 6D 439981644.666667 439984374 8.19913056303072e-07 398 0.00815554371859296 0.0879165338840331
1.31 6D 442957555.8 442961864.1 8.67195167972675e-07 3716 0.00551252307319699 0.111193448604855
1.32 6D 446262391 446266776.5 9.92718513747681e-07 1289 0.0171786135841738 0.0871891845173208
1.33 6D 447854842.25 447858737 1.00396842160164e-06 1125 0 NA
1.34 6D 448703650.833333 448708631 1.07569466495462e-06 1612 0.0137612237034739 0
1.35 6D 449518691 449521013 1.2089369275398e-06 163 0 NA
1.36 6D 450105256 450109881.5 1.29432156216197e-06 599 0.0365259113522538 0.013020732111463
1.37 6D 451007467 451012787.625 1.39785497550305e-06 3061 0.0196911153152565 0.101494836407611
1.38 6D 451711928.75 451716752 1.45881119906521e-06 2101 0.00188304326987149 0.292202219638528
1.39 6D 451907708 451913442 1.4727848302703e-06 547 0 Inf
1.4 6D 452735812 452739910 1.51494267208496e-06 288 0.0203735 0.343069183007338
1.41 6D 452995598.75 452999954.5 1.52301642367311e-06 1733 0.00668074581650317 0.0250888358320595
1.42 6D 453809467 453815198 1.53239052768754e-06 245 0 NA
1.43 6D 454169979.75 454174321 1.52852589686662e-06 1801 0.00561402473070516 0.11266776916058
1.44 6D 454635319.666667 454639399.666667 1.52251594321682e-06 802 0.0148016844139651 0
1.45 6D 455558362 455567526 1.59492409707962e-06 798 0 NA
1.46 6D 455944174.2 455947129.6 1.66147142610204e-06 1059 0.00936238791312559 0.223910703797753
1.47 6D 456694044.6 456698186.6 1.7544586983752e-06 1313 0.00722198594059406 0.0918142526011747
1.49 6D 458360206 458365689 1.79477551608772e-06 821 0.0059657 0.337435673936001
1.5 6D 458762279.5 458766537 1.76841493988568e-06 946 0.00394661877378435 0.156471560519266
1.51 6D 459693961 459700262 1.65390936739069e-06 668 0.0518135 0.0165629613903712
1.52 6D 459829226 459838904.5 1.63082388342559e-06 2256 0.00914610008865248 0
1.53 6D 460691191.857143 460695968 1.44887593043185e-06 1700 0.0127268461588235 0.0260526198374769
1.54 6D 461300209.6 461304884.4 1.35839380784812e-06 1568 0.00390807757015306 0
1.55 6D 461711745 461716376 1.29758869341775e-06 321 0.00637959 0
1.56 6D 462452186.75 462457137.75 1.16727296900965e-06 2126 0.0108647840545626 0.0623832778906298
1.57 6D 463445414 463448615 9.74474646237728e-07 188 0 NA
1.58 6D 463724899.5 463729316 9.3729259600468e-07 821 0.0314939671132765 0.080371809894028
1.59 6D 465171122.714286 465176236.071429 7.4379705687301e-07 4125 0.00773884976242424 0.138288521547157
1.6 6D 468329799.333333 468334816.533333 3.20043992789203e-07 4798 0.0162348000437682 0.0689601305705176
1.61 6D 472248368.764706 472254405.882353 7.5679207177469e-10 7545 0.0100430011981445 0.0561443056943345
0 7D 289539.5 291817 NA 446 0.00427371457399103 0.456111105077776
0.01 7D 1956602.375 1963389.125 6.71247342548512e-07 3002 0.0188898964357095 0.0608862748381765
0.03 7D 4790365.70588235 4795860.05882353 7.10064637259697e-07 5743 0.0228598612101689 0.0781913062480146
0.04 7D 6471816 6478364 7.34416761380169e-07 948 0.0265306 0.160588151040685
0.05 7D 7289027 7292460.5 7.46744959576594e-07 993 0.0386641627391742 0.0602837941354761
0.07 7D 10712165 10714174 8.0017939348012e-07 349 0.0254939 0
0.08 7D 11444173 11448795.125 8.11997278896912e-07 1748 0.0266569150114416 0.108514797075001
0.09 7D 12881482.8333333 12889593.6666667 8.35544562320939e-07 3002 0.0018684273817455 0.624531009789769
0.1 7D 13569449.75 13573190 8.46932171975673e-07 1077 0.00705961404828226 0.229765817697024
0.11 7D 14916521.3333333 14920285 8.67478011544376e-07 1138 0.0171945230316344 0.0151470832442154
0.12 7D 15921156 15924401.3333333 8.80937317583578e-07 1216 0.00880124929276316 0.0199392556144611
0.13 7D 16797261.25 16801785.75 8.93401997997613e-07 1399 0.0085025489421015 0
0.15 7D 18595226.6666667 18600937 9.21148647451951e-07 1652 0.036650068220339 0.0299527784639375
0.16 7D 19659288.3333333 19663215 9.38906445432559e-07 858 0.0138843262937063 0.0963315817246312
0.17 7D 20505417.1666667 20511406.3333333 9.53852632625255e-07 1705 0.0184000375953079 0.0647207303136933
0.18 7D 21256735 21257984 9.67468277512413e-07 162 0.0116667 0.148038434175902
0.19 7D 22584077.1666667 22587931.3333333 9.93398370934e-07 1861 0.0135635303600215 0.114147053906369
0.21 7D 25172501 25176018.5 1.0586031327322e-06 462 0.0512169268398268 0.0211378398042294
0.23 7D 27715557.6666667 27720314.6666667 1.119310169276e-06 403 0.0160786325062035 0.313124856966513
0.25 7D 29563607.6666667 29567805.6666667 1.13965553252891e-06 1849 0.00759623149810708 0.0610772357558607
0.26 7D 30591018.6666667 30595644.3333333 1.14442984003836e-06 634 0.0155356979495268 0.203053264170008
0.27 7D 31773718.3333333 31777739.6666667 1.18835270295057e-06 875 0.0153130668914286 0.0867403870164583
0.28 7D 32668677 32672253 1.22480276247091e-06 446 0 NA
0.29 7D 33044250.3333333 33049062.3333333 1.23703071819455e-06 1129 0.0146246100974314 0.0349022572868302
0.3 7D 33991643 33994423 1.27444334568577e-06 312 0 NA
0.31 7D 34470475 34475277 1.31103886267753e-06 15 0 NA
0.32 7D 35597830 35601885 1.37208545727973e-06 545 0.012877376146789 0.040627741989721
0.35 7D 37416828 37420008.3333333 1.3973136594599e-06 1202 0.0153782760066556 0
0.37 7D 39014309 39018176 1.34598925141187e-06 383 0.00246002 0
0.38 7D 39507720.5 39514239 1.31588682282261e-06 437 0.0201855260869565 0.130306071882464
0.39 7D 40125406 40133378 1.26889551740868e-06 244 0 Inf
0.4 7D 41052790.3333333 41062170.3333333 1.17856894464043e-06 997 0.00600474951855567 0
0.41 7D 41770728 41774203 1.09349379154336e-06 127 0 NA
0.42 7D 42495537 42499291 1.03820806314674e-06 259 0.00711744 0.158846439169139
0.43 7D 42845444 42851329.5 1.02942901642683e-06 1614 0.00407608190830235 0.220297909821253
0.44 7D 43362708 43366803 1.020772409004e-06 452 0 NA
0.45 7D 44478448.5 44482042 9.95265974212925e-07 1212 0.00479300320132013 0.198725557889503
0.46 7D 45225795 45230059 9.73328853249411e-07 500 0.00958773 0
0.47 7D 45970458.5 45974317.75 9.47281331937937e-07 760 0.0136842036842105 0
0.48 7D 46838388 46843665 9.12502432994739e-07 68 0.0104167 0
0.49 7D 48532308 48539318 8.24068357883383e-07 941 0.00473558178533475 0.288524020625493
0.5 7D 50998394.8 51003117.4 6.63157799631419e-07 1615 0.00418263276160991 0.084049864834641
0.51 7D 53876635.6666667 53879881.5 6.24776968704353e-07 1240 0.0163098809677419 0.0700589988186659
0.52 7D 55666585.8333333 55670269.3333333 5.6803933306286e-07 1485 0.0153373224713805 0.0380620541650941
0.53 7D 58837461.2 58841079 4.93035897605447e-07 1554 0.0113334527927928 0.0163154568021008
0.54 7D 60487856.3333333 60492997 5.09867218006341e-07 1045 0.0117827557703349 0.116859653447754
0.56 7D 63541141.1666667 63545372 4.70689948358665e-07 1295 0.00146553591505792 0.305819754125181
0.57 7D 64810999.6666667 64815531 4.41377857786351e-07 1881 0.0115671358320043 0.0790140663461454
0.58 7D 66642778 66648011.5 4.24848981769216e-07 603 0.0152462497512438 0.0926765830764178
0.59 7D 68791867 68796167 4.47382348162388e-07 455 0.011077967956044 0
0.6 7D 69591793 69595157.5 4.65773106570887e-07 249 0 NA
0.61 7D 73021902.5 73030984 5.00936505504149e-07 718 0.00271647855153203 0.148660019659239
0.62 7D 75184694.75 75190781.0833333 5.0830552925292e-07 3223 0.00862562935774124 0.0924013864903835
0.63 7D 77588999.25 77592453 5.02959614977761e-07 1209 0.00324300063688999 0
0.64 7D 79093016.25 79098191.5 4.97190461397031e-07 1236 0.0176865313106796 0.0284264990244277
0.65 7D 81512034.7142857 81518499.8571429 4.90099568548212e-07 2037 0.000964833019145803 0.296282644434784
0.66 7D 83233319.5 83237927.375 4.88729499708552e-07 2339 0.00899879726806328 0.0828735294277826
0.67 7D 84809021.3333333 84816300.8333333 4.89617052638154e-07 1063 0.00364880094073377 0
0.68 7D 87311036.6666667 87314091.6666667 4.8909316613802e-07 376 0 NA
0.69 7D 89561401.4 89565910.2 4.84142106028079e-07 1480 0.000610707837837838 0.974489232476803
0.7 7D 91019486.7777778 91026146.8888889 4.78606482325538e-07 3200 0.003758021140625 0.144126662772025
0.71 7D 93487329.2222222 93492894.4444444 4.65459494379986e-07 2621 0.00867669173979397 0.128250300037587
0.72 7D 95060669 95065742 4.54783083395734e-07 558 0.00353982 0.290339621788679
0.73 7D 97908862.1428571 97914455.4285714 4.29786097541079e-07 2808 0.000353857083333333 0.857693930528655
0.74 7D 99701200 99707962.5 4.10860531336901e-07 725 0 NA
0.75 7D 101560903 101566567.125 3.88423351228175e-07 3292 0 Inf
0.76 7D 104526093.375 104530949.375 3.46610523578881e-07 2107 0.0033861526293308 0.189745167901703
0.77 7D 106882457.333333 106886191.333333 3.16357607718904e-07 731 0.00133101504787962 0.29295805223583
0.78 7D 111247299.571429 111251783.785714 2.91515302352872e-07 3901 0.00154278808510638 0.304340614309646
0.79 7D 116557342.142857 116564114.928571 2.74007881778351e-07 6133 0.00142872119680417 0.343667069066461
0.8 7D 122650450.923077 122656119.538462 2.54116722094264e-07 3658 0.00160907145981411 0.0488719747323786
0.81 7D 130021890.928571 130027562.428571 2.37059529405097e-07 4755 0.000207049432176656 0.296294356828995
0.82 7D 137101422.909091 137107274.454545 2.27300590041792e-07 4900 0.0008181149 0.285428605818232
0.83 7D 140580956.9 140585690.7 2.20823743957861e-07 2556 0.000393636572769953 0.573743571290646
0.84 7D 145807790.75 145814298.875 2.09356516380786e-07 2429 0.000827749658295595 0
0.85 7D 149140820.375 149144195.875 2.03126517193297e-07 1775 0.00108548396619718 0.109888778422164
0.86 7D 153347966.222222 153353332.111111 1.96352538304716e-07 2489 0.00116250092004821 0.249240511407778
0.87 7D 156277243.333333 156281835.333333 1.92440179827878e-07 3952 0.00124010593117409 0.177308518463871
0.88 7D 159521059.5 159527972 1.88843943309375e-07 1327 0.000745041748304446 0.877472694641207
0.89 7D 162926275 162931833.666667 1.85937186249678e-07 846 0.00115553013002364 0
0.9 7D 166003454.3125 166009895.0625 1.83998493263499e-07 8429 0.000587982702693083 0.506861150088579
0.91 7D 170471735.642857 170477348.785714 1.80965847467018e-07 6204 0.000475528305931657 0.774422251818256
0.92 7D 175187694.888889 175194667.444444 1.7662658567694e-07 4412 0.00155373084542158 0.210140509059169
0.93 7D 180381358.888889 180384712.111111 1.67352491159209e-07 2524 0.00159801183042789 0.070786295448852
0.94 7D 184470006.961538 184476647.269231 1.59532826603689e-07 8378 0.00104506256027692 0.359462049404403
0.95 7D 190350214.5 190355977.583333 1.47524135676335e-07 8977 0.000112390376517768 0.21212548470114
0.96 7D 197956814.35 197962630.7 1.30733572460341e-07 8336 8.98815395873321e-05 0.779856466387512
0.97 7D 214995750.887324 215000357.478873 8.56607360032171e-08 25243 0.000105362040882621 1.00372533984024
0.98 7D 245680568.118421 245685431.565789 2.34602749123316e-08 23612 0.000131971043113671 0.342984309038297
0.99 7D 321589124.54902 321597300.823529 2.31190830018882e-08 56526 0.000131425908077699 0.375263452690431
1 7D 386735175.333333 386739634.642857 4.19879098123471e-08 11287 9.50471870293258e-05 0.203520932559879
1.01 7D 395832323.058824 395837861.235294 4.13357417404147e-08 6663 0 Inf
1.02 7D 401924046.272727 401930206.272727 4.2381342852206e-08 4614 0 NA
1.03 7D 409241966.12 409248809.64 4.52475488260465e-08 6930 0.000137346002886003 0
1.04 7D 416616078.272727 416620808.181818 4.98249888263587e-08 9686 0.00126369753252116 0.452881437317441
1.05 7D 426318545.130435 426324964.608696 5.83374365259106e-08 8361 0.000908234109556273 0.553856052184547
1.06 7D 448571246.680851 448577401.425532 9.07436707586944e-08 27210 0.00142520656038221 0.213837697402556
1.07 7D 470774629.4 470780355.4 1.25331845713052e-07 5699 0 NA
1.08 7D 479870600.913043 479876608.043478 1.31131381212662e-07 5952 0.000675538551747312 0.280535981216062
1.09 7D 486443600.137931 486448360.413793 1.48665841973436e-07 8843 8.17074476987448e-05 0.798125695533428
1.1 7D 492317748.272727 492322513.090909 1.74382235126758e-07 2753 0 Inf
1.11 7D 497137271 497143246.866667 2.02629526214057e-07 4487 0.000224554508580343 0.28295774945352
1.12 7D 501314457.090909 501319894.909091 2.31768775872216e-07 3159 0.0112734253529598 0.0814559985902622
1.13 7D 506408032.615385 506414292.230769 2.60610589009726e-07 4946 0.000805514034573393 0.416790232714683
1.14 7D 509932953.75 509938597 2.76143156536203e-07 2085 0.00188119165467626 0
1.15 7D 512181960.666667 512187395.333333 2.86267629017522e-07 711 0.00134201558368495 0
1.16 7D 515748652.5 515754496.5 3.02712955614702e-07 1114 0.00181257157091562 0
1.17 7D 517904265.6 517907868.4 3.12864998200161e-07 1211 0 Inf
1.18 7D 520727920.25 520732707 3.26418269471201e-07 3706 0.00125540860766325 0.0623550430245232
1.19 7D 524452459.5 524458113.6 3.44728029021782e-07 2254 0.00704411807453416 0.0176753961705824
1.2 7D 528121236.333333 528125989.777778 3.63204293753501e-07 3829 0.0020684484095064 0.218558055691334
1.21 7D 530508800.076923 530515236.846154 3.75489865534857e-07 4306 0.00113092149558755 0.415608880916293
1.22 7D 533898394 533902676.285714 3.93282146164363e-07 2321 0.000854729547608789 0.431619240562112
1.23 7D 536091151.5 536094482 4.04989473845265e-07 1006 0.00947034397614314 0.209183656675307
1.24 7D 539796687.5 539798573.166667 4.24526558005363e-07 1023 0 NA
1.25 7D 543057663 543059615 4.33893843706749e-07 26 0 NA
1.26 7D 544842029.625 544846524.5 4.37866324764107e-07 2315 0.00539604687688985 0.635252014407232
1.28 7D 549539657.857143 549545032.571429 4.45873579243947e-07 2592 0.00835488507716049 0.12729332689342
1.29 7D 550974531 550982061 4.52138064507175e-07 314 0 Inf
1.3 7D 552918479.5 552923847.75 4.63947384914481e-07 1119 0.0143440470062556 0.068019065816295
1.31 7D 554680627.666667 554684545.333333 4.77596491404105e-07 510 0.00402601717647059 0.275701248189253
1.32 7D 556379675 556383836 4.9360241543301e-07 777 0 Inf
1.33 7D 557488979.5 557493070 5.05474134612119e-07 548 0.0149180082116788 0.0694741652623461
1.34 7D 559974159 559976410.333333 5.36379805517211e-07 713 0.00432198176718093 0
1.35 7D 561438773.75 561441899.5 5.57359237636767e-07 960 0.0078903521875 0.0290289838535804
1.36 7D 562815135 562819185 5.78712556194592e-07 196 0.00501882 0.291833538560857
1.37 7D 566178551.5 566184788 6.11287923106376e-07 1701 0.00120930429159318 0.554153884057698
1.38 7D 567632989.833333 567637473.666667 6.24404437820775e-07 1339 0.00074980068707991 0
1.39 7D 568915267 568920507.333333 6.36310501894822e-07 1389 0 NA
1.4 7D 571415080 571420161.7 6.60594271351422e-07 2984 0.000613468032841823 0.159049782353884
1.41 7D 573117262.5 573121231.5 6.77856014824193e-07 499 0.0142039735470942 0
1.42 7D 574159564.666667 574163721.666667 6.86007696684958e-07 874 0.00118630064073227 0.815800379226323
1.43 7D 576064088.555556 576070521.111111 6.93128839528217e-07 3732 0.0186284355412647 0.037207124094044
1.45 7D 578083350.5 578088232.5 7.1725401121013e-07 322 0 NA
1.46 7D 579317727 579321493.5 7.38627714620341e-07 1464 0.00071019781420765 0.55444386502029
1.47 7D 580236733.666667 580242708.666667 7.4566655303705e-07 1342 0.0014449245752608 0
1.48 7D 580852973 580854606 7.49907395181988e-07 296 0.00609756 0
1.49 7D 582239742.333333 582243572.333333 7.60759330466487e-07 864 0.00329059929398148 0.103184619510534
1.5 7D 583063676 583066429 7.67960816390102e-07 66 0 NA
1.52 7D 585073519.5 585077388.25 7.87976997135358e-07 1061 0.00858231534401508 0.0934951723018952
1.53 7D 586484621 586488990 8.04031404248684e-07 217 0 NA
1.54 7D 587655321.5 587659892.5 8.18738111806541e-07 3084 0.00160807699092088 0.114209242002854
1.55 7D 588548206.5 588553435 8.30567756008977e-07 927 0.0200096116504854 0.0157825648515196
1.56 7D 590439884 590442306 8.58084931957537e-07 607 0 Inf
1.57 7D 591507931.333333 591513711.333333 8.74980963179894e-07 978 0.0049858826993865 0.531196794561843
1.58 7D 593107629.666667 593113097 9.01934914508423e-07 773 0 NA
1.59 7D 593666925 593670309 9.11876899277067e-07 412 0 NA
1.6 7D 595541068 595545165.333333 9.47234986238102e-07 993 0.000984669486404834 1.18441897475988
1.61 7D 596800695.5 596805338.5 9.52154536338656e-07 956 0.00532929326359833 0.725178978216938
1.62 7D 597902561.333333 597905032 9.36130109303544e-07 195 0.0269540743589744 0.0939251636853531
1.63 7D 598967428.4 598970567.2 9.46560616773907e-07 870 0.00342751929885057 0
1.64 7D 600869787.5 600874377.5 1.02546553803961e-06 298 0.0102245785234899 0.279679400644138
1.65 7D 600968553.5 600970906.5 1.03182708626545e-06 340 0.0296505694117647 0.0560994047371534
1.66 7D 602432792.8 602436476.4 1.15985690352129e-06 1369 0.00287993418553689 0.218898974007172
1.67 7D 603155990 603158677 1.20486879925704e-06 331 0.0229555 0.114537692491995
1.69 7D 605755030.5 605758357 1.22789820370456e-06 611 0.0280641 0.152918883950094
1.7 7D 606772635 606776699 1.18022026527449e-06 1640 0.0299305716463415 0.0643534691439105
1.71 7D 607296730 607301667 1.14847776475348e-06 35 0 Inf
1.75 7D 610810186.5 610820564.5 1.18577819649102e-06 3514 0.00261572949630051 0.185018744655251
1.76 7D 611442231.25 611449562.75 1.19218331224243e-06 2130 0.01778522742723 0.0581572694047855
1.77 7D 611765620.4 611771268.6 1.19430793968076e-06 2155 0.00726733503480278 0.100045617464972
1.78 7D 612406825.5 612410248.25 1.19579253292406e-06 756 0.0368082145502645 0.144041805827922
1.79 7D 612926318 612929640.5 1.19449285966302e-06 525 0.0196565234285714 0.0549736014937215
1.8 7D 613522680 613527897 1.19020585794885e-06 1203 0.0125837819617623 0.0751895268591669
1.81 7D 613732366.2 613736371.6 1.18796123014201e-06 1784 0.00894500084080718 0.142700392906164
1.83 7D 614525014 614530406.5 1.17635100411947e-06 1206 0.0201472003482587 0
1.84 7D 615472198 615477189.666667 1.15555959397556e-06 1738 0.00159810602991945 0.411831266980057
1.85 7D 615903173 615907295 1.14363545901646e-06 276 0.0556921 0
1.86 7D 616273716 616277431 1.13214243043596e-06 299 0.00513259 0.878669443692171
1.87 7D 616702473.5 616706924.5 1.11723424608966e-06 943 0.00113142195121951 0
1.89 7D 618029401 618033856 1.06208500991408e-06 179 0 NA
1.9 7D 618221237 618224964 1.05289236191017e-06 157 0 NA
1.91 7D 619045096 619049532 1.00957740281054e-06 821 0.0259877006333739 0.107977700977672
1.92 7D 620181746 620188866.5 9.40687011210614e-07 1109 0.00178036972046889 0.288407551663948
1.93 7D 621742229.5 621746731 8.86898580048216e-07 901 0.00113978974472808 0.552289839542032
1.94 7D 623540676.333333 623544281 8.58303637995773e-07 1395 0.0078746376344086 0.0508286587141815
1.95 7D 631758426.323529 631763800.294118 5.66877911487805e-07 17117 0.0142634320085295 0.0843814438016383
