poscM Chromosome Start End recRate nb_complete_site piSyn f0
0.03 1A 1218376 1224584 1.28165967896834e-06 2724 0.0255975918135095 0.0472154450113248
0.07 1A 3119378 3122276 1.23125516685771e-06 112 0.0218845 0
0.08 1A 3403685.33333333 3408569 1.22348203918487e-06 1493 0.0456433732752847 0.0530395064072579
0.09 1A 4045713 4048684 1.19607758843423e-06 193 0.0339788 0
0.12 1A 5491027 5495112 1.15658401937862e-06 307 0.0260246 0.069886184609946
0.14 1A 6569388 6576401 1.12599356487817e-06 119 0.00559006 0
0.15 1A 7495603 7503027 1.09898218543153e-06 1412 0.0301018914305949 0.0449064416620296
0.16 1A 8247297.33333333 8250192.66666667 1.07666349900147e-06 486 0.0167913518518519 0.0837314046999258
0.17 1A 9104841 9110639 1.05050385683924e-06 393 0.0378151 0.0162543534196657
0.18 1A 9602738.33333333 9605994 1.03510898989329e-06 626 0.0362618800319489 0.0490249542940359
0.19 1A 10062443.6666667 10066600.6666667 1.02160377026859e-06 274 0.0169090797810219 0.119394057854107
0.2 1A 11564200 11572148 9.80895544252246e-07 59 0 Inf
0.21 1A 12122663.3333333 12127318.8333333 9.66206731043799e-07 1160 0.0279242323189655 0.0220624600945062
0.22 1A 13716234 13722392 9.24447541538491e-07 769 0.032288611183355 0.0186295335687856
0.23 1A 15551644.8333333 15555191.6666667 8.70880463893116e-07 927 0.0292620791909385 0.0136458570240957
0.24 1A 16931434 16934477 8.31349589658753e-07 176 0.0360396 0.0290691350625423
0.25 1A 18289937 18293936 7.94493491159828e-07 16 0.0428571 0
0.26 1A 19895297 19897721 7.53136045557493e-07 70 0 NA
0.27 1A 20622966.3333333 20627037.8333333 7.35207445071621e-07 1673 0.0141246863598326 0.070092172876448
0.28 1A 21761704.6 21768609.4 7.08010402634919e-07 1839 0.0162935979336596 0.0673555034005456
0.3 1A 24498973.75 24502356.25 6.403304133848e-07 595 0.0299293845378151 0.0553698886451143
0.31 1A 25620304.5 25627185 6.06857316574939e-07 903 0.00405194378737542 0.100374204279748
0.32 1A 27633177.1666667 27638805.3333333 5.40704967410258e-07 2688 0.0192336713541667 0.0644032664565815
0.33 1A 30410898.3333333 30417401 4.65946372613172e-07 1447 0.0209359471651693 0.0285843024453863
0.34 1A 33640308.2 33645952.6 4.20103551627938e-07 1388 0.0390037828530259 0.0881651786357987
0.35 1A 36361093.4285714 36365848.8571429 3.31110603753838e-07 3424 0.00557973075642523 0.107987275953727
0.36 1A 42136140.5 42139970.25 2.16994329692698e-07 436 0.00595823516055046 0.0703601109824663
0.37 1A 45830348.25 45835511.25 2.2590896504977e-07 705 0 NA
0.38 1A 49483060.9090909 49489447.8181818 2.20640917640448e-07 3505 0.0039172392211127 0.125770436359177
0.39 1A 53424327.6666667 53429002.6666667 1.78843225699575e-07 2287 0.00258446381285527 0.103603087727769
0.4 1A 58855192.25 58860697.375 1.49406897749276e-07 4398 0.00118790463392451 0.259112475741685
0.41 1A 65485396.5 65490665.2777778 1.26992327811745e-07 5417 0.00022718189403729 0.59987407409478
0.42 1A 79838854.962963 79846059.9259259 5.0202183761013e-08 11442 0.000644501230554099 0.391629607747473
0.43 1A 150991632.509202 151000014.576687 5.40742984873289e-09 59582 0.00054829014450673 0.328028476696418
0.44 1A 282030808.439252 282037157.102804 1.17476864223497e-08 40447 0.000569146402131184 0.340919504239196
0.45 1A 329694522.078947 329701969.618421 3.05823575756237e-08 25903 0.00055873123286878 0.46019535076456
0.46 1A 354620307.789474 354625302.184211 2.40426513337565e-08 12550 0.00064311933059761 0.215593853495579
0.47 1A 368767372.074074 368772591.148148 1.49204185201233e-08 9958 0.00102335671199036 0.142910937730008
0.48 1A 378651886.12 378657100.52 1.41050067356958e-08 8810 0.000816302104994325 0.247130694152789
0.49 1A 393627923.487805 393634420.780488 2.14030465400694e-08 17387 0.00110606079754989 0.211675818948287
0.5 1A 426863505.709091 426869324.4 7.40753853848035e-08 19746 0.00102677203626051 0.208193880397099
0.51 1A 446957386.813953 446962746.534884 1.29138949148214e-07 12540 0.00123904059035088 0.232841529926688
0.52 1A 459594540.25 459599316.05 1.84688341773678e-07 7820 0.00173288643580563 0.154296731685596
0.53 1A 464668193.142857 464671999.333333 2.09887421752976e-07 4702 0.00667690739897916 0.0997678594963335
0.54 1A 470323782.666667 470327846.777778 2.38844699183907e-07 2911 0.00682838756441086 0.18255700199405
0.55 1A 474038351.2 474043987.2 2.58350265842343e-07 3125 0.00039895299456 0.786280856034089
0.56 1A 478764090.888889 478768545.222222 2.84805973470208e-07 1352 0.00270757749260355 0.0509172923654103
0.57 1A 481869490.666667 481873032.208333 3.0369075277322e-07 4635 0.00328558331909385 0.101476094483733
0.58 1A 485840403.75 485846692.25 3.29223809285092e-07 5457 0.000915029110133773 0.379039719180448
0.59 1A 487843305.666667 487849164.333333 3.42654562040759e-07 1086 0.00575919665745856 0.108255777219492
0.6 1A 490945907.25 490952007.25 3.64686861093994e-07 1367 0.0135728123628383 0.0670834646771838
0.61 1A 493388860 493392882.6 3.78864993111602e-07 1211 0.000488088059454996 0.62309333724756
0.62 1A 495195521.333333 495199851 3.85195626897421e-07 1142 0.000547753633975482 0.297492856710655
0.63 1A 496397979.4 496401940.4 3.88093882059414e-07 1749 0.000663549335620355 0.32454036438179
0.64 1A 498526102.076923 498529370.769231 3.90264012973497e-07 2131 0.00182503378695448 0.192783034428886
0.65 1A 499995255.333333 499998717.666667 3.89646139407492e-07 2064 0.000932617233527132 0.191914850969258
0.66 1A 502861256.833333 502866422.333333 3.89450249442632e-07 2173 0 Inf
0.67 1A 506402393 506408836.727273 3.96329721481064e-07 3462 0.00331902892836511 0.137746203538101
0.68 1A 510759990.75 510763665 3.752770079243e-07 626 0.00101009329073482 0.294320987654321
0.69 1A 513584452.142857 513589587.571429 3.30746898229386e-07 2229 0.00271722285329744 0.416246127212057
0.7 1A 516653284.454545 516659123.636364 3.30877269371794e-07 4951 0.0027665820137346 0.120601294007466
0.71 1A 518755842.833333 518766001.166667 3.44917023453299e-07 3035 0.00406608255024712 0.166541550794094
0.72 1A 520492554 520497394.5 3.45182056416856e-07 1846 0.0082899055687974 0.0728158240785641
0.73 1A 521339751.571429 521343346.142857 3.47168453542856e-07 1510 0.0194001475496689 0.0518446172260286
0.74 1A 522957265 522960769.5 3.5448727333406e-07 435 0 Inf
0.75 1A 529723452.555556 529728818.166667 4.35227669253719e-07 6617 0.00505165022215506 0.118444922583114
0.76 1A 532500798.090909 532505968.636364 4.6472764373422e-07 3181 0.00868428932411191 0.0536162235239159
0.77 1A 534454944.625 534458898.125 4.68613175544003e-07 2243 0.0100803184306732 0.0853932945129701
0.78 1A 536519149.25 536522979.75 4.42494920641095e-07 976 0.00858803489754098 0.0746740157591014
0.79 1A 537633584.5 537638384.666667 4.35288664561901e-07 2183 0.00611105946404031 0.156905825077331
0.8 1A 538804851 538808313 4.51075929880622e-07 312 0.00738916 0.0780969690736159
0.81 1A 540171473.142857 540176415.571429 5.045736098906e-07 1941 0.00834961722823287 0.167397230605031
0.82 1A 541848458.6 541852655.4 6.18077073338259e-07 1421 0.00461600366643209 0.109711710209995
0.83 1A 542286495 542293205 6.56670797155275e-07 1033 0.000621364762826718 0.286279787583089
0.84 1A 544267598.692308 544271825.846154 8.25843695719118e-07 2678 0.00338140218820015 0.182446408031148
0.85 1A 547027438.555556 547033146 1.0766916124279e-06 2280 0.0151403990350877 0.0616511344352676
0.86 1A 549854514.428571 549859455.071429 1.28371404415492e-06 3698 0.0184001433369389 0.135904897392393
0.87 1A 551645102.5 551648790.5 1.4112307543437e-06 1476 0.0187733170528455 0.0492620429993133
0.88 1A 552211319 552213816 1.47409451758736e-06 120 0.0205509 0.150798261876609
0.89 1A 553704158 553707207 1.60887420646116e-06 179 0.0452783 0.029806110211735
0.9 1A 554264103.333333 554268953.333333 1.64841609683054e-06 930 0.0240864251612903 0.0497132516805946
0.91 1A 554830347 554835264 1.68311680802607e-06 167 0.0235371 0.0929587757200335
0.92 1A 555636929.5 555640137.5 1.72168811259233e-06 112 0.0112158696428571 0
0.93 1A 556297389 556306081 1.74436526871546e-06 512 0.00466472 0.235879109571421
0.94 1A 556792217 556795702 1.75590047225938e-06 416 0 Inf
0.95 1A 557037201 557041082.25 1.75988637882259e-06 1284 0.0185992794080997 0.178590928443985
0.96 1A 557487151 557491334 1.76450617803736e-06 483 0.00885173 0.130845608711517
0.98 1A 557943068 557947079 1.7652612809824e-06 179 0.0174568631284916 0.0573546572981093
0.99 1A 558184883 558189224 1.76409132394855e-06 422 0.0082162 0.107503833889146
1 1A 558534331.666667 558542396.666667 1.76043738407126e-06 1063 0.00432209286923801 0
1.02 1A 558954431 558955874 1.75315029310633e-06 123 0.0101038 0.149267602288248
1.06 1A 560177974 560181992 1.71297405283141e-06 128 0.00697573 0.610138293769971
1.07 1A 560429261 560435391.5 1.70121871292714e-06 223 0.0111526950672646 0.0745748157154799
1.08 1A 560953573 560957461 1.67308968430037e-06 271 0.0112646990405904 0.122746190378155
1.09 1A 561335324 561346990 1.64908765145755e-06 1544 0.00206839 0.576196945450326
1.1 1A 562023391.5 562027032 1.59968980019527e-06 1266 0.0222432469984202 0.0704834355409578
1.11 1A 562635582 562638096.333333 1.54768845930649e-06 688 0.0168220123546512 0.0566526745544548
1.13 1A 563680627 563684694.333333 1.4438926751843e-06 653 0.00569710995405819 0.244323383866643
1.14 1A 564267476 564272014.75 1.37632956214329e-06 1078 0.0353286293970315 0.062944401788782
1.16 1A 566026205.25 566032289.75 1.22608989415872e-06 1149 0.0211622767624021 0.149108200973077
1.17 1A 566505469 566508290.8 1.21323158290673e-06 1561 0.0156910820627803 0.140199467872232
1.18 1A 567997360.6 568003304.8 1.16256617186614e-06 2036 0.0198703291208251 0.0365381966356913
1.19 1A 570889475.5 570895458.5 1.05571739293477e-06 1111 0.0279209357335734 0.0419929235309286
1.2 1A 572157178.8 572160685.4 1.00599114407938e-06 1156 0.0123018183217993 0.052381839847264
1.21 1A 573537814.125 573542819.875 9.4820098512212e-07 1913 0.0263265708834292 0.036878204900969
1.22 1A 575250687.6 575255818.8 8.87989738941983e-07 1195 0.0319320861924686 0.0529434888788426
1.23 1A 576594124.714286 576599893.428571 8.40172895135432e-07 2722 0.0193724184166054 0.125966395765556
1.24 1A 577539455.5 577545219 8.05667659030128e-07 2028 0.0263721174556213 0.0584996955891542
1.25 1A 578516213 578522072 7.69298887934663e-07 330 0.0476372 0.0116674363732545
1.26 1A 578922141 578922999 7.54053147887011e-07 136 0.0115726 0.176115998133522
1.27 1A 579486803.666667 579490680 7.32415751053744e-07 744 0.0429986181451613 0.0246220872082977
1.28 1A 580365073.333333 580370594.333333 6.98389221397727e-07 1135 0.0315733516299559 0.0862392863667965
1.29 1A 581923474.166667 581929125.666667 6.36516900480466e-07 2812 0.00986714625889047 0.0510819694975747
1.3 1A 583191854.8 583196107.6 5.85095413273084e-07 1712 0.00908889963785047 0.107011869563717
1.31 1A 584590937.5 584594869 5.29943452368631e-07 573 0.0345096560209424 0.0561849879394102
1.32 1A 586661638.25 586666380.25 4.48534114828031e-07 963 0.0142296903011423 0.0794240691556957
1.33 1A 591351469.777778 591357693.833333 2.82039665668709e-07 10453 0.00876911706400076 0.127974850646864
0 2A 1616090.125 1623227.5 6.03792249151259e-07 3340 0.0116839848952096 0.20697491481991
0.01 2A 4035063.46153846 4040242.61538462 5.2832487382243e-07 4233 0.0242394244932672 0.0857775567073326
0.02 2A 5815476.4 5818559.8 4.52092737770221e-07 1558 0.0119034086842105 0.21976208610999
0.03 2A 7717105.66666667 7722376.66666667 3.7900945708021e-07 755 0.0109813255629139 0.0730240908201435
0.04 2A 8368596 8370950 3.56016959623875e-07 314 0.00205386 0
0.05 2A 15734409.1428571 15739877.5714286 7.36155077098758e-08 7940 0.0199537776838791 0.0865587534619677
0.06 2A 21261065 21267439 5.68979859634765e-07 217 0.00565771 0.151651639974477
0.07 2A 24404389.5 24408981.5 8.47960370696956e-07 298 0.0267604234899329 0.0305787789245317
0.1 2A 27238197 27251005.3333333 9.92973995209054e-07 1454 0.0125127580192572 0.0717437400353972
0.12 2A 28793135 28797715 1.03004206879248e-06 227 0.0334442202643172 0.102695500088384
0.13 2A 29274185.2 29280908 1.043592504309e-06 2881 0.00525176165914613 0.109683568377255
0.14 2A 30036072.5 30040076.5 1.11878798651699e-06 846 0.0469408511820331 0.0124074954184898
0.15 2A 30746550.4 30753197.6 1.15263073820337e-06 4327 0.0174290695863185 0.0384695868184624
0.16 2A 31896220 31899684 1.12705611376636e-06 98 0 Inf
0.17 2A 32206449 32213575.6666667 1.10060494069192e-06 1190 0.0131965327731092 0.109892664064931
0.18 2A 33372770.6666667 33376473.6666667 1.06880971880946e-06 475 0.0136409442315789 0.223216688544995
0.19 2A 34419601.5 34425665 1.106107273661e-06 581 0.0286820729776248 0.0146636071573526
0.21 2A 36087875 36092114 9.97939079486666e-07 109 0.0242782302752294 0.298351515200067
0.22 2A 36936979 36941388 9.12302011202383e-07 935 0.00921892629946524 0
0.23 2A 38351939.3333333 38355352 8.60538870337976e-07 412 0.025877465776699 0.0350613754653782
0.24 2A 38859897.25 38867323 8.47881062387143e-07 2766 0.0164593826464208 0.13859646574849
0.26 2A 40540614 40547241 8.28118799137629e-07 713 0.01127 0
0.27 2A 41231826 41242893 8.29957531551943e-07 862 0.00392734 0
0.28 2A 42447219.6666667 42451099.6666667 8.47429255122983e-07 777 0.025893061003861 0.0922150925444842
0.29 2A 44126185.5 44132419.5 8.72132878525724e-07 915 0.0225207544262295 0.140679837652897
0.3 2A 48200913.3333333 48207390 9.33943073554878e-07 1849 0.00271335934072472 0.0368215709939302
0.31 2A 50053464.6666667 50059158 9.56515092010376e-07 833 0.00303925942376951 0.242919313880052
0.32 2A 51475182.3333333 51480603.3333333 9.60084891441425e-07 1372 0.0044855377696793 0.03976921735816
0.33 2A 52126850 52131904 9.58200033736231e-07 185 0.0050162 0.387398827797935
0.35 2A 53768904.3333333 53775203.6666667 9.42656880780007e-07 1461 0.00258928080766598 0.36443218334941
0.36 2A 54742484.3333333 54744771 9.26551941024966e-07 244 0.0027103681147541 0
0.37 2A 55172843 55177658 9.17721035634455e-07 384 0.00486706 0.0991802032438474
0.38 2A 55912022 55917542 9.00190838755467e-07 1312 0.000964985509146341 0.145454774884826
0.39 2A 56926278.5 56933168 8.71248829860462e-07 586 0.00225895085324232 0.550491741159855
0.4 2A 57518567 57527463 8.58259140801204e-07 2601 0.00118439411149558 0.180055339342108
0.41 2A 58206853.6 58214006 8.69025275832683e-07 1373 0.00188877209031318 0.141769455122711
0.42 2A 59058535 59064072 8.76192031481183e-07 113 0 NA
0.43 2A 59554058 59558659 8.73803503636968e-07 481 0.0101051309355509 0.229853727917617
0.44 2A 61436327 61438994 7.91165515370013e-07 370 0 Inf
0.45 2A 62452933 62456843 7.56960392263731e-07 452 0.00704351504424779 0.0584873903968905
0.46 2A 63542437.5714286 63546657.1428571 7.34204336636608e-07 1810 0.00247699452486188 0.332927982592627
0.47 2A 65430943.6666667 65436090.8333333 6.9240319871179e-07 1762 0.00107336935300795 0.985994062846856
0.48 2A 67006064.6 67012856.4 6.55131492834188e-07 2962 0.00254646550573937 0.121826693623776
0.49 2A 68981740.8333333 68986528.6666667 6.0543180159933e-07 1611 0.00636910401613904 0.0656424766465309
0.5 2A 70720041.8 70723462.2 5.58851766927793e-07 1728 0.00648727337962963 0.0979745251573585
0.51 2A 73158041 73166773 4.89318806076377e-07 918 0.00142461 0
0.52 2A 74916567.5714286 74922239.2857143 4.3583052659874e-07 3262 0.0012185034396076 0.304011616585826
0.53 2A 78461346.0714286 78468297.0714286 3.20102163880197e-07 4463 0.00114935941295093 0.129551310080457
0.54 2A 81341320 81347572.1538462 2.27284124055046e-07 5731 0.00227310704589077 0.226345750326398
0.55 2A 116665395.79562 116670349.489051 2.07513731709789e-08 41460 0.00153302750472745 0.207869343656874
0.56 2A 183366908.006579 183372576.855263 4.26000709913636e-08 50307 0.00100988619112648 0.153980841008277
0.57 2A 231347815 231369634 1.68898999431179e-08 666 0 NA
0.6 2A 265933266.857143 265944549.428571 4.6580212946674e-09 13550 0.00045613336597786 0.401326582689274
0.61 2A 402754003.897561 402762424.482927 3.32694707039084e-09 79278 0.000885760674310654 0.352872556772847
0.62 2A 505996588.477612 506001198.895522 3.14722363238615e-08 20261 0.000797591613839396 0.356081606978406
0.63 2A 532946818.638298 532952543.595745 4.55439376462026e-08 14511 0.00128568798842258 0.196508343173273
0.64 2A 553688650.035714 553693695.321429 5.23172416546774e-08 9432 0.00356652228265479 0.265639399262298
0.65 2A 569134087.290323 569138957.645161 5.20252434923997e-08 9527 0.0015994786480529 0.239702275508179
0.66 2A 583455219.575758 583461069.272727 4.739535217103e-08 7804 0.00141230422860072 0.28971493198161
0.67 2A 598871772.114286 598876187.142857 5.22020334561359e-08 11506 0.001790717170259 0.215945263015581
0.68 2A 609541973.111111 609548389.222222 6.16598173086153e-08 7563 0.00379031822662964 0.26944420153758
0.69 2A 620128862.794872 620133960.871795 7.69864018613124e-08 10572 0.00191257888791146 0.250951055325178
0.7 2A 633860082.307692 633864273.076923 1.03963307676911e-07 4562 0.00334272140705831 0.0849579161793543
0.71 2A 639434861.777778 639439715.333333 1.17484973659142e-07 3032 0.00062814861444591 0.357731707566374
0.72 2A 646713860.380952 646718169.095238 1.37775871201343e-07 4807 0.000671539051383399 0.687271702878058
0.73 2A 654816854.4 654822771.466667 1.62838445901598e-07 4183 0.0014919987855606 0.148394901078298
0.74 2A 661520208.333333 661525501.2 1.88762038011601e-07 3317 0.00139526681037082 0.0624903496845566
0.75 2A 667387725.625 667396368.125 2.13819759854906e-07 4758 0.00569713173602354 0.239371633133179
0.76 2A 670867494.909091 670871205.454545 2.29027196236257e-07 2126 0.0004145610724365 1.6886041526608
0.77 2A 675039988.5 675044300.125 2.47622023501526e-07 2714 0.0096551897752395 0.0683433017505729
0.78 2A 678617833.5625 678622210.8125 2.63857044288055e-07 4370 0.00533327640366133 0.118577839750194
0.79 2A 681553787 681560752.142857 2.77407259427724e-07 3214 0.00195731036403236 0.10844348777759
0.8 2A 685526369.846154 685532262.153846 2.96014892121529e-07 4476 0.00332958874307417 0.222873318632621
0.81 2A 688997230.818182 689002247.181818 3.12556063818585e-07 2933 0.00320559700647801 0.173559564621971
0.82 2A 692010857 692015782.777778 3.26833424371914e-07 1692 0.00558729870567376 0.31203452127264
0.83 2A 695431824.272727 695436199.818182 3.38856499775301e-07 3350 0.0034768808358209 0.155712500949127
0.84 2A 698571500.8 698574526.6 3.47068362837331e-07 1064 0.00904437098684211 0.0636523565976197
0.85 2A 701834485.5 701838137 3.57592842951465e-07 773 0.00522147192755498 0.494289947831595
0.86 2A 704950518.636364 704955459.181818 3.70071530072227e-07 3047 0.0051355676652445 0.193416211301828
0.87 2A 707203501.8 707206673.8 3.80677764514209e-07 1122 0 Inf
0.88 2A 710153883.7 710158318.4 3.966058158566e-07 2993 0.00539042029401938 0.109127752066855
0.89 2A 712832745.857143 712836637.571429 4.13005164119383e-07 2309 0.00674648328280641 0.120926018084433
0.9 2A 715257425.888889 715261889.888889 4.29431650597699e-07 2085 0.000822228292565947 0.656693042458716
0.91 2A 717761567 717766150 4.47995192402437e-07 3615 0.00551884954633472 0.278428950847886
0.92 2A 719230973.5 719234613 4.62325969312352e-07 187 0.0162900101604278 0.223780205308729
0.93 2A 722132281 722142129 5.1204088553919e-07 1215 0.00378947 0.0396361496462566
0.94 2A 722908120.125 722912036.25 5.17595933383164e-07 2399 0.0102448684076699 0.068170304679312
0.95 2A 725091114.142857 725096211.285714 5.27205320894571e-07 2531 0.0143139786961675 0.0970134156761695
0.96 2A 727195149.666667 727201612 5.41784773234468e-07 1025 0.019236212097561 0.172855183892144
0.97 2A 729073055.6 729078342 5.62647489619599e-07 5279 0.00351620501231294 0.109396100492209
0.98 2A 730570014 730574490.5 5.72728809641417e-07 976 0.00532395327868852 0
0.99 2A 732581817 732588435 5.72369990708213e-07 479 0.00129805 1.09375601864335
1 2A 734159638.833333 734164447.5 5.59349128302292e-07 1642 0.0134816462423873 0.0255153488858383
1.01 2A 735130361 735135089.75 5.50605715019449e-07 1403 0.0301109036778332 0.0267702272967667
1.02 2A 737427605 737431215 5.41279393218019e-07 127 0.027551 0
1.03 2A 738909094.8 738914195.4 5.25958209918366e-07 1564 0.0117933184462916 0.152234328596933
1.04 2A 740441650.142857 740449031.571429 5.15396614107889e-07 3776 0.0182162757335805 0.0431325989990392
1.05 2A 743318104.6 743323259 4.84723572038457e-07 3614 0.0185133391311566 0.0421903618221872
1.06 2A 745855224.384615 745860231.384615 4.461912764261e-07 5086 0.0127266814323634 0.0709170258857687
1.07 2A 748050963 748056478.8 4.21122822947704e-07 1120 0.00766685129464286 0.0867954799077655
1.08 2A 751545455.5 751550559.5 3.59292061512037e-07 429 0.00877925251748252 0.390371383466221
1.09 2A 753442309.888889 753447795.666667 3.21048058299044e-07 1585 0.025268672214511 0.0476405126554849
1.1 2A 757177738.785714 757182392.5 2.38691329365076e-07 4109 0.0209897804307617 0.0581522622583264
1.11 2A 770617748.438596 770622603.684211 5.15050320950795e-08 17647 0.0224561516660056 0.047947723910526
0.02 3A 1336677.33333333 1339811.33333333 4.27339421348403e-08 635 0.0446096192125984 0.00995975088625531
0.03 3A 1924585 1928794 7.4069899133783e-08 303 0.0143426 0.0426973491556622
0.07 3A 8579557 8584153.75 3.99176374605708e-07 2160 0.0217421488425926 0.0211517814066621
0.08 3A 12075840.8 12080342.8 5.64355216604428e-07 2257 0.0208157713469207 0.0157573097990739
0.09 3A 13070780.4 13077058.1 6.29360247287645e-07 3737 0.0197418353706181 0.0862135309784219
0.1 3A 14501154.5 14505003.3333333 6.73770479521435e-07 962 0.0203247852390852 0.1403569550801
0.14 3A 20081123.5 20086844 1.16018282428436e-06 260 0.0230330253846154 0.0620089454830627
0.15 3A 20530991 20534595.3333333 1.2002899716584e-06 452 0.0320573451327434 0.0755560320553875
0.16 3A 21315635.6666667 21317915 1.25747428102506e-06 305 0.0137329652459016 0.103797587062496
0.17 3A 21786689 21788782 1.28334387652264e-06 196 0.0216284 0.106024486323538
0.18 3A 22614644 22618969 1.27086032782751e-06 297 0.0411775 0.105092344119968
0.19 3A 23462575.5 23467950.5 1.21684516737784e-06 983 0.025312017293998 0.147981794501046
0.2 3A 23826189.5 23830542 1.18803967542981e-06 443 0.0525649591422122 0.0533315894736269
0.22 3A 25304859.25 25309722.5 1.10469630507612e-06 1536 0.00951603381510417 0.114575362858966
0.24 3A 27007424 27010880 1.10378797369014e-06 59 0.0299552627118644 0.213413166131075
0.25 3A 27588851 27591922 1.114246842628e-06 346 0.0073330761849711 0.0726707158785447
0.26 3A 28476216 28477243 1.12541959669079e-06 159 0.0311898 0
0.28 3A 30553772.75 30558269.5 1.12891150866754e-06 494 0.00244773983805668 0.154696291418073
0.29 3A 31829375.7142857 31835387.2857143 1.11535392888302e-06 1733 0.0181723618869013 0.0330378299075924
0.3 3A 32485699 32488884 1.10381213356289e-06 540 0.0187898492962963 0.0182333307539921
0.31 3A 34525419 34529494.5 1.04756655795829e-06 746 0.011703208847185 0.0423682398326675
0.32 3A 36140947.25 36144310.5 9.81067217997611e-07 813 0.00551513778597786 0.0814850497290135
0.34 3A 38329255.5 38336160.5 8.98814246505145e-07 618 0.0069686140776699 0.0848655849093143
0.37 3A 40349096 40361359 8.48398860185471e-07 652 0.00685166 0
0.38 3A 40826191 40831652 8.37238073414822e-07 86 0.0132548 0
0.39 3A 42194773.5 42201971 8.06368112288496e-07 1274 0.000532427335164835 0.267970217411247
0.41 3A 44695968 44700692.5 7.55261196161166e-07 282 0.00221648170212766 0.888801855550769
0.42 3A 45775723 45784143.6666667 7.35312932344385e-07 2904 0.00178607278443526 0.142613776398414
0.43 3A 47102658.125 47107047 7.11993106718408e-07 2170 0.00992890989861751 0.0660046075161695
0.44 3A 50371186.6666667 50375468.6666667 6.62316964004103e-07 883 0.00607907852774632 0
0.45 3A 52482653.875 52486954.125 6.33408273489774e-07 1734 0.00542518025951557 0.0909997901759428
0.46 3A 55055623.3333333 55058996.6666667 5.87291689177327e-07 1006 0.000588080218687873 0.318343208948753
0.47 3A 56358572.6363636 56363455.9090909 5.62213456705068e-07 3142 0.00965785985105029 0.0876715531453588
0.48 3A 57734933.625 57739931.125 5.33441066445477e-07 2472 0.00357093237864078 0.0416910630173138
0.49 3A 60317056.1666667 60322004.8333333 4.79453087121488e-07 1922 0.00432723398543184 0.132323216201828
0.5 3A 61333140.6666667 61337819 4.59290948006011e-07 906 0.00221364238410596 0.543531502423263
0.51 3A 63068721.6666667 63072666.8333333 4.26491044838321e-07 1229 0.00149418058584215 0.403612483155017
0.52 3A 64497819 64502647.8 4.00866664087327e-07 2117 0 Inf
0.53 3A 66787505.4 66791054.2 3.6249055916807e-07 1518 0.00040237790513834 0.912877880811512
0.54 3A 68100557.8571429 68105996.4285714 3.41544211384721e-07 2963 0.000639448801889976 0.488850024183417
0.55 3A 71970908.25 71975428.875 2.769813531045e-07 1790 0.00107098779888268 0.188991360641032
0.56 3A 76469994.5384615 76475550.7692308 2.30686297525194e-07 4161 0.000585512309540976 0.0754628142107895
0.57 3A 84368504.4666667 84374576 2.01041628350913e-07 5892 0.00145739651221996 0.387869439084829
0.58 3A 96382447.4545455 96389607.7727273 1.45851056087676e-07 10880 0.00141634549071691 0.238634925942882
0.59 3A 110287927.666667 110291816.2 7.59349812195235e-08 7430 0.000848501692866756 0.205392597906035
0.6 3A 120905800.5 120910892.583333 2.66372832946955e-08 4373 0.000418027873313515 0.660511461293027
0.61 3A 133559413.866667 133564569.2 8.59117693800264e-10 3361 0.000755164909253198 0.364001700226254
0.62 3A 145882112.826087 145887483.173913 0 7352 0.000632256945048966 0.673962442086962
0.63 3A 165062273.951219 165067110.097561 3.51163171782835e-09 11601 0.000107441546418412 1.47830512146625
0.64 3A 292313490.927885 292322411.596154 9.98950628841459e-09 80099 0.000443707657611206 0.309555850363616
0.65 3A 432070594.289157 432076237.457831 2.4290635734824e-08 25598 0.00047831231107899 0.282217191773113
0.66 3A 467636080.576923 467641795.730769 3.87254300380247e-08 18458 0.000577477356268285 0.225018698481042
0.67 3A 491684391.704918 491690225.704918 3.9073264294293e-08 21481 0.0021619398956287 0.226434780743964
0.68 3A 508202779.025641 508207698.435897 3.83687199988378e-08 9516 0.00141145574190836 0.174053453337229
0.69 3A 516391005 516397079.5 3.42045090809344e-08 5431 0.00130023906094642 0.208111061864785
0.7 3A 519928399.6 519933192 3.14445071025562e-08 923 0.00072841863488624 0.269809816721065
0.71 3A 536338908.915493 536344526.577465 3.84113577073333e-08 25271 0.00165783506442167 0.219458498038386
0.72 3A 555930947.333333 555935490.333333 7.78896959588975e-08 967 0.000722798097207859 0
0.73 3A 560494280.692308 560506125.461538 8.66514629674343e-08 5735 0.00134485943435048 0.0958473730772984
0.74 3A 566295894.214286 566302746.357143 1.07547635381877e-07 5089 0.000376280326193751 0.672307236479277
0.75 3A 571019539.777778 571024229.333333 1.35717318183678e-07 2202 0.000670292988192552 0.330920833241982
0.76 3A 575081981 575085784.357143 1.59022635299527e-07 3231 0.0037650257629217 0.173177097345759
0.77 3A 578035938.222222 578039153.666667 1.6951646500697e-07 1738 0.00135572752589183 0.188156377542996
0.78 3A 579412599.75 579416769.5 1.74325482801955e-07 1098 0.00134046702185792 0
0.79 3A 581260575.8 581264125.2 1.80672363122549e-07 847 0.000699374545454545 0
0.8 3A 583752562 583756829.4 1.89059953866215e-07 1260 0.000909225777777778 0.166129690245446
0.81 3A 585210747.25 585214711.5 1.93882606443e-07 1444 0.000428778511080332 2.17069442108604
0.82 3A 588002591.428571 588010243.285714 2.02918782494864e-07 2987 0.00146931361566789 0.208587435854374
0.83 3A 596053632.592593 596057849.592593 2.27212102712591e-07 8176 0.00189775641511742 0.136980918240988
0.84 3A 601684022.714286 601688476.285714 2.42846606107696e-07 4287 0.00137021379286214 0.0920891923286247
0.85 3A 604570381.375 604573877.375 2.5047652341819e-07 1797 0.00211394715637173 0.130830661919886
0.86 3A 609656950.545455 609661801.818182 2.63651230977693e-07 4852 0.00218357690519373 0.15149540881323
0.87 3A 614770732.461538 614775200.384615 2.76507878206583e-07 4098 0.00217097121522694 0.103599056256748
0.88 3A 620968381.666667 620976044.833333 2.91644393230045e-07 2094 0.00345692662368672 0.10275595554672
0.89 3A 624328620.9 624331787.2 2.99600740848452e-07 2859 0.00559931894018888 0.093206803179609
0.9 3A 628382065.375 628389088.625 3.0900091320001e-07 1782 0.00561096477553311 0.0189497651295382
0.91 3A 632265290.538462 632272216.230769 3.17786393086459e-07 4843 0.0028808863596944 0.134497461314273
0.92 3A 635749618.3 635753713.2 3.2548707386308e-07 2468 0.00600848101296596 0.0866252530861776
0.93 3A 639074345.833333 639080150.25 3.32680204760516e-07 4094 0.00879785647532975 0.0578771527946466
0.94 3A 642469137.307692 642474286.076923 3.39730080618072e-07 4842 0.00269717076208178 0.149594586386861
0.95 3A 645658636.636364 645663416.727273 3.48584029940466e-07 5168 0.00774492677244582 0.109251030824843
0.96 3A 647878584.533333 647883068.733333 3.59819654468839e-07 4149 0.003749095835141 0.0590489284787863
0.97 3A 649817628.125 649822763.25 3.7229255798233e-07 3361 0.00500274872656947 0.1247969745846
0.98 3A 652631667.5 652636049.25 3.54830872030988e-07 2059 0.0161774081495872 0.0795255334010131
0.99 3A 654502007 654508093.75 3.3961715358896e-07 1201 0.00344828169858451 0.131042296483946
1 3A 656518786.75 656522522.5 3.28990908365727e-07 847 0.00714064958677686 0.319552102234836
1.01 3A 658380929.4 658387817.4 3.24017231141467e-07 3101 0.00165864512028378 0.404941123314412
1.02 3A 659941108.777778 659945396.666667 3.23435475787927e-07 2779 0.00286770822957898 0.294263888281023
1.03 3A 661987859.8 661993042.2 3.27968021994287e-07 1984 0.00218300834173387 0
1.04 3A 663500263.8 663504880.6 3.34928529939059e-07 1698 0.00297368088339223 0.0485346717086386
1.05 3A 669631630.333333 669636154.277778 3.98835137109752e-07 5659 0.00255454387170878 0.114010735712632
1.06 3A 674825468 674830720 4.86223134094563e-07 2012 0.000642476700298211 0
1.08 3A 678499131 678501364 5.73069879074752e-07 521 0 NA
1.09 3A 679789132.333333 679792617 6.08761676426688e-07 1823 0.000444450959956116 0.757233503255417
1.1 3A 681686762.8 681690677.4 6.96727916877187e-07 1240 0.00208847245967742 0.069124462533071
1.11 3A 683323015.666667 683327199.888889 7.85374593960603e-07 2628 0.0185652245471842 0.0387195514711256
1.12 3A 684801578.4 684805774.8 8.51678402868144e-07 1526 0.0106245210026212 0.0339396623357449
1.13 3A 686768952 686774353.5 9.18526890520346e-07 850 0.000765931623529412 0.629554706987513
1.14 3A 687596362.666667 687600780.666667 9.39166925973884e-07 572 0 NA
1.15 3A 688790561.4 688794991 9.61031996290887e-07 1678 0.0107807365613826 0.0438483057336197
1.16 3A 689492814 689498441 9.70225661015953e-07 730 0.00260838 0.290449244358567
1.17 3A 691041561.5 691044823 9.78692134774801e-07 265 0.0193844449811321 0
1.18 3A 692873094.5 692880428.833333 9.6898386379839e-07 1861 0.00260901956152606 0.150097975620969
1.19 3A 693484015 693487168 9.61292880591661e-07 18 0 NA
1.21 3A 694963927 694968387 9.32381548649203e-07 288 0 NA
1.22 3A 695728816 695732219 9.19616449717503e-07 443 0.00143495 0.386498484267745
1.24 3A 697318919.5 697322172.5 9.25585699708416e-07 325 0.0137705267692308 0.166986097308562
1.25 3A 697759112 697762913 9.10869477178256e-07 611 0.00784183003273323 0.0391973520075931
1.26 3A 698863040 698867798 8.42359439404854e-07 22 0 NA
1.27 3A 699840224 699858359 7.41012730893915e-07 164 0 Inf
1.28 3A 701266205 701274684.8 5.91417496069741e-07 704 0.00496701389204545 0.161295780139623
1.29 3A 705324255.25 705328868.75 1.81268554224168e-07 742 0.0044479734097035 0
1.31 3A 711201543 711207061.8 5.47868116989748e-07 1386 0.0073113208008658 0.109095089872304
1.32 3A 714150436 714156128 8.36660232616683e-07 136 0.0282797 0.284439014558146
1.33 3A 714684731 714690740 8.75431227334399e-07 263 0.0127402220532319 0.276946901260354
1.35 3A 716216026.5 716220996 9.5814157770294e-07 518 0.00407834474903475 0
1.39 3A 718399151 718401813 9.97066259864105e-07 224 0.0137216 0.242196974113806
1.41 3A 721894588.5 721905147 1.0099452962562e-06 269 0.0252894568773234 0.139420149210982
1.43 3A 724364307.833333 724368766 1.12032530078276e-06 1691 0.015379608083974 0.0431403680548564
1.44 3A 725970205.666667 725975571.333333 1.22587168178776e-06 1685 0.0193187175667656 0.0828406847790988
1.45 3A 727071777 727074292 1.28149355180831e-06 96 0.00722311 0
1.46 3A 727989884 727993508 1.3153957337639e-06 552 0.0234273 0
1.47 3A 728740673.666667 728743416 1.33441706699817e-06 473 0.0303406649048626 0.0384682730135377
1.51 3A 731010610.5 731015160.5 1.34748105046253e-06 529 0.00967889724007561 0.0360648695500439
1.53 3A 732262301 732268522.5 1.32485942338699e-06 163 0.0222896981595092 0.171533488963842
1.54 3A 732752557.25 732757710.25 1.31065679261971e-06 934 0.00711818788008565 0.0272725530131105
1.56 3A 734033178 734038830.75 1.25779393566678e-06 1640 0.0125692760609756 0.0572329098678896
1.57 3A 734280335 734283310 1.24516120024032e-06 86 0.0239975 0
1.58 3A 734783072 734791156 1.21662274415416e-06 1091 0.00457651 0.148418554750235
1.59 3A 735890842 735894915 1.14229104407113e-06 628 0.0201201394904459 0.0874261407249237
1.6 3A 737295044 737301603 1.02826395407725e-06 64 0 Inf
1.61 3A 738048681.5 738054063 1.02046067200862e-06 748 0.016570014171123 0.0454848990879779
1.62 3A 739151621.333333 739155500.333333 1.00677046229536e-06 635 0.0256756494488189 0.0484107267810855
1.63 3A 739588992.333333 739592541 9.98542228223097e-07 891 0.0251243563973064 0.0226281738837268
1.65 3A 742454519 742458087.5 9.06340311039903e-07 700 0.0273617802857143 0.0320680612354892
1.66 3A 743857018 743861805.833333 8.35790899960302e-07 2098 0.00992060023355577 0.234354944857309
1.67 3A 746051655 746056264 7.33236581558249e-07 116 0.0297767 0.333128251283722
1.68 3A 746847664.2 746851770 7.00766817502402e-07 858 0.021582048974359 0.0202016897620263
1.69 3A 749358829.333333 749363841 6.02372089883477e-07 1259 0.0121007281334392 0.119401669441285
0.02 4A 1892507.33333333 1899667.66666667 NA 1860 0.00540310082258065 0.198232628571061
0.03 4A 2332848 2337265.33333333 NA 1268 0.00238766645899054 0.575169697898117
0.04 4A 3009737.71428571 3015733 1.08829414968362e-06 1262 0.00465637118066561 0.124807721529503
0.05 4A 3868310 3876671 1.07592406483305e-06 214 0.0122158 0.279734442279671
0.06 4A 4722007.6 4726135.4 1.06362904373587e-06 1391 0.00046701964054637 0.582980329307868
0.07 4A 5522779 5527144 1.05203001250812e-06 781 0.00236041293213828 0.0591899733249434
0.08 4A 6013628.8 6021784.6 1.04487726224522e-06 1464 0.00177804643032787 0.212377423694349
0.09 4A 7063127 7066226.33333333 1.02963032114546e-06 993 0.000577572326283988 0.331706999739787
0.1 4A 7749195.66666667 7753194.66666667 1.01960285910574e-06 884 0.00229541404977376 0.0928040821823163
0.11 4A 8589129.66666667 8593138 1.0072965700833e-06 457 0.00137597759299781 0
0.12 4A 9667170.5 9670872.25 9.91444909111736e-07 1353 0.00711688098300074 0.0943409074777423
0.13 4A 10636377 10639773 9.77142184670035e-07 473 0.00516481 0.0763319463833132
0.14 4A 11475785.2857143 11479532 9.64705464457059e-07 1289 0.00718639416602017 0.086669195912462
0.15 4A 12498800 12501564 9.49508602022486e-07 646 0.000982190123839009 0.58114881063962
0.16 4A 13656187 13659029 9.32236068802801e-07 129 0.00639659 0.300111465640286
0.18 4A 15638398 15642171 9.02475043828397e-07 163 0 NA
0.19 4A 16122123.1428571 16126600.1428571 8.95173233753006e-07 3084 0.00185515668806744 0.224161897620072
0.2 4A 17206447.3333333 17210192.3333333 8.78782820557705e-07 861 0.00211516836236934 0.241518817490365
0.21 4A 18010331 18013889 8.66586402731785e-07 37 0 NA
0.22 4A 19623077.5 19625883 8.42011188950274e-07 412 0 NA
0.23 4A 20264810 20267038 8.32194442962212e-07 210 0 NA
0.24 4A 21405736.375 21410559.625 8.14654834606048e-07 4625 0.000254778488648649 0.295589414477361
0.26 4A 24206080 24214430 7.70443828010229e-07 210 0 NA
0.27 4A 24873791 24878265 7.59355320245242e-07 1999 0.00120957094247124 0
0.28 4A 25885947 25893930.5 7.42586730837752e-07 673 0.000872099732540862 0.750636710307135
0.29 4A 27681871 27686471 7.13352348586551e-07 100 0 Inf
0.3 4A 28980517 28985523.5 6.92552129482233e-07 1557 0.00194167891457932 0.186679514424954
0.31 4A 30409906.25 30413544.5 6.70012100997092e-07 883 0.00068643550396376 0.304781645229995
0.32 4A 31281656.5 31290654.5 6.5639770868382e-07 1615 0.00291701936842105 0.103989605972701
0.33 4A 33393537.6666667 33397112 6.24138645435313e-07 633 0 Inf
0.34 4A 34528313.75 34532621.75 6.07085614130739e-07 1090 0.00137356682568807 0.120395399417617
0.35 4A 36275714.8333333 36280063.9166667 5.81301026963657e-07 2597 0.00391900368887178 0.0847845672877154
0.36 4A 37612936.6153846 37618075.7692308 5.61913086440921e-07 3738 0.0054950973140717 0.0538221656659036
0.37 4A 38889568.8 38898879 5.43678179181383e-07 1722 0 Inf
0.38 4A 40518469.875 40522763.875 5.20912506646691e-07 1899 0.000946297825171143 0.311284051848139
0.39 4A 42682175.4 42688062.8 4.91381882244742e-07 2589 0.00110850380996524 0.102273043940175
0.4 4A 45270992 45274825.6666667 4.57081004899851e-07 1497 0.000422277432865731 1.17013232492348
0.41 4A 47061338.9166667 47068614 4.34107888924153e-07 6001 0.000799808590901516 0.242872122165397
0.42 4A 48895650.6666667 48900796.6666667 4.11096430069126e-07 894 0.00072226644295302 0.570681007863948
0.43 4A 53116943.3333333 53120783.3333333 3.60659598484611e-07 816 0.000658732169117647 0.844592093267398
0.44 4A 57906059.1764706 57910398.1764706 3.07023835951462e-07 5042 0.00103878174732249 0.223700844593655
0.45 4A 70301919.4426229 70307270.6229508 1.29534378338263e-07 21001 0.000593585258892434 0.396732358112099
0.46 4A 87706564.9677419 87711829.2258064 2.2235881733875e-08 9781 0.000849268549228095 0.33229428070248
0.47 4A 96573223.3913043 96577431.826087 1.95555588942288e-08 6037 0.000527537919496439 0.288999193223051
0.48 4A 121598258.110092 121602920.788991 2.35947310074152e-08 35218 0.000783730793656653 0.305130007108442
0.49 4A 163663844.358025 163669378.234568 4.4318931750075e-08 26101 0.000610113395731964 0.321149925357902
0.5 4A 219737358.391304 219747833.543478 5.90308553247667e-08 22156 0.000749912411175303 0.206920708253656
0.51 4A 329956068.185714 329970054.142857 3.03369577976953e-08 30091 0.000551711109933203 0.229126105232645
0.52 4A 400754845 400760929 0 510 0 NA
0.53 4A 464731974.46875 464737549.585938 0 40085 0.000664693276512411 0.248459551832913
0.54 4A 517452401.823529 517457691.647059 0 23478 0.000894064086378738 0.204573572827894
0.55 4A 548567310.207547 548572996.056604 5.35811217841634e-08 14763 0.00202535734877735 0.236610046478739
0.56 4A 565249023.294118 565256114.117647 1.84277123531529e-07 5288 0.00380677990166414 0.117013416819541
0.57 4A 572639391.7 572645569.75 2.78263200210051e-07 8878 0.00609205681572426 0.0975650976198757
0.58 4A 577875869.947368 577881750.052632 3.64508367256895e-07 7226 0.0115780616977581 0.0358937535234926
0.59 4A 582136680.666667 582142196.4 4.29524388580467e-07 10814 0.0146924588783059 0.0348622235318649
0.6 4A 584926702.818182 584931757.909091 4.71836456206605e-07 6526 0.0201633781474104 0.0445271833078819
0.61 4A 589210183.2 589213501 5.45539606948777e-07 564 0.00855786631205674 0.367011661909662
0.62 4A 590310286.5625 590317683.0625 5.66190512085044e-07 5473 0.0150063967860406 0.0882120609190563
0.63 4A 591784200.5 591792057 5.94792540707726e-07 889 0.00634114968503937 0.0647895777547991
0.64 4A 593544808 593552986 6.41681241298336e-07 2960 0.00764390212162162 0.0273629281571992
0.65 4A 594626054.833333 594629649.666667 6.69569562626544e-07 1728 0.0247769625 0.0641930433753622
0.66 4A 596242228.692308 596247478.615385 7.09946592141953e-07 4981 0.0165507053824533 0.0498795729223829
0.67 4A 597776868.7 597782041 7.46532902925427e-07 2507 0.0276115518707619 0.0673178640141879
0.68 4A 598916453.333333 598921470 7.72494777604805e-07 1726 0.0226369719988413 0.118805101914297
0.69 4A 600562521 600566960 8.08281841039026e-07 1476 0.0160844823848238 0.0676447856878333
0.7 4A 601364145 601368127 8.25095744170436e-07 394 0.0502069 0.00921909139978768
0.71 4A 603427298 603431297 8.98607440600887e-07 875 0.0397708643428571 0.033725852311876
0.73 4A 605463848.666667 605467584.333333 9.59455466087824e-07 680 0.0606592620588235 0.0136364056347905
0.74 4A 606747020.5 606754705.25 1.03097681294643e-06 1564 0.0158996173081841 0.0596566450438224
0.75 4A 607633229 607636147 1.07744277740027e-06 261 0.0182019 0.0385779506535032
0.76 4A 608778042.8 608782631.8 1.12397531961971e-06 1117 0.0207162001700985 0.0851063727449915
0.78 4A 610523101.25 610529352.75 1.18693395127271e-06 1873 0.0231239891617726 0.117626675114852
0.79 4A 611633480 611636794.5 1.27433164376121e-06 383 0.0396546451697128 0.1065504993765
0.8 4A 612060822.5 612063803 1.30375634838475e-06 353 0.0376125549575071 0.0510798376580287
0.81 4A 613367202 613371159.5 1.37899075012028e-06 272 0.0213804338235294 0.0320949541894923
0.82 4A 613858266.5 613865895.5 1.40121389276933e-06 969 0.0182842763673891 0.0208111240503847
0.83 4A 614639215 614643695.5 1.43061541941584e-06 525 0.0257730485333333 0
0.84 4A 615290892.333333 615294760 1.44932660262074e-06 553 0.0456113092224231 0.00723798077742687
0.86 4A 616375476 616379076.333333 1.46786933499041e-06 610 0.0144753092622951 0.020868395501253
0.87 4A 617114567 617118900.5 1.47170438088924e-06 773 0.00989659120310479 0.248338378824232
0.88 4A 617849660 617854328 1.46859242161599e-06 167 0 NA
0.89 4A 617943703.5 617948231 1.46767772452555e-06 729 0.0239935333333333 0.0843313966089331
0.9 4A 618570972.333333 618575377.666667 1.4586260617066e-06 518 0.0169206795366795 0.0749493402786018
0.91 4A 619202725.666667 619211761.333333 1.44428306596769e-06 1046 0.00965366006692161 0.0937622007329028
0.93 4A 620188580 620195028 1.41169772934462e-06 434 0.000819672 0.305917488946798
0.95 4A 621144656 621150031 1.36801266612642e-06 645 0.0196661202170543 0.0145047558806667
0.96 4A 621782947.5 621787582.25 1.33222151667888e-06 1206 0.0288090676036484 0.028424701804078
0.97 4A 622251377.5 622257614 1.30257060715651e-06 951 0.00998222664563617 0.0451426597266376
1.01 4A 625745896.75 625749438 9.91423779070381e-07 546 0.0189664442857143 0.135878808822589
1.02 4A 627516023 627521263 8.08785986336385e-07 528 0.0323227 0.0108540746905426
1.03 4A 628113511.666667 628118633.833333 7.62874064175168e-07 1406 0.00989258621621622 0.178177169965713
1.04 4A 629456147.428571 629462911.571429 6.88094195380357e-07 2852 0.0103621830680224 0.0605777769612696
1.05 4A 631434273 631439414.777778 5.88334985438105e-07 3140 0.00719058951592357 0.0627876781705258
1.06 4A 634142525 634148429.666667 4.71081665203116e-07 2059 0.00466900258377853 0.273447924818938
1.07 4A 637062053.5 637066122.5 3.67356237569562e-07 2397 0.00530195698623279 0.053537732705489
1.08 4A 640284210 640289092.454545 2.86234597565221e-07 2555 0.00717632165949119 0.129679802099161
1.09 4A 647178286 647182770 1.7075895931823e-07 281 0.00710339 0.303792977719089
1.1 4A 649802920 649811600 2.6637297282121e-07 295 0.0452193 0
1.11 4A 650367950 650370241 2.69536218955919e-07 126 0 Inf
1.13 4A 651623778 651627938 2.49390983008392e-07 141 0.0283874 0.090833257008391
1.24 4A 680057152.657895 680062445.815789 1.11094291206138e-07 10973 0.00610575534183906 0.162551745433675
1.25 4A 687572981 687576226.333333 2.20245302397245e-07 491 0.0202649382281059 0.0874482320359994
1.26 4A 690825584.5 690828983 2.93153096805436e-07 157 0.0153845169426752 0
1.28 4A 699899776 699902312 3.80558973263715e-07 65 0.0312826 0
1.3 4A 702043190 702046461 4.26908619957024e-07 69 0.0494785 0.127983871782693
1.31 4A 703268167 703271490 4.58984730407993e-07 37 0.0801068 0
1.36 4A 712939879 712942150 5.82541951524613e-07 393 0.00811110371501272 0.607275254150394
1.47 4A 734101756 734108378 4.34775561738721e-07 244 0.00694043 0.798178210860134
1.5 4A 739595683 739600745 3.77814913613408e-07 58 0.03996 0.0775768268268268
1.53 4A 743948594 743955168 NA 757 0.00420443 0.0578727675332923
0 6A 452774 456320.5 NA 1391 0.0138142476635514 0.0385412538243305
0.01 6A 1355427 1362294.2 2.86365174021009e-07 2354 0.0122517059685641 0.0863453607401408
0.02 6A 3176874 3181131.66666667 4.09553674103399e-07 910 0.0144623504395604 0.0422167457482194
0.03 6A 6831760 6837545.66666667 6.60140384045785e-07 2041 0.0196207509358158 0.112397207483489
0.04 6A 9185065.5 9191095.5 8.03491571645627e-07 1426 0.0188219692847125 0.191112871062963
0.05 6A 10803047.5 10806452 9.13017768384814e-07 695 0.0122200715971223 0.115271844725948
0.06 6A 11401465.75 11406912.25 9.33724762804097e-07 1247 0.0161471763432237 0.108473274819218
0.07 6A 12334617 12340784 9.48354988043472e-07 2208 0.0376955630434783 0.0022052245048561
0.08 6A 12953813.5 12959628 1.02723799622673e-06 776 0.00454007734536083 0.104257460734822
0.09 6A 13382681 13386524 1.06311635043408e-06 407 0.0456182 0.0101729792056679
0.14 6A 16226818 16234941 1.04114270876002e-06 374 0.00829493 0.119644891518072
0.15 6A 17502188 17506884.6666667 9.72681894217382e-07 3007 0.0191900973062853 0.0562000594905546
0.16 6A 22221598.4285714 22227846.5714286 6.45098100033815e-07 2189 0.0242704693284605 0.0729684087210525
0.17 6A 23711978.6666667 23715418 5.90754207590954e-07 1523 0.0305219667760998 0.0723038163870111
0.18 6A 24828478 24830423 5.4234250616879e-07 205 0.0242588 0
0.2 6A 25692506 25698785 5.06834713781939e-07 169 0.0197802 0
0.21 6A 29363999.75 29368491.875 3.52137121612272e-07 2225 0.0127371096359551 0.134430013563686
0.22 6A 36199510.8235294 36203096.3529412 4.12327435193245e-07 3657 0.00486785812687996 0.103278850252961
0.23 6A 40807396.5 40814769 5.04418507219132e-07 433 0.0028124284295612 0
0.24 6A 42922554 42927225 5.28969439054196e-07 242 0 Inf
0.28 6A 47895147.75 47898713.75 5.3499439341432e-07 726 0.0141192861019284 0.107809115139252
0.29 6A 48675836.8 48680655.6 5.2996820517687e-07 1230 0.0100826942926829 0.0900820347737128
0.3 6A 51406171 51409969 5.00086274474512e-07 336 0.00191826 0.284758583299448
0.31 6A 52277250.75 52282066.5 4.86354079412227e-07 865 0.00229705172254335 0
0.32 6A 53294262 53298616 4.88194645441251e-07 910 0.00212073931868132 0.0940877999222311
0.33 6A 55812190 55816588.8 5.03771680441561e-07 1335 0.00221322077902622 0.0647751841475464
0.34 6A 57694287.5 57700244 4.56962917403891e-07 540 0.0035692202962963 0
0.35 6A 60209900.6666667 60214719.3333333 3.8708608195745e-07 862 0.000722656519721578 0.582869048897186
0.36 6A 61011863 61022288.5 3.69995481226246e-07 2508 0.00172282615629984 0.126854823867907
0.37 6A 64341462.3 64348060.6 2.89617241377305e-07 2742 0.0019597862837345 0.110300193515906
0.38 6A 71305652.72 71310987.76 1.48160841185929e-07 10023 0.0026619519103063 0.0797295734796297
0.39 6A 82630678.6333333 82637174.0666667 1.35108801109419e-07 12186 0.00232623335499754 0.172380878791341
0.4 6A 92412921 92417183.7 1.33226104685484e-07 3469 0.00458604081579706 0.0805753487236321
0.41 6A 98700449.4 98706797.6 1.25655729491175e-07 1767 0.0043317186983588 0.0722982788726029
0.42 6A 104134388.833333 104140222.333333 1.15988055612572e-07 2136 0.00129052780898876 0.0661573099935812
0.43 6A 107996608.2 108002749.4 1.07115374132796e-07 6879 0.000740362776857101 0.325823955130846
0.44 6A 120158494.6875 120163846.75 8.35475768642139e-08 5896 0.00235707330223881 0.0528135765732275
0.45 6A 135609492.714286 135615947.952381 6.40269084048815e-08 8203 0.000739928533585274 0.192389782807523
0.46 6A 148666551.25 148672500 4.97307528886475e-08 8654 0.000451349924890224 0.434116633530529
0.47 6A 279304064.831731 279312559.225962 8.51207494934791e-09 72753 0.001135217910959 0.283204448379877
0.48 6A 410151771.307692 410157981.153846 1.21078315270798e-08 4494 0.000444259465954606 0.423270908353292
0.49 6A 421587238.444444 421593119.888889 2.39357657259516e-08 4920 0.000681805782520325 0.348578191799339
0.5 6A 430593810 430602593 3.52000181673144e-08 2054 0.000321350316455696 1.66825684825118
0.51 6A 432908787.333333 432913737.333333 3.84400902695651e-08 1883 0.00297260641529474 0.365717667304125
0.52 6A 437024879.625 437029120.75 4.45210216194615e-08 2075 0.000606963348915663 1.16802703370234
0.53 6A 440897675.545455 440901377.727273 5.06023628007583e-08 2146 0.000264952917054986 0.32997897110067
0.54 6A 444447862.285714 444454998.142857 5.55558884068625e-08 2334 0.000554345962296487 0.141015091380343
0.55 6A 448651396.272727 448655757.636364 6.08059415897674e-08 2705 0.000978829796672828 0.208481542296573
0.56 6A 455124778.217391 455130148.173913 6.8319537355525e-08 6918 0.00218341005926568 0.243952744405421
0.57 6A 469375438.862069 469380089.862069 7.81543417764001e-08 6377 0.00051160077152266 0.367169797601585
0.58 6A 486309051.371429 486313918.8 8.81411768635057e-08 8886 0.00071373602070673 0.242931618672584
0.59 6A 498545390.636364 498550554.69697 8.97610669565959e-08 12180 0.00101282472044335 0.119831382229464
0.6 6A 506348439.578947 506354700.789474 8.22752804185476e-08 7174 0.00319897132645665 0.0828711236044374
0.61 6A 514560436.652174 514565280.173913 8.8241063225166e-08 9007 0.000645871092483624 0.223738285050847
0.62 6A 525404944.431818 525409652.272727 1.1008222520159e-07 12991 0.0040919281771996 0.140076330914646
0.63 6A 539932954.34375 539937901.375 1.42784344653049e-07 13889 0.00285412056879545 0.16175723094898
0.64 6A 548417895.526316 548424534.263158 1.2943429543796e-07 9147 0.00112892971006887 0.355323633432939
0.65 6A 553540218.285714 553545493.142857 2.19091915736711e-07 3254 0.00421081980024585 0.192383199906305
0.66 6A 556959828.333333 556965524.777778 2.66247406103674e-07 2011 0.00179704670810542 0.411485769320957
0.67 6A 559338107.714286 559343332.714286 2.97897979181653e-07 2471 0.00347560657223796 0.0792143617439761
0.68 6A 563520816.4 563526869.1 3.76757932524006e-07 4713 0.00265705221514959 0.130962077964051
0.69 6A 565108395.333333 565115682.333333 4.13825581737935e-07 1156 0.00296029797577855 0.107557143653061
0.7 6A 569415907 569425662.5 5.36212146759729e-07 2845 0.00165636897996485 0.182670575110398
0.71 6A 571657414.6 571661254 6.11449313064769e-07 954 0.00066699962264151 0.587866984168473
0.72 6A 573415320 573420658.2 6.76121187898396e-07 2103 0.00972493498811222 0.162571156872411
0.73 6A 574751924.333333 574758605.666667 7.28979582798415e-07 1816 0.00428640060572687 0.179017540427102
0.75 6A 578113556.2 578121377.6 8.74457390264871e-07 2288 0.0163165465909091 0.0612790834466147
0.76 6A 579124412.75 579129660.25 9.21684692040034e-07 1732 0.0148391348729792 0.104829371507406
0.77 6A 580176809.75 580180287.25 9.72685476491517e-07 902 0.00749573308203991 0.0543821069738413
0.79 6A 581828041 581831614.4 1.08387823776928e-06 1465 0.00758820817064846 0.0951195870954429
0.8 6A 582810290 582813835 1.15419233609666e-06 12 0 Inf
0.82 6A 584766634.333333 584774176.666667 1.27981730947026e-06 665 0.00699313650526316 0.120027480194579
0.83 6A 585431820.333333 585438913.444444 1.31950459264925e-06 3850 0.0104342576623377 0.113690275827686
0.84 6A 586210930 586216037.25 1.37409601276326e-06 1664 0.00703784887620192 0.227998439000052
0.85 6A 586770093 586782183 1.41026912870965e-06 1891 0.00708631 0.0719409678662096
0.86 6A 587564389 587570511 1.45305007302883e-06 337 0.0440674 0.0622755143257828
0.87 6A 587813768 587821187.666667 1.46462383504073e-06 1604 0.0229812944638404 0.137998251935152
0.88 6A 588529938.5 588534477 1.49257610518611e-06 301 0.00215338916943522 0.286631361944566
0.91 6A 590074286 590079890 1.5271423180115e-06 631 0.00494696 0.237378106958617
0.93 6A 591379933.25 591385560 1.52860096568664e-06 2302 0.006713794196351 0.113970163134393
0.94 6A 591848464.4 591851112.2 1.52293237209603e-06 1149 0.014695949051349 0.0435988261001898
0.95 6A 592511694 592517005 1.50924354367174e-06 80 0 Inf
0.96 6A 593358660 593362173 1.48267496205091e-06 209 0.0150905 0.351340909843942
0.97 6A 593430767 593435915 1.47986774932404e-06 434 0.0224677 0.0387670300030711
0.98 6A 594797658.2 594802272.1 1.44121461793789e-06 2387 0.0196244884038542 0.0343359072966525
0.99 6A 596368658.333333 596374264.666667 1.31477249096283e-06 722 0.00465502728531856 0.0543833898102659
1 6A 596849378.25 596854205.25 1.25410137036243e-06 1349 0.0110189792290586 0.0883645665994101
1.01 6A 597319782 597325942 1.19660510656481e-06 836 0.0343309905502392 0.0729041681727706
1.02 6A 597831273 597837358 1.14135286821226e-06 378 0.0202597 0
1.04 6A 598911751.333333 598915902.666667 1.04855617382337e-06 548 0.0180871649635036 0.224365830494149
1.06 6A 600523520 600527421 9.75340051220438e-07 1563 0.0228311673896353 0.0257636695168996
1.07 6A 602889700.285714 602893766.714286 7.86550302985859e-07 3237 0.0239282626042632 0.0340023492667143
1.08 6A 605244873.166667 605251311 5.90753751893183e-07 3835 0.0160508973298566 0.0339757806805651
1.09 6A 606761359 606768258 5.89785674507852e-07 416 0.00984792 0
1.1 6A 607087413.428571 607091267.285714 5.90885922670908e-07 1437 0.0228093612665275 0.0982059352455239
1.11 6A 608091429.333333 608095088 5.97377759646405e-07 410 0.0133484908780488 0.16537894885737
1.13 6A 609273602 609278494.333333 5.70906711589748e-07 2065 0.0228832021452784 0.0392988403369764
1.14 6A 613474375.571429 613479241.52381 4.21186433767497e-07 13920 0.0222739046501437 0.0734391011997515
1.15 6A 617044838 617053409 2.55418019287355e-07 1898 0.0285901827186512 0.0183913687217989
0 7A 3774125 3777453.33333333 2.2411116369821e-08 734 0.015565038147139 0.0805027266270789
0.01 7A 8803844 8808021 9.14055834337105e-08 377 0.00125817135278515 1.45944962226768
0.03 7A 16016350 16023391 2.89412501051205e-07 92 0.00624133 0.662379653054717
0.04 7A 20412439.25 20416662.25 4.03900999925583e-07 1973 0.0266982016725798 0.0927542509146449
0.05 7A 24586444 24591932 5.78564665581568e-07 371 0.0170068 0
0.12 7A 32700574 32702532 1.1699091250191e-06 107 0.0112045 0.521471730108439
0.15 7A 34538999 34540876 1.29860125393025e-06 290 0.0345704 0
0.19 7A 36872224.6666667 36875846.3333333 1.3669678573392e-06 1042 0.0344977811900192 0.0103102351460029
0.23 7A 40043614 40051845 1.28938065762783e-06 489 0.0274787 0.155432025532503
0.27 7A 42963605 42965380 1.04474363569521e-06 135 0.0099283 0
0.31 7A 47444352 47448384 9.05036030758963e-07 469 0.00448648 0.0877516449421373
0.32 7A 48055953 48061026 8.87663204287728e-07 202 0.0845288 0.0108471195616169
0.35 7A 54997683 55001463 6.95186734136148e-07 128 0.0601504 0
0.36 7A 56151832 56157135 6.96195316903044e-07 45 0.0419255 0.0979764105377396
0.37 7A 57615247 57621248 6.38661797122666e-07 17 0 NA
0.38 7A 58841366 58844070 6.0034407785054e-07 222 0 NA
0.41 7A 64157483.5 64161714 5.38230789946184e-07 404 0.00678647995049505 0.134457502301734
0.42 7A 65235176.8571429 65239396.4285714 5.46303397628767e-07 1463 0.00766950312371839 0.0329486999528978
0.43 7A 67880555.2727273 67885340.6363636 5.84514683458594e-07 2361 0.0131903871029225 0.156415808241392
0.44 7A 71139886 71144315.5 6.16420411355589e-07 391 0.00338902493606138 0
0.46 7A 74283354.5 74290912.5 6.3932895954405e-07 441 0.00760731746031746 0.452732406171764
0.48 7A 76118406 76121640 6.65325433977075e-07 161 0.0369694 0.0408188934632426
0.49 7A 77316023 77323679 6.75736043597949e-07 683 0.0118598896046852 0.0831300689606166
0.5 7A 78581793.6666667 78585613.6666667 6.71316636967375e-07 471 0.0243458044585987 0.087598229365721
0.51 7A 79786886.4 79793654 6.52088935667378e-07 1576 0.00709107078045685 0.0834966639225904
0.52 7A 81179613.25 81184365.25 6.12049577751178e-07 1379 0.00136177699492386 0.211180509762594
0.54 7A 83285019 83288075 5.20657392035587e-07 344 0 NA
0.55 7A 83949735 83955194.2 5.09924185533049e-07 2215 0.00878958846049662 0.0386225420722014
0.56 7A 85437901.625 85443169.25 4.9070260974133e-07 1923 0.00559534180967239 0.252681061691769
0.57 7A 88809767 88813006 4.41609428505849e-07 434 0 NA
0.58 7A 92215482.5555556 92219723.5 3.8047566504307e-07 4125 0.00706439740848485 0.0873926436173305
0.59 7A 99959083.1428571 99967589.7857143 1.88164652274514e-07 4695 0.00537910916719915 0.124252964201126
0.6 7A 107618496.55 107624168.3 1.60892176170037e-07 5308 0.00476109161454408 0.0877751295984307
0.61 7A 112817229.5 112818963 2.11030403828471e-07 340 0.00195696982352941 0.278873908512882
0.62 7A 116128102.222222 116133061.888889 2.44206175776787e-07 2576 0.00700073742624224 0.0883423643501141
0.63 7A 118861292.428571 118866963.571429 2.47322700008859e-07 1588 0.00369684818639799 0.102794726637347
0.64 7A 121927690 121934709.25 2.33384829705168e-07 3913 0.00725947962560695 0.149287883565367
0.65 7A 125983766.833333 125989264.083333 1.90132882190616e-07 3360 0.00417926863392857 0.211058470677778
0.66 7A 129384755.2 129390007 1.89372297746424e-07 4152 0.00713653445086705 0.122655434765488
0.67 7A 140778018.894737 140782301.157895 1.09148837063634e-07 3698 0.000861358501892915 0.270585501525829
0.68 7A 189901225.220779 189907083.266234 1.04797999766275e-08 54850 0.00121343651015497 0.226710793676708
0.69 7A 235561429.777778 235566444.861111 1.40115253937615e-08 12612 0.000742700885188709 0.276689012727781
0.7 7A 253040429.958333 253045220.791667 1.2127690202051e-08 7126 0.000784247653662644 0.167684386213768
0.71 7A 265935771.5 265940827.083333 1.11022407775818e-08 6966 0.000756802857306919 0.292124048224217
0.72 7A 275672366.076923 275677759.538462 1.05178489905161e-08 5001 0.000745387591081784 0.297572775885862
0.73 7A 287746471.642857 287751893.642857 1.00358495205894e-08 4337 0.00100097444431635 0.0419470511506972
0.74 7A 294838481.071429 294843448.714286 9.87826240969618e-09 4452 0.000266830224618149 0.402275479352219
0.75 7A 303953480.571429 303961568.571429 9.80901300662088e-09 1713 0.000735423269118505 0.735984478115966
0.76 7A 310647576.2 310667253 9.84831893936633e-09 1769 0.00105573828886377 0.39689780467154
0.77 7A 317795682 317804222.5 9.98151403319617e-09 1042 0.00127642003838772 0
0.78 7A 325005522 325023369.8 1.02080323357617e-08 2152 0.00111790850371747 0
0.79 7A 331354644.5 331372558 1.04881691838376e-08 2713 0.000480225632141541 0.565104603504738
0.8 7A 347039171.117647 347050645.588235 1.15300342826546e-08 7305 0.000603296951266256 0.43271515063208
0.81 7A 393205350.866667 393214942 1.7300118576326e-08 18188 0.000681936417473059 0.297225986932435
0.82 7A 422650249.333333 422656598.333333 2.25159271321739e-08 1496 0.00225240941176471 0.0538002525447734
0.83 7A 423556015 423563387 2.27105057778797e-08 267 0.00228368 0.305978946262173
0.85 7A 424312931 424317651 2.28738773041016e-08 407 0 NA
0.86 7A 424628142 424634545 2.29425179875405e-08 629 0.00222635 0.256324477283446
0.9 7A 473261259.374269 473266917.116959 3.63551438104722e-08 53592 0.000932448501175549 0.332647891430952
0.91 7A 527458011.125 527463623.4375 5.51391717160816e-08 5363 0.00128382683199702 0.268274455451187
0.92 7A 541318207.228571 541323525 6.18804379227078e-08 10001 0.00137418737026297 0.195599778925329
0.93 7A 552231171 552235619.448276 6.86408773587147e-08 7670 0.00164197940808344 0.221771707287949
0.94 7A 562924420.4 562929363.566667 7.64817618708198e-08 7285 0.0017604904381606 0.287584678151194
0.95 7A 575126790.538462 575134226.769231 8.24724837643711e-08 5681 0.0028403638993135 0.282592904709358
0.96 7A 593657942.736842 593661924.052632 8.53301148890683e-08 8466 0.00276822634112922 0.0798031609975982
0.97 7A 609405978.384615 609411468.461538 1.07963062583521e-07 9513 0.00405457890886156 0.116568939732975
0.98 7A 616475271.75 616479698 1.57102214040677e-07 1090 0.0012873183853211 0.308939778547118
0.99 7A 621034580.333333 621037720.5 1.81142345665863e-07 990 0.00654402145454545 0
1 7A 626685958.166667 626690077.333333 2.28731591756368e-07 1552 0.009605748125 0.097475417541031
1.01 7A 633455496 633460164.5 2.93990111372018e-07 686 0.00262966119533528 0
1.02 7A 636273399 636281914.333333 3.36051719686427e-07 1681 0.00301259119571684 0.169558050212337
1.03 7A 638512486 638517730.25 3.63074649866388e-07 621 0.000961252657004831 0
1.04 7A 641837898 641842554.75 3.98337697925688e-07 1156 0.00693272708477509 0.0460196695740738
1.05 7A 644627931.4 644631425.6 4.27173309758889e-07 1214 0.0198919138962109 0.0376290789608045
1.06 7A 647125411 647128714 4.52386616690473e-07 213 0.00455320197183099 0.111557822147386
1.07 7A 648425798 648431018 4.65299838222688e-07 237 0.0108728 0.0712352843793687
1.08 7A 650211606.5 650215889 4.82756982261747e-07 285 0.00220831578947368 0
1.09 7A 652647814.857143 652652897.714286 5.061335080048e-07 1638 0.0160804089438339 0.0736095479426855
1.1 7A 654382974.5 654386775 5.22442612676397e-07 70 0.0290816714285714 0
1.12 7A 657710282.333333 657716025.333333 5.52975291722065e-07 1445 0.00723634367474048 0.0715208749618196
1.13 7A 659461855 659466206.5 5.68635626241734e-07 665 0.016019007518797 0.0353554611814536
1.14 7A 660519900.25 660526313.25 5.7797353763198e-07 573 0.00754100764397906 0.125293607097721
1.16 7A 663769841 663775231.75 6.05982170657101e-07 791 0.00670320600505689 0
1.17 7A 666183734 666190033 6.35663388609527e-07 327 0.051739 0.0214062892595528
1.18 7A 667074773.2 667080967.6 6.49334111273945e-07 1840 0.0173068958586957 0.0193631707003063
1.19 7A 669778162 669780665 6.83250883421499e-07 52 0.0745342 0.0496759876674064
1.2 7A 671264376.25 671269251 7.10679174785684e-07 1566 0.00150028913154534 0.260570618065369
1.21 7A 672187016.8 672191002.8 7.23183744925396e-07 1510 0.0134870843046358 0.0327801116842848
1.22 7A 674166591 674170527.25 7.39220850677902e-07 1140 0.0209979397017544 0.0783344044339628
1.23 7A 675230175 675234670 7.41349806450345e-07 558 0.00696351243727599 0.283756116630817
1.24 7A 676102667 676103960 7.39741953551198e-07 13 0 NA
1.25 7A 678037229.5 678040332.75 7.48519476089567e-07 1053 0.0168395166001899 0.0306615127079061
1.26 7A 679994989 680000127.777778 7.57924676237029e-07 2576 0.0199725393555901 0.0392792752664392
1.28 7A 681997487 682001751.5 7.57546350086986e-07 190 0.0260444555789474 0.0364953643148972
1.29 7A 683482195 683492670 7.73598778063299e-07 338 0.00556386 0.557517622657651
1.3 7A 685705855.5 685710157 7.83490522700741e-07 355 0.00607834901408451 0.0874275826103447
1.31 7A 686171032 686174157 7.83458023338092e-07 472 0.0259785275423729 0.0616970705516657
1.33 7A 688960269 688968295 7.67652811711203e-07 869 0.0068765 0.345214862211881
1.34 7A 690052934 690056735 7.54257314923966e-07 288 0.00532387 0.158737910580086
1.35 7A 691009114 691012776.5 7.48463262876918e-07 307 0.0170348794788274 0
1.37 7A 692584578.75 692589731.75 7.6114283256571e-07 957 0.00769613233019854 0.0395488699270167
1.38 7A 693804964 693810458 7.6921670048151e-07 366 0.00347921215846995 0.286498698181349
1.39 7A 694549294.5 694553479.5 7.69151345975711e-07 829 0.00547067913148371 0.240909970093886
1.4 7A 696891503.5 696900715 7.43136761156264e-07 230 0.00320133347826087 0.438873637846837
1.42 7A 699238860.666667 699244507.333333 7.12920825823144e-07 1284 0.0085896215576324 0.0336468691123344
1.43 7A 700866363 700876145.5 6.97554478319776e-07 2503 0.0104434274550539 0.0947206814983353
1.44 7A 701795070.363636 701800071 6.93279017724221e-07 3471 0.0150010806338231 0.115074594602988
1.45 7A 704394427 704398372.666667 6.95645416372987e-07 754 0.0119378701591512 0.0408549305916227
1.46 7A 705299315 705304609.75 6.97677367402774e-07 2788 0.0171174285581062 0.106142781411021
1.47 7A 707237618.666667 707242207.333333 7.05416948188296e-07 1350 0.018219081037037 0.0329979054031566
1.48 7A 709521477.5 709525985 7.00491277585304e-07 871 0.0278508117106774 0.0226613244416072
1.49 7A 711607430 711611179 6.95936901398978e-07 173 0.035964 0.0307196084973863
1.5 7A 712261014.333333 712263934 6.94633850692093e-07 301 0.0226436485049834 0.236730686046597
1.51 7A 714165965.5 714171468.5 6.91156488150192e-07 672 0.00570337142857143 0.0958581985342003
1.52 7A 715968797.5 715975331 6.88298719789364e-07 869 0.0107994384349827 0.0334746926703771
1.53 7A 717390148.5 717394748.5 6.86363087355819e-07 642 0.0123007626168224 0.130931521911566
1.55 7A 719571877 719574968 6.83903090977459e-07 406 0.0562532871921182 0.0611346500140598
1.57 7A 721023291 721030783 6.82622856578909e-07 1744 0.00380062128440367 0.10952523648234
1.58 7A 722255299.5 722259004.5 6.81268583221999e-07 482 0.00912666829875519 0.0417162360348502
1.6 7A 724391355 724395754.333333 6.76704561555396e-07 1086 0.0391389825046041 0.0142042321909209
1.61 7A 726112142.666667 726119297.333333 6.73939697283123e-07 1664 0.0115232892307692 0.185357995072988
1.62 7A 727443573 727457990 6.72454329433371e-07 1822 0.0190463 0.0576169649748245
1.63 7A 729531502 729536613.333333 6.71313423244001e-07 981 0.0362664273190622 0.0104162376251516
1.64 7A 730880957.75 730886652.25 6.71313698934363e-07 1143 0.0172077422309711 0.0776753368432928
1.65 7A 732772983.166667 732776727.333333 6.71946442232751e-07 1581 0.0304916845667299 0.0595127892242116
1.66 7A 735745825.666667 735753698.333333 6.71331533262713e-07 674 0.0169652458456973 0.04914166303521
