poscM Chromosome Start End recRate nb_complete_site piSyn f0
0.02 1B 1383081.83333333 1389288.33333333 NA 3057 0.026700562839385 0.0448665443664478
0.06 1B 4307058.25 4312010.75 7.68883329190219e-07 1859 0.0405368135018827 0.0481021225895752
0.07 1B 4475908 4479190 7.67437826550965e-07 223 0.0173057 0.0936876289315081
0.08 1B 5157094 5160358 7.61425431751981e-07 193 0.0339788 0
0.09 1B 6476483.5 6480206 7.49096467401861e-07 437 0.0223446778032037 0.0972004964615023
0.12 1B 8803067.4 8809041 7.25132544262658e-07 1875 0.02702104944 0.0511600330106695
0.13 1B 9779022 9784277 7.14292421815624e-07 427 0.0348040615925059 0.0162543534196657
0.14 1B 10153833.5 10156831 7.10001034062584e-07 605 0.0375205568595041 0.0490249542940359
0.15 1B 11804436.6666667 11808489.6666667 6.90174550159893e-07 274 0.0169090797810219 0.119394057854107
0.18 1B 14655383 14665031.5 6.57385647901953e-07 1268 0.0348043258675079 0.039443456859169
0.19 1B 15586031.75 15590977.5 6.47942092976099e-07 407 0.0368056019410319 0.0230529537106125
0.2 1B 17582706 17588348 6.2872038730175e-07 1128 0.0281537084574468 0.0262215256946388
0.21 1B 18419377 18423130 6.20777349669413e-07 281 0.0565795 0
0.22 1B 20587001.5 20592123.5 6.00457444050231e-07 562 0.010439773683274 0.0623175110382032
0.23 1B 22021104 22025774 5.87244660248546e-07 59 0 NA
0.25 1B 26044066.3333333 26046542.6666667 5.41945424284386e-07 632 0.0267454075949367 0.0223672168821885
0.27 1B 29071572 29076011.8 5.19137584655172e-07 1196 0.00978394647157191 0.0468115053442461
0.28 1B 32699133.8 32706283.6 4.75260749587773e-07 1339 0.0159732742345034 0.0257608716112447
0.29 1B 40405953 40410343.6666667 3.99662647059469e-07 2543 0.0181181213291388 0.0453572006132847
0.31 1B 44353472.6 44359547.2 3.54409691786902e-07 2556 0.0225994303716745 0.0556743791845988
0.32 1B 47544015 47546636 3.19486715217127e-07 29 0 NA
0.33 1B 52133249.8571429 52137126.7142857 2.75411240672857e-07 2214 0.0290697260831075 0.104803424376794
0.34 1B 55593776 55605247 2.45960662118562e-07 1256 0.00561759143312102 0.0260485130334803
0.35 1B 57203273.5 57208482 2.33649120342033e-07 1112 0.00503009560251799 0.199806520332827
0.37 1B 59831630 59834138 2.15367092149455e-07 386 0.00353878 0.276684620123319
0.38 1B 62415730.75 62419471.5 1.99572351174884e-07 436 0.00595823516055046 0.0703601109824663
0.39 1B 68573665.1 68581640 1.70682215276923e-07 4070 0.00337344557002457 0.125770436359177
0.4 1B 71881233.3333333 71885455.3333333 1.59557075946936e-07 1766 0.00174672129671574 0.341510026837824
0.41 1B 96163801.6 96168854.28 7.84421816560955e-08 7150 0.00203265335944056 0.151950845051782
0.42 1B 116395009.542857 116401988.142857 7.35954956255923e-09 13291 0.000925743426378753 0.337061778038674
0.43 1B 206802646.708995 206810990.026455 5.15947606454029e-09 67574 0.000443950883342706 0.350195277685511
0.44 1B 322081757.51087 322088025.326087 2.65258438440449e-08 34541 0.000680841183665788 0.325966879572562
0.45 1B 360777195.542857 360783056.185714 3.15293273049892e-08 21977 0.000488603824680348 0.499969841580832
0.46 1B 388145187.18 388150247 3.52017960549618e-08 18089 0.000860667952899552 0.154450039401687
0.47 1B 410315950.226415 410321304 4.91806022752438e-08 19227 0.000729049031414157 0.36408158965093
0.48 1B 428087268.04 428094335.4 6.55486154899689e-08 11458 0.00125093220151859 0.128192187264522
0.49 1B 443040071.783784 443045949.459459 7.54823443868809e-08 12165 0.00104145602219482 0.206563433172429
0.5 1B 455104034.09375 455109894.125 8.06620255141372e-08 10928 0.00109640149688873 0.195710000462699
0.51 1B 467026212.777778 467031577.333333 8.52172620168799e-08 6614 0.000894307667523435 0.248024017710052
0.52 1B 475590320.875 475596163.9375 9.26085216325582e-08 3917 0.00165817938473321 0.274133482073412
0.53 1B 482758286.421053 482763135.578947 1.01912121494559e-07 7561 0.00175931869832033 0.185578644776693
0.54 1B 490616522.238095 490620214.190476 1.15406267689786e-07 4986 0.00969735777777778 0.125379959114944
0.55 1B 500802236.166667 500806859.777778 1.37202391011879e-07 5690 0.00128456982917399 0.20083253111994
0.56 1B 509878141.714286 509881546.047619 1.58244421406079e-07 4770 0.00303653822096436 0.119559693857092
0.57 1B 519654386.833333 519660637.833333 1.89083395957583e-07 6844 0.0017633777182934 0.247763437520542
0.58 1B 526494142.5 526498974.5 2.01962070586418e-07 469 0.0106248942430704 0.148427240334353
0.59 1B 530673227 530677249.875 2.11367359931529e-07 2242 0.000896392234611954 0
0.6 1B 535778727.25 535783668.375 2.35298594787279e-07 2561 0.000472578890277236 0.464966149688592
0.61 1B 540657854.8 540662366.8 2.55053352711261e-07 1217 0.00253282182415776 0.059860030035386
0.62 1B 542866445.166667 542869877.666667 2.6134840666499e-07 2197 0.00141336230769231 0.335335919038348
0.63 1B 545786084.8 545789467.6 2.67115122417539e-07 1152 0.000544423611111111 0.554309669056214
0.64 1B 548176530 548182093.5 2.69791020040113e-07 2054 0.000532559970788705 0.344221287968282
0.65 1B 551961888 551968153.333333 2.70198741508691e-07 1152 0.00237650901041667 0.0879265264199569
0.66 1B 554444092.4 554447625.8 2.67834820616671e-07 1370 0.00413833330656934 0.106846501303939
0.67 1B 558658884.8 558662748.8 2.59154569915776e-07 631 0.00449340982567354 0
0.68 1B 562488131.5 562493654.166667 2.57337737101407e-07 1988 0.00304662461770624 0.416246127212057
0.69 1B 566184257.6 566191185.4 2.72804927394787e-07 3031 0.00178984912240185 0.270254443019771
0.7 1B 569483619.625 569491774.25 2.6424454259879e-07 2686 0.00315827159717051 0.0218998087414211
0.71 1B 573525455.714286 573530551.857143 2.2368284766836e-07 4135 0.00647698869891173 0.127508722370893
0.72 1B 575940971.666667 575944987.833333 1.95061360591247e-07 1280 0.01652688890625 0.0378262155718604
0.73 1B 582617895 582623236.4 1.82173258144562e-07 7730 0.00430357616817594 0.146063242632287
0.74 1B 587962226.888889 587966909.555556 2.20803097656539e-07 2711 0.0100303841276282 0.0339497250327528
0.75 1B 593120886.75 593125165.125 2.25207382220727e-07 2243 0.0100803184306732 0.0853932945129701
0.76 1B 598663208.1 598667476.4 2.38552995152359e-07 3272 0.00734345439792176 0.120658287255975
0.77 1B 604597191.333333 604601211 3.08756545002018e-07 1820 0.00922878189010989 0.169224085877956
0.78 1B 607326808.5 607331404.5 3.41227994630194e-07 1172 0.0072477183447099 0.149261021407243
0.79 1B 610212344.5 610218355.25 3.69069294977813e-07 1429 0.000894797907627712 0.145855924354175
0.8 1B 612954172.333333 612960995.833333 3.92909243266751e-07 1616 0.0019372853960396 0.352982624201237
0.81 1B 614796683 614800864.142857 4.07859207548903e-07 1821 0.00360604704008786 0.1123380486307
0.82 1B 615980439.333333 615982861.666667 4.16940428718797e-07 470 0.00299472204255319 0
0.83 1B 617817049 617823421 4.30355134876028e-07 675 0.000560224 0.767221682755469
0.85 1B 622260922.555556 622265608 4.58920611157027e-07 1878 0.0177279395633653 0.0530282226747455
0.86 1B 623727376 623731829 4.67207429156021e-07 556 0 Inf
0.87 1B 626009002.333333 626014617 4.78853780883081e-07 1406 0.0186607473399715 0.132050390636803
0.88 1B 628091269.8 628094609.6 4.88289922152383e-07 1054 0.0335169011385199 0.132776437370075
0.89 1B 630975295.666667 630978823.5 4.9975534721598e-07 1131 0.0110903342970822 0.127614504446938
0.9 1B 634006547 634009856 5.14191158254259e-07 700 0.0333441334285714 0.0743226883509095
0.91 1B 637398896.833333 637403677.5 5.4633756921399e-07 1324 0.0246047596676737 0.0529689122795114
0.92 1B 639544972.5 639550970 5.45021920047094e-07 523 0.0045666092543021 0.235879109571421
0.93 1B 640706092 640710608.5 5.66007900939366e-07 1767 0.0123224556876061 0.149386326375533
0.94 1B 641658167.25 641661468 5.89984294730299e-07 758 0.0116145010026385 0.375525014689807
0.95 1B 642916933 642922897.2 5.82669031228505e-07 1531 0.0058787709470934 0.0613263753864618
0.98 1B 645786418.8 645791926.4 6.00082003533273e-07 622 0.01034192585209 0.171774690201027
0.99 1B 647227620 647240151 6.1372518545546e-07 1544 0.00206839 0.576196945450326
1 1B 648518875 648524414.5 6.03867660585682e-07 1065 0.0198552623474178 0.0591874291917947
1.01 1B 651953068.555556 651956793.333333 5.41026558285876e-07 2076 0.0259325373314066 0.0601660734214811
1.02 1B 655614918.2 655620281.6 5.34914367683827e-07 1314 0.0190139834474886 0.145116057889663
1.03 1B 657667282.2 657670807 6.59391252838317e-07 2725 0.012804197559633 0.134170824316275
1.04 1B 659422808.857143 659426380.428571 7.98052343371457e-07 2091 0.034994260286944 0.0355144212318081
1.05 1B 661251316 661258491.75 9.05439383621684e-07 560 0.0178035605357143 0.148302950315747
1.06 1B 662409325.2 662412818 9.40340391100315e-07 1547 0.0142813439431157 0.0421366191543517
1.07 1B 663043769 663047956 9.58974392254877e-07 93 0.0279503 0
1.08 1B 664655670 664660744 1.00419429052792e-06 990 0.0217354263636364 0.026190906758789
1.09 1B 665353617 665358673 1.02298458975038e-06 923 0.0312509837486457 0.0448509134689689
1.1 1B 666256742 666260483 1.04648954775992e-06 236 0.014652 0
1.11 1B 666822513 666824459 1.06077214127809e-06 96 0.036526 0.153488200186169
1.12 1B 667441396.666667 667447554.666667 1.07607467338142e-06 863 0.0361465527230591 0.0475102248074379
1.13 1B 668100086 668105738 1.09189990681212e-06 1279 0.0289595073494918 0.108090982793885
1.14 1B 668756926 668763446 1.10723304577469e-06 778 0.0142356617994859 0.161425815572436
1.15 1B 669067680.25 669072914.75 1.11430746557622e-06 1820 0.021806060521978 0.0478129243440001
1.16 1B 669895813 669902629 1.13274477897187e-06 873 0.0210914 0.113081161041941
1.17 1B 670384230 670390259 1.14326435948687e-06 330 0.0476372 0.0116674363732545
1.18 1B 670783507 670784392 1.15163385561795e-06 136 0.0115726 0.176115998133522
1.19 1B 671197600 671200873 1.1602208368028e-06 408 0.0644836919117647 0.0299393413663037
1.21 1B 673176183 673181970 1.19870390918206e-06 336 0.0169096 0
1.22 1B 673741330.333333 673746725 1.20893714365332e-06 1135 0.0315733516299559 0.0862392863667965
1.23 1B 674643281 674648384.25 1.2245970119397e-06 1416 0.0130056621610169 0.0568057019484976
1.24 1B 675599505.666667 675606198 1.24031229765958e-06 1684 0.0101741568646081 0.0435407215684028
1.25 1B 676348383.75 676352543.5 1.25253090319772e-06 1417 0.00801170196189132 0.113660229044923
1.27 1B 678187725 678192115 1.28507423240957e-06 521 0.0369064523992323 0.034297648445257
1.28 1B 679591743.25 679596309 1.31076020801811e-06 986 0.0151274140567951 0.0729679692395379
1.29 1B 680846859 680850949.5 1.3342957008448e-06 1173 0.00171548589940324 0.279330906800663
1.3 1B 681685814 681695473 1.35039832240591e-06 1030 0.0240062 0.0397758912280994
1.31 1B 683501821 683508194.333333 1.38595897915944e-06 1964 0.00825279418533605 0.250650338461125
1.32 1B 686420222 686425525.6 1.4456829571151e-06 5717 0.0107862780164422 0.0686876024539567
1.33 1B 688330140.333333 688335952 NA 1630 0.00872116057668712 0.0659801625687554
0.01 2B 1590376 1597994.5 1.17722694242774e-06 494 0.0228665931174089 0.016646482940081
0.02 2B 2109410 2113388 1.17102944888621e-06 176 0 Inf
0.03 2B 3397884 3406507 1.15548714767731e-06 562 0.0130973 0.0253006344819161
0.04 2B 4815316 4822770.5 1.13830941548685e-06 1158 0.0329270520725389 0.0626180060883683
0.05 2B 5888330.75 5893218.75 1.12523338378663e-06 2120 0.0298303193301887 0.0544665857976765
0.06 2B 7261612.33333333 7269600.33333333 1.10835721889062e-06 1886 0.0106138351855779 0.255209066257862
0.09 2B 10782559 10785566 1.06465393150631e-06 141 0.00899321879432624 0
0.1 2B 11190794.3333333 11196645.3333333 1.05951527737706e-06 1368 0.0102621263450292 0.113200113708865
0.11 2B 12024654 12027137 1.04904723225022e-06 314 0.00205386 0
0.13 2B 14045642 14051486 1.02328403551549e-06 716 0.00700662 0.110630946162344
0.14 2B 14833211 14836760 1.01329985014103e-06 128 0.0382014 0.114379577711812
0.17 2B 18101296.3333333 18111715.3333333 9.72548544365447e-07 1452 0.0125128517424242 0.0612527215152638
0.23 2B 23347055 23350865.5 9.09864353222511e-07 340 0.0325055241176471 0.0166440724980121
0.24 2B 24099530 24102946 9.00791486639184e-07 258 0.0402155 0
0.25 2B 25038160 25042346 8.88057325777339e-07 1190 0.0236570493277311 0.139257361443035
0.26 2B 25594256 25602539 8.80864693034128e-07 548 0.00640296 0.102240370078839
0.27 2B 26444595 26448774.3333333 8.70596956158443e-07 1055 0.0286977983886256 0.0840698861279294
0.29 2B 27882114.5 27888624 8.54769718585373e-07 1239 0.0240631879418886 0.0963061576674427
0.32 2B 30494467 30499674 8.28655036283557e-07 476 0.029442 0.176494124040486
0.38 2B 37429602 37432028 7.4401132006089e-07 56 0.0258621 0
0.39 2B 39303538 39310656 7.22149323497966e-07 242 0.0269683 0.0373646095601132
0.4 2B 40561621.4 40570596.2 7.07752083840196e-07 1508 0.0131596876392573 0.0710887253106618
0.41 2B 42209992 42217801 6.89199189665479e-07 1890 0.00596575210582011 0.0825897199594524
0.42 2B 43087521 43094741.5 6.79475626274101e-07 843 0.00079982049822064 0.537671975865047
0.43 2B 45206172.8333333 45211884.1666667 6.56457529522527e-07 4221 0.0214193224354418 0.0272773967116376
0.44 2B 46975450 46981333.3333333 6.37607242410321e-07 963 0.0263782946209761 0.0459941786714875
0.45 2B 49223450 49232271.6666667 6.14292469677402e-07 1190 0.0131965327731092 0.109892664064931
0.46 2B 52566797.8 52572636.6 5.54017163052063e-07 1301 0.0170415504458109 0.0733662397089317
0.47 2B 56112037.1428571 56115982 4.68626452173614e-07 1240 0.0130711819596774 0.0830143514867852
0.48 2B 58879838.875 58885617.25 4.50716161721108e-07 3484 0.0168676725200918 0.123099947155929
0.49 2B 64302615 64308501.6 4.32348352500775e-07 2427 0.0124558526905645 0.0492898752141923
0.5 2B 66541298 66545665 4.34552037013079e-07 382 0.0129299 0
0.51 2B 69225190 69229779 4.32165283391578e-07 978 0.00448548662576687 0
0.52 2B 72986723.5 72995700 4.09731634226444e-07 1349 0.00234388332171979 0.252928241831371
0.53 2B 74969171.5 74973926 3.98980624212804e-07 282 0.00551614893617021 0
0.54 2B 77113571.2 77118238.4 3.88062526442439e-07 1362 0.00469818723935389 0.038247957234582
0.55 2B 78824549 78829537 3.79961075991409e-07 185 0.0050162 0.387398827797935
0.56 2B 81322684 81335627 3.69079966977921e-07 805 0.00392734 0.377046550591495
0.57 2B 81909931 81912417 3.66712458805603e-07 656 0.000947302682926829 0.300256981246626
0.58 2B 85086346 85089387 3.5485452328885e-07 616 0.0041075987987013 0.0732578532803667
0.59 2B 87024626.5 87028962.5 3.48527088574209e-07 1446 0.000875560849239281 0.145454774884826
0.6 2B 88973241.6666667 88980109.7777778 3.42850826655232e-07 4152 0.00168536569460501 0.236019557326184
0.61 2B 90883889.6 90888703.4 3.38814099455132e-07 1085 0.00504652116129032 0.237705977409312
0.62 2B 92489631 92490941 3.38453388364832e-07 60 0 NA
0.63 2B 96532248.125 96535362.625 3.31133460192252e-07 1409 0.00601696793470546 0.0435261734185735
0.64 2B 98801055.5555556 98806164.3333333 3.22505930787021e-07 2979 0.00151521822423632 0.481699220872511
0.65 2B 101371227 101377166 3.08538864227535e-07 1568 0.000411764973214286 0.580083261782678
0.66 2B 104747637.454545 104751651.272727 2.83929685278466e-07 2437 0.00803485158391465 0.115576353546143
0.67 2B 108575221.714286 108578875 2.44903058533527e-07 2263 0.00523235105612019 0.10835213286296
0.68 2B 114741895.3 114748336.8 1.82096507526434e-07 4644 0.00140957512919897 0.306749919100277
0.69 2B 125719989.708333 125726071.5 1.22881896306174e-07 8715 0.00187402087091222 0.168662993053978
0.7 2B 139825490.347826 139831389.826087 9.42579837202298e-08 8403 0.0022164801023444 0.211921484105335
0.71 2B 147260629.75 147264764.166667 1.05823412846098e-07 2866 0.000920209804605722 0.464608454419262
0.72 2B 154168132.666667 154172906.277778 1.18868623999399e-07 4416 0.00457009515172101 0.0994345612429692
0.73 2B 159788758.5 159792753.571429 1.21912844764273e-07 3887 0.00138625359917674 0.308993404930451
0.74 2B 166160778.176471 166165068.117647 1.25759824462859e-07 4557 0.00168364602018872 0.109863278639045
0.75 2B 174114122.642857 174118693.714286 1.16548950764884e-07 8664 0.000386238779085873 0.474172899844008
0.76 2B 186643154.586207 186649458.551724 8.82584830064183e-08 9646 0.00106480958117354 0.269024658167839
0.77 2B 206975095.536585 206980066.390244 6.34481526200771e-08 12866 0.00119402796595679 0.086075565736781
0.78 2B 221785413.613636 221792217.159091 4.64873573198164e-08 15367 0.00108533717446476 0.206683606341163
0.79 2B 241931445.609756 241936304.292683 2.7228487693617e-08 11662 0.000770084175698851 0.109328408617887
0.8 2B 260631962.309524 260640252.690476 1.63610340021876e-08 15177 0.00052845911174804 0.257540230131219
0.81 2B 339582772.689655 339594097.08046 6.26480047474038e-09 36754 0.000947364101322305 0.398416449334453
0.82 2B 402709429.133803 402715714.626761 2.32141677278063e-08 49133 0.000699513139844911 0.384372638856539
0.83 2B 447315028.45283 447319548.886792 4.39254847198795e-08 16325 0.000952640520673813 0.327393390171778
0.84 2B 463937855.466667 463944515.033333 5.89808332785231e-08 9743 0.00131025097711177 0.195935935193695
0.85 2B 477815167.2 477819242.52 7.08957598581541e-08 6856 0.00107699031213536 0.276083129842485
0.86 2B 491153129.977273 491157455.113636 8.0468346890945e-08 11908 0.00133934767971112 0.287314316524156
0.87 2B 509035797.478261 509040552.086957 9.07290963329023e-08 8210 0.00390379112911084 0.255840301730716
0.88 2B 519520558.785714 519525453.107143 9.53003748117143e-08 7559 0.00155688116285223 0.281404971728041
0.89 2B 528758199.055556 528763700.166667 9.84450965572751e-08 4017 0.00121151265894946 0.224602263892752
0.9 2B 539595182.478261 539600046.217391 1.01067904454076e-07 7128 0.001854665667789 0.108326230439033
0.91 2B 546129489.65 546136064.8 1.02960830396763e-07 8674 0.00300408572492506 0.376653372700761
0.92 2B 554094205.428571 554098564.380952 1.05954594873621e-07 4691 0.00205098504583245 0.280532386138845
0.93 2B 560695503.307692 560701432.384615 1.03399623113178e-07 4143 0.00264513190996862 0.267674847536378
0.94 2B 571211515.882353 571215920.058824 9.78346738447648e-08 5294 0.00233184570249339 0.075112903232479
0.95 2B 583372132.272727 583376531.772727 8.79148673660329e-08 5829 0.0012478122780923 0.280524605877555
0.96 2B 596982419.3 596987669.4 7.51659838201602e-08 4798 0.00124891889328887 0.298028908821074
0.97 2B 609666266.173913 609672939.695652 7.41301901402575e-08 6937 0.00257959328528182 0.163094658683864
0.98 2B 620270500.285714 620277012.928571 8.15197265859765e-08 5259 0.00435228306522153 0.270790529889307
0.99 2B 632926432 632930592.4 9.52473809345344e-08 6559 0.00662699070132642 0.173237672792366
1 2B 643798198.04 643803633.36 1.04036500997015e-07 7131 0.00468927358715468 0.154098310776628
1.01 2B 653371699.130435 653375844.869565 1.07206735413825e-07 6009 0.00337806642436345 0.222786089233487
1.02 2B 662948124.230769 662952250.384615 1.11565712904152e-07 3924 0.00414368718654434 0.127989002063596
1.03 2B 673424226.818182 673428594.818182 1.17565859063494e-07 2856 0.00956194991596639 0.208844183832832
1.04 2B 678583114.2 678587512.7 1.17211625317946e-07 2961 0.001711630765282 0.270627415363062
1.05 2B 684991467.642857 684996765.142857 1.20102296402518e-07 4434 0.00435514068110059 0.100875362283333
1.06 2B 693747347 693751712.066667 1.22732402761338e-07 4540 0.00590774737444934 0.161480442003098
1.07 2B 700563568.333333 700567633 1.24740858418371e-07 1789 0.00790256574622694 0.163360521655004
1.08 2B 709855251 709859067.285714 1.23870940477298e-07 2469 0.00952443176994735 0.0551953076440274
1.09 2B 714487172.6 714491728.5 1.7603087257701e-07 3647 0.010046211625994 0.109614390027802
1.1 2B 720715199.3 720721366.3 1.76616461884665e-07 4133 0.00462257077183644 0.0774299443315746
1.11 2B 728388188.272727 728393335.909091 2.64028113579716e-07 3776 0.00577802401747881 0.0565878939385393
1.12 2B 732662528.333333 732668744.666667 3.56761487306535e-07 992 0.027040378891129 0.0327302889832261
1.13 2B 736182744.666667 736186807 4.43541276528752e-07 753 0.00976908539176627 0.03329169408884
1.15 2B 740756889.4 740761795 5.70988872628986e-07 1481 0.0233041670357866 0.0652389261923035
1.16 2B 742469088.6 742477805.8 6.07931576442913e-07 3047 0.0151074762225139 0.0524021658268225
1.17 2B 743830264.5 743836342.25 6.32591747599014e-07 1473 0.0196656134555329 0.0824571370207198
1.18 2B 745896262.666667 745901115.333333 6.65821207053665e-07 1778 0.0091324842519685 0.0346211876577246
1.19 2B 746585181.666667 746590438.666667 6.84221844425558e-07 1085 0.0284117079447005 0.0139172368945823
1.2 2B 748566686.5 748572888.5 7.2888365462248e-07 1130 0.0190294279646018 0.0170179873151847
1.21 2B 748978830.5 748983996.25 7.36361397204133e-07 953 0.0164466752780693 0.111442518500985
1.23 2B 751454650.666667 751461510 7.69042673241944e-07 1878 0.00357596204739084 0.184627245074085
1.24 2B 752649834.75 752653921.25 7.77098319041099e-07 953 0.019250549003148 0.047273667538853
1.25 2B 753171380.333333 753175378.333333 7.79135047398931e-07 262 0 NA
1.26 2B 754791651.5 754797414.5 7.79219106708719e-07 460 0.016033897173913 0.0757018063104271
1.29 2B 758592408 758597224 7.43535303388165e-07 186 0.0106184 0.554264295939125
1.31 2B 760915734.4 760919179.4 7.31376646176933e-07 1003 0.015457518105683 0.138886331000479
1.32 2B 762330146.333333 762335508.666667 7.27105419734179e-07 348 0.0247138385057471 0.0629978738934925
1.33 2B 763734694.5 763738405.5 7.14689959833243e-07 456 0.00546608157894737 0.221980337112461
1.34 2B 765022856.666667 765028419.333333 6.95732925951269e-07 486 0.0388232748971193 0
1.35 2B 766557473 766568984 6.64093889868835e-07 649 0.00914571 0.0309607455298714
1.36 2B 767349181.142857 767353347.571429 6.43532102167572e-07 2009 0.0307146488800398 0.0604357536030171
1.37 2B 769363987.666667 769368874.333333 5.8000030058675e-07 474 0.00964318987341772 0.0393529462212024
1.38 2B 770962629.8 770966903.6 5.45783268085447e-07 1260 0.0146935612698413 0.0495968876811564
1.39 2B 772036532.5 772040838 5.44571771603291e-07 281 0.0220374790035587 0.0899611800123878
1.4 2B 775060546 775066337 5.18293743544842e-07 948 0.0150567784810127 0.026095383256038
1.41 2B 776452658.285714 776457960.857143 4.93981999395654e-07 2000 0.02239520565 0.023506513234452
1.42 2B 779318321.25 779322311.5 4.60336515618112e-07 856 0.0240420639018692 0.0779848142615036
1.43 2B 781587038.75 781590793.25 4.37760206364495e-07 1188 0.00539427178451178 0.189793569025509
1.44 2B 785496236.5 785502485.375 3.87136202800285e-07 4003 0.0230118192355733 0.0476221011209302
1.45 2B 790200740.2 790205371.4 3.21041054369253e-07 1789 0.0199283326327557 0.0661579130018747
1.46 2B 794917495.181818 794922574.363636 2.62337887302531e-07 2622 0.0217472925705568 0.0641638653932817
1.47 2B 799342057 799348241.4 2.18911426235282e-07 2049 0.0232212182137628 0.0746536297948664
1.48 2B 801216576 801224385 NA 1518 0.012848 0.0577722602739726
0 3B 218045 222328 NA 482 0.0407347 0.0252114290764385
0.01 3B 984551.5 988494.5 NA 490 0.0534857259183674 0.0107650671412972
0.02 3B 1616559 1618398 6.68250919828261e-07 145 0.0146145 0
0.03 3B 2397871 2404559.5 6.72722133898524e-07 757 0.0117875739762219 0.088941653232108
0.04 3B 3257852.33333333 3265236.66666667 6.76624624948157e-07 1824 0.0310991333881579 0.0678762074258384
0.06 3B 4322974 4327039 6.79951946829891e-07 303 0.0143426 0.0426973491556622
0.08 3B 6010550.75 6013872.25 6.81848107654721e-07 647 0.0207306182380216 0.0139772417356373
0.09 3B 7238648.57142857 7242410.14285714 6.80631584502931e-07 927 0.0215277937432578 0.101649054085512
0.1 3B 8453043 8458805.85714286 6.79201945188714e-07 2322 0.0177565775624462 0.0822936751093808
0.11 3B 9605106 9611414.16666667 6.83529128574965e-07 2243 0.0195651441283995 0.076295512396559
0.12 3B 10915976 10921578 6.9296712313704e-07 1448 0.0308555666229282 0.0123676411884101
0.13 3B 11875187 11876861.5 7.02820655742204e-07 194 0.00878673969072165 0
0.15 3B 16367372.3333333 16372022 7.24018879328714e-07 1273 0.00753769406127259 0.116705018421092
0.16 3B 18111430 18119560.5 7.55825018828422e-07 541 0.0265840798521257 0.0772264384994029
0.17 3B 19366740.8 19371246.2 7.50277224174929e-07 1480 0.0338894591216216 0.101802416658716
0.18 3B 21060299.5 21064122.5 7.66003703829241e-07 307 0.0398362133550489 0.105092344119968
0.19 3B 22124595.5 22127537.5 8.03739148247765e-07 280 0.0149591228571429 0.103797587062496
0.2 3B 23431319.6666667 23435297 8.88865939142056e-07 351 0.0187829772079772 0
0.21 3B 24205514.25 24218397.75 9.50709041109321e-07 1208 0.0238327596440397 0.0323616869305471
0.29 3B 31105028 31108804 9.48490162983793e-07 37 0.0477665 0.213413166131075
0.3 3B 32285208 32288072 9.44110326343273e-07 346 0.0073330761849711 0.0726707158785447
0.32 3B 33955369 33956554 8.97877769978347e-07 159 0.0311898 0
0.34 3B 36143980.25 36146678.25 7.96423210914425e-07 429 0.00078926 0
0.35 3B 38055678 38062529.5 7.38513970342744e-07 236 0.00512365881355932 0.154696291418073
0.36 3B 39932171.5 39936313.5 6.76254783429872e-07 908 0.012741190253304 0.0159914269173161
0.37 3B 42821732.6666667 42825628.3333333 5.6845603397558e-07 931 0.00937765177228786 0.0628833656194152
0.38 3B 43857091.6666667 43860757 5.32752651879795e-07 628 0.0071398200955414 0.0415392560761904
0.4 3B 50326992.25 50332994.5 3.86603948300888e-07 1374 0.00630403174672489 0.0421950371442821
0.41 3B 54345892.6 54351117.4 3.47942327403316e-07 1843 0.00172203484264786 0.175045496395455
0.42 3B 57542027.75 57549532 3.04262994634024e-07 2804 0.00187192094008559 0.176721355461551
0.43 3B 59691873.7142857 59696250.8571429 2.78035328361681e-07 2212 0.00767627774864376 0.0844768986566124
0.44 3B 63476095.4285714 63480946.7142857 2.55469219253836e-07 1791 0.00386421651032943 0.121759345291369
0.45 3B 66492431 66495422.5 2.31489960427391e-07 1915 0.00459992158746736 0.0641469660924541
0.46 3B 70190168.8 70196517.6 1.93306015890212e-07 4289 0.00898302291723012 0.0786025676020827
0.47 3B 76140025.6666667 76146249.3333333 1.57872061774675e-07 2014 0.00412956490566038 0.132323216201829
0.48 3B 80959532.7857143 80964242.7142857 1.31922199829689e-07 4395 0.000874154252559727 0.78250361876188
0.49 3B 101245245.057143 101250208.742857 4.86329473627817e-08 9288 0.000755269868647717 0.341328407472083
0.5 3B 121278010.516129 121284392.354839 4.28302442973863e-08 14280 0.00154751595546218 0.29166809447671
0.51 3B 137273534.15 137278862.4 5.76907906086561e-08 6861 0.00103703865835884 0.232852026048151
0.52 3B 151588788.310345 151595304.448276 5.23033823326611e-08 10199 0.000795617016374154 0.298264881563005
0.53 3B 166324658.222222 166329645.851852 4.60486770645899e-08 6624 0.0007509421147343 0.281478725015296
0.54 3B 186274603.4 186279755.885714 3.63839043090433e-08 9527 0.000683555276582345 0.567014679294736
0.55 3B 227030350.746667 227036173.28 2.41023146772723e-08 25249 0.000394200835676661 0.422202699220587
0.56 3B 325035582.536424 325045464.337748 6.88509941769246e-09 62156 0.00031776246579574 0.381250744125169
0.57 3B 416319296.448276 416325920.706897 1.13436926560892e-08 38294 0.000500476373113281 0.292949246090176
0.58 3B 457802201.796875 457808640.359375 2.67155011406806e-08 19909 0.00121085299121001 0.272767478165602
0.59 3B 495481106.28169 495486405.535211 4.28389118469783e-08 21892 0.00189370127297643 0.167264964241255
0.6 3B 524694766.644444 524700241 5.5046340747566e-08 13708 0.00146562310023344 0.183367108991932
0.61 3B 540598642.944444 540604502.555556 6.23233781099465e-08 12949 0.00240596109467913 0.225527238203552
0.62 3B 551373441.85 551380243.7 6.59013584735141e-08 7533 0.000786637976901633 0.347917452854881
0.63 3B 561236317.433333 561244480.766667 6.83081676074655e-08 9186 0.000979875427389506 0.0893223829681556
0.64 3B 575671473.5 575675179.277778 7.35951214181265e-08 8347 0.00190328017491314 0.182981637417826
0.65 3B 588738418.458333 588744486.416667 7.19569219967991e-08 8161 0.00110077342605073 0.236006654656434
0.66 3B 603789621.730769 603794177.576923 6.88728838847357e-08 7602 0.00246606692712444 0.0976064439968642
0.67 3B 618530595.066667 618534822.866667 7.83596144786589e-08 8003 0.00236581707784581 0.130846726640926
0.68 3B 635715816.5 635720472.269231 1.0334785828692e-07 8177 0.00363395750275162 0.10183013841504
0.69 3B 650369818.652174 650376114.956522 1.12549534289608e-07 7362 0.00395019853300733 0.0858856292340865
0.7 3B 657681825.909091 657686748.409091 1.09377449382084e-07 6736 0.00702555240053444 0.0761921458464229
0.71 3B 665577564.666667 665582312.583333 1.03730421946878e-07 4073 0.00240995410999263 0.180849233799578
0.72 3B 670742330.5625 670745717.3125 1.00806813712644e-07 4684 0.00723339845644748 0.0724889895162353
0.73 3B 677096919.157895 677101866.473684 9.28174386055629e-08 6436 0.00523913739589807 0.073166694173737
0.74 3B 686099133.526316 686103271.894737 7.82288550759017e-08 6469 0.00646145170474571 0.163626906722944
0.75 3B 701805083.615385 701810006.410256 4.16565392478044e-08 11092 0.00238947015957447 0.125380392944651
0.76 3B 719416462.285714 719420212.642857 2.06675808202893e-07 5753 0.0048613182115418 0.0675986251319564
0.77 3B 724351119.357143 724355297.5 2.76669735336867e-07 4069 0.010813669918899 0.0402477901384885
0.78 3B 728905345.5 728910322 3.32232903380183e-07 850 0.000765931623529412 0.629554706987513
0.79 3B 730443062 730447241.666667 3.55641304075882e-07 673 0 Inf
0.8 3B 732523698 732527947.5 3.8118654243008e-07 1003 0.00867190777666999 0.0702098243333596
0.81 3B 734122220 734127455.5 3.95736214611697e-07 999 0.00269106451451451 0.205718985954128
0.82 3B 736671865 736673386 4.10161945544342e-07 138 0.00256849 0
0.83 3B 738121684.666667 738128899.333333 4.12813544380547e-07 638 0.00937732680250784 0.121814451234632
0.84 3B 739337995.5 739344322 4.13259683875074e-07 1353 0.0027014613481153 0
0.85 3B 741734917 741738976 4.06124497498398e-07 731 0.000869607181942544 0.386498484267744
0.87 3B 749266435 749270081.25 4.30686382903652e-07 936 0.00990040528846154 0.100913341807367
0.88 3B 752090366 752094767 4.4957698112965e-07 22 0 NA
0.89 3B 755311891.8 755320443.8 4.76266238723206e-07 1199 0.00478091517097581 0.139053653989205
0.91 3B 757851040.5 757855951 4.92017170241125e-07 119 0.0133786210084034 0.117466352783216
0.92 3B 760131208 760137461 5.54767275268854e-07 367 0.00357143 0
0.94 3B 762306125 762309180 6.13095730466061e-07 272 0.00127986 0
0.95 3B 764693235 764697597 6.55376512288945e-07 352 0.00526752 0.100208637081587
0.97 3B 767832970 767839099 7.06963208671101e-07 836 0.00754598974880383 0.087914258643509
1 3B 772530161 772538129 7.91838037738413e-07 2391 0.0102787734629862 0.0746073093135273
1.02 3B 774468967 774475576 8.22880450804421e-07 73 0.0119048 0
1.03 3B 776090695.5 776096449.5 8.56302858080546e-07 518 0.00407834474903475 0
1.06 3B 779166882.5 779168348.5 8.9451373887128e-07 197 0.0384445116751269 0
1.07 3B 780383833 780388967 8.98311436818148e-07 318 0.0306609 0.0187789334298732
1.08 3B 781251521.5 781257232.5 9.07939336477604e-07 1973 0.00673181445514445 0.0415139912016244
1.09 3B 782768946.666667 782778088.333333 9.31937183108583e-07 1353 0.0120240181596452 0.0344519816313918
1.1 3B 783468780.5 783472566.5 9.40090163860636e-07 600 0.0124310982 0.0581174155634938
1.11 3B 784641989.5 784650372.5 9.49746773629925e-07 795 0.0316679347169811 0.129986917187241
1.13 3B 786854303 786856956 9.54123382674694e-07 224 0.0137216 0.242196974113806
1.17 3B 791280668 791287389 9.08704176208958e-07 503 0.00175016 0.276110755588061
1.2 3B 793263736 793268962 8.64948380561249e-07 194 0.0315411 0.155002520520844
1.21 3B 794866023 794869187.5 8.25992518702104e-07 765 0.0232367555555556 0.0314442997621865
1.22 3B 795515549.666667 795520254 8.13960406641995e-07 556 0.0118294080395683 0.0855979148308635
1.24 3B 797979300.666667 797984236 7.78815756680428e-07 1850 0.015235426 0.0520043740090951
1.25 3B 798501809 798506361.75 7.74916224156189e-07 1093 0.0206559266239707 0.0707808048179168
1.26 3B 800137837 800141378 7.6179788783275e-07 399 0.0293613 0.0476143767476236
1.27 3B 803453753.333333 803457526.333333 7.36463126436946e-07 878 0.0155185514350797 0.0138392082270648
1.28 3B 806355374.5 806358011 7.10871385833303e-07 326 0.00660665061349693 0
1.29 3B 808996623.5 809001243.5 6.7738381690444e-07 529 0.00967889724007561 0.0360648695500439
1.3 3B 810403026.2 810407786.8 6.62956129052632e-07 1078 0.00953767001855288 0.0782501645744473
1.31 3B 811445015 811448708 6.52505095251765e-07 255 0.0323294 0.022367380774156
1.32 3B 812337170 812345279 6.43689826682962e-07 1091 0.00457651 0.148418554750235
1.33 3B 812571302.5 812575296 6.41426331937749e-07 628 0.0201201394904459 0.0874261407249237
1.34 3B 813977737 813984200 6.27908334071184e-07 64 0 Inf
1.36 3B 815616183.5 815622500.75 6.12642150955409e-07 2024 0.0112725526926877 0.0783599701742401
1.37 3B 816484908.8 816487636.2 6.04748791451295e-07 987 0.0258746451367781 0.0364065520909943
1.38 3B 818275834 818277509 5.88900342473716e-07 58 0.0108959 0
1.39 3B 820393185 820398318.666667 5.70724637477903e-07 1439 0.0157231738151494 0.0904770966833677
1.4 3B 824569562.5625 824574363.75 5.33545724102136e-07 3941 0.0169459544049734 0.0872498560950738
0.02 4B 1489996.4 1494459.2 1.05283894926374e-06 1458 0.0366134711248285 0.0370298348047251
0.03 4B 2148325 2150431 1.04786746976251e-06 154 0.0183271 0
0.06 4B 4520661 4526800 1.01381315479273e-06 850 0.0101551 0.0861643903063485
0.07 4B 4871309.5 4875177.5 1.00848981564178e-06 626 0.0241355607028754 0.0570643606424071
0.08 4B 5896548 5899765 9.92398869743623e-07 557 0.0386495339317774 0.017265481551697
0.09 4B 7037403 7041786.66666667 9.73719688043424e-07 786 0.0210362755343511 0.0243901504379213
0.1 4B 7811580 7819291 9.60523416957625e-07 1335 0.0271535644194757 0.122891748508142
0.13 4B 9821022.5 9825825.25 9.24542264741162e-07 1596 0.0245084281954887 0.0862235589591074
0.14 4B 10588066 10592794 9.10112336478481e-07 584 0.0433579426369863 0.0286724567003837
0.15 4B 11774758 11780632 8.89240515933944e-07 1316 0.0220550215045593 0.0914979531210633
0.16 4B 12377308 12381147.5 8.78783704887667e-07 407 0.0314891027027027 0
0.17 4B 13418909 13424077.5 8.60628463053494e-07 1602 0.0147813541198502 0.0156410777466109
0.18 4B 14107611.2 14112085.4 8.48610801692864e-07 1519 0.00722994938117182 0.0332698362118292
0.19 4B 15408590 15414249 8.2583161109979e-07 264 0 NA
0.2 4B 16087310 16093382 8.14176385097626e-07 388 0.0126438 0
0.21 4B 17134883.6666667 17139579.6666667 7.96485772753377e-07 1169 0.0294101920444825 0.0393794889835055
0.22 4B 18339767 18349206.3333333 7.76494474181218e-07 2969 0.0106256103334456 0.0813348563147368
0.24 4B 19739725.75 19746144.5 7.53881090202338e-07 783 0.0207557383141762 0
0.25 4B 21214762 21221263 7.3068332300172e-07 3013 0.0124592740623963 0.0846564850840845
0.26 4B 21933048.5 21940510 7.19594684353354e-07 773 0.0277207989650712 0.0687077306098116
0.27 4B 23240814.7272727 23245487.4545455 6.99883726009271e-07 2862 0.0119966446610762 0.11822040053989
0.28 4B 24383958 24388848 6.83021229042886e-07 450 0.0187538 0.0434080026447973
0.29 4B 25869060.2 25874126 6.61726042576835e-07 1233 0.0171817855636659 0.0547649386492654
0.3 4B 26993308.7142857 26997950 6.46065855307949e-07 1847 0.0290653417379534 0.040044157966195
0.31 4B 28291665.8666667 28296111.4666667 6.28437916269206e-07 4428 0.022680136865402 0.046743183735784
0.32 4B 29106732.5 29115694 6.17579463199034e-07 917 0.0261522088331516 0.0228730760412301
0.33 4B 30780898.5 30787678 5.9601127604787e-07 624 0.00810100634615385 0.0579130173594529
0.34 4B 32259907.75 32266037.0833333 5.77688667815407e-07 4427 0.0101242637158347 0.0247976593845219
0.35 4B 33562882 33568390.1428571 5.61857237544087e-07 3094 0.0124397776147382 0.0527263920450044
0.36 4B 34999318 35006965.8571429 5.4003643644322e-07 2230 0.0267309748161435 0.0125049326226434
0.37 4B 37315983 37320613 5.02415212921489e-07 160 0.0116618 0.0993911746042635
0.38 4B 38532609.875 38537819.625 4.83778091577675e-07 3566 0.00226257095849691 0.0923529291930855
0.39 4B 41416998.8 41424167.1 4.28907500844121e-07 6060 0.0056989512310231 0.100178742082174
0.4 4B 51048137.7083333 51055030.75 2.76111675105185e-07 8882 0.00411641680364783 0.105571191967747
0.41 4B 67278912.3589744 67284883.948718 1.03553655149868e-07 10692 0.00269024158436214 0.25340936080316
0.42 4B 87979578.5294118 87985444.0882353 2.788199125756e-08 9493 0.000688251422100495 0.326746175052899
0.43 4B 122690698.137615 122696117.807339 2.05238319321399e-08 37768 0.000843664621822707 0.219281575819811
0.44 4B 176535546.15 176541153.233333 2.11775792042519e-08 17542 0.000681101520351157 0.184483023392746
0.45 4B 335349930.915254 335358981.062147 1.05366495698675e-08 72732 0.000455968812833416 0.313229009273407
0.46 4B 413790590.69697 413794982.939394 4.32046296421717e-08 10829 0.000929209540400776 0.327934158511076
0.47 4B 429598938.666667 429604351.692308 5.5122602757589e-08 11513 0.000535946956310258 0.521379976622903
0.48 4B 447243952.928571 447248288.452381 6.81732817739916e-08 14958 0.000768416532958952 0.209318844147427
0.49 4B 463605440.196078 463610805.607843 7.75965625315412e-08 17742 0.000845003610754143 0.321899374498133
0.5 4B 480955560.588235 480960540.882353 8.51344719495578e-08 4686 0.000259291898420828 1.06226837114438
0.51 4B 491847738.05 491852923.45 8.83148306730496e-08 6926 0.00142878495033208 0.194259362192672
0.52 4B 500722576.095238 500728652.238095 9.01164004263492e-08 7119 0.000325968023317882 0.687794926655573
0.53 4B 512188992.777778 512194779.055556 9.13359563928727e-08 7080 0.000703936538700565 0.366611395676792
0.54 4B 521675788.5 521680984.266667 8.92197023459179e-08 9173 0.000701654896544206 0.285453198885712
0.55 4B 532092409.72 532096665.52 8.62361220757413e-08 5666 0.00506920558418637 0.0663342189555539
0.56 4B 553040031.102564 553044779.666667 6.73443717762171e-08 15096 0.00119436116255962 0.183543121011262
0.57 4B 570297457.235294 570300910.294118 4.8685810363746e-08 3600 0.00565334916111111 0.114368645945094
0.58 4B 578472444.653846 578476742.653846 6.23123369828622e-08 5814 0.00144006801926385 0.183270102491136
0.59 4B 591804574.324324 591810190.459459 7.91935308162352e-08 11502 0.0060580435419927 0.200834335328654
0.6 4B 604205586.826087 604211492.130435 1.21918960243915e-07 7154 0.0055182037120492 0.145913482074813
0.61 4B 611619323.9375 611624445.375 1.4562181223874e-07 4148 0.0105343369792671 0.0789788817206707
0.62 4B 616858305.75 616862947.583333 1.46692522610735e-07 2815 0.00848123592184725 0.0537028048651738
0.63 4B 622086039.125 622089999.875 1.38626399224983e-07 1605 0.015793474305296 0.0454822512431143
0.64 4B 628967486.166667 628971731.666667 2.694590578141e-07 1715 0.0189819162507289 0.112301214617729
0.65 4B 634538506 634544562 4.77580332395583e-07 1444 0.0151012699307479 0.0763413174780703
0.66 4B 637896449.833333 637898977.333333 5.74277563523878e-07 1352 0.0203286241568047 0.0538030718094487
0.67 4B 639215599 639218484.5 6.17767938915292e-07 421 0.019520643111639 0.0901793816357937
0.68 4B 640586747.75 640592722.5 6.65685918429152e-07 2950 0.00926705463050847 0.0603845934972067
0.69 4B 642020507.333333 642025051 7.19026591143525e-07 1188 0.00999872711279461 0.429599212595395
0.7 4B 643283283 643286081 7.65389243859039e-07 328 0.0115105774390244 0.048837091885846
0.71 4B 643931966.5 643951777 7.83620486136033e-07 2081 0.00364324091782797 0.0241540178076367
0.72 4B 645128884 645133156.666667 8.16874251510679e-07 1033 0.0265479420135528 0.0533713004576888
0.73 4B 646173518.333333 646176138.333333 8.46336055503539e-07 592 0.030823429222973 0.051156504155609
0.74 4B 646764715 646768895.666667 8.63168670191229e-07 910 0.0117882651648352 0.102283455423303
0.75 4B 647635585 647640055 8.88084109135498e-07 277 0.0493642 0
0.77 4B 649558044.333333 649563352 9.43746209775733e-07 845 0.0177159577514793 0.0247043144861548
0.78 4B 650760662.2 650765287.8 9.79005987552772e-07 2223 0.0158517583760684 0.112220256980835
0.79 4B 651991316 651994109 1.01543069028675e-06 159 0.0140725 0.361230769230769
0.8 4B 652811469 652818496.666667 1.03999244039176e-06 1913 0.0242446690015682 0.0729728473481351
0.82 4B 654149480 654152835.5 1.07996774520184e-06 623 0.0400144431781701 0.0270230956453882
0.84 4B 656159507 656164423 1.13807119767868e-06 26 0 Inf
0.85 4B 657010258 657014442.4 1.1625992828668e-06 1375 0.0323621141672727 0.0355742036970747
0.86 4B 657899317.75 657903137.5 1.18825774328346e-06 1614 0.0401536409541512 0.0182407265871046
0.87 4B 658771762 658782331 1.21355984862287e-06 906 0.0101954 0.0394794711340408
0.88 4B 659350901.25 659359809.25 1.23027875798697e-06 3435 0.00803895333915575 0.106257330916621
0.89 4B 660535127.833333 660538861.5 1.26446654742379e-06 1253 0.0234510348922586 0.0441034518493583
0.91 4B 662390933.5 662392908.5 1.31820841849411e-06 431 0.00729018561484919 0.294212916962385
0.94 4B 664985826 664989137 1.39356320785535e-06 364 0.00848469038461538 0.121087007617113
0.95 4B 665396665 665405093 1.40558087640864e-06 433 0.0164986 0.0885911531887554
0.97 4B 667653915 667657270 1.47120970774769e-06 173 0.0382708329479769 0
0.98 4B 668215911 668217452 1.48756252518833e-06 27 0 NA
1 4B 670424917.666667 670433356 1.55212563981954e-06 2973 0.0182901764547595 0.128367711228994
1.01 4B 671746873.5 671752551.5 NA 938 0.0315218192963753 0.0327287577378332
1.02 4B 672214230.333333 672222470.666667 NA 1320 0.00581606625 0.408453331165358
1.03 4B 673180578 673184155 NA 556 0.0109869340467626 0.121336240802562
0 5B 210112 215729 NA 482 0.0144742 0
0.01 5B 756821 758672 NA 67 0 NA
0.03 5B 1748923 1752849 NA 400 0 NA
0.05 5B 2558977 2563902 NA 447 0.0280592 0.0349315732451388
0.07 5B 3917424 3923351 NA 434 0.0229729 0
0.08 5B 4546069 4552406 NA 437 0.0147509301144165 0.152014740268963
0.09 5B 5052970 5056002 NA 113 0.0280374 0
0.12 5B 6647661.5 6651693 NA 380 0.0126808707894737 0
0.13 5B 7304714 7308733 9.88841327877098e-07 687 0.00580076273653566 0.0913414864882498
0.14 5B 8171350 8176122 9.72796650734099e-07 209 0.00630639 0.415153518891156
0.15 5B 8919283.5 8927545.5 9.5871670225676e-07 1672 0.00308613184210526 0.31583565329544
0.16 5B 9262347 9265429.5 9.52261351637115e-07 389 0.0332667624678663 0
0.19 5B 11454818 11458233 9.09778656277868e-07 53 0.00974026 0
0.2 5B 12501477.25 12509067.5 8.8889308820769e-07 1968 0.00646620715955285 0.0771926004243533
0.21 5B 13403057 13407210.3333333 8.70692987650022e-07 1956 0.0103046076635992 0.033984797037647
0.22 5B 13717504 13721589 8.64279563026764e-07 446 0.00135033488789238 0
0.23 5B 15288027 15292575.5 8.32034694713089e-07 391 0.00814478976982097 0
0.24 5B 15983256 15987641 8.18164468956782e-07 398 0.00641762180904523 0.0721255139566486
0.25 5B 17544779 17547737 7.87135030065212e-07 271 0.0493986 0
0.26 5B 17975412.5 17979120 7.78601904393882e-07 606 0.0119191897689769 0.100292925585651
0.27 5B 19438473 19440260 7.49910401870263e-07 475 0.00459482 0.315790390047924
0.28 5B 21093008.5 21098312.75 7.18261688174197e-07 1090 0.0301067219266055 0.00559702341336684
0.29 5B 21561859.3333333 21565885.3333333 7.09471577010654e-07 1308 0.0135430466360856 0.0536439841134044
0.3 5B 24340843 24346794.3333333 6.58741981466207e-07 1780 0.00463895905617978 0.0751976679648172
0.31 5B 26973884.5 26979259.6666667 6.13099112032756e-07 2300 0.00469070933043478 0.218141122785188
0.34 5B 33258840 33271570 4.84103539748018e-07 113 0.0213294 0.0752548126060743
0.35 5B 33960335.6666667 33964253 4.70403835776016e-07 549 0.00675365136612022 0.0568909981259277
0.36 5B 36475516.5 36478853 4.32075965903145e-07 270 0.00415914111111111 0.505177831854707
0.37 5B 38171971 38175792.5 4.133393640015e-07 406 0.0238584581280788 0.12628545153509
0.39 5B 45043020 45046883.25 3.0069585490651e-07 2863 0.00500797380370241 0.124313875134095
0.4 5B 49900366.3333333 49910833.6666667 2.56176271386356e-07 1257 0.00366124962609387 0.0874443325445974
0.41 5B 54650575.25 54654851.75 1.99588670261977e-07 1719 0.00732384041884817 0.127856769211023
0.42 5B 59367250 59373058.6 1.5411989083409e-07 1955 0.00437542663938619 0.123147194433387
0.43 5B 67552703.9444444 67558654.7777778 8.29577410604707e-08 6602 0.00269789240381703 0.238591085410104
0.44 5B 83463949.0681818 83470186.8181818 1.82048045310089e-08 15373 0.00222730422441944 0.18986476206371
0.45 5B 127177482.217822 127182887.19802 0 36335 0.000452160120627494 0.358278395692529
0.47 5B 158214433.235294 158229715.882353 0 8195 0.000158879789871873 0.422826102198725
0.48 5B 215505327.255319 215513553.882979 3.16807766301884e-08 36381 0.000350748343503477 0.474384267395758
0.49 5B 272375333.365079 272381017.206349 5.02494299879066e-08 19553 0.00195911727786017 0.234082710393998
0.5 5B 297370601.716418 297378085.970149 4.08243592039039e-08 29383 0.000666587865228193 0.216741647135551
0.51 5B 323809824.434783 323816028.84058 2.66755561658548e-08 23288 0.000673136387624528 0.248367964759393
0.52 5B 365298348.774194 365303215.408602 2.47479980486168e-08 25780 0.00229715589410396 0.140810057649635
0.53 5B 400146218.935484 400151053.064516 7.58257165519336e-08 8508 0.0067335692019276 0.111113090787869
0.54 5B 413483006.5625 413486968.1875 1.34960170249976e-07 3825 0.00118493297777778 0.126050194363714
0.55 5B 420862390.866667 420866577.133333 1.81686148391815e-07 2525 0.00227106908514851 0.12211611896259
0.56 5B 426818652 426823438.111111 2.17495036674718e-07 2914 0.00716175016472203 0.0704630683773067
0.57 5B 431082058 431088575 2.3902558427666e-07 1898 0.0102207153530032 0.0728004383506397
0.58 5B 434758285.25 434762634.25 2.54785855804862e-07 1251 0.0142276671223022 0.0551471666599592
0.59 5B 439056797 439060935.25 2.70065965066144e-07 1838 0.00541471554406964 0.2137143740171
0.6 5B 441585733 441590812.857143 2.77402360348152e-07 2050 0.00305083755609756 0.0388106956295419
0.61 5B 442777381 442779366 2.80489749722722e-07 147 0.00986842 0.127856333638009
0.62 5B 446646538 446652009 2.8843228668587e-07 1098 0.00115338805100182 0.339891136280783
0.63 5B 449293368.444444 449296943.444444 2.92392203743106e-07 2170 0.00930017050230415 0.060674227795573
0.64 5B 451010983.5 451014932.5 2.94310300155847e-07 243 0 NA
0.65 5B 455162159.2 455165791.8 2.96451753421091e-07 2197 0.00282732157032317 0.118509385536056
0.66 5B 457878449.5 457884105.75 3.01332093193499e-07 1725 0.0101580203362319 0.102741795904009
0.67 5B 461554362.4 461558694.3 3.0820785574304e-07 1702 0.0158109034488837 0.200386856373257
0.68 5B 465043599.083333 465048334.916667 3.11463757994622e-07 2480 0.015890262233871 0.119268290897595
0.69 5B 469560808.125 469565317.875 3.11175651974037e-07 3238 0.00445186017294626 0.106097320261273
0.7 5B 472524252.5 472528776.875 3.08434815086371e-07 2312 0.00239152382785467 0.0342221569582462
0.71 5B 476927435.222222 476932667.777778 3.04144819905971e-07 3611 0.00809098109111049 0.117156395072742
0.72 5B 479576416.928571 479581193.285714 2.95052531555002e-07 3758 0.00635643054284194 0.179884400697742
0.73 5B 484541189.555556 484545480 2.90676650844865e-07 3588 0.0062553948606466 0.126781663089194
0.74 5B 487894084.8 487898537 2.92885023806269e-07 3389 0.00789950463853644 0.22292544131133
0.75 5B 491247181.5 491251407.5 2.98196730705059e-07 1082 0.0125014556377079 0.0367106030905828
0.76 5B 496189221 496193083 2.90450175235524e-07 509 0.0206326886051081 0.0514064026712528
0.77 5B 498151087.8 498155276.3 2.91146080989725e-07 1881 0.00275343835725678 0.0355897948330052
0.78 5B 501556431 501559911.666667 2.97279618506562e-07 582 0.000674067525773196 0
0.79 5B 502895835 502902345.8 3.01683699053439e-07 2504 0.00188340310702875 0.23441105090558
0.81 5B 506479777.4 506485752 3.18739535887981e-07 4651 0.00466786596215867 0.0992863363682629
0.82 5B 508274152.3 508277730.8 3.30200786267983e-07 1557 0.0247805259473346 0.0285542912735703
0.83 5B 511051532 511056355 3.51761676615259e-07 2331 0.0101142247361647 0.126858381756773
0.84 5B 514958584 514963387.125 3.87171343198072e-07 2121 0.0114743445167374 0.0506494006238558
0.85 5B 517918053.25 517922202.75 4.07038988300605e-07 1952 0.00941126518442623 0.0963619204558047
0.86 5B 522041082 522045941.5 4.36666047824959e-07 604 0.0042261867218543 0.0718682966583021
0.87 5B 526470676.333333 526473147 4.74060955859895e-07 316 0.0169757653164557 0
0.88 5B 529858828 529863968.5 5.44419464864276e-07 666 0.0071356895045045 0.2687521409979
0.89 5B 532147737.666667 532150984.666667 5.76587810554609e-07 840 0.0281124628571429 0.102643685129178
0.9 5B 534055272 534058058.5 5.7089877464846e-07 159 0.0183545566037736 0
0.91 5B 536049119 536053881.5 6.00485075426264e-07 642 0 NA
0.92 5B 536591016 536592976 6.10819169024205e-07 71 0.0367347 0
0.93 5B 539216658.333333 539220818.333333 6.46238044779549e-07 747 0.0194981493975904 0.0499438099284554
0.94 5B 539583796.6 539590264.6 6.49208303185436e-07 2483 0.0101331994079742 0.17409412234825
0.95 5B 540739649 540742904 6.55570374972746e-07 404 0.0126828 0.143539281546662
0.96 5B 541351271.2 541355081 6.5689635473616e-07 1631 0.018904310649908 0.0401383699540489
0.97 5B 542458456 542465046.666667 6.55939432208148e-07 1637 0.0258645534086744 0.0712527613304461
0.98 5B 543160659.333333 543167963 6.5322156175267e-07 2633 0.00432529866691986 0.219576154280862
0.99 5B 544613603 544616952.333333 6.42015701266927e-07 569 0.0056782362741652 0
1.01 5B 546774793.5 546787161 6.1133833922736e-07 681 0.0107370785756241 0.0659183121303702
1.02 5B 548418669.666667 548425508 5.84597267405097e-07 1430 0.0038983306993007 0.0649181416704288
1.03 5B 550034019.75 550036683 5.59089779640515e-07 695 0.0210986510791367 0.063036046322304
1.04 5B 550980705 550986800.428571 5.41319369389344e-07 3203 0.00867460235716516 0.126408297261944
1.05 5B 552568649.333333 552572937.111111 5.12996683870475e-07 2667 0.00657656853018373 0.0627884794346126
1.06 5B 554808516.142857 554814482.428571 4.85518251785745e-07 2864 0.00666376803072626 0.0481096005141336
1.07 5B 557815892.583333 557821057.833333 4.53665102140017e-07 4321 0.0133705921383939 0.111124403991192
1.08 5B 561229251.666667 561234760.777778 4.23014330079723e-07 2440 0.00978876403278689 0.0815727065383492
1.09 5B 566930505.25 566935833.916667 3.83291014753267e-07 5303 0.00389172362775787 0.124571328911382
1.1 5B 571752873.947368 571758147.631579 3.66909638501406e-07 7453 0.00506345377566081 0.127529827816304
1.11 5B 574824231.375 574829991 3.73353341925775e-07 2302 0.00163745309947871 0.0986729822002834
1.12 5B 577718575.25 577723857.875 3.80539810511549e-07 2870 0.00746577110278746 0.14592139645709
1.13 5B 580590273.222222 580594740.555556 3.87336036722108e-07 1659 0.0057397585774563 0.0893571292388264
1.14 5B 583009959.4 583013881 4.11993853160426e-07 1643 0.00497397773584906 0.129536728230073
1.15 5B 584526872.166667 584529948.666667 4.2160161195274e-07 1250 0.00638995932 0.0227287256032171
1.16 5B 586126368.333333 586130806.666667 4.17919235113192e-07 882 0.00377389201814059 0
1.17 5B 587504204.714286 587508177 4.08505418806569e-07 2283 0.0132278080332895 0.0971167864236144
1.18 5B 588694446.076923 588699223.076923 4.20802616561747e-07 3438 0.0223393116957533 0.0978789388068109
1.19 5B 591307101.5 591310414.25 4.41247338445507e-07 861 0.0135559949361208 0
1.21 5B 595138355 595141959.875 4.84672594634281e-07 1307 0.0228742884315226 0.0145469298626801
1.22 5B 598755741.5 598761860 4.38440537172395e-07 723 0.00422629099585062 0.238667046597552
1.23 5B 600932590.222222 600937060.222222 3.92706633935445e-07 2725 0.0164659698825688 0.0715971306785406
1.24 5B 603686612.846154 603691975.230769 3.46421104938522e-07 4879 0.00601872179749949 0.151637366654825
1.25 5B 605895455.333333 605900245.555556 3.01969993180807e-07 1984 0.00475418237399194 0.0591871909752875
1.26 5B 608835369.833333 608839868.166667 2.57550677405864e-07 2555 0.00435948407671233 0.0654813556325332
1.27 5B 613086136.4 613091573.4 2.20905375889583e-07 1489 0.00561122525184688 0.139610099055017
1.28 5B 619542572.705882 619547147.352941 1.90947785386455e-07 4399 0.0167766132916572 0.0530884589758497
1.29 5B 625890638 625895662.666667 1.29050795293707e-07 947 0.00298089034846885 0
1.3 5B 632745536 632751414.5 1.74947055802755e-07 591 0.00603560588832487 0.181206157454089
1.31 5B 637966927.333333 637972364.416667 2.03044845089119e-07 3637 0.0100864994555953 0.0773208238725465
1.32 5B 641485657.272727 641489588.818182 2.45329032492641e-07 2968 0.0108734767284367 0.0654287140935163
1.33 5B 646676239.4 646679706.6 3.28209104688943e-07 1483 0.00487181621712744 0.117260759796036
1.34 5B 650169768.625 650176418.125 3.49601318790862e-07 3090 0.0114040274692557 0.0157950930551961
1.35 5B 654098472.4 654102199.2 4.19253277579486e-07 1897 0.0138198626251977 0.0140028493898337
1.36 5B 657096307.75 657102067.75 5.09948974074525e-07 3978 0.00842307139517345 0.188087218582324
1.37 5B 658562775.166667 658566173.833333 5.53463020116405e-07 1264 0.00665093109968354 0.0650522210657782
1.38 5B 660291582 660297581 5.98230990038721e-07 822 0.0176051844160584 0.0941279629240269
1.39 5B 661437186 661441405 6.23663713267665e-07 720 0.0152866230972222 0.0846703880569554
1.4 5B 662023972 662032159 6.35501220030255e-07 43 0.042328 0.248098185598186
1.41 5B 663155205.4 663160290 6.5577958452878e-07 1545 0.016019465618123 0.0548060281829343
1.42 5B 664536902.25 664543132.5 6.76308508405943e-07 1504 0.00437227120345745 0.0563689657197417
1.43 5B 666041945.25 666050169.5 6.935650238161e-07 1962 0.00528466091743119 0.106141026090018
1.45 5B 668856830.5 668863257 7.10412706271154e-07 1367 0.00558594895391368 0.0731096662903619
1.46 5B 669894375.333333 669897641.666667 7.12180435159325e-07 799 0.0173084434793492 0.10667267464881
1.47 5B 671559947.25 671563939.5 7.08575896792983e-07 712 0.00171959730337079 0.148869948712842
1.48 5B 673855351.6 673860003.6 6.93316350630787e-07 1103 0.0124765083499547 0.0671764982576637
1.49 5B 674857202 674861201.333333 6.82534538287556e-07 1431 0.00277148625157233 0.0464831763836616
1.5 5B 676380679 676385257.166667 6.61292967205574e-07 2101 0.00468932674916706 0.488665574770011
1.51 5B 678309408.4 678313705.2 6.34738138002103e-07 1972 0.0105350403853955 0.11508125310729
1.52 5B 679521928.75 679530488.25 6.41592827482568e-07 2383 0.00511884367603861 0.116217802572859
1.53 5B 680704177 680710090.333333 6.47122976000588e-07 3080 0.0107727241266234 0.079741912317635
1.54 5B 682116629.5 682121817.5 6.48718298491839e-07 888 0.0132369479954955 0.174432858084575
1.55 5B 683017483.333333 683022727 6.46560753564856e-07 1046 0.0183756711281071 0.0318999050619345
1.56 5B 684548574.5 684551810 6.38122804285122e-07 312 0.0467332775641026 0.0291427772882369
1.57 5B 685432647 685437147 6.33891725707751e-07 265 0.0344538 0.126048795778695
1.58 5B 686932232 686935350 6.35249334706992e-07 257 0.00241222 0.299438276774092
1.59 5B 687800680.5 687808373.5 6.36240247813229e-07 539 0.0251539233766234 0.0277665372590917
1.61 5B 690125603.666667 690130728.666667 6.36718211310506e-07 2157 0.0205084993370422 0.0320123276401622
1.62 5B 692377354 692382016.142857 6.34206324269219e-07 1699 0.0122697568746321 0.0856715681718267
1.63 5B 695345957 695350564 6.24925014905218e-07 1607 0.017531954486621 0.0197121735242976
1.64 5B 698478627 698484376 6.13146022049723e-07 1643 0.0237933305526476 0.00745387937825731
1.65 5B 704253474.611111 704258155.444444 5.98626139583889e-07 5050 0.018445866619802 0.120756108176521
1.66 5B 709636651.916667 709642076.916667 5.92977830110764e-07 3707 0.0218274596762881 0.0478750975372515
0 6B 163680 173488 NA 1601 0.00301258 0.194084472445545
0.02 6B 3383444 3385577.33333333 7.08632427656595e-07 580 0.0119495762068966 0.0270965719719219
0.03 6B 4005325 4009627 7.08910515021514e-07 785 0.0145454757961783 0.0484134471825831
0.04 6B 4866280.5 4870594 7.10003698478838e-07 124 0.0184246435483871 0
0.06 6B 8350451.5 8354658 7.23184101265858e-07 1040 0.0139638441346154 0.0507075947836411
0.08 6B 11480043 11484185 7.43283531067387e-07 517 0.0115687449903288 0.251542388649939
0.09 6B 12932154.5 12937487.25 7.4913283084244e-07 1430 0.0207063338461538 0.114430341833785
0.1 6B 14672504.75 14677636.25 7.50388265414384e-07 1427 0.0153800613174492 0.267868292512341
0.11 6B 16914182 16920200 7.51167485517599e-07 1428 0.0147154229691877 0.0668261074815082
0.12 6B 18645460 18648979 7.63317420340721e-07 191 0.0700685 0.0571312358620493
0.13 6B 20679829 20687936 7.66567465903525e-07 1935 0.0367458 0.00258138889342455
0.14 6B 21534713 21537561 7.62510400523482e-07 633 0.0303083316271722 0.0195273430703411
0.17 6B 24921553 24938618 7.73478230879061e-07 61 0 NA
0.19 6B 27740218.5 27749757.5 7.77554727119737e-07 2153 0.0115823782257315 0.046722064127117
0.21 6B 29997968.5 30001471.5 8.07920211746755e-07 606 0.022816652970297 0.0259306059365461
0.24 6B 32326215 32330387 8.27369861248473e-07 554 0.0449155129963899 0.0793769378691744
0.27 6B 36215651 36221670.5 8.15040430953271e-07 588 0.0418599183673469 0.118259618084808
0.28 6B 37250792 37253002 8.02355599975407e-07 297 0.0387195 0
0.3 6B 38908277.3333333 38911551 7.73668620469949e-07 882 0.00733614383219955 0.0377361906719837
0.31 6B 40106526 40110816.6666667 7.46615142077379e-07 699 0.0472597321888412 0.0933632823387275
0.32 6B 41719419 41723010 7.01882603966245e-07 851 0.0220116670975323 0.0771326126177279
0.33 6B 43276244 43279681 6.49681858123464e-07 205 0.0242588 0
0.34 6B 44836972 44843885 5.88162732792181e-07 325 0.0126947 0.276176672154521
0.35 6B 46883572 46887538 4.93991727049413e-07 163 0.0271493 0
0.36 6B 48825101.5 48830102.5 3.88334247515235e-07 1238 0.0159926852827141 0.192422170539983
0.37 6B 57266989 57270191.2857143 2.17576926340698e-07 1465 0.0054364241774744 0.132448720540359
0.38 6B 66537479.3076923 66541287.1538462 4.92765753109544e-08 2355 0.0058267338895966 0.107420598262989
0.39 6B 80054691.5714286 80058476.6428571 2.70451388584089e-08 2745 0.00583160288160291 0.138598650808132
0.4 6B 96822615.9545455 96827537.9545455 6.46682449153541e-08 4502 0.00335516576632608 0.0497532437081638
0.41 6B 113713247.777778 113718771.444444 8.49244616850968e-08 2239 0.00250891947297901 0.130229956695635
0.42 6B 121741462.111111 121747949.333333 1.00821849004165e-07 7359 0.0020803480044843 0.0929561219925001
0.43 6B 130696334.85 130701786.95 1.2478044033022e-07 8205 0.00254167724704449 0.106078173483579
0.44 6B 140049033.782609 140055659.478261 1.50271832482023e-07 9774 0.0023251772962963 0.153302973312887
0.45 6B 148888116.416667 148892372.75 1.42839241927804e-07 4372 0.00365849556953339 0.109729527113659
0.46 6B 155567590.875 155576349.25 1.11714581409043e-07 4862 0.00222612408041958 0.119058483739437
0.47 6B 162977177.833333 162984525.333333 8.03843116074955e-08 1575 0.000912882285714286 0
0.48 6B 202378604.026549 202384044.973451 2.11999165620538e-08 37472 0.00201667633456981 0.210760396729989
0.49 6B 257934501.613636 257940348.454545 1.40717878659945e-08 14262 0.00111453283424485 0.24696618975432
0.5 6B 343111802.826531 343125095.377551 1.56018344026157e-09 37425 0.000543465743700735 0.318914150918746
0.51 6B 412826650.4 412830937.2 2.02407195943307e-08 2562 0.000475056831381733 0.303162774882823
0.52 6B 442013140.272727 442018846.363636 4.44180396812809e-08 16433 0.000834564912006329 0.578246930940778
0.53 6B 466232225.142857 466237744.485714 6.98600982484719e-08 10885 0.000603192410656867 0.296632748878038
0.54 6B 479358805.818182 479365478.590909 7.68380506712224e-08 6468 0.000461220815708101 0.247755280791262
0.55 6B 489066822.4 489071500.733333 8.06573631393477e-08 3454 0.000505733920092646 0.138982152878705
0.56 6B 495941791 495948161 8.27293936272044e-08 1069 0.00141784205799813 0.231011310512353
0.57 6B 507468052.645161 507473148.967742 8.49930213149224e-08 7623 0.00217267640561459 0.298829892425697
0.58 6B 525868203.085106 525873097.574468 8.55259526492595e-08 12643 0.00067452811990825 0.152258474050758
0.59 6B 541425569.571429 541431308.52381 8.16669303425523e-08 9730 0.00230535899280576 0.103399502914319
0.6 6B 553114139.285714 553119728.178571 6.39650246957345e-08 8939 0.00139195027139501 0.104077991585781
0.61 6B 562880971.058824 562885494.058824 5.85332396120113e-08 7197 0.00111562132833125 0.190157798855011
0.62 6B 570016998.809524 570021213.714286 6.67653274817752e-08 6642 0.00507517077235772 0.109484197333864
0.63 6B 578418312.294118 578422397.411765 8.29447004122816e-08 4442 0.00338760676947321 0.19686572515572
0.64 6B 595755878.5625 595761912.375 6.07946300836018e-08 20646 0.00227747480470793 0.189578428787193
0.65 6B 616777307.32 616783076.72 1.2778367397439e-07 6218 0.00331118220649727 0.221579223169147
0.66 6B 625352822.75 625356343 1.91173713691292e-07 1278 0.00482567629107981 0.0694743654359473
0.67 6B 633014410.375 633019389.5 2.86691419350154e-07 2306 0.00343200046400694 0.0766008100431646
0.68 6B 634842716.5 634846896.75 3.11358617176237e-07 1102 0.00059796 0.738145520541165
0.69 6B 636951177 636961126 3.35183606009842e-07 1008 0.00333348618055556 0.10954015004437
0.7 6B 639903173.333333 639910197.333333 3.57648309819872e-07 1528 0.000805360280104712 0.352760149845069
0.71 6B 641226908.4 641235648 3.64315015830908e-07 2957 0.00139062576936084 0.103769371824539
0.72 6B 643748016.8 643752257.8 3.69884524267638e-07 917 0.000693610687022901 1.46128405244316
0.73 6B 645698296.333333 645704750.166667 3.6890351321454e-07 2920 0.0129986381575342 0.118270078989218
0.74 6B 649741818.25 649747449.5 3.86530304223549e-07 2143 0.0166709864769015 0.0724476648259971
0.75 6B 652588993 652595005.875 3.8066918582109e-07 3867 0.0136604677165762 0.0580987929368404
0.76 6B 656826519.75 656830248 3.47831732461031e-07 2041 0.00620249468397844 0.0490923170254949
0.77 6B 658474721.5 658478455 3.36173219613852e-07 906 0.0154273732891832 0.0886187177887028
0.78 6B 661010761.25 661013993.5 3.15822959730505e-07 902 0.0101406768292683 0.0876074648537664
0.79 6B 662407926.375 662416594 3.07067184440384e-07 4570 0.00899737492997812 0.156522747631864
0.8 6B 664451758 664458207.285714 2.94642509842787e-07 3759 0.0162796996408619 0.0956944729021296
0.81 6B 669575691 669580329.3 2.39390737749125e-07 3934 0.00837808822064057 0.0979876302999561
0.82 6B 676784725.5 676788942.5 3.30123127998568e-07 444 0.0267655540540541 0.108727566929594
0.83 6B 679775870.25 679781291 5.345487399194e-07 1751 0.0157742988006853 0.0448425377092302
0.84 6B 682554371 682559012 7.5408224219115e-07 529 0.00706234030245747 0
0.85 6B 684220072 684221496 8.87969143408448e-07 217 0 NA
0.86 6B 684854309.5 684859947.5 9.25524569934246e-07 1832 0.00922700580240175 0.0885171585066352
0.87 6B 686011054.8 686016847.2 9.78401907976103e-07 2372 0.0222077465219224 0.0750244053239042
0.88 6B 687554160 687557504 1.0140551417985e-06 203 0 Inf
0.89 6B 688300859.5 688305415.5 1.01628054161024e-06 345 0.0287297576811594 0.149862337352906
0.91 6B 689919228 689923507 9.88441452826664e-07 441 0.00672457 0
0.92 6B 690643550.5 690648018.5 9.61438320501137e-07 391 0.0199430377493606 0
0.93 6B 691045989 691049785 9.59066352689967e-07 731 0.0340928201094391 0.0368904974816979
0.95 6B 692774342 692783735 1.00863117490826e-06 793 0.00493241 0
0.96 6B 693341614.75 693345402.75 1.01873596954058e-06 908 0.0192885398678414 0.0654178873714598
0.97 6B 694370929.833333 694374866 1.02531863210025e-06 1631 0.0278445575904353 0.0203982114078208
1.01 6B 697756697.5 697762314.5 9.25433900959639e-07 974 0.033931123613963 0.0170383741258382
1.02 6B 699129911.333333 699138311.333333 8.83974132723343e-07 2604 0.0090549533640553 0.0569269545476636
1.03 6B 701386578 701392566 8.66875156386406e-07 349 0.00553392 0
1.04 6B 702016826.571429 702020974.857143 8.63893904832387e-07 1589 0.0239606956828194 0.0894847186051817
1.05 6B 703408076.75 703412176 8.56128030738774e-07 730 0.018026062 0.0687816408979217
1.06 6B 705073509.25 705077581.25 8.44768451750382e-07 897 0.0126648698216276 0.103314739447069
1.07 6B 705437490.5 705442930.5 8.41966737839581e-07 1061 0.0313673119698398 0.0334821742728026
1.08 6B 706977812.5 706982059.833333 8.2884326285317e-07 1169 0.0231194053892216 0.0885228095540846
1.09 6B 708573412.5 708578229.833333 8.13093484708023e-07 1640 0.0255731417073171 0.0924411482641549
1.1 6B 709826831 709831219.5 7.99267833669882e-07 962 0.0188467462370062 0.037859217031958
1.11 6B 711557351.5 711560070 7.7802178934962e-07 564 0.00704016453900709 0.337766867956826
1.12 6B 712458675.571429 712464882.857143 7.65891779981905e-07 2747 0.0236057381871132 0.0989538489641943
1.13 6B 713971067 713976790 7.43997763622906e-07 694 0.00905114 0.304185992040782
1.14 6B 715650345.5 715655170 7.19466188569516e-07 591 0.0542726604060914 0.0191737771339521
1.15 6B 716796887.5 716801210.5 6.87596482977832e-07 812 0.0278240238916256 0.0832105874909442
1.16 6B 718218945 718225501 6.67773025107944e-07 2989 0.0278721009367681 0.0170139787079344
1.17 6B 719704225.666667 719711700 6.50473260187557e-07 2566 0.0190724331566641 0.0517495161390262
1.18 6B 720625184.333333 720629673.333333 NA 1015 0.0390595791133005 0.0217154461580794
0.04 7B 3043243.5 3049874.5 7.61653849814909e-07 811 0.0082258543649815 0
0.05 7B 3742185.25 3745928 7.5420141873508e-07 694 0.0135376025648415 0.153030653700024
0.06 7B 4845588.6 4849724.2 7.42405451491075e-07 981 0.0125836989398573 0.0899443244076074
0.07 7B 5513957 5521157 7.35242800478221e-07 355 0.0141727 0
0.08 7B 6375049.25 6379294 7.26048507336353e-07 748 0.013116880802139 0.219833276563473
0.1 7B 8519789 8526697 7.03080800760974e-07 370 0.0090671 0.396744273251646
0.11 7B 8859289 8863598 6.9945945464914e-07 71 0 Inf
0.12 7B 9754094 9760088 6.89866724935618e-07 185 0.00716275 0
0.14 7B 11956967 11960056 6.66273770612381e-07 161 0.0369694 0.0408188934632426
0.16 7B 14063107 14072046 6.43650745851489e-07 52 0 NA
0.17 7B 15447034 15455653.5 6.28797071020695e-07 683 0.0118598896046852 0.0831300689606166
0.19 7B 17611998 17614922 6.05571792505808e-07 117 0.0103687 0
0.2 7B 18203662 18210815.5 5.99189881668311e-07 232 0.00525178211206897 0.153467437510641
0.21 7B 19271829 19276711 5.87717600683279e-07 21 0 NA
0.22 7B 21334109.75 21339442.5 5.65528019728466e-07 759 0.0112397274044796 0.08802784064069
0.23 7B 22060069 22069630 5.57690923219157e-07 911 0.00290293572996707 0.0688798487030683
0.24 7B 23966234 23971627.6666667 5.37183106488012e-07 1197 0.00156883080701754 0.0982011519611115
0.25 7B 25672673 25675837.5 5.18802935652236e-07 503 0.00700060934393638 0.0526801506770285
0.26 7B 27819820 27822962 4.95642975776514e-07 344 0 NA
0.27 7B 29107858.5 29114608 4.81719967918709e-07 1818 0.00671710420242024 0.0615753887488042
0.28 7B 31914247 31920185 4.51407196940765e-07 711 0.00857025316455696 0.0468926076360682
0.29 7B 33493625 33498696.875 4.34333905087979e-07 1923 0.00559534180967239 0.252681061691769
0.3 7B 36438376.3333333 36443387.1666667 4.02464617358197e-07 1505 0.000864631893687708 0.741540901165092
0.31 7B 42310319.1111111 42315162.8888889 3.20846452394424e-07 4629 0.00763430499891985 0.11853921905546
0.32 7B 50025784.9444444 50034885.8333333 2.3248380356783e-07 5312 0.00514665872740964 0.129284629532841
0.33 7B 59074515.1666667 59080147.4166667 1.75088289279003e-07 3300 0.00629219861818182 0.0704123991936404
0.34 7B 63913439.1 63918520 1.00895245909457e-07 2731 0.00257904557671183 0.265228405955875
0.35 7B 70789480.2142857 70793666.2142857 1.40915984679904e-07 4453 0.00582694336626993 0.0846838242926165
0.36 7B 76109066.3636364 76115354 1.4462462866543e-07 4014 0.00606707754982561 0.151590823910051
0.37 7B 82572743.3333333 82578741.8333333 1.50887151315469e-07 4157 0.00402224597065191 0.212568741925507
0.38 7B 89472252.0625 89478055.125 1.562230000456e-07 4946 0.00821157667812374 0.124441962069013
0.39 7B 95361144 95365493 1.56630611036935e-07 347 0.00182082864553314 0.292159012251983
0.4 7B 104030114.285714 104033376.285714 1.52929039901054e-07 998 0 Inf
0.41 7B 107893189.181818 107899491.727273 1.53038027879939e-07 3678 0.000693124344752583 0.0962580035438119
0.42 7B 113435055 113441196.923077 1.52193648930609e-07 3653 0.00324555295099918 0.184005094707733
0.43 7B 119986738.5 119992400.8 1.50516006535766e-07 3602 0.0015476869516935 0.451982638238389
0.44 7B 129051603.714286 129057980.214286 1.59212627806403e-07 7585 0.000187818260514173 0.764420342399947
0.45 7B 136938231.444444 136943700.277778 1.48530912552499e-07 5886 0.000712251499150527 0.188877889051093
0.46 7B 144541668.181818 144549088.090909 1.16130570096405e-07 3004 0.00395191873169108 0.0609970217007307
0.47 7B 151734721.272727 151742657.272727 9.32988405924764e-08 5116 0.00226473552971071 0.191074186347498
0.48 7B 157193376.315789 157201883.157895 8.10467733082581e-08 6890 0.000826382705370102 0.14840710125197
0.49 7B 175080725.3 175085539.75 5.42402008767468e-08 17433 0.00061384724373315 0.453796509998552
0.5 7B 214553540.86747 214558928.120482 2.08539258362112e-08 26054 0.000729210960581868 0.260187245452453
0.51 7B 247010117.757576 247018276.545455 3.39354724471824e-08 10967 0.000573400084343941 0.338813504851287
0.52 7B 274271837.086957 274279286 3.44975745894531e-08 8467 0.000708275818235502 0.319229583286622
0.53 7B 326146572.25 326155600.25 2.20950218893859e-08 30213 0.00080890940178069 0.366604257211107
0.54 7B 401612230.444444 401617540.166667 1.13855826189007e-08 40452 0.000916431834223277 0.293028888593391
0.55 7B 454487644.064516 454494702.322581 2.76401982389253e-08 20544 0.00109559760022391 0.328959782286459
0.56 7B 482829076.5 482834585.375 3.59879767028831e-08 10709 0.000990317031468858 0.25876278925607
0.57 7B 508902795.571429 508907484.446429 4.20455778912571e-08 16912 0.00134809768543046 0.238351779411486
0.58 7B 532047585.666667 532053959.622222 5.07777402818849e-08 13726 0.00206045247078537 0.284919912192878
0.59 7B 561627748.169492 561632297.79661 4.23799731377774e-08 17306 0.0036386267764937 0.138066451704693
0.6 7B 578911980.25 578914340.75 1.43820453752264e-07 864 0.00216728342592593 0
0.61 7B 583629420 583633301 1.59298728387801e-07 361 0 NA
0.62 7B 588389704 588393790.333333 1.62276551700565e-07 781 0.00657963467349552 0.0942513377735842
0.63 7B 593275342.428571 593280597.428571 1.78472212644978e-07 1782 0.00589192778338945 0.221401299059576
0.64 7B 601361209.75 601365847.25 1.73631552310736e-07 1703 0.00615565745742807 0.0705292195651592
0.65 7B 608238664.666667 608242509.666667 1.67572908274236e-07 1441 0.0133763962317835 0.0471144305125201
0.66 7B 612868581 612873410.8 1.76042744994382e-07 598 0.0096045837458194 0.0319598826652773
0.67 7B 616215961 616221332.5 1.72933656697538e-07 435 0.00422355 0.0594110853796386
0.68 7B 622892184.846154 622897130.384615 1.84118865954254e-07 3622 0.0133287435698509 0.0611928552161561
0.69 7B 629971292.142857 629978671.285714 1.97649128446694e-07 1432 0.00742309879888268 0.158963488918783
0.7 7B 634833900 634836802 2.089392322568e-07 15 0 NA
0.71 7B 638322300.5 638327588 2.40402196189454e-07 1936 0.0241378287190083 0.0157947966238413
0.72 7B 641737612.666667 641741334.666667 2.88470313948521e-07 891 0.00579537205387205 0.167298815098119
0.73 7B 645724343.5 645732433.5 3.63589287126931e-07 819 0.000728104615384615 0.316628316302814
0.74 7B 649374613.6 649378945.8 4.44982811417809e-07 1929 0.0161602172420943 0.0757341533744234
0.75 7B 653015028.5 653019244.5 5.20128625383932e-07 558 0.00696351243727599 0.283756116630817
0.76 7B 655040607 655041893 5.5556776808602e-07 13 0 NA
0.77 7B 656528760.5 656531459.5 5.78803507401222e-07 248 0.00816166129032258 0.268609470320519
0.78 7B 658575493.25 658580462.75 6.06595173013854e-07 1793 0.0185646693139989 0.0054956264056124
0.79 7B 660129240.6 660133235.8 6.24992044239154e-07 1267 0.0235219611917916 0.0649433115382898
0.8 7B 662575607.833333 662580478.166667 6.48430146901176e-07 1337 0.0133487853253553 0.0735302686503628
0.81 7B 664044657 664046167 6.59455924938993e-07 27 0.0133929 0.598928536762016
0.83 7B 667146058 667148737 6.74793568527383e-07 557 0.027074947037702 0.0501647050538715
0.84 7B 668115849 668120294 6.77607895506384e-07 355 0.00607834901408451 0.0874275826103447
0.85 7B 670278572 670289261 6.79952217689818e-07 338 0.00556386 0.557517622657651
0.87 7B 672385976 672389869 6.77361845052183e-07 102 0.0418118 0
0.88 7B 673955432 673963147 6.72300466347913e-07 869 0.0068765 0.345214862211881
0.89 7B 675721649 675724758 6.63433775133028e-07 288 0.00532387 0.158737910580086
0.91 7B 677787183 677790758 6.4870492946636e-07 307 0.0170348794788274 0
0.92 7B 678831210 678835003 6.40597989731059e-07 85 0 NA
0.93 7B 680311996.75 680316332.75 6.49166567577724e-07 1004 0.00627617401394422 0.0868488897549494
0.94 7B 681820004.5 681823264 6.54152486929567e-07 195 0.00653021358974359 0
0.95 7B 683509522 683515042 6.74360757170699e-07 750 0.00415282 0.178546866948242
0.96 7B 683924716 683927901 6.79937669761278e-07 79 0.017982 0.377640974307641
1 7B 690868139 690871688 7.17768670591085e-07 254 0.00725027 0.101102165850375
1.02 7B 692605245 692611235 7.10785634680443e-07 760 0.0104698 0.0232381707386961
1.03 7B 693190704 693194113 7.06959807709439e-07 270 0.00455725 0
1.07 7B 699374666 699380885 6.20799909778814e-07 841 0.00462072 0.235824719957063
1.08 7B 700516272 700526000.833333 5.95646127199014e-07 2008 0.0154259731573705 0.0683862568015002
1.09 7B 701672405.285714 701677290 5.71330198605618e-07 2644 0.0130323998487141 0.122786247136675
1.1 7B 704226934.571429 704231491.285714 5.2210660403136e-07 2242 0.0140684322123104 0.12753925789495
1.11 7B 706055359.5 706060297 5.0085042798271e-07 1579 0.0172976930335655 0.058695777056053
1.12 7B 708555333.4 708559718.4 4.71043400287574e-07 2204 0.0119432190471869 0.105768028326295
1.13 7B 712017051 712022509.333333 4.20355225102662e-07 306 0.0262639849673203 0.023781964203223
1.14 7B 713953607 713957784.666667 3.85320084809094e-07 486 0.0179826325102881 0.226657513192255
1.15 7B 716957346 716966718 3.41042778691405e-07 684 0.0125271 0
1.16 7B 719935392.6 719938972 3.1689454140764e-07 1233 0.025589699756691 0.0869790754782032
1.17 7B 724840471.666667 724846376 2.85013302524778e-07 1895 0.00386236623746702 0.148398398924256
1.18 7B 727681930.833333 727685642.333333 2.56253093968079e-07 1521 0.0287036856804734 0.0138171584372828
1.19 7B 733012265.2 733019611 2.09475370026311e-07 3221 0.0153858913008382 0.127004175701688
1.21 7B 741611969.785714 741617515.214286 1.3660829385891e-07 4236 0.0246935345349386 0.0447528705432146
1.22 7B 749750489.5 749756117.5 7.23564969479912e-08 742 0.0284716766846361 0.0287197209430826
