poscM Chromosome Start End recRate nb_complete_site piSyn f0
0 1D 1492336.66666667 1497157.86666667 6.20029608696946e-07 5748 0.030346047112039 0.0438493577310574
0.01 1D 3963719.5 3967548.5 7.9084805232784e-07 437 0.0223446778032037 0.0972004964615023
0.02 1D 5425513 5430556 9.06139680338369e-07 226 0.00759271650442478 0.063725947467599
0.03 1D 5511254 5517977 9.13196172291157e-07 597 0.0360039 0.0399565047119895
0.04 1D 6328647.5 6336972.5 9.81164112860305e-07 815 0.0257785796319018 0.0499705962182213
0.05 1D 6772688.5 6776114 1.01880718595463e-06 423 0.0192921914893617 0.0837314046999258
0.06 1D 7487543 7492403.5 9.76008496030621e-07 427 0.0348040615925059 0.0162543534196657
0.07 1D 9033444.81818182 9038679.90909091 9.27740342390976e-07 2910 0.0294614621512027 0.0418664167530791
0.08 1D 10690815.5 10697115 1.29229558679425e-06 147 0.0146571373469388 0.160275972256353
0.1 1D 11580304.5 11587739.5 1.17433541115337e-06 769 0.032288611183355 0.0186295335687856
0.11 1D 12081191.3333333 12086862.6666667 1.11451545800267e-06 287 0.0218195958188153 0.117910908329054
0.12 1D 14744768.2 14749245 3.33972256055056e-07 1078 0.026075103812616 0.0195671046750513
0.13 1D 16965512 16972858 8.249972861905e-07 16 0.0428571 0
0.15 1D 18081233 18084186.5 1.03490939159568e-06 562 0.0300766861209964 0.0223672168821885
0.16 1D 19572258.875 19577914.75 1.33791361905786e-06 2656 0.0120951110993976 0.123723586418144
0.19 1D 21885424 21888853 1.06436469519594e-06 310 0.00246863 0.278423660086769
0.2 1D 22943873 22947779 1.02511639374481e-06 511 0.0348492833659491 0.0553698886451143
0.21 1D 24399054 24402498.6666667 9.84558259357803e-07 803 0.00537809501867995 0.0423802430147494
0.22 1D 24779031 24786455 9.74006980762083e-07 269 0.00472906 0.144826244539084
0.23 1D 25806653 25810798.6666667 9.45894765317149e-07 953 0.0211525774396642 0.027395171115288
0.24 1D 27863820.5 27871401.75 8.90417204394331e-07 2372 0.0208052698271501 0.0613408810956771
0.27 1D 31421662 31431937 7.97441065649626e-07 792 0.000820494 0.657495362549879
0.28 1D 32737866 32740293 7.64103826208086e-07 173 0.0462725 0.0237890755848506
0.3 1D 34782248.5 34785457 7.20468309871894e-07 855 0.0526974881871345 0.0920673396544191
0.32 1D 36782465 36788138.25 6.78629324817066e-07 2984 0.00441825580093834 0.0280152664722605
0.33 1D 37545378.5 37552059.5 6.62776809866375e-07 323 0.00948862352941176 0.364657327624601
0.34 1D 38549079 38552961 6.42062547973078e-07 658 0.0276327370820669 0.00590172910077971
0.36 1D 41656990 41660321.5 5.78511946577139e-07 180 0.0107763746111111 0.0942291904467171
0.37 1D 43123433 43127371 5.48870895171306e-07 256 0.002570480859375 0
0.38 1D 45436116 45440040 5.02617048950826e-07 676 0 NA
0.39 1D 47706578 47716370 4.57657223182743e-07 29 0 NA
0.4 1D 49615442.875 49622981.125 4.20382451471267e-07 3445 0.00398546399709724 0.125770436359177
0.41 1D 52751592 52757766.3333333 3.59920902121984e-07 291 0.00207588054982818 0
0.42 1D 55770144.2 55774284 3.02720835630773e-07 1913 0.00455089125980136 0.077243970356143
0.43 1D 59731382.6666667 59738040.9166667 2.29120400709325e-07 3205 0.00103372668954758 0.296723785419625
0.44 1D 70974886 70980727.0208333 6.08929942725345e-08 15098 0.000990496439263479 0.330786124432075
0.46 1D 85745697.75 85752668.5 0 1864 0 Inf
0.47 1D 87397534.8 87410272.6 0 1762 0.000337960953461975 0.312370291082663
0.48 1D 91356149.5555556 91361469.2222222 0 4127 0.000664115553670947 0.201962247301741
0.49 1D 117902046.232143 117907916.8125 0 35756 0.000634092131194765 0.238542284921835
0.5 1D 150285006.5 150301843 0 1290 0 Inf
0.51 1D 153766195 153777481 0 1368 0.00045902 0.687168315106096
0.52 1D 208344927.406452 208352294.122581 3.58078049052742e-08 58115 0.000514441927333735 0.352833503602328
0.53 1D 251431328.216216 251437482.297297 7.78945566986197e-08 12849 0.000748137679196825 0.286475950144184
0.54 1D 262552469.111111 262557892.62963 8.78098370251922e-08 7967 0.000241781630224677 1.13941012359939
0.55 1D 281515478.324324 281520267.756757 1.03760498521596e-07 13087 0.000746817912355773 0.248399202124622
0.56 1D 294049029.72 294053889.64 1.13467938295374e-07 8326 0.000750139394427096 0.204151683395717
0.57 1D 301563113.852941 301568085 1.19171481504541e-07 11182 0.000922996480504382 0.208165880359514
0.58 1D 309853335.75 309858324.2 1.26805091431488e-07 8635 0.00101081169044586 0.34031549424545
0.59 1D 316910796 316918556.125 1.3487930967903e-07 7289 0.00140347503772808 0.0533787693581917
0.6 1D 324698508.571429 324703845.857143 1.40120044541807e-07 4740 0.000917176668776371 0.183625397497776
0.61 1D 329321397.157895 329326627.736842 1.42107763942689e-07 6370 0.0011194729466248 0.164602781152619
0.62 1D 335246067.727273 335251914.681818 1.45693854026438e-07 8477 0.00085466605143329 0.301757144839762
0.63 1D 343444003.555556 343449789.555556 1.52449499325028e-07 7612 0.000900087655412506 0.206579609719634
0.64 1D 349681181.6875 349685255.4375 1.59021746124443e-07 4797 0.00125024498436523 0.378049381054472
0.65 1D 355999039.933333 356003763.133333 1.66941000243927e-07 3657 0.000971068159693738 0.33291074259016
0.66 1D 361985235.52381 361990168 1.75692971717254e-07 7002 0.00208118991973722 0.153939821481257
0.67 1D 365985840.75 365989816.6875 1.82131705074423e-07 3828 0.00770169608934169 0.0926730691165324
0.68 1D 371304461.555556 371308226.333333 1.9185735176828e-07 2730 0.00725560116117216 0.192824866600207
0.69 1D 376385218.611111 376389164.333333 2.19581969262096e-07 4712 0.000794078664685908 0.261987543888449
0.7 1D 380918901.904762 380922610.952381 2.48501169245525e-07 4748 0.00385671518828981 0.0945700561481422
0.71 1D 386811890.272727 386818128.272727 2.88841811050585e-07 6489 0.000842218780089382 0.456186508656962
0.72 1D 392138261.5 392142692.75 3.32944584275104e-07 2147 0.000644702720074523 0.266074887228635
0.73 1D 396476456 396480031 3.80761821832185e-07 737 0.000848758005427408 0.392145902708987
0.74 1D 399002377.75 399005825 4.00593911019556e-07 1394 0.000832530694404591 0.323241400206779
0.75 1D 400136875.25 400142581.5 4.06841380211032e-07 1245 0.000502464610441767 0.299886611926906
0.76 1D 402252978.5 402256029.5 4.14093956761929e-07 502 0.00231067697211155 0
0.77 1D 403633572.588235 403636823.882353 4.15973925940681e-07 2759 0.00121254586444364 0.224132314874843
0.78 1D 406124502.666667 406127732.5 4.13702025136689e-07 1492 0.000420359249329759 0.554309669056214
0.79 1D 408129071 408134348.571429 4.1353070121528e-07 2500 0.000437551272 0.511307398050485
0.8 1D 410296353.333333 410303158.833333 4.20000888651043e-07 1691 0.00287102134831461 0.0495828894087168
0.81 1D 412029942.333333 412038037 4.30543173313123e-07 1492 0.00331151184986595 0.233165947335622
0.82 1D 414526371 414530673.333333 4.30409233354273e-07 328 0.0019278 0
0.83 1D 415804929.2 415810772.4 4.31182276834263e-07 1789 0.00338551690329793 0.385478664951393
0.84 1D 418886088.285714 418891520 4.89914797314299e-07 3525 0.00172357673475177 0.271987291431553
0.85 1D 422079053.5 422086909 5.08522635000714e-07 5369 0.00442515330229093 0.0703407203714935
0.86 1D 426495300.714286 426499262 5.5267528746251e-07 2230 0.0165297714798206 0.0850964015182672
0.87 1D 430413348.5 430418318 6.17892992914589e-07 1004 0.0015155903187251 0.280471175590477
0.88 1D 430564939 430573646 6.20568788217035e-07 966 0.00206984 0.333447029722104
0.89 1D 430976701 430983376 6.27658063680163e-07 663 0 NA
0.9 1D 431790881 431795856.2 6.41382775298851e-07 1977 0.00968016663631765 0.0322255608720966
0.91 1D 431986127.5 431990669.5 6.44612630054726e-07 998 0.00470313577154309 0.0920520132231736
0.92 1D 432703810.6 432708947 6.56268769107446e-07 1625 0.00216852460307692 0.63290759095568
0.93 1D 433589805.75 433595731.75 6.70243045010407e-07 1431 0.0110262332634521 0.0234052007144539
0.95 1D 435644076.25 435646714 7.00735987472747e-07 537 0.0129564578212291 0.0796067924311192
0.96 1D 436485566 436489942.333333 7.12478452765874e-07 1265 0.00742254196837945 0.0610019712422672
0.97 1D 437443195 437448396 7.34265107184632e-07 235 0.0189474 0.0827522509684706
0.98 1D 438804089.333333 438809111 7.70989764604016e-07 1068 0.0104548905898876 0.0886195927256828
0.99 1D 440035475.333333 440039431 7.40672960508756e-07 1966 0.00686100253306206 0.150407273523962
1 1D 443802179.642857 443806252.714286 7.20991262580057e-07 3879 0.00767022472028873 0.144034634742998
1.01 1D 446153839.2 446158836.6 7.29021767905843e-07 1791 0.00366239040201005 0.109711710209995
1.02 1D 446704966 446710961 7.28206479657885e-07 650 0.000987492 0.286279787583089
1.03 1D 447893749.666667 447898250 7.2563519360011e-07 1170 0.00159710748717949 0.591713659206214
1.04 1D 448906574 448910545.666667 7.24499602855866e-07 618 0.000987222524271845 0.608822892875622
1.05 1D 449831245.714286 449835264.857143 7.27714534639414e-07 1858 0.00165748934337998 0.0942084582515374
1.07 1D 451791032.5 451793729.5 7.47692445284458e-07 229 0.00518498886462882 0
1.08 1D 452520785.5 452526124 7.59776863456066e-07 1073 0.0195966365330848 0.0874143450734813
1.09 1D 453274017 453278271 7.74903385554547e-07 556 0 Inf
1.1 1D 454222465 454228809 7.9780640640576e-07 116 0.038211 0.225091989217764
1.11 1D 455434643 455439238.5 8.33492355899196e-07 464 0.0105217154310345 0.100214819271268
1.12 1D 457159564 457166736 8.9559563631993e-07 708 0.0186646446327684 0.149655763255953
1.13 1D 458429545.4 458433967.7 9.44872970365582e-07 2206 0.0206329098322756 0.121307400340752
1.14 1D 461535937 461539983.25 1.01253871632343e-06 1101 0.0327042346049046 0.0304676983795617
1.15 1D 462643573.75 462649028.75 1.04080241209485e-06 1208 0.0251105985099338 0.0424669446619975
1.16 1D 463490591 463494658 1.10445679939063e-06 11 0 NA
1.17 1D 464140500 464147926 1.14170428773417e-06 512 0.00466472 0.235879109571421
1.18 1D 464585140.25 464588763 1.15973940753504e-06 1435 0.0123447475679443 0.152821553624785
1.19 1D 465179798.333333 465183151.166667 1.17521112484305e-06 871 0.0111852072215844 0.179741079191842
1.2 1D 466272920.5 466279245.5 1.17891453946073e-06 1485 0.00542870109090909 0.046236507577275
1.21 1D 467002160 467003836 1.16320915359036e-06 123 0.0101038 0.149267602288248
1.22 1D 467889526.4 467895833.4 1.12960263209941e-06 2038 0.00428526918547596 0.274844602523014
1.23 1D 469077007.4 469080858.2 1.15093529852751e-06 1726 0.0193240201042874 0.0734843300333949
1.24 1D 469834964.75 469837174.75 1.16269093545206e-06 697 0.0135537109038737 0.116278481389178
1.25 1D 470558223.5 470562842.5 1.15676084773583e-06 1057 0.0326149670671712 0.0695361639515243
1.26 1D 471602007 471608469.666667 1.11510282779764e-06 782 0.0216625028132992 0.214026999829729
1.27 1D 472116569.5 472120408.5 1.08015212803411e-06 742 0.0248021446091644 0.129414103302833
1.28 1D 472635140.2 472637697.4 1.05284820556965e-06 1256 0.0130684288216561 0.0801126156947532
1.29 1D 473775420.5 473779881.25 1.02186394620099e-06 2410 0.0246961961784232 0.0288986821490749
1.3 1D 475331262.857143 475336281.142857 9.92448879712835e-07 1270 0.0230105647716535 0.0945157017547235
1.31 1D 476765408.416667 476769873.666667 9.8424496338123e-07 2607 0.0165419930111239 0.0260345607317579
1.32 1D 478207307 478212197 9.9142147989303e-07 1159 0.0278710353753235 0.0400497812400453
1.33 1D 478983332.8 478988089.2 1.00242425222242e-06 839 0.0341805719904648 0.0853343854427143
1.34 1D 479851805.75 479857408.25 1.02042050456771e-06 1720 0.0309723894476744 0.0751532940962045
1.35 1D 480612781.25 480617343.625 1.04071056704438e-06 2167 0.0234265635809875 0.0558338494371944
1.36 1D 481553347.5 481559681.5 1.05690333698491e-06 1203 0.0283732902743142 0.0663742042386919
1.37 1D 482217137 482218242 1.06049841476365e-06 136 0.0115726 0.176115998133522
1.38 1D 483066434 483070928.5 1.05837717269826e-06 1200 0.03551052125 0.0345139836549147
1.39 1D 483592117.5 483596906 1.05400985289677e-06 679 0.0371341686303387 0.0954784367580355
1.4 1D 484628041.166667 484634076.666667 1.0507977128719e-06 2805 0.0111735056256684 0.0452222532637373
1.41 1D 485642698 485646850.75 1.05148758477535e-06 1372 0.00899416295918367 0.12006073540611
1.42 1D 486066543 486070919 1.05191293928484e-06 340 0.00947119 0.057007936700668
1.43 1D 487229287.333333 487234355 1.0533261036534e-06 692 0.033168886849711 0.0449331897701663
1.44 1D 488070634.75 488076509 1.05333012164481e-06 1813 0.0194845142084942 0.0481244269704349
1.46 1D 491027876 491040580 1.04847231923424e-06 1253 0.00473466 0.19672183430278
1.47 1D 492747840 492754069.666667 1.04805968518512e-06 3974 0.00893961341972823 0.0571743324397087
1.48 1D 493851083.857143 493855893.142857 NA 1800 0.00977290411111111 0.0734151233813281
0 2D 273562 277000 NA 172 0.0127361 0.0833269211139988
0.01 2D 674132 677669 1.63664751461928e-06 141 0.00899321879432624 0
0.03 2D 2475035 2480695 1.55104046882513e-06 219 0.0242893 0.218593784094231
0.04 2D 3077076 3080377 1.52307003389834e-06 24 0.0793651 0
0.05 2D 3773856 3790417 1.49011709750458e-06 1704 0.00901454 0.250420986539524
0.06 2D 4459667.5 4463135.5 1.45771352605704e-06 200 0.013760773 0.458562923754356
0.07 2D 5128180 5132372.5 1.42524642028195e-06 832 0.0321576081730769 0.170850602482589
0.08 2D 5442407.66666667 5446390.33333333 1.40979084295896e-06 841 0.0448434802615933 0.0196737936967383
0.09 2D 5750473.33333333 5756617 1.39449512572081e-06 497 0.00938241126760563 0.0389994112018842
0.1 2D 6686800 6693240.33333333 1.34735058273044e-06 1635 0.0167102191437309 0.0679088472086354
0.11 2D 7280667 7283962.66666667 1.31701012238176e-06 670 0.0168598462686567 0.0331304490391681
0.12 2D 8497642.66666667 8503520.66666667 1.25320376631372e-06 727 0.029154072957359 0.0565924390289914
0.14 2D 10526927.5 10531604 1.14498912218521e-06 844 0.0117375818957346 0.112481240938644
0.15 2D 11692867.6666667 11703319 1.05354510523492e-06 1452 0.0125128517424242 0.0612527215152638
0.16 2D 12686195 12690654 9.3654210619395e-07 239 0.037461 0.0205455807373001
0.17 2D 12882405 12885584 9.13388253260371e-07 101 0.0207792 0
0.18 2D 13752771.375 13757974.875 8.52194302210558e-07 2023 0.0224951689471083 0.0940302078521005
0.19 2D 14456102.8333333 14460541 8.50409186261409e-07 1110 0.0206541438738739 0.0925359767147833
0.2 2D 15603333.3333333 15612279.6666667 8.85750226229152e-07 501 0.00520336658682635 0
0.21 2D 18436287.5 18440525.5 8.74682975882326e-07 1000 0.0449763468 0.0549946364252065
0.23 2D 20778047 20783120 9.60590299907669e-07 217 0.00565771 0.151651639974477
0.25 2D 22704955.5 22708829.5 1.08896942947058e-06 298 0.0267604234899329 0.0305787789245317
0.28 2D 25094075.8 25103263.8 1.15147034842092e-06 1653 0.0133780830973987 0.123586194379516
0.29 2D 26516591.5 26521336.5 1.13736138041395e-06 227 0.0334442202643172 0.102695500088384
0.3 2D 27000516.5 27007649.75 1.12313547083094e-06 1595 0.00586647697805643 0.0777799154573263
0.31 2D 27808348.25 27812147 1.12270163868781e-06 846 0.0469408511820331 0.0124074954184898
0.32 2D 28626605 28640397 1.18526565373525e-06 2304 0.0117584 0.0637931181113077
0.33 2D 28952233.75 28956544.75 1.20002232387249e-06 1693 0.0162355049143532 0.0176743183589952
0.34 2D 29685086 29688273 1.21531815309985e-06 77 0 NA
0.35 2D 30412271 30418445.25 1.19733815880309e-06 1356 0.0142850284660767 0.111549534920077
0.36 2D 31706336 31710059 1.09275841406361e-06 309 0.00910299 0.359528897775901
0.37 2D 32315982.3333333 32323151.6666667 1.00905354422179e-06 992 0.0195143480040323 0.0317857319419153
0.38 2D 32886089 32890202 9.59569770835857e-07 109 0.0242782302752294 0.298351515200067
0.39 2D 34043690.6666667 34047615.1666667 9.33483069774501e-07 693 0.0124382338961039 0
0.4 2D 35412603 35418456.5714286 9.00184426697367e-07 3178 0.017680355034613 0.118951030692346
0.41 2D 36779612.5 36786484 8.64453512782903e-07 748 0.0107426604278075 0
0.42 2D 37669304.75 37672716 8.3981511390471e-07 1323 0.0210297306122449 0.0666826523854203
0.45 2D 43280698 43286052 6.50099210506408e-07 101 0.0172414 0
0.46 2D 44051085.6666667 44055083.6666667 6.21370263767362e-07 988 0.00444008696356275 0
0.47 2D 46285032 46292386 5.53705715475649e-07 1436 0.00220187924860724 0.25292824183137
0.48 2D 48309835 48313658 5.102165793157e-07 14 0.111111 0
0.49 2D 49672422.5 49676911 4.92058229977696e-07 1494 0.00428308635876841 0.038247957234582
0.5 2D 51582232 51589565.3333333 4.81245639953593e-07 1454 0.00323998367262724 0.329348735446486
0.51 2D 53703392.75 53705325.25 4.86682614418168e-07 436 0.00151681151376147 0.282141918233779
0.52 2D 55725480.3636364 55731924.0909091 5.10913827870833e-07 5090 0.00160264764479371 0.135854715777575
0.53 2D 58021597.6 58026877 5.30745723152727e-07 1029 0.00535665370262391 0.236130993228867
0.54 2D 60551520.25 60556393.25 5.15779764339692e-07 1150 0 Inf
0.55 2D 62206958.5 62210517.3333333 5.10559592924881e-07 2600 0.00474460587307692 0.0859760146065857
0.56 2D 63859740 63864974.2 5.05096699824535e-07 1668 0.00113385899280576 0.985994062846856
0.57 2D 66395451.5 66399934 4.8250461610462e-07 1645 0.0070377496656535 0.116335446735694
0.58 2D 67690836 67697166.3333333 4.70819905313191e-07 2274 0.00246048075109938 0.0760896457066455
0.59 2D 70046139.75 70049663.75 4.49283721764038e-07 1127 0.00298449145519077 0
0.6 2D 72422535.2 72426553.4 4.27184786688664e-07 1771 0.00565242798418972 0.147166510185522
0.61 2D 73570010 73579027 4.16368597833293e-07 918 0.00142461 0
0.62 2D 75615098.5555556 75620464.6666667 3.96324383536796e-07 3761 0.00126914411592662 0.275642458879106
0.63 2D 77990311.6666667 77997982.5555556 3.72547141379675e-07 3475 0.000355987683453237 0.450429669703228
0.64 2D 80206825.9166667 80212461.8333333 3.52356904488876e-07 4630 0.00273145546652268 0.14555677652029
0.65 2D 83274358 83281403 3.2758004834288e-07 2176 0.002156607890625 0.274564447452101
0.66 2D 86323442 86330813.1666667 3.06779069242437e-07 3935 0.00182697250571792 0.0255753406089374
0.67 2D 88754845.5833333 88759179.9166667 2.92832289108476e-07 2617 0.00240193088651127 0.378462598600359
0.68 2D 95515535.2 95519382.1 2.60125432389387e-07 2645 0.000997096899810964 0.394436898151166
0.69 2D 101994274.214286 101998199.642857 2.09918082094646e-07 2583 0.00418622699961285 0.169901776989804
0.7 2D 108672766.111111 108677322.111111 1.86218947433992e-07 5524 0.00227164565351195 0.162199444821388
0.71 2D 115462555.47619 115466821.428571 1.66162570374876e-07 5860 0.00206051783515358 0.105300276420441
0.72 2D 120992768.48 120997248.04 1.52468834897096e-07 7839 0.000374434703406047 0.315925045067895
0.73 2D 126698171.583333 126706505.833333 1.42427903417081e-07 4159 0.00110353169319548 0.277364075046041
0.74 2D 131688289.066667 131693959.533333 1.28702724928253e-07 5522 0.00102738108113003 0.291021929071181
0.75 2D 136747702.5 136753319.8 1.17665322841505e-07 3090 0.00160851796440129 0.111691720862484
0.76 2D 145186510.238095 145191852.809524 9.9748485110749e-08 6865 0.0004909864399126 0.118839269041599
0.77 2D 169484662.138889 169490475.601852 4.95470840741878e-08 34704 0.00115250203627824 0.159612515530472
0.78 2D 195883280.647059 195887315.235294 1.84113951620556e-08 5812 0.000419951235375086 0.196671021163446
0.79 2D 207690562.571429 207698184.428571 1.07102322676724e-08 14974 0.000294674619941232 0.443579363226262
0.8 2D 296877065.662791 296886362.401163 9.52353452800579e-09 68270 0.00097614361485279 0.349067208290259
0.81 2D 353146715.042553 353152663.297872 4.67773336054569e-08 15791 0.000502837932239883 0.465941495610828
0.82 2D 372042264.525 372047048.025 6.18765802592505e-08 12323 0.00078187388379453 0.367818587506136
0.83 2D 382810779.366667 382816246.4 6.80747071864475e-08 8277 0.000920956437114897 0.332307467549504
0.84 2D 398367869.777778 398372520.688889 7.43190326102429e-08 13420 0.00120865361326379 0.215645406830176
0.85 2D 414476924.684211 414481222.894737 7.89893786057872e-08 4836 0.000416769361042184 0.892634464985436
0.86 2D 422167250.041667 422172168.166667 7.95325053209767e-08 8177 0.00155160197138315 0.238660777878087
0.87 2D 439681318.47541 439686168.442623 8.63469507446977e-08 17174 0.00296907020845464 0.242293863669999
0.88 2D 456037414 456042175.714286 9.53296316841653e-08 5671 0.00168391594269088 0.0915000575992702
0.89 2D 460773971.588235 460778838.588235 9.72185532434204e-08 6208 0.00201848904606959 0.333466526797768
0.9 2D 471123827.24 471129461.52 1.00707563575598e-07 7970 0.00340215170388959 0.285835839704703
0.91 2D 478244485.565217 478248987.304348 9.67649644645978e-08 5966 0.00148671023013745 0.144557289319074
0.92 2D 489522078.037037 489526329 8.92542076645132e-08 7430 0.00247007815989233 0.108144024974617
0.93 2D 499347872.785714 499351919.571429 9.13678055509475e-08 3504 0.000735264783105023 0.623842123007437
0.94 2D 509525786.722222 509532887 1.03027200757447e-07 4169 0.00120432249940034 0.304810591217113
0.95 2D 517639459.958333 517645257.083333 1.18937424001636e-07 7490 0.0017052312576769 0.147153270548572
0.96 2D 525610828.5 525615884.727273 1.37824725960836e-07 7042 0.00405714782448168 0.298994977044623
0.97 2D 534404066.045455 534408281.181818 1.55264378173959e-07 7466 0.0078256715148674 0.154120808345286
0.98 2D 540455545.2 540461849.8 1.7030548232557e-07 7402 0.00267908244717644 0.232403582909043
0.99 2D 545891887.411765 545895974.823529 1.86168373201097e-07 4920 0.00315137739918699 0.129136384761337
1 2D 552087444.5 552092354.75 2.11110458718012e-07 710 0.00696912887323944 0.488051763092423
1.01 2D 554357564.25 554361875.125 2.13159071580028e-07 2344 0.00184185577645051 0.255850854896
1.02 2D 557802533.142857 557805636.285714 2.29524926669455e-07 1986 0.00645111933534743 0.0807049240773614
1.03 2D 562422474.6 562427005.2 2.55754834390671e-07 1428 0.00326401370448179 0.428029832159374
1.04 2D 565708705.133333 565713422.133333 2.7042922066421e-07 4209 0.00690451643763364 0.16015230685572
1.05 2D 571425362.3 571431667.2 3.0522316535735e-07 3800 0.00440110921052632 0.0905184010729352
1.06 2D 574975656 574980274 3.34029859058074e-07 2268 0.00533972817460317 0.134924957909471
1.07 2D 577985092 577989918.9 3.71203124266076e-07 3386 0.00449250362669817 0.237043373996851
1.08 2D 580122553.666667 580127058.333333 4.02214711374826e-07 1556 0.00123000592544987 0.575060364779107
1.1 2D 584775694 584778673.4 4.26584409962775e-07 418 0.0275078830143541 0.165477375858965
1.11 2D 587779266.333333 587783370.666667 4.20645191038776e-07 2309 0.00920489131225639 0.0289956669449271
1.12 2D 589008830.25 589013638.75 4.20069307698967e-07 1508 0.00525699689655173 0.156626913390956
1.13 2D 590501432.857143 590506345.428571 4.17577169497992e-07 2531 0.0143139786961675 0.0970134156761695
1.14 2D 593237993 593244432.5 4.17019771849025e-07 2872 0.00642070459610028 0.0766942239372326
1.15 2D 595392037.8 595396156.3 4.22793836049479e-07 2275 0.00383232441318681 0.105589073050601
1.16 2D 598305419 598311069 4.45836206125317e-07 1700 0.00505419878823529 0.0791491308390238
1.17 2D 601000052.555556 601005107.333333 4.64307709791944e-07 2670 0.0169872585168539 0.0318103341249714
1.18 2D 605538745.5 605542615.5 4.70416465198553e-07 626 0.00616157236421725 0.0634919829159619
1.19 2D 607070662.833333 607075996.666667 4.80480320866009e-07 1691 0.0129767753104672 0.127960219957257
1.2 2D 609047948.181818 609054628.363636 4.86099072073066e-07 5197 0.0187017492803541 0.0532040799574525
1.21 2D 610741914.333333 610746235.166667 4.83245809643076e-07 1778 0.0091324842519685 0.0346211876577246
1.22 2D 612034540.666667 612038995.333333 4.76627252408503e-07 1085 0.0284117079447005 0.0139172368945823
1.23 2D 613347163.166667 613353354.666667 4.65646874448827e-07 2246 0.0181401974799644 0.0657200136404484
1.24 2D 614839848 614842152.75 4.4815370463253e-07 457 0.0105441253610503 0.346217906743218
1.25 2D 617172246.166667 617176962.333333 4.09805536825734e-07 3782 0.00939955656927551 0.0999726319689658
1.26 2D 620327676.2 620331228 3.8176599613387e-07 1174 0.0144473390630324 0.168229483610466
1.27 2D 622164341 622167735.4 3.5579587536539e-07 1351 0.0250313535899334 0.127048782494063
1.28 2D 624738947.833333 624743891.5 3.31369757567915e-07 2035 0.0216039676609337 0.0805100154435891
1.29 2D 628173958.625 628177671.5 2.98680825743873e-07 1879 0.0163045678552422 0.0481559278584807
1.3 2D 633975199.263158 633980158.526316 2.43155851448115e-07 4560 0.020020155372807 0.0366180184084989
1.31 2D 644911216.651163 644916295.488372 1.79892324253445e-07 15036 0.0211775572938281 0.0627075511035772
0 3D 1963612.09090909 1968680.18181818 9.03692084418554e-07 3484 0.0232379480769231 0.053511043329843
0.01 3D 3923364.33333333 3929106 9.29672462019951e-07 1674 0.029089104958184 0.0189709541102109
0.02 3D 6313318.18181818 6318014.72727273 9.67798793590066e-07 1737 0.0191113978698906 0.129254098521916
0.03 3D 7402298.625 7408567.5 9.83518368821007e-07 3207 0.0195381094730278 0.0768282857092931
0.04 3D 8587350 8594688.5 9.98678803967499e-07 1098 0.0345803783879781 0.0145531459113438
0.05 3D 9131314.5 9134069 1.00500054937966e-06 507 0.0165961193293886 0
0.08 3D 11692665 11697586 1.02743486681109e-06 1273 0.00753769406127259 0.116705018421092
0.09 3D 12187146 12191708 1.02878269998627e-06 263 0.0190918 0.110505557359704
0.1 3D 13343327.6666667 13348417 1.05441705060931e-06 1235 0.0356174679352227 0.0618757030806762
0.11 3D 14131887 14137007 1.06587449311257e-06 297 0.0411775 0.105092344119968
0.12 3D 14614832 14617981 1.06990658424687e-06 338 0.0182912934911243 0.0726985121708566
0.13 3D 15590258 15592577.5 1.08036448925727e-06 213 0.0196129159624413 0.104070980723611
0.14 3D 16348128.75 16353614.5 1.09319521796425e-06 936 0.0225012614316239 0.0266943296773481
0.15 3D 17345461 17377766 1.09560002754866e-06 227 0.0412749 0.0197683822371465
0.16 3D 17861807 17878705 1.09044793864466e-06 20 0 Inf
0.18 3D 19747491.5 19750560 1.10501800430377e-06 49 0.0360685816326531 0.213413166131075
0.19 3D 21004883 21005972 1.20693226838003e-06 159 0.0311898 0
0.2 3D 22047120 22052398 1.26047788850451e-06 387 0.0168246906976744 0
0.21 3D 22218207.2 22224146.8 1.26525840776173e-06 1346 0.018559842384844 0.0416487631690124
0.22 3D 23195014 23197330 1.27371371447033e-06 139 0.00451128 0.295031565320707
0.23 3D 23669446 23673272.5 1.26522617057576e-06 423 0.0324157241134752 0.0132845278157297
0.25 3D 25126814.5 25130889.5 1.18811242126333e-06 746 0.011703208847185 0.0423682398326675
0.26 3D 26215820.5 26219240.5 1.08021369422023e-06 414 0.0108304517391304 0.0415392560761904
0.27 3D 26449214 26453950 1.05144118125485e-06 214 0 NA
0.29 3D 28505632 28510800 8.69427504557903e-07 93 0.013463 0
0.3 3D 29220472.5 29225185.5 8.2732826910849e-07 636 0.0048027429245283 0.119652021766257
0.31 3D 30068873.5 30077275 7.86637592003162e-07 2012 0.00312400971421471 0.0289185124190317
0.32 3D 31977949.5 31983703 7.17664151534811e-07 623 0.00209093634028892 0.426470852176221
0.33 3D 33239028.6666667 33247311.6666667 6.89323078927085e-07 2904 0.00178607278443526 0.142613776398414
0.34 3D 36742073.75 36746424.5 6.08644286813847e-07 2280 0.0101085554561404 0.07293034638588
0.35 3D 39756794.5714286 39761425 5.56923464671669e-07 1680 0.00462436452976191 0.0616986369173471
0.36 3D 42521907.2 42525156.6 5.3665674366104e-07 2173 0.00522977206626783 0.0658577071219387
0.37 3D 44616139.3846154 44620468.3076923 5.51607500674058e-07 3251 0.011483173681944 0.0761384145604192
0.38 3D 46747784 46755718.8 5.32024953457501e-07 1720 0.000712198779069767 0.447765843723895
0.39 3D 48991752.5 48996118.5 4.98618020333518e-07 2409 0.00428497456205895 0.176723280851479
0.4 3D 50309474.6666667 50312787.3333333 4.79707919707792e-07 495 0.00248467090909091 0.302599429666559
0.41 3D 51688592 51696138 4.60390894673247e-07 297 0 NA
0.42 3D 53433486 53438057 4.36869733554096e-07 1452 0 Inf
0.44 3D 57328301.5 57334161 3.87583553181583e-07 808 0.00075595254950495 0.912877880811512
0.45 3D 58544565.25 58548974.5 3.73155356231452e-07 1851 0.000340677471636953 0.868863452554258
0.46 3D 61636400.25 61642096.75 3.38334199499099e-07 1179 0 Inf
0.47 3D 63572182.5454545 63576127.9090909 3.180443573157e-07 2053 0.00281224689722358 0.0334309598130152
0.48 3D 66952359.2222222 66958213.3333333 2.85252197806595e-07 3509 0 Inf
0.49 3D 70399631.3333333 70405908.2222222 2.54551890886834e-07 4126 0.0029420875618032 0.23221570125607
0.5 3D 82062800 82069152.9 1.8351527070731e-07 12712 0.00136533830073946 0.307198233416111
0.51 3D 93256397 93264153 1.26350710440072e-07 599 0.00109329 0.279004655672329
0.53 3D 94978836.2 94983043.6 1.18856220137835e-07 1863 0.00136343791196994 0.215832792875662
0.54 3D 96250064.8 96253682.2 1.13489758719256e-07 933 0.0019999165380493 0.198597460763274
0.55 3D 109618474.75 109623592.659091 6.77977415125486e-08 12599 0.000636778728311771 0.256683455434893
0.56 3D 131901062.804878 131906653.536585 2.62848960146471e-08 12449 0.000454898978231183 0.716419016467802
0.57 3D 147579069.4 147583440.666667 2.56399757777009e-08 7515 8.19684071856287e-05 1.90930244971457
0.58 3D 166045197.166667 166050331.537037 2.6955034184526e-08 16697 0.000562506275378811 0.309160282119677
0.59 3D 242829913.392405 242839482.101266 1.72841736689908e-08 62441 0.000398689098252751 0.295091027477322
0.6 3D 309254664.508475 309260998.983051 3.98973946688197e-08 19068 0.000467706777585484 0.350563827480514
0.61 3D 328213931.35 328220353.425 3.4733934568794e-08 13819 0.000527532303857008 0.378492659186866
0.62 3D 345011826.243902 345017792.585366 3.96403591211006e-08 15454 0.000418846775721496 0.22778900365174
0.63 3D 366292124.415584 366297766.571429 6.61434261013797e-08 25545 0.00169051377678606 0.259192767518617
0.64 3D 385955299.105263 385960415.368421 1.08174316108128e-07 9255 0.00153766639654241 0.151375312067354
0.65 3D 396482550.857143 396487232.714286 1.38774222808774e-07 5350 0.00178043132897196 0.1350730694145
0.66 3D 402381048.111111 402387038.555556 1.59359016193386e-07 5142 0.00107830649708285 0.199407171884681
0.67 3D 409668894.714286 409675014.642857 1.89993925588087e-07 4284 0.00117253398576097 0.328975578052258
0.68 3D 415390194.857143 415395242.571429 2.08319614321513e-07 7826 0.00345599289547662 0.213110740379778
0.69 3D 420647680.071429 420656224.357143 2.20037338468443e-07 4628 0.00125214581892826 0.125290262954561
0.7 3D 426159799.6 426170473.05 2.26985950594554e-07 9264 0.00130661975129534 0.191658178403244
0.71 3D 430370119.5 430374839.8 2.37259123714363e-07 2138 0.000690357885874649 0
0.72 3D 434323929.888889 434328144.222222 2.48568831557941e-07 2174 0.000870724452621895 0.419404750655029
0.73 3D 438191565.733333 438195028.6 2.57748147455623e-07 2925 0.00252209037264957 0.0853150897482226
0.74 3D 440931019 440935301.5 2.63058218075391e-07 3638 0.00107223910280374 0.0958590193420792
0.75 3D 444604079.6 444609391.8 2.68819820125129e-07 3863 0.00146953008542583 0.430499138253144
0.76 3D 447939311.857143 447945492.714286 2.72542259472981e-07 2556 0.001009668114241 0.109042710970001
0.77 3D 450435961.75 450442343.5 2.74435066578792e-07 1199 0 Inf
0.78 3D 453961434.5 453965119 2.77564932564054e-07 2214 0.00260064733514002 0.0635527562694939
0.79 3D 456691596.545455 456695214.727273 2.80084290073688e-07 2205 0.00209009754648526 0.239795279200902
0.8 3D 459689295.583333 459694329.666667 2.81871559611267e-07 3897 0.00111948173979985 0.0417866121258675
0.81 3D 462315139.777778 462318543.888889 2.82628018091973e-07 2067 0.00191343095791001 0.125660409214492
0.82 3D 465621098.75 465625557.5 2.82596032950176e-07 3330 0.00176797007627628 0.22193895162053
0.83 3D 469338050.363636 469342383.545455 2.81106368971405e-07 3332 0.00257620079231693 0.0999860173131726
0.84 3D 473116773.444444 473120729 2.7808720106611e-07 2251 0.00179591671257219 0.136586577520002
0.85 3D 477206330.285714 477212296.142857 2.73072792629159e-07 2494 0.00551509196070569 0.0678755396083868
0.86 3D 480507082.333333 480510282.777778 2.67100760841903e-07 2137 0.00717698059897052 0.0852747477393789
0.87 3D 484125587.714286 484130732.428571 2.53468577594718e-07 1942 0.00191176741503605 0.100654178681617
0.88 3D 488176183.666667 488185823.833333 2.40123782734777e-07 2024 0.00408652125 0.0573078471518692
0.89 3D 491407612.5 491413331.5 2.3518138197474e-07 2413 0.00163810340654787 0.262464227883928
0.9 3D 497087862.55 497092298 2.39838884627597e-07 6290 0.00746821485214626 0.0716812346040708
0.91 3D 502016842.9 502022671.3 2.44862889032435e-07 2732 0.00475636071376281 0.104149653965686
0.92 3D 506495478 506500868.071429 2.30979422749467e-07 6724 0.00477816707317073 0.0909419260633228
0.93 3D 509723354.636364 509726948.818182 2.29990724277579e-07 2468 0.00342755569286872 0.154080134067406
0.94 3D 514729067.5 514734248.5 2.4540040267213e-07 5125 0.00536717844682927 0.0829200321863516
0.95 3D 518292769.583333 518296885.166667 2.55452716920086e-07 3464 0.0125573902713626 0.109515226235012
0.96 3D 522665639 522670337.75 2.60697906640557e-07 3538 0.00217845999943471 0.29408457173479
0.97 3D 526007053.769231 526012620.307692 2.66117871412067e-07 4150 0.00222334953012048 0.254158500169377
0.98 3D 530018818.666667 530025838.444444 2.85550121164183e-07 2066 0.00281654507744434 0
0.99 3D 533657075.125 533661334 3.02829002018955e-07 1965 0.00328865654452926 0.119476915615175
1 3D 536324969.333333 536329986.555556 3.17767316192052e-07 3062 0.00128197858262573 0.0466971913276955
1.01 3D 539913883.25 539923961.5 3.46380843619319e-07 2182 0.00171463805453712 0.241926139604355
1.02 3D 542528021.333333 542530168.333333 3.73038574086816e-07 661 0 NA
1.03 3D 544226040.5 544230748.25 3.9612832894023e-07 2544 0.00101796613600629 0.306038012386619
1.04 3D 546787643.6875 546791916.5625 4.40153466703074e-07 4066 0.014337758546483 0.0305144157790599
1.05 3D 549465521.5 549470658.833333 4.7348260223792e-07 1811 0.00349029228602982 0.0931678677190142
1.06 3D 551641954.8 551645707.8 5.04444531570431e-07 1121 0.00556419683318466 0.187196330483412
1.07 3D 554599640.75 554603992.75 5.54338025381277e-07 1171 0.00410530309137489 0.115043437848501
1.08 3D 556367937 556374911 5.63903942084576e-07 1604 0.00227872643640898 0.199389364252674
1.09 3D 558870241 558874396.5 5.29807343307809e-07 731 0.000869607181942544 0.386498484267744
1.11 3D 561276693 561280072.5 4.63484099571129e-07 325 0.0137705267692308 0.166986097308562
1.12 3D 562706462 562709597 4.18870553926227e-07 206 0.0202817 0.044951458704152
1.13 3D 563859404 563862422 4.04488467915164e-07 390 0 Inf
1.14 3D 565839364.25 565844356.25 4.32710558669256e-07 878 0.0112402032232346 0.105299385982231
1.15 3D 570474217 570477604 4.3110042430928e-07 141 0.0334086858156028 0.0787898938329772
1.16 3D 574973868.5 574978739.5 5.21490515132446e-07 550 0.006954624 0.144027547715017
1.17 3D 576082320.666667 576088172.666667 6.47067001171487e-07 836 0.00754598974880383 0.087914258643509
1.19 3D 579036886 579041803 8.1104981721161e-07 190 0.0130612 0.373931951122408
1.2 3D 579726218 579733444 8.40535912502353e-07 73 0.0119048 0
1.21 3D 580538951 580542713 8.70935057334769e-07 204 0 NA
1.22 3D 581725361 581731778 9.13354072446749e-07 314 0.00672797 0
1.23 3D 582610377 582611272 9.77349150322267e-07 13 0 NA
1.24 3D 583323915 583329114 1.03812073296735e-06 318 0.0306609 0.0187789334298732
1.25 3D 584131388 584138021 1.09321094369105e-06 1973 0.00673181445514445 0.0415139912016244
1.27 3D 586006958.75 586015077.75 1.16847082485059e-06 1570 0.0106115875286624 0.0554260065983079
1.28 3D 586954193.5 586958215.5 1.17846053163015e-06 600 0.0124310982 0.0581174155634938
1.29 3D 587438023.5 587444968 1.1759698399855e-06 795 0.0316679347169811 0.129986917187241
1.3 3D 588393624 588396164 1.15647821665452e-06 224 0.0137216 0.242196974113806
1.31 3D 589374117 589378796 1.11619606829647e-06 76 0.00457666 0.675147378219051
1.32 3D 590935693 590942224 1.11670390262339e-06 359 0.0209627 0
1.33 3D 591239544 591242115 1.11395532752994e-06 194 0.0315411 0.155002520520844
1.35 3D 593143889.333333 593148369.333333 1.09431260415492e-06 556 0.0118294080395683 0.0855979148308635
1.36 3D 594619492.333333 594624752 1.07929252576513e-06 962 0.0120881077962578 0.0944743995354896
1.37 3D 595065936.333333 595071034.333333 1.06304052272049e-06 1028 0.0206715902723735 0.0751992202987212
1.38 3D 596912028 596915547 9.73379670328619e-07 230 0 Inf
1.4 3D 598533484.666667 598537001.333333 8.9677321944778e-07 889 0.0290155960629921 0.0214020644085637
1.42 3D 600123710 600126996 8.54213563703903e-07 190 0.00350331 0
1.44 3D 601917967 601925473 8.39242228673895e-07 476 0.00928074 0.0418000073270019
1.45 3D 602199098 602202213 8.39694331872441e-07 53 0.0132548 0
1.46 3D 604229133.4 604234347.7 8.48816226703454e-07 3781 0.0115708752790267 0.087544647362676
1.47 3D 606763290.909091 606768102.818182 8.35348639974184e-07 4333 0.0160296553427187 0.0544092377386049
1.48 3D 609304188.666667 609307540.666667 8.13753926031311e-07 876 0.0281605952054794 0.0248982692686606
1.49 3D 610185902.333333 610191031.666667 8.10109231155497e-07 1117 0.00918540042076992 0.245172370170117
1.5 3D 611314277.75 611317817.75 8.05101499883306e-07 601 0.0285198742096506 0.121561927530887
1.51 3D 611673342 611674917 8.03322383605504e-07 119 0.0331187 0.0485722567612859
1.53 3D 612893125 612902319 7.96489615194158e-07 416 0.0135588500480769 0
1.54 3D 613593606.333333 613599786.333333 7.92076052421424e-07 1048 0.0149707508778626 0.115938799063792
0 4D 1911710.11111111 1915762.33333333 2.04533059788705e-06 2464 0.0333887685064935 0.0300186566474785
0.01 4D 4517321.6 4522390.8 1.93361247779379e-06 2121 0.0248866200235738 0.0920365682688954
0.03 4D 5617325.4 5622458.2 1.88640110391159e-06 2015 0.0213078272158809 0.0916233073976969
0.04 4D 6032395 6038324 1.86872691417363e-06 725 0.0436153711724138 0.0229598390780554
0.05 4D 6492055 6495568 1.84932295239492e-06 163 0.0200267 0.0560207123490141
0.06 4D 6585414.25 6590623.25 1.84534892686296e-06 1456 0.0204418021153846 0.107293285537339
0.07 4D 6896320 6899884 1.832296722521e-06 176 0.042735 0
0.08 4D 7107798 7112439 1.82339986465315e-06 231 0.0229208 0
0.1 4D 7746215.83333333 7751851.16666667 1.79603662194726e-06 3039 0.0114057329417572 0.0212265623539535
0.11 4D 7994323.5 7996551 1.78547808752088e-06 346 0 NA
0.14 4D 8671169 8676540 1.75651500167561e-06 388 0.0126438 0
0.16 4D 9341303.2 9348903 1.72802139169726e-06 3954 0.0158606876024279 0.0594589178178851
0.18 4D 10254193.5 10260903 1.68953028703626e-06 783 0.0207557383141762 0
0.2 4D 10997468.6666667 11003656.3333333 1.65840493235991e-06 1007 0.00686948388282026 0.0527984698014495
0.21 4D 11547599.3333333 11556761.6666667 1.635420655159e-06 1294 0.00967500593508501 0.142650766163219
0.22 4D 11911876.25 11917126 1.62038244328652e-06 1415 0.0267592066431095 0.061285986775493
0.23 4D 12458543 12464968 1.59775350538049e-06 756 0.00312028841269841 0.360986556476066
0.24 4D 12577721.4 12581487.8 1.59289503461414e-06 678 0.036440903879056 0.0999766534355369
0.25 4D 13133742.25 13138250 1.57001930110493e-06 470 0.00388645957446809 0.198870995644452
0.28 4D 14608229 14611486 1.50994040881085e-06 186 0.059902 0.0335237554672632
0.29 4D 15400385.6 15405554.2 1.47792529854487e-06 1248 0.0161913115384615 0.0574165855254912
0.3 4D 15872295.2307692 15877034.3846154 1.45899385048051e-06 3516 0.0235372460722412 0.0349063603120133
0.31 4D 16528891.75 16533632.875 1.43269964991609e-06 2556 0.0235217250782473 0.0408669358149544
0.32 4D 17520729.3333333 17525630 1.39038044040129e-06 2508 0.0203025436403509 0.0436247889088001
0.33 4D 19343284 19348739.4 1.31289680708587e-06 1714 0.0151807752042007 0.0143316397531551
0.34 4D 20538853 20540667 1.26313709059818e-06 104 0.0528097 0
0.35 4D 21537578.875 21544186.875 1.2219701281674e-06 4489 0.00952401008687904 0.0474253370570765
0.36 4D 22121494.4 22126361.4 1.1982178877981e-06 1286 0.00833510593312597 0.0522304784432154
0.37 4D 23160993 23167763.1666667 1.15624276142558e-06 2210 0.0269728840904977 0.0125049326226434
0.39 4D 25585393.5 25591754 1.06054405967915e-06 1822 0.00171963958177827 0.0591898976783713
0.4 4D 26699247.8 26705318.2 1.01756895311916e-06 2229 0.00391328272319426 0.128961278476665
0.41 4D 28790314.5714286 28797623.1428571 9.38502436636846e-07 4900 0.00707408846122449 0.0608094267465765
0.42 4D 30207421.8 30211332 8.85431006239008e-07 1317 0.00914103570994685 0.0563786677670561
0.43 4D 32333899 32340371 7.38582358855299e-07 2431 0.00262216451665981 0.113995367598453
0.44 4D 35873645.5 35882720.3333333 4.87907813863288e-07 2890 0.00306786050865052 0.0702978423518119
0.45 4D 39894137 39898332.2222222 2.81740298650862e-07 1772 0.00318574862302483 0.146446068532187
0.46 4D 43599433.85 43605491.65 1.69132003443332e-07 6000 0.002582969485 0.266354753186976
0.47 4D 48565700.0909091 48571002.5454545 1.29133046109697e-07 1816 0.0034470056222467 0.334545060937706
0.48 4D 52393216.5 52397707.6666667 1.56603721151351e-07 1613 0.00388109109733416 0.118226193267559
0.49 4D 55207956.4545455 55213929.9090909 1.5519223656847e-07 2369 0.000257179501899536 0.606062320962618
0.5 4D 58435195.2 58442763.8 1.07718253522553e-07 4198 0.000908316286326822 0.210407857517379
0.51 4D 76001298.2650602 76007053 6.64341098685962e-08 28633 0.000962870983690148 0.196087228485531
0.52 4D 95918486.6060606 95923783.1515152 5.35596088554826e-08 11641 0.000582475773644876 0.404272271560782
0.53 4D 106977542 106983620.863636 5.42237385848108e-08 7669 0.000601130288173165 0.34533941534895
0.54 4D 138001110.035714 138008084.011905 2.34047311291966e-08 29142 0.000467020490014412 0.25121576429516
0.57 4D 235734784.354167 235747494.729167 8.8351469909236e-09 22857 0.000426991120225751 0.263303793441172
0.58 4D 280732998.5 280746671 1.94419281758149e-08 7740 0.000248114377260982 0.0950108463563483
0.59 4D 304239789.757143 304245972.414286 2.27106341492079e-08 25258 0.000426976139045055 0.429207493771755
0.6 4D 337278378.785714 337283130.151786 2.84611860486357e-08 33832 0.000771439995300307 0.289112389003587
0.61 4D 367121911.415094 367126575.792453 8.99757840268424e-08 18172 0.000710646265683469 0.228657100285354
0.62 4D 378683184.076923 378688577.461538 1.16656647726384e-07 4533 0.00109238426869623 0.488726942476008
0.63 4D 381154738.777778 381159332.555556 1.27406108210894e-07 4566 0.000283896738282961 0.932331151415834
0.64 4D 388166661.526316 388171091.894737 1.17398378347495e-07 5421 0.000930704100903892 0.352003324506368
0.65 4D 395872611.48 395876951.48 1.11353810311742e-07 5459 0.00099446307309031 0.217145545428899
0.66 4D 406017104.294118 406022984.911765 1.24214117433899e-07 11318 0.000563181889733168 0.452310143460312
0.67 4D 417887837.176471 417894483.882353 1.50933252451702e-07 8466 0.00105590843373494 0.195673056324369
0.68 4D 423267540.083333 423272574.583333 1.65547507764921e-07 2861 0.00161525971688221 0.160860303613645
0.69 4D 428374048.277778 428379823.166667 1.8076581504337e-07 5443 0.00377377801947455 0.0837425390276
0.7 4D 432567492.125 432571600.75 1.94259877026861e-07 1798 0.000832696240266963 0.243999328768259
0.71 4D 435547724.375 435552337.1875 2.04421231844211e-07 4491 0.0034501806746827 0.0992294404744887
0.72 4D 440790932.75 440796009 2.1520479360856e-07 3402 0.00158349035861258 0.255365681732631
0.73 4D 445325060 445330291.625 1.98540752211108e-07 5302 0.00034314707921539 0.191444697168527
0.74 4D 449535327.071429 449540052.285714 1.97152444783173e-07 4881 0.00135502820856382 0.287937938882971
0.75 4D 455782173.066667 455785522.933333 2.54899584167126e-07 2503 0.0042840259728326 0.132353481303312
0.76 4D 459359923.571429 459363748.714286 3.29207955726789e-07 1810 0.00566738217127072 0.0885577297820548
0.77 4D 460687926.6 460691214.2 3.65206848788195e-07 1252 0.00260585651757188 0.0909633055716266
0.78 4D 463115351.1 463120322 3.9404439672062e-07 2625 0.000991641894857143 0.355456681076069
0.79 4D 465709922.25 465715218.875 3.749092830928e-07 2093 0.00213712408982322 0.272548670638264
0.8 4D 468671970.25 468677390.5 4.09979651260594e-07 5682 0.00468737551742344 0.188244835610172
0.81 4D 471066018 471069259.25 4.88577152397612e-07 351 0.011175754985755 0.0936448381085429
0.82 4D 473537930.461538 473544324.230769 6.13459124825833e-07 4436 0.00794720540351668 0.206279953766475
0.83 4D 476129838.333333 476135062.333333 7.91867254770627e-07 1069 0.00231540696538821 0.250597901749171
0.84 4D 477022622.2 477031000.4 8.65965403687372e-07 1585 0.00470900966561514 0.148766023167198
0.85 4D 478118893.8 478125138.4 9.65239594065548e-07 1692 0.00449080304373522 0.0801242906643157
0.86 4D 479200210 479203318 1.07170691987849e-06 214 0.0225334121495327 0.038953952533457
0.87 4D 479818594 479826531.5 1.1369360031931e-06 1315 0.00394751814448669 0.423831591612967
0.88 4D 480865187 480869133.25 1.33492953303759e-06 874 0.00763640267734554 0.182764515257803
0.89 4D 481136064.333333 481140327 1.41128481308678e-06 1351 0.00843740993338268 0.103509522387362
0.9 4D 481888141 481893010.5 1.57190091324002e-06 720 0.0103330091388889 0.122989299484178
0.91 4D 482505753.6 482514056 1.5799751203047e-06 2444 0.00593135375204583 0.0254807030819327
0.92 4D 483061638 483066501 1.48889301531074e-06 1825 0.00955077206027397 0.056615115411962
0.93 4D 483914179.5 483920299 1.42863488554877e-06 991 0.0040105629667003 0.203006623855234
0.94 4D 484579012.111111 484583327.666667 1.37463661440818e-06 1814 0.0104530270231533 0.0388998724446442
0.95 4D 485520708 485526115 1.28143772180179e-06 367 0.0139324 0.0711095001579053
0.97 4D 486184209 486189655 1.20403797515865e-06 317 0.0192118 0
0.98 4D 486875272 486878388.333333 1.11323727058807e-06 991 0.0165463634510595 0.047984757587416
0.99 4D 487453618.333333 487456352 1.02885541089098e-06 256 0.00853366796875 0.0846680542465299
1 4D 489547411 489551366.25 5.82796561071845e-07 1292 0.022348498869969 0.100862753037969
1.01 4D 494093699.833333 494099565.166667 5.42334070217608e-07 2182 0.0185389351145738 0.0706704369083764
1.02 4D 495978547 495980686 7.54922996620186e-07 154 0.00769889 0
1.03 4D 497151502.2 497155155 8.95444892866565e-07 1022 0.0218143423287671 0.058013186495009
1.04 4D 498048734 498051771.75 9.97634798734817e-07 694 0.0201844202161383 0.026080799730118
1.05 4D 498585442 498593011 1.05683436446447e-06 776 0.00737630074742268 0.0960558661767951
1.06 4D 498914358 498920511.666667 1.09217865964798e-06 1705 0.00525546 0.0820951449983708
1.07 4D 499445385.666667 499450275.333333 1.12866169216909e-06 1187 0.0105128781550126 0.438979418957711
1.08 4D 500148022 500161406 1.1897877741121e-06 2179 0.00362091085360257 0.0465792536525591
1.09 4D 500823603 500829738 1.32320208447816e-06 451 0.0247253 0.114645727251034
1.1 4D 501318167.5 501322494.5 1.47447382317567e-06 582 0.0279603329896907 0.0113826375704147
1.11 4D 502501054 502505125.714286 1.98968594647833e-06 1700 0.0210624129176471 0.0460885625540458
1.12 4D 504006768.875 504011847 2.54711730872566e-06 3068 0.016365203119296 0.0861267913716911
1.13 4D 504339499 504344372 2.77226059342016e-06 348 0.00773944 0.0897669598834024
1.16 4D 505330644 505333517 3.10623510727074e-06 159 0.0140725 0.361230769230769
1.22 4D 506167612.5 506170110.5 2.41585076838613e-06 431 0.00729018561484919 0.294212916962385
1.23 4D 506463560 506466966 2.20961466909972e-06 399 0.0293613 0.0476143767476236
1.25 4D 508909846.1875 508915985.4375 1.19223752906627e-06 8305 0.0214834288476821 0.0470136269444112
0 5D 554527 558722 NA 400 0 NA
0.01 5D 935699 941610 9.27956340645568e-07 482 0.0144742 0
0.02 5D 1999548 2003960.5 8.93373875710724e-07 501 0.0199006758483034 0
0.03 5D 2662690 2668562.66666667 8.70768211563604e-07 884 0.0214803380769231 0.0746783509877663
0.04 5D 3566155 3569172 8.38751059981051e-07 113 0.0280374 0
0.05 5D 5194822.5 5198704.5 7.77194484988952e-07 380 0.0126808707894737 0
0.06 5D 5900671.5 5910466 7.48903276855727e-07 1180 0.00948189683898305 0.032793784832942
0.07 5D 7006281 7012345.5 7.03060858650897e-07 1239 0.0318916314769976 0.0188549345658608
0.08 5D 7581509.25 7593217.75 6.78155147111892e-07 825 0.00935425018181818 0.0706712258517159
0.09 5D 8538212.5 8546594.5 6.35714208595166e-07 1672 0.00308613184210526 0.31583565329544
0.1 5D 9116808.33333333 9120892.33333333 6.09606129640193e-07 402 0.032190971641791 0.0184185167458266
0.12 5D 13850686.3076923 13856121.2307692 4.53055411251637e-07 4423 0.007687043052227 0.0490386921320707
0.13 5D 22310511.6666667 22314651.8333333 2.25425460465331e-07 1140 0.0195447148070175 0.00826821810949414
0.14 5D 25303576.25 25307218 3.64014944761354e-07 785 0.0120525706878981 0.0765667678756872
0.15 5D 26790638 26792374 3.85410381871682e-07 475 0.00459482 0.315790390047924
0.16 5D 28607807 28613392.6 4.19866846595022e-07 1420 0.0262192811267606 0.028875466692354
0.18 5D 33191592.25 33196955 5.68049880110395e-07 1886 0.00470970876988335 0.0699051501512735
0.19 5D 36283696 36287641 6.57542893514976e-07 1244 0.00613203114951769 0.357080995315208
0.2 5D 37349102 37355164.6666667 6.82085520398193e-07 1592 0.00329894712939698 0
0.21 5D 40137040.5 40139470 6.74854011714632e-07 467 0.0163436768736617 0.0957873930931464
0.22 5D 40779590.6666667 40783589.3333333 6.59031734753496e-07 587 0.00525751277683135 0.309268689892941
0.23 5D 41384775.6666667 41387501 6.53530735092265e-07 474 0.00622743894514768 0.127274997870287
0.24 5D 42481560 42483718 6.40608703814872e-07 289 0.0374031214532872 0.0746518824396177
0.26 5D 44694950.3333333 44698952.8333333 5.94242981376377e-07 2242 0.00460252655664585 0.114813295533386
0.27 5D 45685171 45688039 5.89921604793498e-07 329 0.0085465 0.212550166734921
0.28 5D 46309145 46312912 5.85361100772254e-07 292 0.00413413 0
0.29 5D 47023818 47035761 5.78025927267768e-07 533 0.0060629 0.0578457503834798
0.3 5D 49633035.6666667 49638918.3333333 5.32153002910572e-07 949 0.00243578090621707 0.106635140342345
0.31 5D 52675695.3636364 52680994.0909091 4.59434990607713e-07 2627 0.00526905732775029 0.147505995818351
0.32 5D 86230321.1056911 86235854.8211382 1.71145869611556e-07 41733 0.00162206505463302 0.221553981453244
0.37 5D 116958786 116968730 4.94930611113363e-08 269 0.00215905 0
0.46 5D 117264378.5 117267745 4.86336184033483e-08 193 0 NA
0.47 5D 117342860 117345201 4.84124661441701e-08 94 0 NA
0.52 5D 117739586 117745517 4.72853664508308e-08 303 0.00202794 0
0.54 5D 118007705 118009555 4.65358900425839e-08 78 0 Inf
0.55 5D 119338683.454545 119343385.818182 4.28234947917319e-08 4090 0 Inf
0.56 5D 136833726.328125 136841415.90625 1.43406756986374e-08 27519 0.000511453270395 0.248262253950198
0.57 5D 184675339.259259 184687813.111111 0 11853 0.000245741935881212 0.666242362157846
0.58 5D 214195438.145161 214201568.064516 0 21892 0.000383410417641147 0.385495633387891
0.59 5D 257354049.223602 257360418.248447 9.32685202659527e-09 59670 0.00111587474432713 0.246607889612201
0.6 5D 288475497.945946 288480258.297297 6.56603031770441e-08 10286 0.000780798013805172 0.22420928548977
0.61 5D 299642860.130435 299646900.695652 9.97804070677231e-08 6575 0.00106052579543726 0.201980387200446
0.62 5D 310490706.714286 310494884.857143 1.39569620001503e-07 8025 0.0012441974728972 0.141049714887743
0.63 5D 320139357.35 320144483.85 1.88657027035051e-07 5820 0.0041862300652921 0.142328974849451
0.64 5D 326716457.8 326720761.866667 2.20955526862833e-07 4878 0.000668314315293153 0.51395751146069
0.65 5D 331102440.875 331108046.75 2.40509538448956e-07 2186 0.0058434851189387 0.144514381957138
0.66 5D 333769744.8 333777092.4 2.5323127897056e-07 1574 0.00170418698221093 0
0.67 5D 337027124.2 337033301.1 2.7069801745139e-07 2715 0.0129052416500921 0.104418330389218
0.68 5D 339668820.25 339672593.75 2.84083564689228e-07 1212 0.00397393721122112 0.180242449778849
0.69 5D 342602224 342607312.666667 2.98233289160757e-07 1831 0.00417175333697433 0.167823054663192
0.7 5D 346378319.222222 346380874.666667 3.15226335770174e-07 2369 0.00399792800759814 0.0586353459822204
0.71 5D 350253219 350257266.75 3.31094827483373e-07 1835 0.00150513414168937 0
0.72 5D 353068721.75 353073040.25 3.42316345725675e-07 2344 0.0017037941552901 0.232910834544514
0.73 5D 355747478 355751794 3.53757626992504e-07 1988 0.00192442333501006 0.13489968652163
0.74 5D 358425619.5 358428715.5 3.66015653287839e-07 751 0.00330847944074567 0.223246943497153
0.75 5D 361503162.857143 361509078.714286 3.81205226474668e-07 2490 0.0081305972128514 0.0449935249943796
0.76 5D 364556913.333333 364562219.5 3.97325369322823e-07 2230 0.0107190803049327 0.0742385950329348
0.77 5D 366906772.125 366910777.375 4.10476589458234e-07 1764 0.0108296153854875 0.0513810051421761
0.78 5D 369696027.4 369699104.8 4.26828279723475e-07 1484 0.00441065921832884 0.166507492321789
0.79 5D 371575825.555556 371580564 4.38523793477424e-07 2818 0.00468765655429383 0.125432140816839
0.8 5D 373797634 373801104 4.53021117671649e-07 357 0 NA
0.81 5D 375921994.125 375926795.125 4.66085553614029e-07 2419 0.00783984666804465 0.112759846250906
0.82 5D 377941614.75 377945614.25 4.77822267958077e-07 1250 0.002755900392 0.0536694381369354
0.83 5D 379523339.25 379527395.75 4.86550417544237e-07 1588 0.00174228589420655 0.266065210084034
0.84 5D 381580811.444444 381584851.666667 4.97217861176915e-07 1887 0.0128869217170111 0.154294752632154
0.85 5D 384020748.777778 384026141.444444 5.08962712370487e-07 1253 0.00982121411013567 0.221185905298241
0.86 5D 385537790 385543071.142857 5.15747202137959e-07 1028 0.014206397266537 0.195423398333797
0.87 5D 387275643.3 387279591.9 5.23029858977758e-07 2272 0.0176312044102113 0.117332259344539
0.88 5D 389416267.5 389420804 5.31326963630836e-07 1994 0.0031872664994985 0.18211378089978
0.89 5D 390646173.333333 390651083 5.35715444864751e-07 1639 0.00263732175716901 0.0431743561023261
0.9 5D 391729992 391737307 5.39398023765508e-07 255 0 NA
0.91 5D 393845979.6 393849263.8 5.45963009837582e-07 1456 0.00424587478708791 0.0306084518180736
0.92 5D 396280791 396284074.5 5.52587547370427e-07 757 0.0260691652575958 0.0534153157988959
0.93 5D 397078391.571429 397084381.285714 5.54531531976215e-07 2854 0.00332241577435179 0.249814707588669
0.94 5D 398580827.333333 398585919.333333 5.57908987111772e-07 972 0.005841765 0.30395830782567
0.95 5D 399470074.125 399474396.125 5.5972330419056e-07 2085 0.00789411802877698 0.156206993322252
0.96 5D 400895699 400903146 5.62371298311859e-07 255 0.0035057 0
0.97 5D 402774681.5 402780054.25 5.65299824042392e-07 2641 0.00617626796289284 0.162914705180433
0.98 5D 404851253 404853858.5 5.67826708531965e-07 1106 0.00525917752260398 0
0.99 5D 406557835.2 406562239.4 5.69397016711775e-07 1864 0.00673589103004292 0.157465297150341
1 5D 408518548.666667 408523666.666667 5.70558299948964e-07 1413 0.0122920417551309 0.240416643660663
1.01 5D 410061232.5 410064403 5.71022745303858e-07 631 0.0214367274167987 0.0367106030905828
1.02 5D 412999514.384615 413003037.384615 5.68542867326615e-07 1835 0.00785480952588556 0.0502442514006941
1.03 5D 415322854 415327930.571429 5.52556814434013e-07 2652 0.000871049038461539 0.31704629659271
1.04 5D 418267491 418271620.5 5.39814583835604e-07 904 0.00440239340707965 0.0917991702642924
1.05 5D 420417222.571429 420423168.571429 5.41312895372478e-07 3059 0.00510520017979732 0.098888575903448
1.06 5D 421772031.4 421776100.7 5.46210146315652e-07 1592 0.0233088108291457 0.0199532219398593
1.07 5D 423514657.714286 423519563 5.57688291579603e-07 2567 0.00930650317880795 0.0827269122591492
1.08 5D 425684713.75 425688048.25 5.76918705209527e-07 906 0.00928684350993377 0.124426226975691
1.09 5D 427409473.5 427412783.5 5.88496437216102e-07 746 0.00328534545576407 0
1.1 5D 429126673.285714 429131059.285714 6.06317770166971e-07 1984 0.00990396721774194 0.0900912077278644
1.11 5D 431548678 431556115 6.37054168922185e-07 572 0.00558644891608392 0.172790414747314
1.12 5D 432634708.333333 432639077.666667 6.51795347104894e-07 288 0.0209640454861111 0
1.14 5D 434652973 434654304 6.86740050563168e-07 29 0 NA
1.15 5D 436278082.75 436281445.5 7.1153373301636e-07 1066 0.0184313326547842 0.117225028170723
1.16 5D 437669342.666667 437675342 7.22816876426861e-07 501 0.0140417736526946 0.224279421968831
1.17 5D 439370873.333333 439375908.666667 7.36053387245915e-07 248 0.0144502283064516 0.0507641661270549
1.18 5D 441042933.25 441046887.25 7.78049738897541e-07 918 0.00476208649237473 0.100056642936352
1.19 5D 443137780.428571 443143809.714286 8.21009614510529e-07 3058 0.0119577096566383 0.139683830513911
1.2 5D 444229321.666667 444232903 8.39194034774739e-07 972 0.00845292458847736 0.179880509493713
1.21 5D 444971809.166667 444977429.333333 8.49870893427827e-07 3798 0.0168074115165877 0.0635534811848237
1.22 5D 445469952.5 445479078 8.56337958316823e-07 1429 0.00556429695591323 0.206770728808112
1.23 5D 446897456.666667 446900120.666667 8.70954948071132e-07 501 0.00865091520958084 0.0252957117926526
1.24 5D 448773371.2 448781981 8.83502083012018e-07 2994 0.00742733674348697 0.17747718279922
1.25 5D 450070351.75 450072911 8.87271681717916e-07 695 0.0210986510791367 0.063036046322304
1.26 5D 450654180.4 450660362.4 8.87547531653837e-07 2538 0.00638031203703704 0.125717373424025
1.27 5D 451492328.666667 451500220 8.86417398607958e-07 745 0.015559086442953 0.127373510671949
1.28 5D 452059418 452063882.5 8.84781803177747e-07 1190 0.00723930154621849 0.0858850360052145
1.29 5D 452596676.8 452601058.8 8.82475283854151e-07 1394 0.00532395959827834 0.0737482030289189
1.31 5D 453897045 453903021.6 8.73975745255533e-07 2575 0.0034900676776699 0.040287915767649
1.32 5D 454468790.285714 454473148.285714 8.6887386471182e-07 1623 0.0113987321934689 0.0398695841386323
1.34 5D 456551600 456556715.857143 8.43821559003906e-07 3065 0.016725451771615 0.121697747421963
1.35 5D 457830525.571429 457835214.142857 8.23306241640182e-07 1768 0.00867864504524887 0.0845119660245982
1.36 5D 459427574 459433550.25 7.91508674109871e-07 2187 0.00901478034293553 0.0611777992429413
1.37 5D 461383268.5 461388642.416667 7.44689769862715e-07 5948 0.00303027205917956 0.152553138997275
1.38 5D 464252093.090909 464258699.818182 6.56056830739201e-07 5222 0.00608353174990425 0.122701182272905
1.39 5D 466370269.866667 466374631.4 6.07950488038192e-07 4024 0.00264138083996024 0.173633026376677
1.4 5D 469817644.25 469823062.375 6.03133883293224e-07 2967 0.0049916252999663 0.0867212851710678
1.41 5D 473177417.2 473181802.3 5.42694999906595e-07 1999 0.0115017871835918 0.132931642868013
1.42 5D 475613916.333333 475618450.666667 5.20937074142692e-07 1845 0.0056380994796748 0.0826028583692515
1.43 5D 477015979.285714 477018966.142857 5.16900495536605e-07 1158 0.00631871902417962 0
1.44 5D 478509528.5 478513759.5 5.19527859996864e-07 895 0.00475658610055866 0.056289279497711
1.45 5D 480007878.166667 480012361.666667 5.29146971721321e-07 3736 0.0144386248260171 0.0995609263353859
1.46 5D 480638786.4 480642838.4 5.35183072261592e-07 1080 0.0184091882407407 0.055852974244197
1.47 5D 481956524.5 481960920.5 5.52035104997045e-07 606 0.012509800990099 0
1.48 5D 483877347.75 483880758.625 5.86460561350199e-07 1301 0.0189891240122982 0.00761976382812607
1.5 5D 487066399 487070906.666667 6.31061743484725e-07 768 0.0039786567578125 0.238667046597552
1.51 5D 488315897.7 488320550.6 6.20499749878288e-07 2923 0.0154031900513171 0.0768133693412592
1.52 5D 489864249.111111 489868753.666667 6.42347074257717e-07 3160 0.0069557911835443 0.0680008545142642
1.53 5D 491226691.888889 491233151.333333 6.70104667957133e-07 1582 0.00617480049304678 0.0376696990239799
1.54 5D 492668604.666667 492673779.333333 6.88850382930405e-07 1852 0.000696829382289417 0.565166257498744
1.55 5D 493245114.5 493248721 6.94583914278274e-07 222 0 NA
1.56 5D 494464089 494471137.5 7.06361455591503e-07 1159 0.00592308422778257 0.0805650825275598
1.57 5D 496007954 496010820.2 7.20443581384502e-07 778 0.00656504845758355 0.0738438173315464
1.58 5D 497447778.6 497453505 7.32892261830137e-07 1179 0.00512054028837998 0.132507163601434
1.59 5D 498539103 498544065.25 7.41855453286122e-07 1262 0.0407041077654517 0.0467112275666388
1.6 5D 499703881 499706284.666667 7.50915878003838e-07 742 0.00508240506738545 0.0497261234663462
1.61 5D 500901139.6 500906145.2 7.59752027596744e-07 1292 0.00724907634674923 0.125160336429922
1.62 5D 501855467 501862602 7.66443717933105e-07 1646 0.00538719761846902 0.0409265292168172
1.63 5D 502871004 502876435.666667 7.73179899543763e-07 360 0.003928053 0.327137727859918
1.64 5D 503666583.5 503670731.5 7.78223885266417e-07 197 0.0137042695431472 0
1.65 5D 505201611 505207692 7.87315716221407e-07 143 0 Inf
1.66 5D 506121909.25 506132128.75 7.9237519098505e-07 1699 0.00423620966450853 0.245400337071566
1.67 5D 507859859.75 507863754.875 8.01076227900487e-07 2199 0.0134740952023647 0.0316913812149943
1.68 5D 509205218 509208688.6 8.07080447041092e-07 845 0.00715301810650888 0.0299941293452941
1.69 5D 510032974 510034859.25 8.10446786324515e-07 420 0.00919290778571429 0.0492260225233103
1.7 5D 511255542.666667 511258682.666667 8.15017725964047e-07 1196 0.0100811844230769 0.0152864565635639
1.71 5D 512452577.5 512458724.5 8.19005240737921e-07 1107 0.0104181746251129 0.0964262593978038
1.72 5D 514142179 514145572.666667 8.23701242516832e-07 657 0.00271568246575342 0.167557501208186
1.73 5D 515260733 515264450.5 8.26308606031111e-07 826 0.00658680395883777 0.100766629467961
1.74 5D 517325504.3 517330554.2 8.29876016041274e-07 3088 0.00543285233160622 0.0329997329621507
1.75 5D 519341582.777778 519346029.222222 8.31962403710903e-07 2391 0.0189456545671267 0.0204535040366898
1.76 5D 520512044.6 520517997.2 8.32491639593325e-07 3325 0.00502636043007519 0.286190582960764
1.77 5D 521593833.222222 521597705.111111 8.32542501682806e-07 1543 0.0130028755281918 0.0757214082783167
1.79 5D 524570125.5 524572942.5 8.30643471472344e-07 932 0.0149033902038627 0.0985855742229092
1.8 5D 526039837.428571 526044599.714286 8.44586234549806e-07 1802 0.0207723634961154 0.0612870009740718
1.81 5D 527231604.4 527238083.4 8.84147956458489e-07 1682 0.0146144674435196 0.0627274091578427
1.82 5D 528775609.4 528783075.8 9.44583513909929e-07 2351 0.00630092211824755 0.0742921061718438
1.83 5D 529745494.2 529750226.6 9.77521684346355e-07 1552 0.0102961667268041 0.115407398866081
1.84 5D 530645503 530649282 1.00527589240408e-06 368 0.0152809 0
1.85 5D 532252695.8 532256361.6 1.04598882473752e-06 854 0.00143366894613583 0
1.86 5D 533419103.5 533424796.5 1.06925165301382e-06 181 0.00355704983425414 0.285161416744232
1.87 5D 534118653.6 534123069.6 1.08048907088133e-06 1811 0.00759383891551629 0.0672762780189691
1.88 5D 535066321 535069324.5 1.09279709744951e-06 270 0.00471124325925926 0
1.89 5D 536165543.5 536171696.5 1.10232029593749e-06 1151 0.00332130688097307 0.431994194595743
1.9 5D 536536574 536541626 1.10459902969339e-06 390 0.00488865 0
1.91 5D 537734844.5 537739179.333333 1.10770397164357e-06 2320 0.0106389393275862 0.114438222104268
1.92 5D 538643606.571429 538651078.428571 1.10635205578109e-06 3395 0.00750638083357879 0.0750429411102497
1.93 5D 539231714.5 539236985.5 1.10369773881805e-06 1495 0.00824516024080268 0.0551710085352789
1.94 5D 540051462.285714 540056070.714286 1.09766489566304e-06 1621 0.0114291284515731 0.15371500561504
1.96 5D 541607250 541611954 1.07890040834517e-06 528 0.0323227 0.0108540746905426
1.98 5D 543076700.5 543080371.5 1.04113575085985e-06 312 0.0467332775641026 0.0291427772882369
1.99 5D 543467250.5 543470656 1.02877890070061e-06 430 0.0227887796511628 0.117444363493754
2 5D 544611899 544615156 9.74840153618513e-07 257 0.00241222 0.299438276774092
2.01 5D 545650411 545657056 9.10084564494253e-07 509 0.0224275565815324 0.0330970746651018
2.02 5D 546883208.5 546888509.5 8.01089617784937e-07 2507 0.0189663438731552 0.0454045031863297
2.03 5D 548157805.75 548163865.75 7.17833128193788e-07 1109 0.0109841461045987 0.0841467856595674
2.04 5D 549727400 549732319 5.89786967811761e-07 1374 0.0219621057787482 0.0549793193571523
2.05 5D 550918882.75 550922582.75 6.17071569570095e-07 1093 0.00818121349496798 0.212457016716276
2.06 5D 553510653.875 553515492.375 6.30969695780537e-07 1697 0.0294237363229228 0.00728351106276574
2.08 5D 556545881.5 556552010.5 7.38361652030778e-07 726 0.0162636016528926 0.0315564181125173
2.09 5D 557185362 557189523.5 6.53578587288553e-07 362 0.0545562378453039 0.0449487338021381
2.1 5D 558506300.857143 558510869.857143 4.71493486753895e-07 2281 0.0260092288908374 0.107913066826947
2.11 5D 563180725.73913 563185898 1.01680282360981e-07 8260 0.020219855472155 0.102148468162808
0.01 6D 1769875 1774534 8.88949760267612e-07 90 0.018544 0
0.02 6D 2258740.66666667 2264168 9.28469657487772e-07 3029 0.0131281737801255 0.0765251063232781
0.04 6D 4549970 4554131.25 1.13241564799674e-06 1040 0.0139638441346154 0.0507075947836411
0.05 6D 5994581 5999878 1.25870457516413e-06 264 0.0300847415151515 0.0228894548748748
0.06 6D 6274077 6276905 1.26619979109519e-06 324 0.0113362 0.253671424286798
0.07 6D 7052676 7059144.33333333 1.37330578360207e-06 1284 0.0166487316199377 0.158501825473743
0.08 6D 7573296.75 7577379 1.42677506587344e-06 493 0.0217578286004057 0.0867904905086738
0.1 6D 8724832 8730605.5 1.4618119923148e-06 1426 0.0188219692847125 0.191112871062963
0.11 6D 9356082 9363201.33333333 1.47913847859547e-06 1552 0.0130654238402062 0.0694421852341461
0.13 6D 11003482.6666667 11008335.3333333 1.28653172966467e-06 2434 0.0344496177978636 0.00440430465880121
0.14 6D 11890682 11893982 9.8142863329946e-07 407 0.0456182 0.0101729792056679
0.15 6D 13571189 13581429.5 9.96928149724479e-07 1220 0.00602013665573771 0.158075496793908
0.18 6D 15515266 15523093 8.8920674559036e-07 374 0.00829493 0.119644891518072
0.19 6D 16648058 16652223 8.42937773428375e-07 2491 0.0135969638699318 0.0300011429866463
0.2 6D 17731472.6666667 17734864.6666667 7.37281161907468e-07 871 0.0358358785304248 0.0747665295460295
0.21 6D 20813074 20813763 8.96240190195934e-07 83 0.018724 0.0676041444135868
0.22 6D 21980166 21985295 1.15826557640829e-06 576 0.042732 0.118259618084808
0.23 6D 23075148 23077733 1.61234452382925e-06 297 0.0387195 0
0.24 6D 23832531 23836586 1.91035153059135e-06 685 0.00853521635036496 0.0417627775294293
0.25 6D 24334758 24339167.5 2.0403632794893e-06 381 0.0175687256167979 0.15816306943157
0.26 6D 24643765 24647753 2.09427810017561e-06 866 0.0415183452655889 0.0734853484590287
0.29 6D 25658009 25660670 2.13401854277414e-06 339 0.0278647578171091 0.172237144287597
0.3 6D 25768796 25772530 2.12521360041817e-06 622 0.0198988839228296 0
0.31 6D 26242125 26245428 2.05838839354612e-06 73 0.0279503 0
0.32 6D 26359612 26368854 2.03388346707916e-06 284 0.00497512 0.132324044445159
0.34 6D 27421302 27423375 1.85287195635347e-06 106 0.0378738 0
0.37 6D 28698748 28701929 1.88180498240244e-06 31 0 NA
0.38 6D 29241297 29243314.5 1.83951241190248e-06 117 0 NA
0.4 6D 30680655 30684578.6666667 1.57923548052808e-06 734 0.00483456779291553 0.264749955415878
0.41 6D 32074053.5 32078152 1.31000276206438e-06 500 0.00123809738 0.600477430943275
0.42 6D 32726440.25 32728628.25 1.24929406440962e-06 317 0.00213395451104101 0.544685007284501
0.44 6D 34407380 34410415 1.09097152866107e-06 772 0.00268360448186529 0.0888472325998249
0.45 6D 35298532.5 35303276 1.00600902424272e-06 432 0.00281893868055556 0
0.46 6D 36801708 36806276.3333333 8.6149526207337e-07 523 0.00581428332695985 0.18460710151066
0.47 6D 37920912 37926334 7.52901840056245e-07 429 0 NA
0.48 6D 39712624 39721402.5 6.37576924898503e-07 1269 0.00152516482269504 0.189621173680225
0.49 6D 42014174 42018786.5 5.24930232497233e-07 863 0.000757615388180765 0
0.5 6D 48395067.8666667 48400159.4666667 4.06154917986137e-07 4470 0.00277109299105145 0.118816343739966
0.51 6D 53375515 53382585.4285714 3.36959298110851e-07 3638 0.00164217088620121 0.155165654489399
0.52 6D 56208102.1666667 56212066 3.13420286154415e-07 2105 0.00214888295249406 0.145675968466467
0.53 6D 57566101.3333333 57571355.3333333 3.06381533612971e-07 3083 0.00309743654557249 0.0582649639107522
0.54 6D 59086241.5 59093076.25 3.01116529868956e-07 3049 0.00104024004329288 0.172004097363944
0.55 6D 60217026 60222286.75 2.99318344737701e-07 1501 0.00371621607594937 0.166601606661385
0.56 6D 61143342 61147557.5 2.99213135360742e-07 534 0.000693841228464419 0
0.57 6D 62697413.4 62704964.6 3.01843628562408e-07 2259 0.00334740917220009 0.19421256585597
0.58 6D 65523579.2 65532066.6 3.15002936298916e-07 2736 0.000227327865497076 1.46920237701864
0.59 6D 67175469 67178299 3.28267559827723e-07 863 0.00986838887601391 0.0429117419249751
0.6 6D 68769144.4 68775144.6 3.35895087610906e-07 2578 0.00046887789681924 0.151344752964669
0.61 6D 72685725.5 72690193.75 3.32809355046266e-07 1510 0.00297346414569536 0.14623531975724
0.62 6D 75465460 75470477 3.29844679548737e-07 966 0.00266151777432712 0.28357306452466
0.63 6D 78785332.5 78790359.5 3.27232259984742e-07 2481 0.00668098029020556 0.0452439447707923
0.64 6D 84049348.6666667 84057343.1111111 3.06678391012415e-07 4244 0.000940369919886899 0.230665828726625
0.65 6D 88208111 88211503.8888889 2.69284108891828e-07 2853 0.000661712008412198 0.198370573614727
0.66 6D 91609578.7777778 91616332.2222222 2.37623956608081e-07 4512 0.000998095131205674 0.285218819055633
0.67 6D 95262811.6666667 95270488.6666667 2.09448476951329e-07 604 0 Inf
0.68 6D 99681785.2857143 99686074.5714286 1.75336834935356e-07 2584 0.00328317301857585 0.0435009335551926
0.69 6D 109776005.8 109782179.4 1.04410262523763e-07 13761 0.00108307314228617 0.138180671555031
0.7 6D 147185825.183206 147193789.969466 5.38325909436066e-09 42328 0.00171617421210546 0.268461530796469
0.71 6D 217722753.257143 217737847.457143 3.26888789628841e-08 16846 0.000463696644900867 0.315215519438424
0.72 6D 243307336.6 243314502 6.51010814987067e-08 1597 0.000384466981840952 0
0.73 6D 247350667 247356069.5 6.95569282291163e-08 795 0.000810301232704402 0
0.74 6D 253911734.333333 253919214.888889 7.64085192918933e-08 5137 0.0005147602374927 0.0941571124202988
0.75 6D 262748195.333333 262752578 8.51624605240149e-08 2770 0.000679986104693141 0.550046888566968
0.76 6D 264613381 264620366 8.6907688372215e-08 1100 0.00055172432 0
0.77 6D 265173638 265180559 8.74251554173748e-08 353 0 NA
0.78 6D 267162561.625 267166153.875 8.92361447425623e-08 1813 0.000688380303364589 0.295647579136678
0.79 6D 270311149.875 270316601 9.20337229426683e-08 4097 0.000408134088357335 0.22678886827002
0.8 6D 273236468.857143 273241039.142857 9.45493045976397e-08 1092 0 NA
0.81 6D 276640232.625 276645316.75 9.73850939434032e-08 2640 0.000260648291666667 0
0.82 6D 277982259 277988953.666667 9.84736386696166e-08 1176 0.00115529526360544 1.20455905333209
0.83 6D 283741263.75 283745148.25 1.02954254589807e-07 1032 0.000630881860465116 0.562336005365198
0.84 6D 286050956.714286 286055643.785714 1.0466243116075e-07 2464 0.000474006237824675 1.41755312894577
0.85 6D 290249750.230769 290254417.692308 1.0764953862218e-07 3925 0.00174697244050955 0.540057828502418
0.86 6D 293452960 293462178.714286 1.09819795022333e-07 3239 0.00020378312750849 1.67116225645631
0.87 6D 298101174.181818 298107144.636364 1.12799273846394e-07 2668 0.000791457286356822 0.204397339290297
0.88 6D 303827310.266667 303833214.2 1.16204914708671e-07 5067 0.000514360015788435 0.395826581070776
0.89 6D 306967697.777778 306973284.111111 1.1794980440833e-07 5190 0.000478117039691715 0.225253226385299
0.9 6D 314267700.823529 314272468.647059 1.21641608682708e-07 4271 0.00102586726059471 0.210370934625964
0.91 6D 319345306.227273 319350135.954545 1.2392763182059e-07 6189 0.00248750591048635 0.337311437533287
0.92 6D 328112647.692308 328116724.846154 1.27316923468673e-07 2069 0.00119287247945868 0.240234840403519
0.93 6D 336348875.578947 336354591.105263 1.29858999207479e-07 5662 0.00043867144471918 0.224114536421048
0.94 6D 351254844.142857 351259653.102041 1.29380011804802e-07 13542 0.000805141352459016 0.141985746171296
0.95 6D 363534442.73913 363540590.043478 1.27313005602999e-07 11151 0.00228283733315398 0.108003299507029
0.96 6D 371150495.533333 371156160 1.48634399442357e-07 5368 0.000510597601341282 0.157960774028351
0.97 6D 375910734.545455 375915694.636364 1.74000714369238e-07 5357 0.0012763200336009 0.215522595717707
0.98 6D 379447082.692308 379450900.538462 1.90703107442474e-07 3655 0.00671261259644323 0.109860720470939
0.99 6D 382076746.5 382080362.333333 1.95923151101365e-07 2738 0.00399641092037984 0.129980126890882
1 6D 385513792.727273 385518461.727273 2.12505683938248e-07 3570 0.00139359820728291 0.235760285085928
1.01 6D 388048686.8 388053422.3 2.31658508873225e-07 2812 0.00461846977951636 0.227790152475037
1.02 6D 392205740.578947 392211005.263158 2.51268401970791e-07 6500 0.00214568449846154 0.202047316621624
1.03 6D 399949079.909091 399955267.939394 2.91181120263603e-07 14788 0.0021244151974574 0.215362239608263
1.04 6D 405390357.1 405395009.3 3.44898390862986e-07 2713 0.00196681150387025 0.15036308530079
1.05 6D 409452760.714286 409459055.857143 4.47986868579603e-07 2235 0.00587773462639821 0.195769015892957
1.06 6D 412121114.857143 412127192.428571 5.13446237103339e-07 1572 0.00122973082061069 0.672804248183464
1.07 6D 414200168.666667 414205567.5 5.57351100008842e-07 2186 0.00353628922232388 0.0325791301715799
1.08 6D 417754195 417758589 6.2590170990756e-07 285 0.00301016 0.499435245966992
1.09 6D 419110184.5 419121575.5 6.49938996711635e-07 1334 0.000977211896551724 0
1.1 6D 420433816.5 420437630.666667 6.72082305083839e-07 1671 0.00435041551166966 0.118054718455861
1.11 6D 422117185.333333 422123378.833333 6.98773600546101e-07 3256 0.0025116616492629 0.11193888691939
1.12 6D 423787812 423791388 7.23459289174813e-07 135 0 NA
1.13 6D 424730045.5 424738741 7.36594123931798e-07 1393 0.000883410271356784 0.352760149845069
1.14 6D 426075755.2 426083601.6 7.5429872293375e-07 2391 0.00172233244667503 0.103617766272657
1.15 6D 427261372.666667 427264420.333333 7.6888792375471e-07 384 0 Inf
1.16 6D 428471289 428476605 7.82352450855667e-07 498 0 Inf
1.17 6D 429034141.285714 429038541.285714 7.83211845389878e-07 2746 0.0123900352949745 0.13812236688482
1.18 6D 429836321 429844955 7.85328968806466e-07 753 0.00117256 0.550142423415433
1.19 6D 430844082 430847579 7.89609160835545e-07 286 0.00808279 0.0799035976438829
1.2 6D 431515509.75 431521678.5 7.93498671955486e-07 2403 0.0234506452351228 0.0329849701519827
1.21 6D 432483642 432492375.666667 8.00438602674344e-07 1894 0.0148841889440338 0.102141227028638
1.22 6D 433382512 433386678 7.99665199156626e-07 613 0 NA
1.23 6D 433933297.5 433936985 7.98849577816867e-07 902 0.00749573308203991 0.0543821069738413
1.24 6D 434522112.666667 434525597 7.99605130136193e-07 1653 0.0077835236600121 0.0821859754676339
1.25 6D 435944107 435948027 8.08288850387361e-07 12 0 Inf
1.26 6D 436660536.833333 436664732.333333 8.16527952111468e-07 1056 0.0122307035984848 0.0431057874637561
1.27 6D 437581133.8 437588512.2 8.29712236682978e-07 5135 0.00978868430963973 0.143981976209454
1.28 6D 438759274.8 438767188.2 8.23591952430828e-07 3484 0.0175646931544202 0.0926585271043195
1.3 6D 440512443 440518084.5 8.22092094955122e-07 301 0.00215338916943522 0.286631361944566
1.31 6D 443255069.875 443259538.5 8.74901451971339e-07 3723 0.00935407738383024 0.0821702559260333
1.32 6D 445898357 445902765.8 9.74533643868451e-07 1070 0.0126560725794393 0.1511585222058
1.33 6D 447854842.25 447858737 1.00396842160164e-06 1029 0.0258561316812439 0.0466257507082201
1.34 6D 448741310.25 448747074.25 1.08124098929203e-06 906 0.0107558821192053 0.0186840421995288
1.35 6D 449811338 449812975 1.25376430212829e-06 108 0.0686477 0.0250640589560903
1.36 6D 450274982.333333 450278535 1.31506974681677e-06 746 0.00500801343163539 0
1.37 6D 450983109.571429 450988345.571429 1.39542538842176e-06 1925 0.00878123357402597 0.120048870712667
1.38 6D 451728036 451734083.666667 1.45994858976182e-06 1767 0.0198564954442558 0.101926676208238
1.39 6D 451907708 451913442 1.4727848302703e-06 378 0.0202597 0
1.4 6D 452735812 452739910 1.51494267208496e-06 203 0 Inf
1.41 6D 453012701.5 453017430 1.52347888175361e-06 345 0.0287297576811594 0.149862337352906
1.43 6D 454143295 454147233.666667 1.52891443183059e-06 832 0.0129366143389423 0
1.44 6D 454556830 454560655.5 1.51959261904449e-06 731 0.0340928201094391 0.0368904974816979
1.45 6D 455558362 455567526 1.59492409707962e-06 793 0.00493241 0
1.46 6D 455957098.5 455959917.333333 1.66340229040378e-06 1172 0.0202282749146758 0.0720152655917686
1.47 6D 456690821.2 456694849.8 1.75410931841079e-06 1114 0.0376912627019749 0.03790571171726
1.49 6D 458360206 458365689 1.79477551608772e-06 257 0.0191719 0.0377497274657181
1.5 6D 458762279.5 458766537 1.76841493988568e-06 974 0.033931123613963 0.0170383741258382
1.51 6D 459693961 459700262 1.65390936739069e-06 628 0.0153698 0.0635134484508582
1.52 6D 459829226 459838904.5 1.63082388342559e-06 1976 0.00704800817813765 0.0523620803378325
1.53 6D 460682458.166667 460686710.5 1.45105803239533e-06 1180 0.0120213568813559 0.134304029522283
1.54 6D 461263270.333333 461269429.333333 1.36317652026885e-06 505 0.0151132527920792 0.165730532017256
1.55 6D 461580628.5 461586443.5 1.31748049456506e-06 412 0.0268879922330097 0
1.56 6D 462546265.285714 462551030.428571 1.14949410917599e-06 2493 0.0209002417689531 0.0439120423865233
1.58 6D 463885150.833333 463889027.666667 9.15080047752881e-07 899 0.0320551740823137 0.0855393444176817
1.59 6D 465118815.5 465123392.3 7.50997819320105e-07 2812 0.0162894448790896 0.120024805047575
1.6 6D 467848713.875 467853635.75 3.86255155203075e-07 2711 0.0238809902102545 0.0716890547752907
1.61 6D 472162456.4375 472168046.5 8.10848648330025e-10 7394 0.0276038478198539 0.0346095749030674
0 7D 272504 275147.5 NA 483 0.0189520910973085 0
0.01 7D 2092053.5 2099428.125 6.71611910269794e-07 2513 0.0343330205013928 0.0576454054575626
0.03 7D 4791422.90909091 4796954.63636364 7.10076942239768e-07 4895 0.0214879804902962 0.0529736678645571
0.04 7D 6474058.33333333 6479846.66666667 7.34444728520776e-07 1001 0.0132234407192807 0.116502930901588
0.05 7D 7243353.75 7247190.25 7.46052605400889e-07 406 0.014950742364532 0.130929766342393
0.08 7D 11388692.75 11393701.25 8.11101605076413e-07 684 0.0346351144736842 0.0385394689295123
0.09 7D 12914476.75 12924148.5 8.36106043962284e-07 2527 0.0102215923070835 0.0588406771732923
0.1 7D 13600940.3333333 13604875.3333333 8.47459609840158e-07 474 0.026734835443038 0.0851217915089212
0.11 7D 14713813.5 14718616.5 8.64824493040641e-07 985 0.038407278680203 0.00499070587812518
0.12 7D 15796868 15800629.6666667 8.79216259716922e-07 879 0.0269747341296928 0.0332675742458245
0.13 7D 16830225 16833930.5 8.93879328163055e-07 754 0.0139345545888594 0.0696317542063267
0.15 7D 18638325.3333333 18643781.6666667 9.21851775713484e-07 1993 0.0487078592574009 0.022958402613054
0.16 7D 19630168.5 19634300 9.38408433292353e-07 603 0.0280539975124378 0.193437087876108
0.17 7D 20349988 20356083.3333333 9.51085216406629e-07 1134 0.0211341584832451 0.0728282430839877
0.19 7D 22584077.1666667 22587931.3333333 9.93398370934e-07 1589 0.0210392037067338 0.0348779731928473
0.21 7D 24945330 24950054 1.05154098346525e-06 285 0.0201417 0.0320690408456089
0.23 7D 27529734 27533344 1.11587183366333e-06 437 0.0149675441647597 0.0288599735739426
0.25 7D 29615717.6 29619677.4 1.13995043789655e-06 1435 0.0238168187526132 0.0891290188022376
0.26 7D 30734415 30737852 1.14535806089143e-06 315 0.0245603301587302 0.222437143443602
0.27 7D 31773718.3333333 31777739.6666667 1.18835270295057e-06 720 0.015407015 0.0503976896959671
0.28 7D 32668677 32672253 1.22480276247091e-06 450 0.0343924433333333 0.129088320079614
0.29 7D 32992242 32998070 1.23547916624245e-06 965 0.0358851920207254 0.0178209452266949
0.3 7D 33991643 33994423 1.27444334568577e-06 352 0.0367189642045455 0
0.31 7D 34416613 34420072 1.30702638215247e-06 157 0.0153845169426752 0
0.32 7D 35321267.6666667 35324052.3333333 1.3597432058954e-06 278 0.0256553014388489 0.0519852002204433
0.35 7D 37383910.75 37387187.25 1.39770706220139e-06 1169 0.0338654775021386 0.0140808889330945
0.37 7D 39014309 39018176 1.34598925141187e-06 37 0.0241449 0
0.38 7D 39507720.5 39514239 1.31588682282261e-06 412 0.0419574983009709 0.0380383505631765
0.39 7D 40125406 40133378 1.26889551740868e-06 489 0.0274787 0.155432025532503
0.4 7D 41052790.3333333 41062170.3333333 1.17856894464043e-06 707 0.0177872944695898 0.0874143863789162
0.41 7D 41770728 41774203 1.09349379154336e-06 112 0.0433498 0.0375194349224218
0.42 7D 42495537 42499291 1.03820806314674e-06 297 0.0131767 0
0.43 7D 42772738.6 42779486.4 1.03051574193919e-06 1458 0.0247786717146776 0.0151444407723433
0.44 7D 43362708 43366803 1.020772409004e-06 141 0.0283874 0.090833257008391
0.45 7D 44418938.75 44423066.25 9.96822907048219e-07 1103 0.00635528321849501 0.339740678402936
0.46 7D 45225795 45230059 9.73328853249411e-07 469 0.00448648 0.0877516449421373
0.47 7D 45803241 45807531 9.53660532094149e-07 202 0.0845288 0.0108471195616169
0.48 7D 46838388 46843665 9.12502432994739e-07 186 0.0234586 0.119774837373074
0.49 7D 48532308 48539318 8.24068357883383e-07 601 0 NA
0.5 7D 51166043.4 51171510.2 6.5401074842992e-07 1575 0.0148407017777778 0.0914363748502494
0.51 7D 53798346 53801347.3333333 6.29468595371462e-07 855 0.0151712799532164 0.051600033228682
0.52 7D 55714209.8 55718186.8 5.6626068799588e-07 985 0.0141231145989848 0.0844824195851802
0.53 7D 58921627 58925214.75 4.92846524950559e-07 1018 0.0111699873280943 0.0870685961717633
0.54 7D 60589835.5 60595318 5.1202056967633e-07 811 0.0082258543649815 0
0.56 7D 63531964.8571429 63535638.1428571 4.70940499515472e-07 1203 0.0166426876309227 0.104816907245066
0.57 7D 64651683.1428571 64656108.1428571 4.44600088910935e-07 1776 0.0139179936373874 0.134251221724622
0.58 7D 66642778 66648011.5 4.24848981769216e-07 441 0.00760731746031746 0.452732406171764
0.59 7D 68791867 68796167 4.47382348162388e-07 391 0.00338902493606138 0
0.6 7D 69590037 69593428 4.65763008585885e-07 161 0.0369694 0.0408188934632426
0.61 7D 72936703 72947152 4.99695307332626e-07 547 0.0074466 0.165315714554293
0.62 7D 75206834.5555556 75212166.2222222 5.08295841222093e-07 2176 0.0106836947426471 0.0913889159854532
0.63 7D 77412548.25 77417168 5.03564666773364e-07 1461 0.00128534597946612 0.0982011519611115
0.64 7D 78635865 78638014.5 4.99250874975365e-07 511 0.00826249757338552 0.0864338861957998
0.65 7D 81402744 81409859.1666667 4.90144970345798e-07 2447 0.00571195429914181 0.0537977897682143
0.66 7D 83369736.6 83374651.2 4.88650842513266e-07 1503 0.00531549696606786 0.0693146801527465
0.67 7D 84493494.6666667 84499955.3333333 4.894495533011e-07 727 0.012192710261348 0.223223542112513
0.68 7D 87378408.3333333 87385172.3333333 4.89003147347654e-07 1289 0 Inf
0.69 7D 89157379.5714286 89161366.7142857 4.85170589459307e-07 1411 0.00536061938341602 0.129283940718979
0.7 7D 91024344.9 91029335.2 4.78607318040224e-07 2418 0.00948005141025641 0.0761411475682533
0.71 7D 93791649.8571429 93799650.5714286 4.63487700605466e-07 1581 0.00150258449082859 0.46818158910916
0.72 7D 95060669 95065742 4.54783083395734e-07 320 0.00968158 0.239710873638394
0.73 7D 98113535.8 98116855.2 4.27826173629907e-07 1392 0.0055444709841954 0.142134724069196
0.74 7D 100051035.333333 100059998.666667 4.06839034210135e-07 441 0.00139613367346939 0.302127157287874
0.75 7D 101568484.571429 101574309 3.88323063469344e-07 2369 0.00876498752216125 0.0704123991936404
0.76 7D 104641700.777778 104646838.777778 3.44832302903292e-07 2004 0.00164630232035928 0.172493516249148
0.77 7D 106494522 106498065 3.19774515124836e-07 708 0.0035815743220339 0.438497365332613
0.78 7D 111250335.538462 111254890.307692 2.91354200343718e-07 3883 0.00741543759206799 0.0655610479983229
0.79 7D 116034613.928571 116040100 2.75979323804885e-07 5382 0.00648511792920847 0.121500573635853
0.8 7D 122592913.615385 122598983.538462 2.54282335685022e-07 4083 0.0048827789468528 0.197441357181076
0.81 7D 129828955.533333 129834190.866667 2.37429288141518e-07 4152 0.00713653445086705 0.122655434765488
0.82 7D 136852904.142857 136858585.428571 2.27543377039259e-07 1003 0.00187474237288136 0.0969631081513573
0.83 7D 140619861.571429 140623969.428571 2.20732610219152e-07 1935 0.000674386118863049 0.332720394485822
0.84 7D 145946072.125 145951385.875 2.09086332203657e-07 2398 0.000518921684737281 0.343536172640031
0.85 7D 149274809.5 149278630.833333 2.02908822286497e-07 1119 0.00126329895442359 0
0.86 7D 153234201.2 153240150 1.96523754530971e-07 1722 0.00578864274099884 0.0864042748692853
0.87 7D 156226378.5 156231086.5 1.92502725590909e-07 2707 0.00186279797192464 0.450249272194545
0.88 7D 159521059.5 159527972 1.88843943309375e-07 466 0.00260425959227468 0
0.89 7D 162296151.666667 162302455 1.86422768249898e-07 903 0.000684090542635659 1.07418622385152
0.9 7D 166315631.923077 166322000.076923 1.83822308335277e-07 7231 0.00019701306956161 0.633679978013444
0.91 7D 170656458.230769 170661844.230769 1.80832100285443e-07 4836 0.000248795306865178 0.152421571732897
0.92 7D 175289448.625 175296395.25 1.76443003299804e-07 3567 0.00126268255396692 0.243880036669808
0.93 7D 179998264.166667 180001668.166667 1.68060887927091e-07 1518 0.00353564790513834 0.137863014307922
0.94 7D 184419044.363636 184425456.590909 1.59632924257802e-07 8065 0.00300267431742095 0.170843261637569
0.95 7D 190148409.5 190153622.388889 1.47941980987822e-07 6177 0.000445762766715234 0.462250716558656
0.96 7D 197766860.727273 197773419.727273 1.31180916151826e-07 7401 0.000412058302932036 0.566695308156511
0.97 7D 214393727.215385 214398278.538462 8.72290303196611e-08 20145 0.000756813099528419 0.375995489529024
0.98 7D 245649479.166667 245654448.722222 2.3007171285716e-08 21689 0.000718436425699663 0.29593036491602
0.99 7D 320179601.868613 320188455.233577 2.18504540446624e-08 50644 0.000795685867703973 0.278344925997542
1 7D 386700506.314286 386705126.428571 4.20411235345128e-08 10196 0.000916103930953315 0.282501974649223
1.01 7D 395831534.4 395837178.133333 4.1333641156502e-08 5162 0.000537514250678032 0.132752329446182
1.02 7D 401880691.785714 401886014.428571 4.2363426842711e-08 4714 0.000134391546457361 1.16016167874268
1.03 7D 408911422.222222 408915868.333333 4.50840240657744e-08 6669 0.00144889228639976 0.177095402951198
1.04 7D 416417201.481481 416421585.333333 4.96622497286146e-08 8337 0.000949564713685978 0.589560449771801
1.05 7D 426409733.631579 426416741.315789 5.84263941143574e-08 7160 0.00095960423924581 0.455936122122999
1.06 7D 448420127.272727 448426919.350649 9.04260192656602e-08 23175 0.00125347123995685 0.241062732936735
1.07 7D 470782658.642857 470788345.642857 1.25313214254926e-07 4338 0.00145257923467036 0.173885799189344
1.08 7D 480042012.411765 480046476.176471 1.31354776152091e-07 4310 0.00178407297911833 0.246686784193983
1.09 7D 486275899.95 486280485.3 1.48181640653944e-07 6765 0.00109400193377679 0.311731983353695
1.1 7D 492899837.777778 492904900 1.77349382825414e-07 2050 0.00104684821463415 0.0886438010600032
1.11 7D 497056912.642857 497062815.928571 2.02019407234179e-07 3872 0.00124206178512397 0.368811942793652
1.12 7D 501268635.5 501273949.5 2.31446958649653e-07 2398 0.0038677820058382 0.157695100009394
1.13 7D 506607630.444444 506615656.444444 2.61483581020255e-07 4539 0.00312221498612029 0.253084573210946
1.14 7D 509943539.25 509949300 2.76190596627642e-07 2262 0.000859183877099912 0.405038739058362
1.15 7D 512132491 512139646.5 2.86046630307946e-07 59 0 NA
1.16 7D 515748652.5 515754496.5 3.02712955614702e-07 968 0.00065854973553719 0
1.17 7D 517986925 517990479.75 3.13258210689303e-07 902 0.00295197741685144 0
1.18 7D 520519540.2 520524210.1 3.25411303227021e-07 2752 0.00198851451671512 0.170146991390118
1.19 7D 523968968.090909 523973177.909091 3.42319702018965e-07 2174 0.00525840631554738 0.263683320742798
1.2 7D 527901095.571429 527905914.857143 3.62081096954071e-07 2836 0.00110629950987306 0.118418760830259
1.21 7D 530749628.111111 530755464.444444 3.76737222022459e-07 3977 0.00780903008046266 0.091155152825026
1.22 7D 533754633.428571 533758912.428571 3.92521811080085e-07 1320 0.00157271224242424 0.477030688000409
1.23 7D 535815856 535818441.333333 4.03498239876769e-07 670 0.0018733367761194 0
1.24 7D 539886568.2 539889503.2 4.2537108921221e-07 606 0.00101880732673267 0
1.25 7D 541378489 541379573 4.3002052113503e-07 64 0 NA
1.26 7D 544753389.5 544757802.833333 4.37746509608887e-07 1552 0.009605748125 0.097475417541031
1.28 7D 549350730.333333 549355891.5 4.45206249989371e-07 2151 0.00251185410971641 0.17146617422798
1.29 7D 550974531 550982061 4.52138064507175e-07 91 0 Inf
1.3 7D 552738645 552743081.75 4.6270339585131e-07 628 0 NA
1.31 7D 554567691.5 554572539 4.76622200636821e-07 385 0.00229575324675325 0
1.32 7D 556379675 556383836 4.9360241543301e-07 722 0.00429362984764543 0.179587329777259
1.33 7D 557403460 557408820 5.04519270574642e-07 462 0.0127755 0.0309444640131502
1.34 7D 559974159 559976410.333333 5.36379805517211e-07 488 0.030728415102459 0.0287986237696637
1.35 7D 561587136 561591980.142857 5.59657043752049e-07 1465 0.0068108475221843 0.0774333313514183
1.36 7D 563674220 563677373.5 5.87818127252129e-07 319 0.00807791097178683 0.216835717403581
1.37 7D 566196816.166667 566202420.333333 6.11446768266223e-07 1102 0.0179494863883848 0.0925010396689965
1.38 7D 567695938.2 567700690.6 6.2497722370514e-07 814 0.0106428131449631 0
1.39 7D 568915267 568920507.333333 6.36310501894822e-07 1445 0.00723634367474048 0.0715208749618196
1.4 7D 571283187.4 571289284.6 6.59284834054265e-07 1017 0.0143531427728614 0.0555588356030852
1.41 7D 573562636 573566269.5 6.82438165158028e-07 618 0.000641311893203884 0.27412367069676
1.42 7D 574158689 574162819 6.859983895517e-07 493 0.0103686192292089 0.172009860428289
1.43 7D 576123571 576129713.2 6.93494744061653e-07 1909 0.0238858669355684 0.0214653524625425
1.46 7D 579477776.333333 579481289 7.40247725279672e-07 1125 0.00208840247111111 0.180206771382739
1.47 7D 580236733.666667 580242708.666667 7.4566655303705e-07 1303 0.00799248825786646 0.0822332330620265
1.48 7D 580852973 580854606 7.49907395181988e-07 320 0.00533123 0
1.49 7D 582239742.333333 582243572.333333 7.60759330466487e-07 875 0.02177468944 0.0888728809744688
1.52 7D 585117715.666667 585120885.666667 7.88490014963419e-07 571 0.00680497362521891 0.283756116630817
1.53 7D 586484621 586488990 8.04031404248684e-07 196 0.010327 0.268609470320519
1.54 7D 587704625.75 587709276.125 8.1936310764676e-07 2691 0.0198092658900037 0.0363080140584661
1.55 7D 588546275 588552145.666667 8.30545648899539e-07 774 0.009030404625323 0.0811445291686848
1.56 7D 590816792 590820142 8.6386747356141e-07 83 0.0103896 0.496134596134596
1.57 7D 591507931.333333 591513711.333333 8.74980963179894e-07 525 0.0170747976761905 0.116959801823345
1.58 7D 593107629.666667 593113097 9.01934914508423e-07 667 0.00582090035982009 0.0975508178467082
1.59 7D 593666925 593670309 9.11876899277067e-07 385 0.031849 0.0616970705516657
1.6 7D 595656681 595661639.5 9.49524230400653e-07 939 0.00636387486687966 0.345214862211881
1.61 7D 596785328 596787527 9.5266041166003e-07 346 0.00443142936416185 0.158737910580086
1.62 7D 597905145.666667 597907364.666667 9.36110073376209e-07 192 0 NA
1.63 7D 598622780 598626944 9.38615853282142e-07 264 0.0198095 0
1.64 7D 600869787.5 600874377.5 1.02546553803961e-06 637 0.00417410786499215 0.0686124147620057
1.65 7D 601377502.5 601380300 1.07115255811929e-06 399 0.00912875187969925 0.0501205848825985
1.66 7D 602494554.5 602498124.5 1.16383981902699e-06 1024 0.00567244594726563 0.188096287793619
1.67 7D 603155990 603158677 1.20486879925704e-06 347 0.0117176 0.0917628183245716
1.69 7D 605679933 605682628 1.23019179346373e-06 25 0 NA
1.7 7D 606887202 606891861.5 1.17370512303529e-06 1372 0.0120158938629738 0.0225098975110006
1.75 7D 610810186.5 610820564.5 1.18577819649102e-06 2666 0.0108567382670668 0.0954133739480765
1.76 7D 611396075.333333 611403321.333333 1.19183062005967e-06 2051 0.0151025617259873 0.0802662862859734
1.77 7D 611777372.25 611783150.5 1.19436645601829e-06 1812 0.0128712028145695 0.0671331553901996
1.78 7D 612377157 612380615.5 1.19579552328872e-06 532 0.0178093289473684 0.33218633408211
1.79 7D 613007087 613011159.5 1.19403382318027e-06 577 0.0113788538994801 0.0275821390058457
1.8 7D 613522680 613527897 1.19020585794885e-06 1247 0.0230195533279872 0.11146338441121
1.81 7D 613698515.75 613702814 1.18835037016579e-06 1354 0.0134203003618907 0.0874793206987887
1.83 7D 614525014 614530406.5 1.17635100411947e-06 1279 0.0177934241594996 0.0356628899305005
1.84 7D 615472198 615477189.666667 1.15555959397556e-06 1392 0.00518906693965517 0.360484782966499
1.85 7D 615903173 615907295 1.14363545901646e-06 10 0.0514286 0
1.87 7D 616702473.5 616706924.5 1.11723424608966e-06 871 0.0278508117106774 0.0226613244416072
1.89 7D 618029401 618033856 1.06208500991408e-06 173 0.035964 0.0307196084973863
1.9 7D 618221237 618224964 1.05289236191017e-06 97 0.013289 0
1.91 7D 619043914.25 619048066 1.00971499176898e-06 654 0.0264375709480122 0.114567215915511
1.92 7D 620181746 620188866.5 9.40687011210614e-07 1074 0.00855525865921788 0
1.93 7D 621742229.5 621746731 8.86898580048216e-07 642 0.0123007626168224 0.130931521911566
1.94 7D 623534158.666667 623537832 8.58433572280318e-07 633 0.0487030135860979 0.0452899482888317
1.95 7D 632083974.357143 632089630.035714 5.54428352591597e-07 11474 0.0169924003799895 0.0627155978232506
