poscM Chromosome Start End recRate nb_complete_site piSyn f0
0 1D 1444928.57142857 1449195.28571429 6.24567901654877e-07 2022 0.0587265242828882 0.0344521678730507
0.01 1D 3954518 3958741 7.90161018558387e-07 12 0.097619 0.0768293057703931
0.02 1D 5445598 5450155 9.07754025682255e-07 133 0.0725507 0.00647009608453123
0.04 1D 6328647.5 6336972.5 9.81164112860305e-07 925 0.0565462918918919 0.0462045887492897
0.05 1D 6776478.5 6779306.5 1.01910743566838e-06 226 0.0567467707964602 0
0.06 1D 7502196 7506050 9.76449344014996e-07 16 0 Inf
0.07 1D 9190565.15384615 9195891.84615385 9.35305725664926e-07 3118 0.0529965847017319 0.0444457102879463
0.08 1D 10715309 10722269 1.3039462368089e-06 193 0.0463747 0.114334540169532
0.1 1D 11568194.6666667 11575455.3333333 1.18327982144706e-06 1095 0.0439475808219178 0.0291452108958117
0.11 1D 12319059 12322633.5 1.07218306101116e-06 361 0.0761355864265928 0.0500884093037008
0.12 1D 15404968 15408649 3.2484785686288e-07 462 0.0627603002164502 0.0643124625751313
0.13 1D 16965512 16972858 8.249972861905e-07 65 0.058208 0.0612812671797691
0.15 1D 18128319 18131440 1.04222223553377e-06 240 0.033617815 0.0469305758469629
0.16 1D 19539820.7142857 19547961.8571429 1.33540007189754e-06 1929 0.0388740356143079 0.0750621262946971
0.17 1D 20826034 20827727 1.22497386660458e-06 36 0.045045 0.0532800532800533
0.2 1D 22883248 22888807 1.02679634502334e-06 140 0.0659187 0.071900386385047
0.21 1D 24533367 24539137 9.80807450322848e-07 563 0.015765661598579 0.136267402509653
0.23 1D 25732394 25737271 9.47907618748164e-07 965 0.0473022616580311 0.0962712131379975
0.24 1D 28046679.5 28052197 8.8557413415196e-07 1388 0.0700032922910663 0.0190758191563318
0.27 1D 31421662 31431937 7.97441065649626e-07 744 0.0166811 0.042947347596981
0.28 1D 32543984 32546795 7.68992451900373e-07 257 0.0513779 0.0433100613298714
0.3 1D 34617511 34621584 7.23920571919075e-07 241 0.0893011 0.110010179045947
0.32 1D 36865519.6666667 36871214.6666667 6.76901830071679e-07 1835 0.0288913124032698 0.0595520187586534
0.33 1D 37545378.5 37552059.5 6.62776809866375e-07 219 0.0524596073059361 0.244541162089136
0.36 1D 41325772.25 41328272.75 5.85269025521643e-07 724 0.0550685820441989 0.083896211146897
0.37 1D 43274260 43282222 5.45795294467126e-07 209 0.0252887 0.309168126475461
0.38 1D 44923174 44927195.6666667 5.1281833786969e-07 216 0.0270305819444444 0.0938799825102079
0.39 1D 47789767 47798085 4.56037976501763e-07 525 0.0200163588571429 0.222746754454671
0.4 1D 49678157.7777778 49685451.3333333 4.19153832912754e-07 3068 0.0112043973924381 0.0870387588964418
0.41 1D 52747971.25 52752862 3.60000475637998e-07 393 0 Inf
0.42 1D 55577636.25 55582134 3.0636088371649e-07 1324 0.0166024990936556 0.0647971395199267
0.43 1D 59785307.0909091 59790884.7272727 2.2815954153027e-07 3539 0.0171454482509183 0.0848322318963785
0.44 1D 71134334.7894737 71140605.8157895 6.08630580158365e-08 11298 0.0227045915600991 0.0913364803226145
0.46 1D 85633820 85640605.2 0 2646 0.0232135931216931 0.0289237962026686
0.47 1D 87171325.75 87179454 0 1968 0.0196560256097561 0.0695316665033911
0.48 1D 90858849.1111111 90863620.5555556 0 4064 0.0171351107308071 0.122781897746907
0.49 1D 117591900.182692 117597745.721154 0 31452 0.00617110678709058 0.10740948068093
0.5 1D 150930208 150953005 0 723 0.000536049 0.158914763389168
0.51 1D 154007616 154022637 0 148 0 NA
0.52 1D 207691072.69697 207698139.128788 3.51250897694385e-08 46068 0.00469570497293132 0.137199794055464
0.53 1D 251703702.217391 251710994 7.81453563896372e-08 8889 0.0118732488378895 0.163928084984376
0.54 1D 262909414.967742 262914638.16129 8.81244733921299e-08 8219 0.0104492198750456 0.139596897443816
0.55 1D 280958917.628571 280963940.971429 1.033141239388e-07 10510 0.0108893237823082 0.101983368454954
0.56 1D 293718942.368421 293723137.894737 1.13222382314261e-07 6194 0.0107215461876278 0.104775159096247
0.57 1D 301924131.761905 301930947.380952 1.19460364448423e-07 7041 0.0100507948601051 0.130752238335597
0.58 1D 309207893.952381 309213162.52381 1.26108745563271e-07 7469 0.0135999646150756 0.139957372643535
0.59 1D 316846167.733333 316854036.8 1.34767608112352e-07 6539 0.00981028376968956 0.129621730182009
0.6 1D 324227774.090909 324233755.818182 1.39975104354574e-07 3913 0.00904490842576029 0.2090804349435
0.61 1D 329121298.714286 329126189.285714 1.42004397422026e-07 4589 0.0176705749487906 0.115725754415816
0.62 1D 335572920.888889 335579118.166667 1.45917959107226e-07 7536 0.0176836349031316 0.0617533676651342
0.63 1D 343311152.96 343316619.16 1.52329292570829e-07 7602 0.0221347003801631 0.103168634401254
0.64 1D 349974709.153846 349979112.615385 1.59356843589145e-07 3093 0.0227993374555448 0.0676773331514705
0.65 1D 355836119.909091 355841295.454545 1.66723185606922e-07 3177 0.0189283906326723 0.18539042343966
0.66 1D 361273015.692308 361277586.153846 1.74589893126562e-07 3435 0.0277993456996604 0.0786258800788439
0.67 1D 366021533.388889 366025010.666667 1.82190152226949e-07 3496 0.038164530520595 0.0716465486447673
0.68 1D 371168034.333333 371171544.666667 1.91778608069504e-07 1928 0.0276728403319502 0.0748141111446313
0.69 1D 375663643.076923 375667988.384615 2.15034495285565e-07 4348 0.0186273264305428 0.11911525791754
0.7 1D 380963456.347826 380967203.652174 2.48790990584377e-07 4658 0.0249295321940747 0.0869121805470767
0.71 1D 386045330.571429 386051800 2.82737537824134e-07 3707 0.0188181901672511 0.192669865953272
0.72 1D 392372306.4 392376705 3.35644396497905e-07 2255 0.0384584620842572 0.0581757117351549
0.73 1D 395940849.166667 395944537.5 3.747449405928e-07 1356 0.0223952904867257 0.100814458432529
0.74 1D 398950361.25 398953652.5 4.00275194196626e-07 971 0.0256325255406797 0.0936183923165688
0.75 1D 400777155 400781365 4.09747106533884e-07 427 0.0205102 0.00693742625620423
0.76 1D 402157770.2 402162160 4.13973867937392e-07 278 0.0372512018884892 0.0716634354164108
0.77 1D 403457528.142857 403461429.428571 4.1597934666223e-07 1778 0.0214741891001125 0.109318866386744
0.78 1D 406171837 406176845 4.13666144191338e-07 737 0.0318784811397558 0.0289799281281888
0.79 1D 408418539.375 408422218.125 4.13853784738709e-07 2219 0.0188432309643984 0.0947765649794817
0.8 1D 410377127.25 410383511 4.20311471990736e-07 1866 0.00680583979099678 0.269890788772792
0.81 1D 411790020.5 411800518.5 4.28729908009919e-07 890 0.0196206319101124 0.0814553854408611
0.82 1D 414069844.4 414073085.2 4.32837096529667e-07 397 0.0287132647355164 0.0766216381389512
0.83 1D 416106838 416112393 4.391806235727e-07 890 0.0496161150561798 0.0427238621167084
0.84 1D 418853855.2 418857290.8 4.89797111013937e-07 844 0.0512332052132701 0.0612175464218476
0.85 1D 422112450.5 422121587.416667 5.08602740294719e-07 5092 0.0242986042360566 0.0754720520305583
0.86 1D 426341758.769231 426345903.384615 5.49289460915144e-07 2197 0.0541128746927629 0.0443347530658528
0.87 1D 430410196 430415861 6.17843952644624e-07 738 0.0217758 0.0659227215532839
0.89 1D 430976701 430983376 6.27658063680163e-07 652 0.0582988 0
0.9 1D 431782050.5 431787371.5 6.41238818451808e-07 1575 0.0434010143492064 0.0577411689372907
0.91 1D 431986127.5 431990669.5 6.44612630054726e-07 993 0.0176755791540785 0.0701830745466542
0.92 1D 432778269.5 432783750 6.5746648133228e-07 1239 0.0188734133979015 0.133391037211207
0.93 1D 433671969 433677681.2 6.71516997683504e-07 2340 0.0353996024786325 0.0523571137257616
0.95 1D 435767140.666667 435769610.666667 7.02492175702492e-07 402 0.032410352238806 0.0653727001544007
0.96 1D 436189306 436197416 7.08439141019421e-07 660 0.0269196 0.0211162498699832
0.97 1D 437443195 437448396 7.34265107184632e-07 7 NA NA
0.98 1D 438641918.666667 438646268 7.72653084594421e-07 551 0.0461957063883848 0.0977208009017983
0.99 1D 440180305.4 440183968.8 7.40101164097636e-07 947 0.0353780781414995 0.112644493156442
1 1D 443239949.777778 443243968.666667 7.21136920197858e-07 2474 0.0424289392886015 0.0882296862371503
1.01 1D 445930296.333333 445934856.666667 7.28900857730892e-07 1496 0.0437897925802139 0.0407723468208626
1.02 1D 446704966 446710961 7.28206479657885e-07 630 0.0136187 0.0142600248188153
1.03 1D 447990053.333333 447994754.666667 7.25454970876396e-07 662 0.0509605350453172 0.0984342058045734
1.04 1D 448786644 448790864 7.24208001621375e-07 103 0.0458309 0.0746932746247619
1.05 1D 449965877.666667 449971374.333333 7.28642174679998e-07 1010 0.0667759401980198 0.0378684513178752
1.07 1D 451791032.5 451793729.5 7.47692445284458e-07 246 0.0203105064634146 0.0748163579617477
1.08 1D 452535069.333333 452540333.666667 7.60039023704992e-07 1005 0.0470213204975124 0.0519390434407175
1.1 1D 454566597 454569364 8.07107316642833e-07 35 0.0321726 0
1.11 1D 455434643 455439238.5 8.33492355899196e-07 710 0.0516913276056338 0.0628870629798565
1.12 1D 457175633 457180862 8.96202827401749e-07 23 0 Inf
1.13 1D 458589088.666667 458594541.166667 9.49744700217933e-07 1572 0.0301892091603053 0.147858940413739
1.14 1D 461413838.666667 461417302.333333 1.00740889562361e-06 556 0.0840234802158273 0.0227051045918883
1.15 1D 462421702 462425747.5 1.02427810929042e-06 393 0.0296646114503817 0.157353958726517
1.17 1D 464140500 464147926 1.14170428773417e-06 498 0.0234358 0.0665247185929219
1.18 1D 464318467 464321648 1.14969877322059e-06 516 0.0187049 0.207928938406514
1.19 1D 465160488.666667 465164339.666667 1.1747523820117e-06 815 0.0219997254969325 0.135350651792963
1.2 1D 466124310 466131412 1.18035837954181e-06 1433 0.0393183047452896 0.0986747692385507
1.21 1D 467016328 467019324.5 1.16271500100385e-06 277 0.0287182599277978 0.0958684835293914
1.22 1D 467877997.25 467885193 1.13196874567254e-06 2321 0.0227477142180095 0.153426394137594
1.23 1D 469083136.5 469087539.75 1.15110802155529e-06 1591 0.0299595531741043 0.108424590194031
1.24 1D 469706860.25 469708502.25 1.16215204658746e-06 519 0.0299270400770713 0.0687609950926382
1.25 1D 470558223.5 470562842.5 1.15676084773583e-06 1001 0.0452853511488511 0.102585997441267
1.26 1D 471602007 471608469.666667 1.11510282779764e-06 846 0.0477887894799054 0.0963154820534571
1.27 1D 472116569.5 472120408.5 1.08015212803411e-06 525 0.0709691691428572 0.0452222821436146
1.28 1D 472537409 472541457 1.05562945210432e-06 453 0.0136522 0.262763510642973
1.29 1D 474004575.5 474008621 1.01623039597246e-06 598 0.0207349398494983 0.0120243879015763
1.3 1D 475311208.2 475314816.4 9.9282063458458e-07 1475 0.0212030938305085 0.0532789063012147
1.31 1D 476899545.333333 476903875.888889 9.84431541158186e-07 1250 0.042467776712 0.0500181550450646
1.32 1D 478120975 478126059 9.90451055162445e-07 880 0.0635902 0.0361378011077179
1.33 1D 479058413 479063029.333333 1.00369372843353e-06 321 0.0348511283489097 0.164008741158946
1.34 1D 479889259 479894164 1.02109896590904e-06 59 0.0381232 0.106358857598523
1.35 1D 480616530.5 480622693 1.04097820971888e-06 877 0.0157958972633979 0.192369536165299
1.36 1D 481479135.666667 481484243.666667 1.05621431996317e-06 1803 0.0423402397670549 0.0479055003647177
1.37 1D 482108906 482109519 1.06021789674477e-06 46 0.0437284 0
1.38 1D 482989059 482992960.5 1.05903814258572e-06 577 0.042642372270364 0.0488385914291124
1.39 1D 483764931.75 483778668.5 1.05236142716614e-06 813 0.046896113899139 0.17052309487528
1.4 1D 484607589.5 484611392 1.05078038917625e-06 951 0.0432411157728707 0.108799687282091
1.41 1D 485629918 485633202 1.05147607812847e-06 416 0.0287776634615385 0.186197508283835
1.42 1D 486066543 486070919 1.05191293928484e-06 365 0.0343849 0.0801401196455421
1.43 1D 487072793.333333 487077971.666667 1.0532440180989e-06 510 0.0572453680392157 0.0234063424198201
1.44 1D 487882051.5 487886280 1.05359349967393e-06 388 0.0515450804123711 0.0183147059261188
1.46 1D 491027876 491040580 1.04847231923424e-06 1678 0.0145735 0.204988506535836
1.47 1D 493062123.5 493066619.75 NA 1779 0.02270961410905 0.0303228532358594
1.48 1D 493820291.5 493824392 NA 449 0.024162444142539 0.017458193615426
0 2D 273562 277000 NA 126 0.00672143 0.355153590828142
0.01 2D 672180 675387 1.63675003794495e-06 224 0.075011 0
0.03 2D 2475035 2480695 1.55104046882513e-06 142 0.0607657 0.0772174104799254
0.05 2D 3773856 3790417 1.49011709750458e-06 760 0.0130492 0.419920761425988
0.08 2D 5442407.66666667 5446390.33333333 1.40979084295896e-06 737 0.07624415807327 0.0216470618488741
0.09 2D 5761715 5768783 1.39391323107849e-06 407 0.0372319842751843 0.141485128740859
0.1 2D 6664982 6671965 1.34848148869069e-06 86 0.0867273 0.0604077378172732
0.11 2D 7441431 7444271.2 1.30868478023452e-06 750 0.0649458122666667 0.0794291179260679
0.12 2D 8395237.33333333 8400534.66666667 1.25866311959314e-06 802 0.0512615798004988 0.0188375535220593
0.14 2D 10722086 10725545 1.13293900416013e-06 118 0.0440869 0.198483222907485
0.15 2D 11576601.5 11579217.5 1.0648940759624e-06 257 0.0376186389105058 0.0401591222134255
0.17 2D 12697015 12700363 9.3524425905132e-07 61 0.0235841 0.163471576189043
0.18 2D 13709239.5 13714433.8333333 8.53337309840031e-07 1648 0.0453024029126214 0.0902755099361947
0.19 2D 14306879.6666667 14310708.3333333 8.45141532795584e-07 785 0.0533323456050955 0.0213625625115976
0.2 2D 15633355.25 15641625 8.86325989710319e-07 355 0.0293395583098592 0.113106031762222
0.21 2D 18642151 18646485 8.49291701226413e-07 488 0.0779438 0.0777934871022455
0.24 2D 22197449 22206640 1.062592704677e-06 625 0.06435416672 0.103362918844736
0.25 2D 22704955.5 22708829.5 1.08896942947058e-06 343 0.0667415078717201 0.0506087613456961
0.28 2D 25072783.2 25080796.2 1.15145292484009e-06 1959 0.0317399893312915 0.104208891828255
0.29 2D 26532331 26535858 1.13700380969102e-06 146 0.0716997 0.0297055636216051
0.3 2D 26979932.3333333 26989046 1.1236129321101e-06 1600 0.025603513125 0.0989748115865252
0.31 2D 27882252.25 27886371 1.12468671004824e-06 776 0.106600126632302 0.0381924315651179
0.32 2D 28626605 28640397 1.18526565373525e-06 2275 0.0286118 0.057773366233512
0.33 2D 28914398.4 28918557.8 1.19848947466678e-06 1831 0.0504268086837794 0.0342172588129679
0.35 2D 30531517.8333333 30537282 1.19209796254165e-06 1794 0.0291262093645485 0.184224866976304
0.36 2D 31606777 31608496 1.10472610558085e-06 15 0 Inf
0.37 2D 32294433 32301494.6 1.0120035629138e-06 871 0.0396302960964409 0.0436625864858131
0.38 2D 32960136 32964544.1666667 9.57931028728565e-07 954 0.0769319815597484 0.0229642895393119
0.39 2D 33951196.1428571 33955377.7142857 9.35645250199282e-07 1047 0.0468530665902579 0.0827971599396688
0.4 2D 35380458.75 35386487.25 9.01014870750096e-07 1815 0.0353949447272727 0.0809456061670507
0.41 2D 37020758 37028300 8.57908068362381e-07 329 0.00200625 0.670494704049844
0.42 2D 37767813.7142857 37771550.5714286 8.37011419986351e-07 1054 0.0573538838804554 0.0416210181131545
0.45 2D 43332037.5 43336681 6.48117626046934e-07 318 0.0559369691823899 0.137557000505769
0.46 2D 44075060 44080596 6.20486512026863e-07 858 0.02603 0.273480983480599
0.47 2D 46069615.4 46077283.6 5.59365805990164e-07 1945 0.0129276957892031 0.0881597253774875
0.48 2D 48168312 48171044.5 5.12663466466884e-07 167 0.0366652491017964 0.246958275980817
0.49 2D 49534122.25 49539092.5 4.93568325359354e-07 1336 0.0478218328592814 0.0336305400318658
0.5 2D 51927725.8 51934878.6 4.79700839037302e-07 1206 0.0154994326699834 0.251246189089102
0.51 2D 53317180 53318919 4.84429975365899e-07 294 0.039605986462585 0.0562517175025906
0.52 2D 55653837.1428571 55660527.0714286 5.09774137858309e-07 4875 0.0309417003794872 0.0766596081857484
0.53 2D 57786454 57791254.5 5.2942692988379e-07 424 0.0507000077830189 0.0154627054246712
0.54 2D 60556568.75 60563808.75 5.15656607833138e-07 973 0.0472327711202467 0.0737949797746009
0.55 2D 61897948.25 61901433.625 5.1098835315897e-07 1213 0.0313262563726298 0.0887939719219672
0.56 2D 63631297 63641301 5.07091412338199e-07 1461 0.0123186419849418 0.0865151491954737
0.57 2D 66605432.5 66611299.25 4.80616810465177e-07 1274 0.0303862233908948 0.0926725649956949
0.58 2D 68171386.5 68173924.5 4.66460060681223e-07 76 0.0892337736842105 0
0.59 2D 70204853.25 70209377.25 4.47806259527448e-07 1123 0.042002442920748 0.0533223609259856
0.6 2D 72422535.2 72426553.4 4.27184786688664e-07 1802 0.0458645156492786 0.116301898992246
0.61 2D 73570010 73579027 4.16368597833293e-07 873 0.0197741 0.0628600037422689
0.62 2D 75288157.125 75292404.125 3.99717342705903e-07 1787 0.0193039675433688 0.198270455374927
0.63 2D 77610908.75 77616491.125 3.76194598501953e-07 1702 0.0241197706639248 0.0782922432932119
0.64 2D 79929383.7 79934350.3 3.54756542574377e-07 3844 0.0213927613761707 0.126105494804884
0.65 2D 83546562 83554123.25 3.25509751714126e-07 1808 0.0149443098561947 0.0665427346321993
0.66 2D 85905479.3333333 85911207.1666667 3.09348182771129e-07 819 0.0337067905982906 0.144423672704436
0.67 2D 88933804 88938318.2222222 2.9188087008827e-07 2571 0.0331694612213147 0.0782587770396759
0.68 2D 96014769.6666667 96021363.2222222 2.56964869333243e-07 1884 0.0174120115021231 0.112615528703558
0.69 2D 101520016 101523083.4 2.13583527320018e-07 815 0.0364006062822086 0.117990320522579
0.7 2D 108427291.52381 108431663.714286 1.86502944455707e-07 4664 0.0264814185096484 0.0914541193298395
0.71 2D 116000516.176471 116004536.882353 1.64369431491063e-07 4519 0.0264674557165579 0.068233867831271
0.72 2D 121137274.55 121141570.6 1.52264731551249e-07 5939 0.0108887836251894 0.103431110358321
0.73 2D 126706187 126710724.5 1.42387623148597e-07 3130 0.0192561333801917 0.144731983065429
0.74 2D 131128170.333333 131133307.916667 1.30115723545708e-07 4329 0.0142793762092862 0.140691770465521
0.75 2D 137270634.444444 137276193.333333 1.1668893552879e-07 2654 0.0114357940128109 0.140696152249796
0.76 2D 145065523.444444 145070490.611111 1.00064863194425e-07 6048 0.0115778384308862 0.0687005902620086
0.77 2D 170969063.855422 170975446.13253 4.71483812332586e-08 28117 0.00745313788106839 0.149689937948612
0.78 2D 195777335.733333 195784001.333333 1.84863261050953e-08 5113 0.00174225584015535 0.295502406735377
0.79 2D 206203908.90625 206211232.0625 1.15150518821192e-08 13023 0.00134147544383015 0.418613283115398
0.8 2D 300247509.08 300256292.286667 1.12921670373806e-08 58800 0.00197662812328791 0.248624204122755
0.81 2D 353168469.731707 353174885 4.66599126411923e-08 12343 0.00456867478692376 0.117945469839644
0.82 2D 371608608.088235 371613378.794118 6.16254241980891e-08 9894 0.0106205595397272 0.0943560112611832
0.83 2D 384272690.4 384279147.16 6.89609130238475e-08 7006 0.0140610474222095 0.117108611567064
0.84 2D 398797556.038462 398802095.596154 7.44376590346485e-08 12694 0.0122918823562313 0.091029602033497
0.85 2D 414622354.15 414626495.75 7.90298013796728e-08 4195 0.0154135104648391 0.0381045516955294
0.86 2D 422927128.769231 422931457.307692 7.95873211187949e-08 6736 0.0157590430611639 0.17354746735061
0.87 2D 439755590.290909 439760566.854545 8.63216219371924e-08 14261 0.0197216169434121 0.0870011476444937
0.88 2D 454606093.866667 454609871.4 9.47420450082542e-08 4384 0.0149278572376825 0.0660968445349125
0.89 2D 460852495.235294 460858570.882353 9.72498012672266e-08 6415 0.0208140307544817 0.0908692008325484
0.9 2D 471346086.52 471350697.64 1.00780721243189e-07 6094 0.0373712873941582 0.109685838871828
0.91 2D 478117221.5 478121471.857143 9.69471936921272e-08 6463 0.0223347884449946 0.115355312583245
0.92 2D 489185134.1 489189584.033333 8.92778804897779e-08 7498 0.0223478471032275 0.0843001970230775
0.93 2D 497448721.307692 497453157.769231 9.00833245399906e-08 3733 0.0105548013501205 0.198246607821353
0.94 2D 509468027.571429 509474602 1.02849396199257e-07 3804 0.0237969939931651 0.143292374985797
0.95 2D 518179010.631579 518184354.210526 1.20107866251424e-07 5578 0.0231015198655432 0.114111523658836
0.96 2D 525800805.75 525806083.333333 1.38166889868763e-07 4267 0.0209379384860558 0.128960088550117
0.97 2D 534315079 534319351.666667 1.55088424165536e-07 6709 0.0270302852466836 0.124179166812631
0.98 2D 540300061.736842 540305799.894737 1.69887192185948e-07 5613 0.0242714924995546 0.0992424108363095
0.99 2D 545894375 545898764.733333 1.86080491234436e-07 3274 0.0299899964569334 0.090634925339246
1 2D 551887792 551893117 2.10942862439347e-07 248 0.0397079 0.0317249212373356
1.01 2D 554530335.666667 554534739.777778 2.13672306386421e-07 2558 0.0336234397185301 0.0564373147540411
1.02 2D 557800620.666667 557804087.333333 2.29448063924359e-07 492 0.0433298674796748 0.0365499486384812
1.03 2D 562964475.833333 562967181.5 2.57656530910909e-07 1370 0.0202892372992701 0.191970187739427
1.04 2D 566186373.083333 566190951.833333 2.7286580295801e-07 3127 0.0281462711576591 0.10521868510541
1.05 2D 571733566.5 571738447.75 3.07604616772933e-07 3839 0.0212236757488929 0.0979478784249105
1.06 2D 575263039.666667 575266192 3.36544037428957e-07 818 0.0484177709046455 0.0751404716962138
1.07 2D 578101925.428571 578105356.142857 3.73154362385791e-07 1169 0.0272384564841745 0.102849523690035
1.08 2D 580129206.2 580134598.2 4.02275550526865e-07 1363 0.0400068598239178 0.093443058199054
1.1 2D 585146428.5 585149030 4.26238812989977e-07 178 0.0435819213483146 0.0145304658075158
1.11 2D 587704552.666667 587710283.333333 4.20595071031868e-07 1402 0.0179296911697575 0.0564626461917024
1.12 2D 589261970.333333 589265781.666667 4.19851264356459e-07 725 0.0276950813793103 0.0351280112778896
1.13 2D 590414558.25 590419790 4.1773172222052e-07 1704 0.0227067419014085 0.165497858046038
1.14 2D 592929263.857143 592936745.571429 4.16745667215362e-07 2663 0.0245607243710101 0.0617570324559317
1.15 2D 595333848.846154 595338313.384615 4.22494868796254e-07 3043 0.0277941580874137 0.0603366173743119
1.16 2D 597617826.2 597622871.2 4.38697360657822e-07 1449 0.0148817128640442 0.273453886619092
1.17 2D 601118662.875 601123955.375 4.64088388330262e-07 2285 0.0397930621881838 0.0559109613370901
1.18 2D 605709849 605713768 4.71911319209815e-07 393 0.0305517 0.0308972659459212
1.19 2D 606773276 606778808 4.78812661059625e-07 1362 0.0372990359030837 0.153888325730583
1.2 2D 609093403.625 609098588.125 4.86116959807445e-07 2459 0.0444939442659618 0.0560288506464802
1.21 2D 610504372.5 610509289.5 4.8413916642888e-07 1499 0.0449107736490994 0.0203044930403305
1.22 2D 611881854 611886799.5 4.77694175234441e-07 632 0.0616032591139241 0.00449142763996497
1.23 2D 613301328.75 613308990 4.66092442572675e-07 1739 0.0378196408855664 0.0714430649858654
1.24 2D 614852987 614854723 4.47979928646869e-07 231 0.0125599 0.176357295838343
1.25 2D 617123535.444444 617129102.333333 4.10643241633813e-07 3021 0.0436912903343264 0.0550701019409917
1.26 2D 619603032 619605348.5 3.87418491614186e-07 412 0.0060439486407767 0.261935343304386
1.27 2D 621227094 621230082 3.64674942298821e-07 428 0.0492053079439252 0.136998908037038
1.28 2D 624908137.5 624912156.75 3.29766988196875e-07 1374 0.0536865179767103 0.058724076957527
1.29 2D 628188994.777778 628194983.555556 2.98522569155107e-07 3946 0.0224077623694881 0.117449753227152
1.3 2D 634144825.666667 634149018.555556 2.41530815618424e-07 4537 0.0431913680052898 0.0416342196208302
1.31 2D 645014669 645018820.829268 1.83148318366302e-07 10843 0.0446694456219681 0.0709905578726832
0 3D 1662154.4 1666783.8 8.99963317652234e-07 2898 0.0695786930752736 0.0546786400755077
0.01 3D 3545473 3550073 9.23886448813211e-07 147 0.0567112 0.0470820578651131
0.02 3D 6071493.33333333 6076399.33333333 9.6403668873966e-07 1446 0.0416701393084371 0.149603135615447
0.03 3D 7337363.83333333 7343544 9.82633946573589e-07 1452 0.0248240003443526 0.171856795367531
0.04 3D 8561766 8567892 9.9835463386177e-07 1075 0.0384258427906977 0.022150871769171
0.05 3D 9291380 9293047 1.00679516531391e-06 10 0.0507937 0
0.08 3D 11552882.5 11559457.5 1.0268124799193e-06 523 0.0360505552581262 0.050751143481299
0.09 3D 12270066 12272931.5 1.03031838531076e-06 340 0.0737803411764706 0.0622810587676073
0.1 3D 13275604.75 13278877.5 1.0531199519113e-06 1027 0.0646020982473223 0.0239527536123917
0.11 3D 14131887 14137007 1.06587449311257e-06 205 0.0567569 0.0671624066853546
0.12 3D 14614832 14617981 1.06990658424687e-06 276 0.0579405014492754 0.040382700934637
0.13 3D 15405094 15409700 1.07665943841754e-06 619 0.0319796 0.0566548674780172
0.14 3D 16392808.6666667 16398978.3333333 1.09344484442962e-06 570 0.0376348778947368 0.078632487620992
0.15 3D 16989921 16992606 1.09673229779577e-06 81 0.0570725 0.0881946646808883
0.16 3D 18147747 18156825.5 1.08515605406915e-06 261 0.00512814176245211 0.33404962475111
0.18 3D 19816433 19819007 1.10773985993252e-06 205 0.0477681824390244 0.0148201853394117
0.19 3D 21004883 21005972 1.20693226838003e-06 171 0.0563532 0.0184562722258896
0.2 3D 22047120 22052398 1.26047788850451e-06 361 0.045756840166205 0
0.21 3D 22224418.5 22231034 1.26530854618002e-06 1043 0.0426420930968361 0.0855011602953164
0.22 3D 23128353 23131209.5 1.27416755304865e-06 361 0.0423137567867036 0.0182895287284748
0.23 3D 23673037 23676997 1.2651293189624e-06 215 0.018408 0.030716210343329
0.25 3D 25126814.5 25130889.5 1.18811242126333e-06 793 0.0626909823455233 0.0513310676647313
0.27 3D 26449214 26453950 1.05144118125485e-06 214 0.0471756 0
0.3 3D 29220472.5 29225185.5 8.2732826910849e-07 621 0.0355629236714976 0.0776085794467339
0.31 3D 29786259 29795605.5 7.99217818686257e-07 769 0.028760989076723 0.0444581171362166
0.32 3D 31540637.3333333 31546263 7.31624992186224e-07 1049 0.0128135935367016 0.384221931695242
0.33 3D 33239028.6666667 33247311.6666667 6.89323078927085e-07 1018 0.0293960993123772 0.0581009393174537
0.34 3D 36639452.5 36643785.3333333 6.09670697544472e-07 1001 0.0468285380619381 0.068886810306034
0.35 3D 39727830 39731355.75 5.58514662814255e-07 694 0.0485839671469741 0.0896073146864083
0.36 3D 42252788.375 42256247.625 5.34764976323316e-07 1875 0.0517210678933333 0.0819708911542629
0.37 3D 44830732.4 44834876.8 5.50226274180522e-07 2024 0.0380857390810277 0.0892648071997123
0.38 3D 47196282.25 47204522.5 5.25189656518156e-07 858 0.0101216555128205 0.281281792027621
0.39 3D 49086814.4 49090781.8 4.97234999386891e-07 1873 0.0487273274426054 0.119751817922974
0.4 3D 50549151.5 50557257.5 4.76292320188685e-07 82 0.0279940573170732 0
0.42 3D 53736630.3333333 53740186.3333333 4.32907916947084e-07 791 0.0193176105941846 0.0575790590293197
0.44 3D 57504916 57509084 3.85461310908385e-07 506 0.0094039 0.438299003604887
0.45 3D 58734904.8571429 58741257.7142857 3.70928354557963e-07 2044 0.02163422981409 0.104459465038337
0.46 3D 61761022 61765528.25 3.37002303074662e-07 1107 0.0161834314814815 0.12739117262114
0.47 3D 63422767.1428571 63426666.8571429 3.19575041781568e-07 1415 0.0313077776183746 0.0525482545550909
0.48 3D 67118839.125 67125387.375 2.83707755125667e-07 3557 0.0140454348327242 0.0488914175247683
0.49 3D 70327337.5714286 70331513.5714286 2.55153947242994e-07 1683 0.0218065495543672 0.0956696491363864
0.5 3D 82967304.037037 82972699.2962963 1.78740023035082e-07 10487 0.0155675470563555 0.116404150189482
0.51 3D 93256397 93264153 1.26350710440072e-07 610 0.0241885 0.218405027182339
0.53 3D 95144172.2 95148979.4 1.18150172547094e-07 927 0.0275767740021575 0.0851672386079002
0.54 3D 96213322.5 96216256.75 1.13644110663484e-07 899 0.011420256240267 0.144295462568571
0.55 3D 109923096.434783 109927418.521739 6.69265836353323e-08 10898 0.0152710853971983 0.132721690260623
0.56 3D 130748866.625 130754499.225 2.71932639788107e-08 10260 0.011805629182786 0.0875252968293456
0.57 3D 148428315.428571 148433083.392857 2.6243414151619e-08 7016 0.00380311373175599 0.191836637420686
0.58 3D 166189410.823529 166194708.431373 2.69661624889711e-08 15044 0.00358738973690508 0.216057382098751
0.59 3D 246004818.801653 246014071.900826 1.81233771192545e-08 46717 0.000917110410642807 0.29127574687851
0.6 3D 308148946.59322 308154911.067797 3.99354864724765e-08 19451 0.00155521457981595 0.31160138026618
0.61 3D 327642937.605263 327649771.236842 3.47585238602092e-08 12762 0.0035113660380818 0.151760190157649
0.62 3D 345079843.903226 345085543.483871 3.95955757044026e-08 12280 0.00877321736012299 0.133336258586646
0.63 3D 365694713.090909 365700120.948052 6.50640100056066e-08 23006 0.0121633370086065 0.113721084061584
0.64 3D 385639786.021739 385644988.195652 1.07417810926844e-07 10841 0.0136587437496541 0.109947229151447
0.65 3D 396469610.52381 396474129.904762 1.38705187765622e-07 4931 0.0185363256763334 0.0646482690159408
0.66 3D 402525947.117647 402531129.764706 1.59952905660704e-07 4028 0.0120743077936941 0.133575621035394
0.67 3D 409419111.6875 409423906.75 1.88974744951878e-07 4182 0.017290157163319 0.178173738687617
0.68 3D 415091109 415096426.857143 2.07504977430262e-07 7356 0.0165977039881729 0.133011192466553
0.69 3D 420778745.642857 420784492 2.20267238334347e-07 4252 0.0139532934571966 0.0789472871052
0.7 3D 425628237.428571 425636486.214286 2.26466551460998e-07 6514 0.00904890313939208 0.167725822658492
0.71 3D 429499276.875 429502755 2.3448590852921e-07 1162 0.0299412500319646 0.099749257048209
0.72 3D 434530303.142857 434534148.142857 2.49102335945126e-07 1963 0.0306525949566989 0.0709800221697666
0.73 3D 437864422.125 437867674.5 2.5704618797614e-07 3172 0.0249010394703657 0.0986729411286826
0.74 3D 441329841.777778 441333781.555556 2.63782659562326e-07 2717 0.0280760133603239 0.0768370467867673
0.75 3D 444818696.090909 444823719.363636 2.69114580841642e-07 2814 0.0136910431975835 0.0854718327380532
0.76 3D 447921368.4 447928210.7 2.72524789207214e-07 3037 0.0208660987586434 0.0750742411214255
0.77 3D 450015809 450025363 2.74188122329596e-07 959 0.0494291510948905 0.129471815252899
0.78 3D 454314011.833333 454317771.833333 2.77940523660036e-07 1474 0.0378335961329715 0.152420522729428
0.79 3D 456685490.222222 456689291.444444 2.80078207247607e-07 2105 0.0378642634204275 0.0809356910964669
0.8 3D 459490330.636364 459496125.181818 2.81786882380306e-07 3413 0.0199122870524465 0.0791947781869859
0.81 3D 462386765.625 462390895 2.82647590014395e-07 1592 0.0277284620791457 0.0913888323848676
0.82 3D 466092010.142857 466097834 2.82486111130787e-07 2287 0.0120266253082641 0.228595124595013
0.83 3D 468828345 468833332.4 2.81438883962746e-07 2026 0.0219035944619941 0.0693067877328778
0.84 3D 472719770 472724137.2 2.78491155924981e-07 2291 0.0388531055434308 0.0982642488291146
0.85 3D 476654289.333333 476662042 2.73814958883669e-07 1516 0.0150705718997361 0.158676018067503
0.86 3D 480280576.875 480284009.375 2.6774439175371e-07 1627 0.0296982019360787 0.0750031234882653
0.87 3D 484504994.714286 484510580.571429 2.51866594270041e-07 1391 0.0393892266570812 0.101144467053663
0.88 3D 487588198 487600235.8 2.41334252205773e-07 1791 0.0225401191513121 0.120068498050306
0.89 3D 491407612.5 491413331.5 2.3518138197474e-07 2095 0.0235852393174224 0.12169469911914
0.9 3D 496865647.615385 496870682.384615 2.39324175775339e-07 3570 0.0243520275910364 0.0481321886718812
0.91 3D 501748939.285714 501754969 2.45186983619445e-07 2638 0.0399371271796816 0.0546224685433937
0.92 3D 506501054.090909 506506058.909091 2.30898432437513e-07 3025 0.025341297553719 0.0820950558382374
0.93 3D 510127555.222222 510131462.666667 2.30391633397704e-07 2230 0.0480289332735426 0.0758569623296164
0.94 3D 514538336 514543302.153846 2.44595264577473e-07 3389 0.0291677465240484 0.109500788044356
0.95 3D 518405898.363636 518410182.909091 2.55748408479352e-07 2088 0.0373282291283525 0.0949231769723989
0.96 3D 522766835.777778 522770414.333333 2.60768387463471e-07 1674 0.0217691078255675 0.162903563497609
0.97 3D 526191202.181818 526196231.454545 2.66556693371109e-07 2387 0.0278222055467114 0.0978454449523447
0.98 3D 530390078.2 530396416 2.87419193588499e-07 1028 0.0278550443287938 0.0803118731936557
0.99 3D 533405342.4 533409152.2 3.01515001029003e-07 1503 0.0359177653493014 0.0176748560448795
1 3D 536222764.375 536227780.5 3.17069246841555e-07 1974 0.0402674448328267 0.0856633882962273
1.01 3D 539377722.666667 539382492.666667 3.41434275386302e-07 1121 0.038804959500446 0.0508476127631828
1.02 3D 542822422 542824327 3.76352005817328e-07 139 0.0198824 0.0440321590954814
1.03 3D 544518026.166667 544522023 4.01528748977754e-07 2670 0.0187596042921348 0.0728852221467424
1.04 3D 546663714.083333 546668389.416667 4.38386936511972e-07 3804 0.039146416075184 0.0393621973420256
1.05 3D 549766166 549770299.5 4.75955656473821e-07 1184 0.0305965564189189 0.125049361068466
1.06 3D 551722775.333333 551726435 5.05410533014028e-07 318 0.0429081389937107 0.136145362813327
1.07 3D 554827247.8 554831807.6 5.57501324089797e-07 1491 0.0233173142991281 0.0959649377131077
1.08 3D 556029655.25 556037516.5 5.6649546037373e-07 1799 0.0337762686492496 0.0757375734135742
1.09 3D 558870241 558874396.5 5.29807343307809e-07 718 0.0296594668523677 0.182188779325613
1.11 3D 561276693 561280072.5 4.63484099571129e-07 199 0.0341849070351759 0.25577730276071
1.12 3D 562695667 562700114 4.19091743972534e-07 426 0.0499725 0.0294335884736605
1.14 3D 565567519.25 565571322.5 4.24822676168996e-07 593 0.020727947925801 0.166511759141216
1.16 3D 573870662 573872668 4.15679816392205e-07 217 0.0460764838709677 0.153364210998803
1.17 3D 576205428.5 576211968.5 6.55075080600482e-07 737 0.0235136218453189 0.13687079725195
1.18 3D 577382138 577383398 7.26791525773067e-07 61 0.0298507 0.205317128241549
1.19 3D 578828902.666667 578832849.333333 8.01193833847216e-07 233 0.0489791575107296 0.231545119783236
1.2 3D 579726218 579733444 8.40535912502353e-07 33 0 Inf
1.22 3D 581725361 581731778 9.13354072446749e-07 417 0.0223529 0.049931776190114
1.25 3D 584332078 584338314 1.10525899451908e-06 1096 0.0301308 0.131743929799408
1.27 3D 586196782 586207639 1.17238507138199e-06 803 0.0212379206724782 0.0302913771750749
1.28 3D 586954193.5 586958215.5 1.17846053163015e-06 556 0.043225429676259 0.0261856992746022
1.29 3D 587442470 587447825 1.17593225632494e-06 85 0.0340887 0.203905693088912
1.3 3D 588393624 588396164 1.15647821665452e-06 225 0.0306658 0.0786941804877094
1.31 3D 589757265 589764081 1.10902173734893e-06 143 0.0456949 0.0250782910127826
1.33 3D 591530061 591534722.5 1.10857670461484e-06 479 0.0457765194154489 0.0325402948831084
1.35 3D 593143889.333333 593148369.333333 1.09431260415492e-06 223 0.0457969470852018 0.0722413967868616
1.36 3D 594525789 594529155 1.08237197004003e-06 441 0.0324963131519274 0.00907590130876944
1.37 3D 595140756 595145069.4 1.06086643333835e-06 1149 0.0312428132288947 0.0558942465540218
1.38 3D 596484498 596488436 9.9927244701703e-07 320 0.02595445 0.167400826255228
1.39 3D 597095910 597097486 9.60798988867951e-07 63 0.0535787 0
1.4 3D 598533484.666667 598537001.333333 8.9677321944778e-07 894 0.0650053777404922 0.0338254687023597
1.42 3D 600123710 600126996 8.54213563703903e-07 226 0.0430702 0.122190981235286
1.44 3D 601917967 601925473 8.39242228673895e-07 463 0.0517929 0.0452608369100784
1.45 3D 603242844.5 603248821.5 8.51727983572658e-07 656 0.0499921495426829 0.0553438123505861
1.46 3D 604210631.5 604214252.625 8.48734472005051e-07 1659 0.0453554743218807 0.10603012302048
1.47 3D 607171957.1 607175292.7 8.32024858755222e-07 2229 0.0478343311799013 0.0442617166782163
1.48 3D 609275837.333333 609280826.666667 8.13853730811329e-07 1270 0.0646170970866142 0.0963166134233411
1.49 3D 610387482 610394713 8.09284689085161e-07 1115 0.0237233825112108 0.0703755691793208
1.5 3D 611363628.4 611366479.6 8.04864116434021e-07 652 0.0435325711656442 0.0813124439889455
1.51 3D 611673342 611674917 8.03322383605504e-07 112 0.0320765 0.0327077455458046
1.53 3D 612893125 612902319 7.96489615194158e-07 52 0.142827215384615 0
1.54 3D 613609001 613615119.666667 7.91973782695973e-07 441 0.0522815666666667 0.0114577476956505
0 4D 2540329 2544114 2.02025212014105e-06 514 0.0458840003891051 0.0745755217388366
0.01 4D 4490344.66666667 4495220.33333333 1.93478063711306e-06 1211 0.0477212551610239 0.0908295420488233
0.03 4D 5571199.5 5577951.5 1.8883333225955e-06 1313 0.0104704232063976 0.162883262493537
0.04 4D 6036461.33333333 6041367.66666667 1.86857605924621e-06 323 0.0482389167182662 0.032723614255389
0.06 4D 6597174.8 6601892.4 1.84486343563107e-06 792 0.0424010246212121 0.0789033706735604
0.09 4D 7412758 7417644 1.81037447866378e-06 76 0.0191898 0
0.1 4D 7757720.85714286 7763724.14285714 1.79553525029786e-06 2848 0.0424724191011236 0.0286936100838527
0.11 4D 8077703 8081173 1.78188214669539e-06 201 0.0608672 0.040126373481941
0.12 4D 8256254 8259493 1.77425436330342e-06 42 0.0806127 0.120423208749986
0.14 4D 8662258.5 8670233.5 1.75683893321785e-06 701 0.0480798417974322 0.0701699643440511
0.15 4D 8890176 8891654 1.74728245487831e-06 22 0.0272109 0.143274937616911
0.16 4D 9286029 9293936.42857143 1.730353573695e-06 2963 0.018066828315896 0.102194590562776
0.18 4D 10270172 10275213 1.68889393266894e-06 284 0.0340671 0.00645068115571915
0.2 4D 10970221 10975581 1.65955976244307e-06 224 0.0458504008928571 0.0436120115712495
0.21 4D 11478793.5 11485046.5 1.63834311145706e-06 1799 0.0133792530850472 0.178186715152711
0.22 4D 11899339.25 11904922 1.62089523145132e-06 697 0.0366036682926829 0.100304816922019
0.24 4D 12614357.3333333 12617889 1.59139019205071e-06 440 0.0283271090909091 0.0423645579467404
0.25 4D 13159730.6666667 13164546.6666667 1.56894706072099e-06 544 0.0328620009191177 0.153150581768003
0.26 4D 13556159 13560697 1.55272146490988e-06 443 0.0258276 0.020562886214747
0.29 4D 15400385.6 15405554.2 1.47792529854487e-06 1272 0.0397721738207547 0.0611061632165631
0.3 4D 15946417.8571429 15951140.8571429 1.45602794582636e-06 2297 0.0502175468437092 0.0815094267631552
0.31 4D 16485601.375 16490669.875 1.43443545017721e-06 2665 0.0424312636022514 0.025581432944181
0.32 4D 17423081.125 17428212.625 1.3945905366052e-06 1724 0.03011405725058 0.0483340719501605
0.33 4D 19381282.25 19387227.75 1.311293828324e-06 1273 0.0606357651741294 0.046046111506729
0.34 4D 20631323 20633292.6666667 1.25931866737838e-06 315 0.0397191751746032 0.0748980834108627
0.35 4D 21558078 21566715 1.22109636987641e-06 1447 0.0127754208016586 0.0836622236206113
0.36 4D 22078356.2 22083021 1.19997322246224e-06 1095 0.0209161973515982 0.0420524059916581
0.37 4D 23272083.5 23278745.25 1.15179258898008e-06 2213 0.0358739825124266 0.0166999640617016
0.39 4D 25484216 25490526 1.06446693764836e-06 368 0.0280985 0.0170515863836148
0.4 4D 26945375.5714286 26950243.8571429 1.00817882228582e-06 1533 0.0384125414872798 0.0498755838062314
0.41 4D 28631122.5 28636210.25 9.44483944553219e-07 978 0.0500056294478528 0.0226921459738472
0.42 4D 30386964.7142857 30391106.4285714 8.7506913033462e-07 2054 0.0336884036027264 0.054343276396356
0.43 4D 32381811.1111111 32388090.6666667 7.34548626230109e-07 2770 0.0301967379386282 0.137397166643939
0.44 4D 35742247 35748509.1111111 4.97394727326803e-07 2775 0.033216946763964 0.0668504968808591
0.45 4D 40206700.75 40210518.625 2.67511772936471e-07 1739 0.0369924483364824 0.0612639536739728
0.46 4D 44062363 44067974.4615385 1.59916333866104e-07 2480 0.028339917516129 0.0690540266762426
0.47 4D 48991986.3636364 48997132.4545455 1.33105293093185e-07 2203 0.0355722588288697 0.14821754266729
0.48 4D 51597017.4444444 51601236 1.55336948794891e-07 2010 0.0361964274626866 0.0809924918073331
0.49 4D 55556400.2857143 55561883.8571429 1.55061239572226e-07 1619 0.0298408300802965 0.124561179828147
0.5 4D 58450627.75 58458178.875 1.07278474325349e-07 2039 0.016999656424718 0.111413695319628
0.51 4D 74984902.4354839 74990362.9516129 6.74557513983594e-08 18196 0.0138345647184393 0.104178269212287
0.52 4D 95986556.0384615 95991978.1153846 5.37381620541117e-08 8854 0.0108579885791733 0.130633819638178
0.53 4D 107815291.961538 107820282.307692 5.3810179667877e-08 8198 0.00683110980080507 0.182982420428232
0.54 4D 139894235.929577 139900072.549296 2.26014282315255e-08 21852 0.00141144573258087 0.304810566011472
0.57 4D 237398133 237411254.473684 9.31521619361807e-09 18783 0.000531232821965233 0.264676558136981
0.58 4D 281779821.333333 281796154.111111 1.96077418799014e-08 6677 0.000694133960161749 0.22447019407799
0.59 4D 303979806 303985729.226415 2.26834606418766e-08 18249 0.00104196408805962 0.252338263703535
0.6 4D 337933889.632479 337938704.760684 2.89502271645603e-08 35807 0.00404506474091658 0.172092827570975
0.61 4D 368152242.4 368157108.444444 9.39266083863488e-08 12594 0.00877102481975544 0.145836390196695
0.62 4D 378647197.555556 378651807 1.17220102917419e-07 2637 0.0180769768069776 0.129273914157436
0.63 4D 380843421.833333 380847488.833333 1.26984676689063e-07 1199 0.00758756313594662 0.099191661276351
0.64 4D 387210091.571429 387214044.857143 1.20116239138676e-07 4923 0.0145281512228316 0.155715117053265
0.65 4D 395899270.214286 395903449.464286 1.11063464666893e-07 5845 0.0116363216133447 0.114117469655646
0.66 4D 406162096.461538 406167943.807692 1.24484105152329e-07 9080 0.0141054820246696 0.0961182423377128
0.67 4D 418165785.4 418171193.35 1.51642734202158e-07 6837 0.0145491697103993 0.0961137107696377
0.68 4D 423174120.454545 423179277.636364 1.65278316623273e-07 2808 0.0196410661467236 0.0759251233368957
0.69 4D 428481854.333333 428486417.466667 1.81101300571267e-07 3755 0.0181559124953395 0.103521455611947
0.7 4D 432804699.166667 432807957.833333 1.95047963027081e-07 1029 0.0222819668901846 0.0604573239871493
0.71 4D 435259158.416667 435263038.416667 2.03414626262118e-07 2638 0.0346314400682335 0.0472045920348408
0.72 4D 440655633.818182 440660706.181818 2.15501527260563e-07 3622 0.0128748477829928 0.136259663802983
0.73 4D 445478073 445482730 1.97876625964922e-07 1625 0.001466548512 0.626249315959579
0.74 4D 449597243.1875 449601820.8125 1.9699347272704e-07 4706 0.021205044878878 0.0639937919334907
0.75 4D 455537713.388889 455540802.111111 2.52186170668818e-07 2907 0.0326872950670795 0.0536952488879425
0.76 4D 459278009.333333 459282065.666667 3.27146420206616e-07 1845 0.0193158300813008 0.0501809076013351
0.77 4D 460789018.2 460792360.6 3.68174374345407e-07 772 0.0422787313795337 0.0161624594627825
0.78 4D 463149575 463154176.125 3.92989889713617e-07 2362 0.0291556646486029 0.11415482474602
0.79 4D 465600101 465604132.75 3.7310654580555e-07 831 0.0331232157641396 0.141237074757332
0.8 4D 468540004.307692 468545229.538462 4.06823222304846e-07 4715 0.0270201536161188 0.0702085134217671
0.81 4D 470171171 470175532.5 4.5163330839228e-07 243 0.0499600580246914 0.00503151847038038
0.82 4D 473625036.8 473632446.8 6.19237847421665e-07 3776 0.0285728206567797 0.0699337232583322
0.83 4D 475872512 475876443 7.71453726058555e-07 235 0.0137303 0.139080719285085
0.84 4D 477071054.666667 477080458.333333 8.70178986795986e-07 1611 0.0173056301675978 0.0586909294672661
0.85 4D 478210467.75 478213068.25 9.73903238696803e-07 569 0.039649239543058 0.120015604498592
0.86 4D 479200210 479203318 1.07170691987849e-06 318 0.0301892952830189 0.0650859874640683
0.87 4D 479818594 479826531.5 1.1369360031931e-06 1244 0.0116060710610932 0.269705280369258
0.88 4D 480858184 480862053.333333 1.3332685499517e-06 856 0.0601272539719626 0.0667009933958331
0.89 4D 481166821 481170761 1.42240389364565e-06 488 0.012692 0.260204853450993
0.9 4D 481580935 481583922.5 1.53604547756688e-06 563 0.0425811007104796 0.0650297859568341
0.91 4D 482659404.714286 482671931.285714 1.56395325935017e-06 846 0.0320956842789598 0.0395335145347694
0.92 4D 483112215.333333 483114791 1.48216464301879e-06 277 0.0296089610108303 0.0316220006671314
0.93 4D 483914179.5 483920299 1.42863488554877e-06 994 0.0270699357142857 0.167148742503215
0.94 4D 484559647.6 484563525.6 1.37632188823122e-06 872 0.0443773490825688 0.0560836536049607
0.95 4D 485428492 485434875 1.2913403485576e-06 521 0.0630807694817658 0.0177468393208793
0.97 4D 486181976 486186469 1.20437339667996e-06 291 0.111994463917526 0.00181431841761692
0.98 4D 486922855.8 486925809.6 1.10672352456713e-06 686 0.0422650180758017 0.0773301510808393
0.99 4D 487396148.333333 487398959.666667 1.03766280332126e-06 312 0.0310529897435897 0.0303053969121104
1 4D 489198733.25 489202315.375 6.83584416520801e-07 2046 0.0471415546990644 0.0595512988389882
1.01 4D 493551658.6 493558410 3.66471705541928e-07 792 0.0424514683080808 0.0498829323011632
1.03 4D 497132907.5 497137475.25 8.9333312284132e-07 1116 0.0125465507168459 0.158365642284154
1.04 4D 497995292.5 497998719 9.91706145344362e-07 374 0.0366909176470588 0.0252362950536244
1.05 4D 498585442 498593011 1.05683436446447e-06 635 0.0297048355905512 0.0999273561367081
1.06 4D 498928182 498931113.5 1.0934799006657e-06 242 0.0420881421487603 0.0946140225357834
1.07 4D 499497162 499501028 1.12972747484172e-06 97 0.0838127 0.125460699870067
1.08 4D 500213758 500232285 1.20051288378034e-06 1948 0.0137645170174538 0.0543714435986842
1.09 4D 500823603 500829738 1.32320208447816e-06 453 0.0757983 0.051219882240103
1.11 4D 502506704.545455 502510465.363636 1.97375944846928e-06 2273 0.0527070844258689 0.0636979955900661
1.12 4D 504070296.75 504075073.75 2.5626994897309e-06 995 0.0547574645226131 0.0724246123387575
1.13 4D 504339499 504344372 2.77226059342016e-06 331 0.0242323 0.0663304762651502
1.16 4D 505328257.5 505331672 3.10684724661953e-06 422 0.0394370056872038 0.106779997404704
1.21 4D 505983762 505988144 2.64345342213718e-06 107 0.0280784 0.0206941278705339
1.22 4D 506130446 506133842 2.46563726013903e-06 196 0.0300174 0.0484062577038651
1.23 4D 506463560 506466966 2.20961466909972e-06 307 0.0870232 0.0167542678274299
1.25 4D 509046672.6 509053327.733333 1.38549967701408e-06 6234 0.0234685560153994 0.104400744645949
0 5D 554527 558722 NA 608 0.00809449 0.119075939311803
0.01 5D 935699 941610 9.27956340645568e-07 491 0.0153778 0
0.02 5D 1999548 2003960.5 8.93373875710724e-07 150 0.0498664346666667 0.0509745152290281
0.03 5D 2663968 2669672.5 8.70726806700462e-07 844 0.0352767187203791 0.0862895609769834
0.04 5D 3658605 3661995.5 8.35371815089734e-07 317 0.0572578766561514 0.0422193336848303
0.05 5D 5170287 5174463 7.78151973813612e-07 128 0.0675422 0
0.06 5D 5795798 5811501 7.53035378564527e-07 687 0.030832 0.120739491437468
0.07 5D 7001844.5 7006535 7.03278841373785e-07 435 0.0631812967816092 0.0568644228596662
0.08 5D 7590258 7602982 6.77764044328062e-07 449 0.00484475 0.487275917229991
0.09 5D 8362077.33333333 8365869.66666667 6.4372637874628e-07 278 0.0355559917266187 0.122745023587632
0.11 5D 10536464 10542334 5.57909934191357e-07 421 0.0291984268408551 0.109026660947316
0.12 5D 14505633.8571429 14512359.4285714 4.26119119062274e-07 3475 0.0250308430791367 0.0789502919297388
0.13 5D 22407222 22413118 2.39058132052169e-07 772 0.0313257492227979 0.147548610294208
0.14 5D 25300148.3333333 25303774 3.63833066396309e-07 788 0.0444084350253807 0.0354607044801945
0.15 5D 27007661 27011244 3.88970310185846e-07 97 0.00289792515463917 3.45441996645022
0.16 5D 28790751.75 28795256.75 4.23443201499548e-07 1115 0.0529181662780269 0.0142389349000657
0.17 5D 29858607 29862141.5 4.5008182713188e-07 728 0.0238623637362637 0.0988544561252395
0.18 5D 33358060.3333333 33364082 5.73372936757014e-07 1116 0.0181491594982079 0.0440326947267224
0.19 5D 36752166 36755119 6.70684318449599e-07 135 0.0745356414814815 0.0347579476668164
0.2 5D 37349102 37355164.6666667 6.82085520398193e-07 1604 0.0315957814214464 0.0323052130049544
0.21 5D 40182723 40184556 6.73927759926604e-07 108 0.0212614666666667 0.212699656969416
0.23 5D 41375521.75 41378400 6.53600736829277e-07 667 0.0524305935532234 0.030512954373129
0.24 5D 42043420 42046166.5 6.47893062920264e-07 96 0.0619859979166667 0.0545390106414826
0.25 5D 43481260.3333333 43485949 6.19312503156337e-07 1149 0.0359825288076588 0.109083066775836
0.26 5D 44547125.5 44552336.5 5.95716370194012e-07 1226 0.0243629550570962 0.0667797750823313
0.27 5D 45428201.5 45431453 5.91165724709243e-07 519 0.0343803780346821 0.199126202077829
0.28 5D 46174537.5 46184476.5 5.86424330656518e-07 337 0.0174341504451039 0.10850896736711
0.3 5D 49242112.2 49247248.2 5.40704021426559e-07 1332 0.0265200215465465 0.0857353848586838
0.31 5D 53047958.1111111 53052474.8888889 4.5237931737617e-07 1914 0.0326207842737722 0.0496099929148293
0.32 5D 85357065.8080808 85361818.6969697 1.73678585895463e-07 28850 0.014925328076595 0.119168472934683
0.33 5D 116741713 116747451 5.0118143789295e-08 5 NA NA
0.46 5D 117264378.5 117267745 4.86336184033483e-08 565 0.00577282251327434 0.390298885771961
0.52 5D 117739586 117745517 4.72853664508308e-08 511 0.00111701 0
0.55 5D 119381873.833333 119386197.166667 4.27055324884462e-08 2240 0.0136497846071429 0.214334845705009
0.56 5D 135042332.409836 135049380.983607 1.49294754957926e-08 23478 0.000767662897819235 0.252206087708111
0.57 5D 182141907.384615 182151630.692308 0 10473 0.000437663184378879 0.41415620196176
0.58 5D 211526857.148148 211534382.074074 0 19029 0.00148149058437122 0.255680851511599
0.59 5D 257408215.141791 257414189.246269 8.62254532948674e-09 47605 0.00609286075758849 0.160472972598231
0.6 5D 289118146.970588 289123148.882353 6.74674135708534e-08 9649 0.0127458656872592 0.0861411982094733
0.61 5D 299519235.05 299523499.85 9.94089925265311e-08 6960 0.0120469252844828 0.122226233841856
0.62 5D 310344068.785714 310348486.25 1.38780094878641e-07 8406 0.0096213228955508 0.133171435634422
0.63 5D 319777178.666667 319782085.555556 1.86708387474969e-07 4642 0.0138307308401551 0.161128694329413
0.64 5D 326451703.090909 326456150.909091 2.19848580964786e-07 3295 0.0343715419405159 0.0679237746374762
0.65 5D 330627430.571429 330633247.571429 2.38735058284026e-07 2720 0.0224589327867647 0.121081076858394
0.66 5D 333687588.25 333691347.5 2.52761171455242e-07 392 0.0325778721938775 0.172499394876134
0.67 5D 336724867.545455 336731163.090909 2.69121673354082e-07 1675 0.016854614280597 0.131630616289372
0.68 5D 339362038.2 339364886 2.82592912107606e-07 460 0.0410072893478261 0.0700412791403454
0.69 5D 342520862 342524477.666667 2.97850775107194e-07 689 0.0350831349782293 0.112847937803136
0.7 5D 346262324 346264289.666667 3.14747700823361e-07 1216 0.0226410529605263 0.0977314002607717
0.71 5D 350077064 350080334.75 3.30405782133281e-07 1409 0.0303422435911994 0.098787716742639
0.72 5D 353110344 353114102.75 3.42492795068909e-07 2271 0.0291889849669749 0.074600765391964
0.73 5D 355390234.625 355394396.75 3.52147824768241e-07 2071 0.0162041444712699 0.0845763090718974
0.74 5D 358011403 358016127 3.64050257100478e-07 256 0.0562564 0.0536646497109662
0.75 5D 361471945.5 361478473.8 3.81048508625756e-07 2306 0.0237266451479233 0.0909519904242515
0.76 5D 364546063.5 364551364.75 3.97281869406338e-07 2091 0.0399223100271003 0.056653347695188
0.77 5D 366610902.666667 366614757.833333 4.08776696737697e-07 1342 0.0309293019374069 0.0441519005104165
0.78 5D 369568866.666667 369571402.333333 4.26069014491794e-07 1068 0.02617543417603 0.282840384938365
0.79 5D 371373743.555556 371377702.666667 4.37183523497486e-07 2245 0.0485638393930958 0.0578683296482057
0.8 5D 373780581 373784457 4.52897576819311e-07 1007 0.0045453298510427 0.132134539454047
0.81 5D 375709469.125 375714339.25 4.64805978764735e-07 1883 0.0287288594795539 0.17342719485376
0.82 5D 377684000 377687712 4.7638937516215e-07 250 0.0437640444 0
0.83 5D 379439314 379442313.2 4.8609830886988e-07 726 0.0448380555096419 0.178544457772448
0.84 5D 381681065.333333 381684273.166667 4.97720183830446e-07 1085 0.0456407221198157 0.0632656578302057
0.85 5D 384397477.714286 384400682.571429 5.10692783542539e-07 947 0.0139456621488912 0.274344793000649
0.86 5D 385610523.5 385616164.625 5.16064139614143e-07 1356 0.0272331608933839 0.126233415562682
0.87 5D 387340384.428571 387344715.571429 5.23298405293269e-07 1093 0.0235615408966148 0.210524482183547
0.88 5D 389444018 389447462 5.31429977534763e-07 295 0.0226094 0.0281323697223279
0.89 5D 390590610 390595676 5.35528068083088e-07 1455 0.0261849066666667 0.0462674035097452
0.91 5D 393845979.6 393849263.8 5.45963009837582e-07 1267 0.0391994146014207 0.0212171856987145
0.92 5D 396254275 396256592 5.52520248099631e-07 354 0.0325078061016949 0.0949077493022067
0.93 5D 396888387.25 396895815.5 5.5407265549863e-07 1535 0.0196184705667752 0.172727716164277
0.94 5D 398462206.5 398468286 5.57656179867339e-07 968 0.0318500864669422 0.082223203806513
0.95 5D 399687323 399691088.2 5.60148858082293e-07 1077 0.0236414525905292 0.11864267481166
0.96 5D 400895699 400903146 5.62371298311859e-07 257 0.000870701 0.27033045787245
0.97 5D 402557539.666667 402564221 5.6499680577905e-07 1415 0.00431665749823322 0.522197274426943
0.98 5D 404919043.8 404922199.8 5.67909824517141e-07 780 0.0393504303076923 0.0249975191357207
0.99 5D 406436630.25 406440579.75 5.69310410334537e-07 1635 0.0183742054801223 0.15473083913705
1 5D 408535372 408540160.8 5.70565882652608e-07 1493 0.0214776523375753 0.139759717670545
1.01 5D 410176623.6 410179942.2 5.71037118120336e-07 1057 0.0454946304635762 0.042265706888582
1.02 5D 412991675 412994451.666667 5.68404461105152e-07 1100 0.0459764246363636 0.0504518444790057
1.03 5D 414970354.428571 414973342 5.54755863913409e-07 1462 0.0364435335841313 0.089105793729456
1.04 5D 418267491 418271620.5 5.39814583835604e-07 1147 0.0161524299215344 0.159445706834173
1.05 5D 419558368 419565109.666667 5.40240182560523e-07 1480 0.018665417972973 0.0951576025190623
1.06 5D 421666122.636364 421669509.545455 5.45715984638467e-07 1790 0.0424281631843575 0.0534960457335416
1.07 5D 423636956.142857 423641032 5.58532533890711e-07 839 0.0737913153039332 0.0173520564594143
1.08 5D 425781536.714286 425784657.142857 5.77572093540998e-07 1344 0.0317316836011905 0.0255247814883729
1.09 5D 426859681.25 426863766.5 5.84267465811225e-07 679 0.0215352496318115 0.124526442706924
1.1 5D 429132624.4 429137169.8 6.06597976447054e-07 1937 0.0242648439855447 0.0802624731445092
1.11 5D 431552989 431565873 6.37144228952072e-07 843 0.017074315658363 0.129224505634537
1.12 5D 432869939 432873305 6.55127741109922e-07 49 0.0531655 0
1.14 5D 435404274.2 435406842.6 6.96586348723529e-07 267 0.0397443704868914 0.179112919326953
1.15 5D 436102680.666667 436106795.333333 7.09222693919254e-07 142 0.0217297971830986 0.196400010474356
1.16 5D 437341400 437346762 7.22870849608532e-07 159 0.0172956 0.0755608362820602
1.17 5D 439017605.5 439019595.5 7.324141114343e-07 321 0.0860761514018692 0.0347857019282274
1.18 5D 441212079 441214961 7.81942332413757e-07 114 0.0730237228070175 0.116981962746929
1.19 5D 443110786.875 443116412.875 8.2047782313373e-07 2832 0.0348877692090395 0.117756175607752
1.2 5D 444124919.5 444127894 8.37589144253375e-07 422 0.0290382668246445 0.179065868354167
1.21 5D 444911296.285714 444916474.714286 8.49026283478472e-07 4325 0.0216068417433526 0.072935592254763
1.22 5D 445469952.5 445479078 8.56337958316823e-07 1317 0.0170857887623386 0.247874603393857
1.23 5D 446966271.6 446969664.8 8.71501599881098e-07 727 0.018117028610729 0.211674934958636
1.24 5D 448635056.2 448641998.8 8.82667670655265e-07 2256 0.0287763479609929 0.0758643234466544
1.25 5D 450149137 450149964 8.87384514509713e-07 103 0.0446752 0.236571968340377
1.26 5D 450666088.625 450671910.75 8.87543713475032e-07 3348 0.0248874518219833 0.152252139265525
1.27 5D 451128219 451137154 8.87169858101877e-07 119 0.00533988 0.417653580230267
1.28 5D 452000578 452004744.333333 8.84998956438997e-07 959 0.0339659835245047 0.0973291128274807
1.29 5D 452640863.25 452645670.75 8.82255314939976e-07 1622 0.0293951443279901 0.0330402126250999
1.3 5D 453406278 453410936 8.77689869556267e-07 52 0.0540541 0.0663590735947874
1.31 5D 453894995.666667 453902139.333333 8.73980327334067e-07 1836 0.0179470033224401 0.054262896603092
1.32 5D 454557772 454562376.166667 8.6804624749457e-07 1976 0.0467898161437247 0.0204406725663762
1.34 5D 456447116.25 456452681 8.4527518114139e-07 2341 0.0506695550832977 0.129427999246092
1.35 5D 457830525.571429 457835214.142857 8.23306241640182e-07 1775 0.0304144461408451 0.0683632524150834
1.36 5D 459153296.6 459158286.6 7.97593435525636e-07 930 0.0371798130860215 0.0769297454608401
1.37 5D 461275447.571429 461282871.285714 7.47332543641016e-07 4481 0.0151091969649632 0.0650998674506868
1.38 5D 464183692.5 464190340.833333 6.58299320172001e-07 4819 0.0314087564904073 0.0843619690518914
1.39 5D 466138579.444444 466143564.111111 6.12082647457984e-07 1954 0.0182565251381781 0.103341639452503
1.4 5D 469675992.75 469680788.375 6.06421804478955e-07 2948 0.019284505 0.116902330709132
1.41 5D 473218224 473222543.222222 5.42351167412376e-07 1813 0.0491177204633205 0.04613707142328
1.42 5D 475513212.777778 475517368.777778 5.21445131939766e-07 1791 0.0524509370742602 0.0356077948202825
1.43 5D 477114144 477117067.142857 5.16995398800723e-07 1124 0.0458948294483986 0.026522913017111
1.44 5D 478364671 478368880 5.18875231618978e-07 1025 0.041717012097561 0.0921073268456188
1.45 5D 479947533.3 479952011.7 5.28670559647785e-07 2748 0.0500607300582242 0.0356956683082938
1.46 5D 480877712.4 480882345.8 5.379918267106e-07 920 0.0445335765217391 0.117657064880386
1.47 5D 481810590 481813381 5.49855794552777e-07 143 0.0147524 0.399621756459966
1.48 5D 483933544.857143 483936034.428571 5.87629486301494e-07 1313 0.029699537395278 0.0585957378058612
1.49 5D 486166559 486170950 6.42262515187996e-07 69 0.0171717 0.468423627247157
1.5 5D 487010678 487015397.5 6.32223652144348e-07 557 0.0431631727109515 0.03980476349627
1.51 5D 488218694.857143 488223093.714286 6.20440520404034e-07 1365 0.0374305567032967 0.0427131417822878
1.52 5D 489893167.714286 489897087.285714 6.42814250167083e-07 2510 0.0274966846613546 0.0591149414702708
1.53 5D 491278171.428571 491285241.857143 6.70805629491301e-07 1682 0.0453778810939358 0.0395393838785091
1.54 5D 492720111 492724223 6.89363952965149e-07 209 0.0338667 0.127102138678997
1.55 5D 493374503 493379740 6.95867823893632e-07 344 0.00935292 0.120956877638214
1.56 5D 494579218.666667 494585663 7.07437403944482e-07 1292 0.0267707760603715 0.0792851338594342
1.57 5D 495941030 495944477.666667 7.19853237730839e-07 452 0.0379813692477876 0.0136360069968864
1.58 5D 497509806 497515018 7.33411573007508e-07 1446 0.0388972920746888 0.0460010139189069
1.59 5D 498554390.8 498558606.6 7.41973304420099e-07 1123 0.0320046240427427 0.046480535003279
1.6 5D 499701432 499702812 7.50889808262785e-07 214 0.0410783429906542 0.0659644631171707
1.61 5D 500746447.5 500752346.75 7.58636925148053e-07 732 0.0125832423497268 0.122493524923326
1.62 5D 501678854 501687038.5 7.65218099091475e-07 845 0.0185728738461538 0
1.63 5D 502868403.5 502872912.5 7.73153966175783e-07 213 0.0299119112676056 0.178759026249392
1.64 5D 503663583 503667476 7.78204523887457e-07 161 0.0311355 0.0649413049413049
1.66 5D 506243457 506245934 7.930000537846e-07 242 0.0377097 0
1.67 5D 507913126.2 507918533.2 8.01328423865267e-07 1643 0.0285514858794887 0.0290981794571779
1.68 5D 509108119.333333 509111910.666667 8.06663100060392e-07 582 0.0310487865979381 0.0407672504624664
1.69 5D 510152999 510155176.666667 8.10915388930224e-07 272 0.0561215893382353 0.0104211423879073
1.7 5D 511421789.5 511425409 8.15595854922009e-07 1086 0.0308888651933702 0.0436151382913538
1.71 5D 512503874 512510674.333333 8.19163484004291e-07 995 0.0295039868341709 0.102180778096291
1.72 5D 513959080.6 513962204.4 8.23256359602427e-07 752 0.0384016432180851 0.106263031595324
1.73 5D 515260733 515264450.5 8.26308606031111e-07 769 0.0362925301690507 0.0123434741056972
1.74 5D 517259520.8 517264825.5 8.29779893544172e-07 2238 0.0263955969168901 0.0553654750407493
1.75 5D 519194857 519200956.777778 8.31850074025216e-07 2182 0.042954987076077 0.0407492671932624
1.76 5D 520422330 520427780 8.32473743011406e-07 596 0.0334290895973154 0.0970653854331568
1.77 5D 521574398.857143 521578119.857143 8.32581525149684e-07 1167 0.0354722319794345 0.0903471732127682
1.79 5D 524670019.2 524674839.8 8.30517861482769e-07 890 0.0344869417977528 0.0765946568240573
1.8 5D 526122999.125 526127713.25 8.46925529587787e-07 1399 0.0435430549678342 0.0286034295413858
1.81 5D 527340304.833333 527345009 8.88575598079124e-07 1376 0.0388713885174419 0.100281148155568
1.82 5D 528630620.166667 528637815.166667 9.39351926426123e-07 2061 0.0239290014070839 0.0504955082642496
1.83 5D 529958525.6 529962240.2 9.84259226082188e-07 1240 0.0292759410967742 0.0868773541390819
1.84 5D 530949727.5 530951908 1.01359847988895e-06 189 0.0172785211640212 0.250807693008462
1.85 5D 532351233 532354058.333333 1.04808525559944e-06 589 0.0380521634974533 0.0581556856968075
1.86 5D 533199102 533204257 1.06538736692319e-06 221 0.0211632 0.203318968775989
1.87 5D 534147114.25 534151804.5 1.08088139514413e-06 1720 0.020666656627907 0.10085919239972
1.88 5D 535005186 535008131 1.09212678076405e-06 92 0.0743335 0
1.89 5D 536165543.5 536171696.5 1.10232029593749e-06 1144 0.0338858269230769 0.0500256574254156
1.9 5D 536536574 536541626 1.10459902969339e-06 405 0.053943 0.0260404501047402
1.91 5D 537889527.25 537894506.25 1.10772997392717e-06 996 0.0382702422690763 0.171048940100374
1.92 5D 538640913.714286 538648633.857143 1.10635847235588e-06 3575 0.0298044947748252 0.088725409652817
1.93 5D 539188224 539192710.6 1.10393817859624e-06 1451 0.0466024427291523 0.0186786368161024
1.94 5D 540117903.25 540122188.25 1.09703728918469e-06 986 0.0396082054766734 0.102479549525596
1.96 5D 541607250 541611954 1.07890040834517e-06 416 0.0439634 0.0542740097444693
1.98 5D 542854897 542859314.5 1.04946092235479e-06 421 0.0849875598574822 0.0488706513975846
1.99 5D 543566899.333333 543570712.666667 1.02620296355453e-06 466 0.0290012094420601 0.125810286615544
2 5D 544421588 544424130 9.84860370231688e-07 391 0.0337856023017903 0
2.01 5D 546003592 546008862.5 8.78032542370682e-07 210 0.0391727323809524 0.15180942798184
2.02 5D 546864486.285714 546870731 8.02217058819273e-07 1450 0.0303506089931034 0.0582441568841608
2.03 5D 548090286.666667 548094503 7.23377270225986e-07 1420 0.042435676971831 0.136435579925504
2.04 5D 549729134 549734752.75 5.89780546790513e-07 1815 0.0298638686942149 0.0572636486336358
2.05 5D 551043126.8 551045739.8 6.19631775504448e-07 721 0.0436608099861304 0.129259143204689
2.06 5D 553678594.428571 553682756.571429 6.35780866819404e-07 1051 0.0471655973358706 0.0404890007680048
2.08 5D 556874874 556878041 7.05155680552752e-07 15 0 NA
2.09 5D 557337477.666667 557341724 6.22026000679283e-07 1070 0.0591714409345794 0.0459891180643413
2.1 5D 558560813.571429 558564024.142857 4.70636944038624e-07 1141 0.0461648724890447 0.081042143840479
2.11 5D 563061237.47619 563066730.095238 1.11126242950674e-07 6469 0.0362073877755449 0.060924469155547
0.01 6D 1287706 1291233 8.88949760267612e-07 499 0.0355454096192385 0.0315439139595261
0.02 6D 2616976.8 2623882.6 9.58498602400953e-07 1941 0.0524194617722823 0.0435513067290697
0.03 6D 3653503.5 3656281 1.04872110199531e-06 244 0.0268496803278689 0.171392570842954
0.04 6D 4673354.25 4677152.25 1.14443668870251e-06 1008 0.064038122718254 0.0299404753595459
0.05 6D 6012843 6020283 1.25946628143878e-06 110 0.0125514 0.554543716238826
0.06 6D 6274077 6276905 1.26619979109519e-06 420 0.0539251 0.14588642394729
0.07 6D 7091908.5 7097358.25 1.37422513879294e-06 1455 0.0509018125085911 0.0975526786445477
0.08 6D 7396394 7399570 1.40776447708786e-06 79 0.0490332 0
0.1 6D 8729202.5 8735121.5 1.46207337739516e-06 1421 0.027603566572836 0.254843321924756
0.11 6D 9455955.66666667 9461166.33333333 1.47751586313724e-06 1188 0.0262657136363636 0.0649485545413991
0.12 6D 10118909 10122447 1.4348508626902e-06 302 0.0583378 0.189712330598686
0.13 6D 10801364.5 10807649.5 1.33241410739286e-06 1752 0.0488314164383562 0.0119532215589705
0.14 6D 12099883 12102940.5 9.30903141130621e-07 396 0.0604444742424243 0.0115762075284405
0.15 6D 13276030 13280082 1.0080843327425e-06 76 0.134406 0.0605874737734923
0.18 6D 15515266 15523093 8.8920674559036e-07 666 0.0229926414414414 0.157795391281734
0.19 6D 16595962 16599287.5 8.44707070526562e-07 312 0.0879370192307692 0.0293248249129348
0.2 6D 18472026.5 18473410.5 7.10016280902618e-07 334 0.0758253365269461 0.0445148356711886
0.21 6D 21050249 21055169 9.29769858422821e-07 154 0.0162133 0.0244526407332252
0.22 6D 21904132 21906908 1.13335096946077e-06 110 0.00241817 2.6355591211536
0.23 6D 23075148 23077733 1.61234452382925e-06 44 0.0961379 0
0.24 6D 23832531 23836586 1.91035153059135e-06 241 0.0646666 0.0140646485202562
0.25 6D 24439300 24445791 2.06237684793939e-06 219 0.0380598 0.164330343301857
0.26 6D 24554935.5 24558987 2.08233176444367e-06 507 0.0545016033530572 0.0708580341097686
0.29 6D 25624019.5 25626886 2.13633261859127e-06 144 0.0401344958333333 0.179058092067308
0.3 6D 25815992.5 25818520 2.1206016905109e-06 488 0.0584092575 0.0324464876137143
0.31 6D 26248306 26251079 2.05725222364537e-06 243 0.0575281777777778 0.130705330789695
0.34 6D 27373079 27376272 1.84825202513985e-06 294 0.04699405 0.0337343770115578
0.35 6D 27520417 27527535 1.86164040201425e-06 693 0.0421475 0.112784862684619
0.37 6D 28653826 28658412 1.88375506431765e-06 25 0.0365631 0.224838430001832
0.39 6D 29875101 29879488 1.75215173154182e-06 52 0.0648855 0.183877753889544
0.4 6D 30281142 30285808 1.67262222065879e-06 580 0.0364499655172414 0.108369405770215
0.41 6D 32296642 32299935 1.28934941715465e-06 255 0.0414415 0.0880778929334122
0.42 6D 32783467.75 32788291.5 1.24382559274023e-06 494 0.0388243859649123 0.341360852894118
0.43 6D 33249883 33253632 1.20018010929955e-06 29 0 NA
0.44 6D 34540596 34541467 1.07843598829764e-06 146 0.0253203 0
0.45 6D 35376646.3333333 35381700.3333333 9.98542788636549e-07 486 0.0235722185185185 0.088417660735485
0.46 6D 36801708 36806276.3333333 8.6149526207337e-07 575 0.0354307986086957 0.108734362634499
0.48 6D 38877288 38879442 6.86316831046053e-07 41 0.0196078 0
0.49 6D 42120463.3333333 42128891.3333333 5.20828920051024e-07 427 0.0375802651053864 0.00577903737057865
0.5 6D 48666631.4615385 48671649.3076923 4.0138381415137e-07 3338 0.0197454159316956 0.100990402374814
0.51 6D 53436978 53442385 3.36327283115299e-07 1975 0.0121383219037975 0.225746396585716
0.52 6D 56060706 56064556.2727273 3.14374501076797e-07 2428 0.0169810145098847 0.158292053793889
0.53 6D 57415853 57421039.1666667 3.07043440374274e-07 2243 0.0171191733169862 0.148074124780883
0.54 6D 59482540 59486717.5 3.00220611189205e-07 1021 0.025134972575906 0.00611312488146756
0.55 6D 60217026 60222286.75 2.99318344737701e-07 1477 0.0355048281651997 0.0857910750891191
0.56 6D 61143342 61147557.5 2.99213135360742e-07 681 0.0275299873715125 0.0507119199891674
0.57 6D 62591503 62597865.25 3.01545418569902e-07 1717 0.0309749112405358 0.0547303227686331
0.58 6D 65478285.6666667 65484878.6666667 3.14690258513186e-07 2586 0.00664971664037123 0.252254494697391
0.59 6D 67175469 67178299 3.28267559827723e-07 868 0.0406339761981567 0.0718386648858342
0.6 6D 69583450.75 69587491.25 3.3536157189271e-07 1254 0.0277423817623604 0.0421931782353791
0.61 6D 72827974.4 72833655.2 3.32672259904146e-07 1375 0.0149550610909091 0.123834178216056
0.62 6D 75747383 75750466 3.29505754859099e-07 308 0.0217213 0.0495955582768987
0.63 6D 78341475.75 78346046 3.27516927891607e-07 940 0.0309954775531915 0.0606290367912939
0.64 6D 84451561.7 84457106.4 3.02980533620602e-07 4078 0.0168029564737616 0.0841833086792503
0.65 6D 88213971 88217538.3333333 2.69197497443248e-07 2341 0.0315982048697138 0.0941008477849822
0.66 6D 91400241.2222222 91407352 2.39236344523107e-07 4123 0.00689473031530439 0.0870681923173411
0.67 6D 95837307 95840799 2.05030440285382e-07 397 0.0191147988413098 0.178753509713551
0.68 6D 99859470.25 99865994.875 1.73955287758737e-07 2277 0.00604027696969697 0.124843936334487
0.69 6D 109491202.823529 109497384.617647 1.06326916619887e-07 11320 0.013498124983602 0.105090870346114
0.7 6D 144428631.438017 144436614.834711 6.18077604229509e-09 42118 0.00595002745922448 0.142046376535306
0.71 6D 216890070.785714 216905618.678571 3.16039121335243e-08 14988 0.00120392706767883 0.227658959782224
0.72 6D 243016875.333333 243025819.666667 6.47808842897664e-08 1081 0.00236827337650324 0.0681899515532091
0.73 6D 247350667 247356069.5 6.95569282291163e-08 795 0.000503144886792453 0.821695847465671
0.74 6D 253932444.4 253941332.8 7.64377396849679e-08 3681 0.00169247645694105 0.132785599646496
0.75 6D 262690406.571429 262694179.714286 8.51080518384826e-08 2499 0.0023534694829932 0.174996767111936
0.76 6D 264374834 264383026.333333 8.66867461418973e-08 548 0.00095748344890511 0
0.77 6D 265173638 265180559 8.74251554173748e-08 362 0 NA
0.78 6D 267471886.625 267477065.625 8.95156189854634e-08 1809 0.000757981424543947 0.369540424283506
0.79 6D 270393340.666667 270397608.555556 9.21052335963834e-08 3157 0.00267792174532784 0.43596546542118
0.8 6D 272739489.25 272743319.375 9.41280876449704e-08 1185 0.00655089593248945 0.083121389851879
0.81 6D 276901936.166667 276905440.166667 9.75985392725837e-08 1384 0.0122559232442197 0.195387961922107
0.82 6D 277641949 277648926 9.82005074517049e-08 86 0 Inf
0.83 6D 283741263.75 283745148.25 1.02954254589807e-07 895 0.0026716879452514 0
0.84 6D 285979916.333333 285984308 1.04610510502877e-07 1910 0.00383191867015707 0.13228240044542
0.85 6D 290385656.888889 290390048.444444 1.0774432039117e-07 2799 0.00688862036441586 0.115307872284867
0.86 6D 294119119.4 294132343.8 1.10255764879358e-07 2159 0.00376430755442334 0.220529683479638
0.87 6D 298250417.416667 298257302.583333 1.12891970570674e-07 3478 0.0063391742639448 0.153345949109804
0.88 6D 304026426 304032330.866667 1.16320449644031e-07 5738 0.00984006791913559 0.104086322267795
0.89 6D 307587887.428571 307594320.214286 1.18280781230822e-07 3644 0.00916210811196488 0.123074795001528
0.9 6D 313475409.230769 313480907.846154 1.21265527572619e-07 3588 0.0120112556914251 0.124355357696099
0.91 6D 319616730.066667 319622126.133333 1.24042219860158e-07 5177 0.0109588728549353 0.0923611718289467
0.92 6D 327344248.857143 327348672.071429 1.27051505888942e-07 2904 0.0183558072084481 0.0564848046145816
0.93 6D 336473457.647059 336479241.117647 1.2989088631931e-07 5092 0.00911541976060487 0.0914871958238605
0.94 6D 350915612.28 350920063.72 1.2956482560444e-07 12946 0.0129724460173026 0.105923397437666
0.95 6D 363660411.625 363666232 1.27589874567129e-07 8780 0.0168795965728929 0.0828044854266738
0.96 6D 371215852.909091 371220991.272727 1.48847624506385e-07 3973 0.020147744135414 0.0547987323787786
0.97 6D 375817357.166667 375823278 1.73519907850963e-07 4765 0.0109430910409234 0.0798366054623444
0.98 6D 379289502.076923 379293529 1.90450197026771e-07 3109 0.0350865038409992 0.0671744427150745
0.99 6D 382024245.666667 382028199.111111 1.95773773459101e-07 1806 0.0312649902325581 0.0622371530876852
1 6D 385380603.4 385384657.4 2.11693268935492e-07 2754 0.0290350027015251 0.0404442000057171
1.01 6D 388000108.3 388004828.1 2.31231779982818e-07 2948 0.0329707402645862 0.116332793359543
1.02 6D 392248289.833333 392253007.166667 2.51526975115443e-07 6091 0.0105266357297652 0.0939165332594733
1.03 6D 400732270.142857 400738476.285714 2.95341631380788e-07 12340 0.022556717286872 0.0808442043691329
1.04 6D 405340491.5 405346779.833333 3.43846987076715e-07 2578 0.0145999239100078 0.0396406820333323
1.05 6D 409852882.857143 409858812.571429 4.58737105598548e-07 2899 0.0232854595101759 0.0879294232942333
1.06 6D 411953034 411960049.333333 5.09842949363773e-07 1075 0.0342375962790698 0.0635287804925232
1.07 6D 414310429.25 414315292.5 5.59590027726969e-07 1958 0.0245205865679265 0.0750538269312114
1.08 6D 417754195 417758589 6.2590170990756e-07 206 0.0240354 0.339661499288549
1.09 6D 419161176 419169650.333333 6.50793496164525e-07 1491 0.0160374684775319 0.120259096890621
1.1 6D 420329092.6 420332659.8 6.70369603362363e-07 1197 0.044606274770259 0.110079386896482
1.11 6D 422099191.8 422105848.8 6.9849104645808e-07 3004 0.028682955126498 0.0997540356868945
1.12 6D 423787812 423791388 7.23459289174813e-07 510 0.00766026 0.0947133648205152
1.13 6D 424730045.5 424738741 7.36594123931798e-07 1651 0.0317880783767414 0.0854724866721936
1.14 6D 426086120 426091297.333333 7.5441849238875e-07 710 0.0182018789929577 0.0701091833609438
1.15 6D 427394497.6 427398452.6 7.70476378399531e-07 748 0.0402941811497326 0.143333923412032
1.17 6D 429036265.25 429040503.25 7.83206076582745e-07 2278 0.0179720397980685 0.218515431364382
1.19 6D 430869163 430881732 7.89762162080953e-07 38 0.0398268 0
1.2 6D 431466908 431472379.2 7.93192868675893e-07 2191 0.0350645058877225 0.0571756782183709
1.21 6D 432719014 432725845 8.02342775984359e-07 1032 0.0308299 0.108382122549862
1.22 6D 433221803 433226852.666667 8.00295620713927e-07 1106 0.0280638593851718 0.114148181588725
1.23 6D 433997232.6 434001140.4 7.98884001305427e-07 1440 0.0361336863194444 0.0361197516976132
1.24 6D 434475647.166667 434479314.666667 7.99452215896202e-07 1733 0.030608635949221 0.0944413758099312
1.26 6D 436651431.714286 436654560.428571 8.16444937545336e-07 1123 0.0566939815672306 0.0260410080921661
1.27 6D 437505817 437512271.4 8.28417019734522e-07 3627 0.0288437382961125 0.172479958207024
1.28 6D 438782079.666667 438790692.666667 8.23382836371993e-07 2696 0.0296369621179525 0.158019391192785
1.3 6D 440365647.5 440369573 8.21162293245505e-07 158 0.0508927784810127 0.0296616950578276
1.31 6D 442902384.333333 442907389.666667 8.64609576451151e-07 2292 0.0335753843804538 0.0568736680570893
1.32 6D 446181766.333333 446186445 9.88661903371089e-07 1054 0.0351064291461101 0.114101837780768
1.33 6D 447857563 447861630.333333 1.00390597331951e-06 743 0.0515880025572005 0.0397652882133938
1.34 6D 448741310.25 448747074.25 1.08124098929203e-06 1127 0.0395862057675244 0.048380953347558
1.35 6D 449428261.333333 449431891.666667 1.19524761474367e-06 149 0.0567544711409396 0.0859184769075108
1.36 6D 450105256 450109881.5 1.29432156216197e-06 539 0.0728356769944341 0.0271278192406773
1.37 6D 451011728.333333 451017047.333333 1.39823099420954e-06 1568 0.0483968517857143 0.0870995237404204
1.38 6D 451716952.5 451724186.5 1.45899652006567e-06 1640 0.0329179759146341 0.112305835640381
1.39 6D 452119265 452120692 1.48581813750687e-06 22 0.0314208 0.682595605458804
1.41 6D 453005474 453009697 1.52328550032929e-06 456 0.06417 0.0152821723546829
1.43 6D 454143295 454147233.666667 1.52891443183059e-06 1252 0.0625021499201278 0.051750360684398
1.44 6D 454633514 454635546 1.5172710654001e-06 235 0.0379741672340426 0.0704626481072637
1.45 6D 455558362 455567526 1.59492409707962e-06 792 0.0166628 0.0309304558657609
1.46 6D 455964578.8 455966643.8 1.66436131147199e-06 377 0.0636977896551724 0.046052363550735
1.47 6D 456690821.2 456694849.8 1.75410931841079e-06 1192 0.051014973238255 0.0332078109565283
1.5 6D 458762279.5 458766537 1.76841493988568e-06 912 0.0582965175438597 0.0110026239116627
1.51 6D 459693961 459700262 1.65390936739069e-06 658 0.0621148 0.0490482139522304
1.52 6D 459821952 459835664 1.63174055237172e-06 1502 0.0139901 0.0297606879150256
1.53 6D 460683644.5 460688252.166667 1.45071141048406e-06 1414 0.0353597687411598 0.0696897101931404
1.54 6D 461199171.5 461204773.5 1.37187524041856e-06 361 0.0471129476454294 0.05376987338984
1.55 6D 461449512 461456511 1.33737229571236e-06 90 0.0258003 0.0265353116049038
1.56 6D 462456835.333333 462461799 1.16678516167388e-06 1980 0.031155765 0.063177440512181
1.58 6D 463790212.5 463793954.833333 9.28415587506126e-07 1081 0.032606932839963 0.0865674838013371
1.59 6D 465209884.615385 465214634.153846 7.38540675619936e-07 3325 0.0355405811102757 0.091376837136624
1.6 6D 467785216.923077 467790315.461538 3.94896051996099e-07 2908 0.0408872550894085 0.090668306189297
1.61 6D 472193400.461538 472198966.307692 1.03198918878367e-09 4553 0.0508074440588623 0.0426442046409694
0 7D 337014 337852 NA 65 0 NA
0.01 7D 2072312.5 2079483.66666667 6.71934927180408e-07 1540 0.0576833559090909 0.0611704970409316
0.03 7D 4835248.36363636 4840356.09090909 7.1069573086396e-07 3952 0.0484314022520243 0.0868938847010667
0.04 7D 6582933.5 6587682.5 7.36074593787688e-07 1331 0.0364068694365139 0.152431546446031
0.05 7D 7202806 7206245.83333333 7.45433678606031e-07 953 0.0463849072402938 0.135235639005004
0.07 7D 10712165 10714174 8.0017939348012e-07 78 0.0153639 0.130352970274475
0.08 7D 11298484.75 11302830.75 8.09639705765247e-07 1045 0.0702357350239234 0.0274680318780078
0.09 7D 12823015.6 12831680 8.34587740344311e-07 2744 0.0203275506559767 0.0220646351062525
0.1 7D 13542435.5 13547186 8.46488989387417e-07 451 0.0582360645232816 0.194724031520444
0.11 7D 14713813.5 14718616.5 8.64824493040641e-07 923 0.0610959166847237 0.00712770153885749
0.12 7D 15780811 15783788 8.78990382044671e-07 455 0.0172728 0.0850533787226159
0.13 7D 16870961.6666667 16874726 8.94475503982329e-07 1087 0.0518803163385465 0.0152374193163367
0.15 7D 18655100.4285714 18659359.1428571 9.22120405519996e-07 876 0.0597380146118721 0.024101690289958
0.16 7D 19557131.5 19562351 9.37174602084096e-07 678 0.0457387613569322 0.137141172148993
0.17 7D 20349988 20356083.3333333 9.51085216406629e-07 1290 0.042803428372093 0.0403086244852089
0.18 7D 21256735 21257984 9.67468277512413e-07 125 0.0323501 0.221983857855153
0.19 7D 22507222.2 22510284.2 9.91512564832434e-07 909 0.0541523060506051 0.0760095215657297
0.21 7D 25172501 25176018.5 1.0586031327322e-06 392 0.075825006122449 0.0205364376455099
0.23 7D 27663124 27667156 1.11819879646901e-06 567 0.0304782074074074 0.187995891660781
0.25 7D 29476129.3333333 29480669.6666667 1.139168007447e-06 481 0.0469149561330561 0.0899421454592104
0.26 7D 30373577 30375769.5 1.14261400931461e-06 129 0.0592634759689923 0.0800900011829972
0.27 7D 31688099 31692864 1.1843592249654e-06 717 0.0390764239888424 0.0382067790057434
0.28 7D 32686306 32691756 1.22545073973307e-06 342 0.0187602 0.0451997313461477
0.3 7D 33754363 33757811 1.25553162872154e-06 107 0.00744469028037383 1.64996275461256
0.32 7D 35388664.5 35391749.5 1.36276071172404e-06 492 0.0428992292682927 0
0.35 7D 37478300.25 37481137.25 1.3965592763325e-06 720 0.0462199413055556 0.00866105672196551
0.38 7D 39501113 39510968 1.31622054239274e-06 251 0.0533091 0.130331782003448
0.4 7D 41052790.3333333 41062170.3333333 1.17856894464043e-06 693 0.0302096480519481 0.0360803810557908
0.41 7D 41774247 41777425 1.09305849346968e-06 110 0.122202763636364 0.0171425092008037
0.42 7D 42495537 42499291 1.03820806314674e-06 271 0.0557164291512915 0.0041166332231777
0.43 7D 42675492.3333333 42681863.6666667 1.03207955179173e-06 1195 0.0485118364016736 0.00839421345033605
0.44 7D 43362708 43366803 1.020772409004e-06 283 0.0178082 0.11788052694826
0.45 7D 44461415.6666667 44465394 9.95706499345252e-07 995 0.0441824629145729 0.0916906836766581
0.46 7D 45225795 45230059 9.73328853249411e-07 514 0.0451559256809339 0.0542859166356465
0.47 7D 46434733 46437868 9.29486300854185e-07 13 0.0451977 0.25267657425046
0.48 7D 46838388 46843665 9.12502432994739e-07 127 0.035445674015748 0.12506639749426
0.49 7D 48092554.5 48096953 8.49395450479998e-07 363 0.015689941046832 0.346890575046187
0.5 7D 50952263.8333333 50957810.8333333 6.64263639801768e-07 2189 0.0423687997259022 0.0432877807333824
0.51 7D 53897179.25 53900524.5 6.27995728983417e-07 562 0.0492606275800712 0.0809111130370202
0.52 7D 56024071.6 56028553.2 5.5444801622998e-07 1222 0.0478658347790507 0.0404868098476856
0.53 7D 58620269.5 58623351 4.93839337045707e-07 715 0.0683379023776224 0.0592390410496625
0.54 7D 60473305.5 60479621.5 5.09532212292636e-07 923 0.0426976175514626 0.0585973864790982
0.56 7D 63353379 63357087 4.76198732891939e-07 319 0.0339357413793104 0.0727801478758282
0.57 7D 64683828 64688450 4.42906662917144e-07 121 0.0501069 0.177874504309786
0.58 7D 66543707.3333333 66548114 4.24969947411112e-07 665 0.0298048389473684 0.12924195349033
0.59 7D 69029391.5 69033355 4.5285487699771e-07 567 0.0351498380952381 0.0741629372810225
0.6 7D 69869767.3333333 69874528.6666667 4.67556361976888e-07 317 0.0437336886435331 0.109158167400536
0.61 7D 73334881.5 73340103.5 5.05687085256093e-07 247 0.0327174570850202 0.0376267762512204
0.62 7D 75165159.5 75170292.3333333 5.08361996312868e-07 1071 0.0432230241830065 0.129021543353922
0.63 7D 77465408 77469335.6666667 5.03344912771888e-07 1293 0.0248412156225831 0.0787256560786801
0.64 7D 78635865 78638014.5 4.99250874975365e-07 510 0.0427486694117647 0.0546595294097767
0.65 7D 81752991.3 81759133.3 4.9000218504022e-07 1458 0.0341419223593964 0.0956401563595105
0.66 7D 82967388.6666667 82972252 4.88910550327122e-07 1318 0.0493365150986343 0.0248890196843603
0.67 7D 84235020 84237142 4.89210167897117e-07 47 0.0727342 0
0.68 7D 87478384 87481357 4.88872676402407e-07 158 0.0482375 0.00803621663643431
0.69 7D 89599111.6666667 89602771.6666667 4.8403267166353e-07 1030 0.0548478783495146 0.0345264987611003
0.7 7D 90851674.4 90856097.2 4.79347902321659e-07 1094 0.0285143794332724 0.0238885938016629
0.71 7D 93424580.5 93432832 4.65860947877518e-07 2504 0.0120315395247604 0.0921341231890697
0.72 7D 95060669 95065742 4.54783083395734e-07 38 0.0212813 0.636676330863246
0.73 7D 97819036.3333333 97827683.6666667 4.30568875746741e-07 1593 0.0140505453107345 0.085258920110058
0.74 7D 100051035.333333 100059998.666667 4.06839034210135e-07 322 0.0222598307453416 0.234911856587058
0.75 7D 101856872.166667 101862660.666667 3.84522068056769e-07 2081 0.0186770181066795 0.0915279732494303
0.76 7D 104379113.8 104384064.4 3.48769025200664e-07 1445 0.01320703383391 0.171937974800111
0.77 7D 106073524 106078186 3.24225252356564e-07 255 0.0605499 0.0930396251686626
0.78 7D 111645718.153846 111650287.538462 2.90617162241943e-07 2704 0.0208501162758876 0.0844756677913046
0.79 7D 116008107.3 116013879.1 2.76082423037597e-07 4215 0.0281214640142349 0.0607499837232522
0.8 7D 122530205.375 122534975.5 2.54574692654093e-07 2049 0.0318301925817472 0.0556496582494952
0.81 7D 129921927.3 129926933.2 2.3728303500673e-07 2952 0.0250505597628726 0.0869589543580135
0.82 7D 136775001.375 136780154.5 2.27619344400274e-07 1879 0.0265674355508249 0.146737892620383
0.83 7D 140030929.1 140035591.5 2.22128387664753e-07 1684 0.0142887338123515 0.0697108675108899
0.84 7D 145988135.3 145994956.9 2.08976152620289e-07 2130 0.0188545076995305 0.050000496836395
0.85 7D 149918319.4 149922332.8 2.01831369825462e-07 1589 0.0230479063561989 0.268898335792399
0.86 7D 153238925.142857 153244509.714286 1.96518388870314e-07 1649 0.0191583429229836 0.11945805269209
0.87 7D 155798696.333333 155804249.166667 1.93037471353771e-07 2845 0.0196593348541301 0.175276096164995
0.88 7D 159404960 159410646 1.8895901230479e-07 318 0.0166872883647799 0.023008370002271
0.89 7D 162428024 162433305 1.86323391553885e-07 218 0.0204974036697248 0.0476180245696814
0.9 7D 166451808.333333 166457029.666667 1.83755302409845e-07 4684 0.00965502545473954 0.126702552366081
0.91 7D 170507090 170513299.111111 1.80939623821968e-07 4388 0.0122347559639927 0.0991580417597992
0.92 7D 175172687.222222 175179266.444444 1.76654570003139e-07 3523 0.0121129280442804 0.130949965453664
0.93 7D 179946571.5 179951489.5 1.6815924270105e-07 627 0.0018680380861244 0.361603169571556
0.94 7D 184224425.214286 184231154.142857 1.60008477465167e-07 4427 0.00699703839981929 0.132196740746611
0.95 7D 190039361 190044327.9375 1.48180143176249e-07 4299 0.0117330877971621 0.157227795140746
0.96 7D 198499325.5 198504042.6875 1.29502988476065e-07 4107 0.00822657125882639 0.183156899924576
0.97 7D 214885054.52459 214889390.065574 8.56968904137212e-08 18463 0.00570495532470346 0.167066192406873
0.98 7D 244981358.089552 244986268.80597 2.42518383664376e-08 15784 0.00512592207503283 0.169924560107346
0.99 7D 320830152.381356 320838204.20339 2.21510187393941e-08 42244 0.00175282127547107 0.23846340672636
1 7D 386912653.6875 386917229.21875 4.19673797872129e-08 8978 0.00605919432120093 0.142225309007744
1.01 7D 396145495.384615 396151310.769231 4.13429439697273e-08 5295 0.00845034103871577 0.106617088016773
1.02 7D 401945746.181818 401949455.818182 4.23841089399887e-08 2123 0.00915943333019312 0.114703970933095
1.03 7D 409175430.857143 409181825 4.52180894989655e-08 5372 0.00900409616716307 0.189723373276313
1.04 7D 416296724.043478 416301112.956522 4.95890763475882e-08 5422 0.0233703863832534 0.136879105990786
1.05 7D 426963424.3125 426971953.4375 5.89845367454028e-08 5265 0.0176170820968661 0.1884775122566
1.06 7D 448412399.041667 448418078.236111 9.04789228551307e-08 21156 0.0225045942730735 0.108876697146818
1.07 7D 470655554.444444 470660915 1.25637501309305e-07 3582 0.0115087931155779 0.12992847747289
1.08 7D 479492669.166667 479499051.722222 1.30634909032678e-07 4224 0.0303219656155303 0.0908831153093762
1.09 7D 485971824.157895 485975422.421053 1.47122650942045e-07 4469 0.0273817995345715 0.0516873364881249
1.1 7D 492576339.857143 492580743.285714 1.75767645549236e-07 1493 0.018037435493637 0.0241081636896055
1.11 7D 497144000.222222 497150259.222222 2.02698341223772e-07 1976 0.0244074806022267 0.0770546834575806
1.12 7D 500638094.9 500643408 2.26983714408268e-07 1737 0.0265919152389177 0.111015025377235
1.13 7D 506446892.222222 506452123.555556 2.60780032799383e-07 2165 0.0151059123602771 0.133193729276261
1.14 7D 510013656.75 510019048.875 2.76503649261143e-07 2222 0.0130487586588659 0.0892446181811472
1.15 7D 512132491 512139646.5 2.86046630307946e-07 604 0.0327575190397351 0.101962775696586
1.16 7D 515025848.8 515029648.2 2.99349919263753e-07 1399 0.00943062201572552 0.128662364953153
1.17 7D 518025755.5 518028946.666667 3.13441462126412e-07 1266 0.0309807980252765 0.039877145529345
1.18 7D 520504173.25 520507748 3.25337207274636e-07 1919 0.0165823741948932 0.0876586173163551
1.19 7D 524619540.25 524624045 3.45555116069237e-07 1634 0.0218266937943696 0.0433278478452201
1.2 7D 527880263.333333 527885363.833333 3.61977439573665e-07 2782 0.0270262979511143 0.110267003112762
1.21 7D 530551253 530556524.8 3.75703817457904e-07 2601 0.0268020612956555 0.070776558319087
1.22 7D 533925029.2 533930171.4 3.93433004910695e-07 1396 0.0262068587750716 0.108524019247859
1.23 7D 535852662.333333 535855553.333333 4.03696786099803e-07 562 0.0701729158362989 0.0293364361279728
1.24 7D 540164133.2 540166869.2 4.26792612599641e-07 580 0.0482481372413793 0.11694425608627
1.26 7D 545165228.142857 545169909.571429 4.38183790551438e-07 788 0.0579493931049069 0.0894614361768378
1.28 7D 549127347.6 549131248.2 4.44394845469717e-07 1049 0.0373369142230696 0.0763520694875036
1.29 7D 550974531 550982061 4.52138064507175e-07 440 0.0105634 0.104094325690592
1.3 7D 553133480.333333 553140008 4.65404764962536e-07 462 0.0277440645021645 0.0269806650582834
1.31 7D 554556929 554561359 4.76528898610605e-07 92 0.0621707 0.0122426158946256
1.32 7D 556379675 556383836 4.9360241543301e-07 777 0.0439910087516088 0.13914842046025
1.33 7D 557403460 557408820 5.04519270574642e-07 364 0.0482246 0.0556120735060529
1.34 7D 560222151 560224171 5.39711591329706e-07 48 0 Inf
1.35 7D 561389866.25 561393192.5 5.566010480075e-07 903 0.0440930471760797 0.126003793909937
1.36 7D 562815135 562819185 5.78712556194592e-07 204 0.01418 0
1.37 7D 565587986.6 565592413 6.06080972893807e-07 906 0.0137256926048565 0.0425380595960228
1.38 7D 567759356 567779639.6 6.25604596695057e-07 989 0.00909268233569262 0.261507591739654
1.39 7D 568915267 568920507.333333 6.36310501894822e-07 1361 0.0371710471711976 0.0360285553004176
1.4 7D 571261410.5 571266054.75 6.59073700092826e-07 1133 0.0352335872903795 0.140724669700547
1.41 7D 572542527 572547121 6.71928443179157e-07 68 0.0340092 0.14410865295273
1.42 7D 574157546.333333 574159994.666667 6.85977625824927e-07 164 0.0598105426829268 0.0605195368424015
1.43 7D 576110800.166667 576116542.833333 6.93354352160738e-07 1997 0.0316852132548823 0.0791851728580789
1.44 7D 576609469 576619325 6.97579343167682e-07 355 0.00580458952112676 0.92178507237362
1.45 7D 577707630 577710350 7.11016761603515e-07 150 0.0427728 0.0774583380092021
1.46 7D 579477776.333333 579481289 7.40247725279672e-07 1116 0.0357659582437276 0.0406545045408635
1.47 7D 580443299 580448253.5 7.4703412996623e-07 837 0.062193064874552 0.0484539647556389
1.49 7D 582207279.5 582210777 7.60485880808951e-07 269 0.0501195007434944 0.0850688388570077
1.52 7D 585204258.571429 585207848.857143 7.89397176517297e-07 1315 0.0466094218250951 0.0827445217480523
1.53 7D 586484621 586488990 8.04031404248684e-07 196 0.0257981 0.0339947127889263
1.54 7D 587698776.125 587703968.375 8.19289490587824e-07 2506 0.0378299306806522 0.108619505809175
1.55 7D 588548206.5 588553435 8.30567756008977e-07 862 0.0343798218097448 0.0756657806454107
1.57 7D 592072163 592083476 8.8423520800344e-07 517 0.0146797 0.306985837585237
1.58 7D 593107653.25 593113092.25 9.01948572192294e-07 689 0.0548880346879536 0.0251113170590932
1.59 7D 593666925 593670309 9.11876899277067e-07 305 0.051933 0.059788958850827
1.63 7D 599489362.5 599491963.5 9.5854934817949e-07 286 0.0765146503496503 0.0177770187984476
1.64 7D 600856559 600861221 1.02462037986834e-06 244 0.0230734 0
1.65 7D 600970124 600972998 1.03194843339617e-06 215 0.0552449 0.0809309094595157
1.66 7D 602312534.75 602316481 1.15174402859069e-06 1446 0.0285382683540802 0.0625206065665529
1.67 7D 603155990 603158677 1.20486879925704e-06 335 0.0609289 0.115089391077141
1.69 7D 605830128 605834086 1.22560461394539e-06 53 0.0757868 0.200351512400576
1.7 7D 607039868 607045723 1.16385727575093e-06 1072 0.0437565700559701 0.0610114364680557
1.75 7D 610811505.666667 610820601 1.18578605696243e-06 2081 0.0268896479577126 0.226225509712866
1.76 7D 611400448.6 611407798.6 1.1918525982723e-06 1462 0.0506465110807114 0.0481343839777259
1.77 7D 611714349 611720230 1.19405282786313e-06 1171 0.0528190862510675 0.0209624025260646
1.78 7D 612377157 612380615.5 1.19579552328872e-06 293 0.0346475501706485 0.0532826240235139
1.79 7D 612889580 612893524 1.19466323443351e-06 334 0.0256762 0.0377315957968858
1.8 7D 613522680 613527897 1.19020585794885e-06 1177 0.0406774751062022 0.0854779843650703
1.81 7D 613732992 613735839.333333 1.18797082291929e-06 781 0.0649596696542894 0.0542044986368179
1.83 7D 614520459 614525417 1.17643695304544e-06 1207 0.0520047924606462 0.0392056348385265
1.84 7D 615478837 615486659 1.15535095633845e-06 488 0.0168971 0.664628841635547
1.85 7D 615903173 615907295 1.14363545901646e-06 83 0.0732347325301205 0.0592225744226833
1.86 7D 616035255 616041322 1.13963783442929e-06 13 0.0484848 0
1.87 7D 616702473.5 616706924.5 1.11723424608966e-06 937 0.0487056398078975 0.0162506952636397
1.89 7D 618029401 618033856 1.06208500991408e-06 161 0.0526115 0.062772397669711
1.91 7D 619006258.75 619010913 1.01177259585693e-06 735 0.0457290227210884 0.0710532557276766
1.92 7D 620181746 620188866.5 9.40687011210614e-07 1100 0.0480203934545455 0.0408283921372133
1.93 7D 622001696 622004702 8.83807042734685e-07 201 0.0386498 0.0801202076078013
1.94 7D 623538788 623542539 8.58340049749066e-07 846 0.0575963228132388 0.0634484038785384
1.95 7D 632636837.125 632642314.1875 5.3785783189773e-07 6587 0.0393037610900258 0.0871987958040304
