poscM Chromosome Start End recRate nb_complete_site piSyn f0
0.03 1A 1187301.33333333 1192894 1.28247397534523e-06 1246 0.0587146983146067 0.0459844324530916
0.07 1A 3119378 3122276 1.23125516685771e-06 111 0.0375212 0.0562569960449026
0.08 1A 3446931 3450200 1.22232163324067e-06 205 0.0748226 0.0182720194165934
0.09 1A 4045713 4048684 1.19607758843423e-06 187 0.0527422 0.0215254577928111
0.15 1A 7654304.5 7662060.5 1.09430463172929e-06 925 0.0565462918918919 0.0462045887492897
0.16 1A 8255691.5 8258805.5 1.07640746907329e-06 226 0.0567467707964602 0
0.17 1A 9119143 9123202 1.05009007971026e-06 16 0 Inf
0.18 1A 9596729.33333333 9599164.66666667 1.03530908642566e-06 575 0.0417440977391304 0.125535491063768
0.19 1A 10041551 10046121.8 1.0221743708854e-06 594 0.0573344281144781 0.0152355265544128
0.2 1A 11564200 11572148 9.80895544252246e-07 274 0.0139681583941606 0.293365504870645
0.21 1A 12142773.2 12146800.8 9.65678198478774e-07 1041 0.0436732402497598 0.0897654406606906
0.22 1A 13520544.6 13524831.4 9.29578847905854e-07 1221 0.0446309985257985 0.0349049821206377
0.23 1A 15315504.4 15319080.6 8.77818919878973e-07 769 0.0537149817945384 0.0799733886565611
0.24 1A 16931434 16934477 8.31349589658753e-07 144 0.10832 0.0111604505169867
0.26 1A 19895297 19897721 7.53136045557493e-07 59 0 NA
0.27 1A 20680816.6 20687929.6 7.33765258736029e-07 1001 0.0256556597402597 0.0822517704836879
0.28 1A 21880748 21888841.5 7.05213074045888e-07 1243 0.0490511729686243 0.0549748841277751
0.29 1A 22534635 22536459 6.90200625240664e-07 36 0.045045 0.0532800532800533
0.3 1A 23966033 23970147 6.57030731184223e-07 140 0.0659187 0.071900386385047
0.31 1A 25539196 25545141 6.09162871839144e-07 191 0.0278484 0.138828083480559
0.32 1A 27560478.3333333 27565736.6666667 5.43591858334617e-07 1788 0.0594355915548099 0.0505938061312563
0.33 1A 29990135.5 29998838.5 4.74435090470062e-07 1309 0.0373958387318564 0.0286881373124922
0.34 1A 33460531.6666667 33468000.3333333 4.20895044671883e-07 1971 0.0333538095129376 0.0924043872590044
0.35 1A 36465356.2 36470099.4 3.27496512177227e-07 2054 0.0314041929211295 0.092499886611281
0.36 1A 41700720 41708624.6 2.19946871558555e-07 650 0.0361209610769231 0.114813594682145
0.37 1A 45259897.4 45264659.8 2.22346599434789e-07 583 0.0210809819897084 0.154437789501199
0.38 1A 49325978.0769231 49334126.4615385 2.21472447013537e-07 4287 0.0116049812223 0.133833748023854
0.39 1A 53404782.8888889 53408807.5555556 1.79008703507941e-07 2301 0.0156206658279009 0.0697281839700377
0.4 1A 58692309.8333333 58697757.75 1.49841176854369e-07 4045 0.0148054176217553 0.116152478670025
0.41 1A 65618718.3333333 65624537.6666667 1.26346662148415e-07 4092 0.0295563860131965 0.0967762200506665
0.42 1A 80001645.4166667 80008350.9166667 4.96744172193202e-08 10924 0.0175834634904797 0.0725198906719257
0.43 1A 156549819.571429 156558092.474026 5.7781499233124e-09 52317 0.00508103390522257 0.125028881977012
0.44 1A 282586801.954545 282592814.125 1.22983865342349e-08 30993 0.00616288555841642 0.123355841613151
0.45 1A 330918901.453125 330926075.546875 3.19983732337017e-08 18888 0.0116462512210398 0.143656146326767
0.46 1A 354005520.705882 354010883.970588 2.46296254836134e-08 10066 0.0107775352868195 0.0945106897821602
0.47 1A 367637531.227273 367642169.272727 1.53563552120849e-08 7797 0.00987124805553418 0.119202879139394
0.48 1A 378963698.117647 378970995.882353 1.41187656700596e-08 5910 0.00902361530456853 0.125730563238059
0.49 1A 393391225.815789 393398844.210526 2.12473090677429e-08 13732 0.0110598436542383 0.114300571653948
0.5 1A 427204781.292683 427210716.609756 7.49539784444733e-08 16271 0.0160023753666032 0.100036119295849
0.51 1A 446839798.235294 446845445.352941 1.28552879206591e-07 9732 0.0222162686148787 0.0837274268088681
0.52 1A 459579312 459583919.5625 1.84604115517254e-07 5059 0.0252899666347763 0.132146596742652
0.53 1A 464822095.35 464825626.5 2.10656120786611e-07 4091 0.0380175673380592 0.0629353502393425
0.54 1A 470385796 470389193 2.39169699750928e-07 1928 0.0276728403319502 0.0748141111446313
0.55 1A 474064866.166667 474070229.166667 2.58489361724945e-07 3521 0.0172295874524283 0.130951474825589
0.56 1A 478699283.5 478703873.833333 2.8443600862686e-07 1021 0.0292151736728697 0.0462253383154679
0.57 1A 481626599.15 481630514.25 3.0218074444736e-07 3802 0.0254687886533403 0.100319848397467
0.58 1A 485454149.4 485460634.4 3.26657645712078e-07 3349 0.0155054323977307 0.220687567382037
0.59 1A 487900652.5 487906443 3.43045997889812e-07 523 0.0224329346080306 0.0630418674407357
0.6 1A 490987794 490994052.4 3.65001003971328e-07 760 0.0397472119736842 0.110230211413273
0.61 1A 493161365.857143 493164799.571429 3.7780228432468e-07 1828 0.0390821708971554 0.0483757835655035
0.62 1A 495092833 495096235.857143 3.84910303189868e-07 1805 0.0225654167867036 0.0472479310525265
0.63 1A 496607290 496610256.5 3.8843476151178e-07 595 0.0231184070588235 0.0512007432223857
0.64 1A 498253720.818182 498257510.909091 3.90144308614766e-07 1624 0.0247081075566503 0.0662560850067986
0.65 1A 500434347.833333 500438434.666667 3.89121065614793e-07 1821 0.026435347446458 0.116749922744699
0.66 1A 502887029 502891508.6 3.89670042980646e-07 2394 0.0161794228905597 0.0690931285017844
0.67 1A 505943579 505949578.2 3.96583640359256e-07 2919 0.0119207340733128 0.176736568845108
0.68 1A 510853855.5 510856882.5 3.78635585596112e-07 425 0.0306520924705882 0.075678848386921
0.69 1A 513906871.166667 513912990.5 3.26937593148355e-07 1363 0.0479067874981658 0.0417430896730919
0.7 1A 516704293 516708183.5 3.30881112283846e-07 1301 0.0454164664873174 0.0345351999117218
0.71 1A 518653009.571429 518665080.714286 3.45070354111688e-07 2979 0.0247545335045317 0.0640140073305958
0.72 1A 520449893.75 520455167.5 3.45196544029617e-07 885 0.0438985251977401 0.0511743427603097
0.73 1A 521302235.25 521305933.375 3.47035762769044e-07 1454 0.0468324711141678 0.0649499532949935
0.74 1A 522229516 522235237 3.50624290887924e-07 223 0.0502284 0.0399184525089392
0.75 1A 529710605.916667 529716440.333333 4.34976178264029e-07 5581 0.0262091318222541 0.075065380081983
0.76 1A 532529794.1 532535091.4 4.62779067051802e-07 3190 0.0268499276489028 0.037128578358533
0.77 1A 534577772.6 534582227.8 4.65761339409254e-07 787 0.0722098708703939 0.0443296623377695
0.78 1A 536526751.5 536530821.25 4.42374430056734e-07 1149 0.0420662916449086 0.108074218451807
0.79 1A 537466617.5 537471608.25 4.34789335272551e-07 1578 0.0273987060836502 0.116907281259815
0.8 1A 539329708 539335195 4.67218193675858e-07 77 0.0297694 0
0.81 1A 540142069.2 540147141.8 5.03218876199705e-07 1065 0.052282685915493 0.0739612613879723
0.82 1A 541776360 541780380.8 6.1207310153611e-07 1120 0.0484837472321429 0.0291517274817843
0.83 1A 542286495 542293205 6.56670797155275e-07 1006 0.0196694968190855 0.0611665508983751
0.84 1A 544198322.75 544202567.75 8.20068956772841e-07 1079 0.0533243802594995 0.0627481824336766
0.85 1A 546772314.875 546778076.375 1.05265988957146e-06 2128 0.0493011455961332 0.0487765174615465
0.86 1A 549793612.111111 549798133.222222 1.28115013409268e-06 1982 0.042110696518668 0.0971021160226991
0.87 1A 551573445.8 551577292.2 1.40303742094788e-06 1498 0.0280450930574099 0.07124518406836
0.88 1A 552211319 552213816 1.47409451758736e-06 68 0.0706061 0.0431971175295052
0.89 1A 553704158 553707207 1.60887420646116e-06 314 0.0878555 0.0309322694652014
0.9 1A 554184133.666667 554188165.666667 1.64333297675776e-06 471 0.0253420433121019 0.181449293699089
0.93 1A 556297389 556306081 1.74436526871546e-06 498 0.0234358 0.0665247185929219
0.94 1A 556792217 556795702 1.75590047225938e-06 516 0.0187049 0.207928938406514
0.95 1A 557154343 557156185 1.76149604317872e-06 161 0.0148467 0.521686300659406
0.96 1A 557487151 557491334 1.76450617803736e-06 474 0.00200312 0.262351232077958
0.98 1A 557932558 557937076 1.76528779886154e-06 154 0.056573 0.00705969278631149
0.99 1A 558184883 558189224 1.76409132394855e-06 407 0.0732769 0.0467091266142536
1 1A 558505998 558517659 1.76080570943263e-06 1026 0.0258474 0.157115222420824
1.02 1A 558965290.5 558967725 1.75290492590564e-06 277 0.0287182599277978 0.0958684835293914
1.07 1A 560438336.333333 560444843.666667 1.70076565783669e-06 618 0.0393652372168285 0.121027268954621
1.08 1A 560946979 560952119 1.67343969526347e-06 167 0.0360168 0.100559738788565
1.09 1A 561335324 561346990 1.64908765145755e-06 1565 0.0162205 0.181644832156839
1.1 1A 562017139.666667 562021447 1.60015284812152e-06 1155 0.0245311278787879 0.100270636977469
1.11 1A 562661504.25 562664108.25 1.54544513456946e-06 782 0.0408430700767263 0.104358721189489
1.13 1A 563684317 563686065 1.44361574644128e-06 173 0.0169078 0.021188563858101
1.14 1A 564264417 564269505.666667 1.37662985299256e-06 920 0.0462664769565217 0.0928925236383707
1.16 1A 566026205.25 566032289.75 1.22608989415872e-06 1219 0.052173546923708 0.0655395234322218
1.17 1A 566493114 566497298.333333 1.21351037919711e-06 711 0.0311997701828411 0.189044104989666
1.18 1A 568221098.8 568224846.2 1.15227498355973e-06 637 0.0208409965934066 0.031872558383359
1.19 1A 570759148.75 570762802.25 1.06073847230925e-06 729 0.0336086367626886 0.0438032125389155
1.2 1A 571948972.25 571951145.5 1.01467374042132e-06 383 0.0602501613577024 0.0568333288278942
1.21 1A 573399132.625 573403679.5 9.53147864575045e-07 1860 0.0508204025215054 0.0367813696469974
1.22 1A 575350363 575355818.5 8.84526555334392e-07 155 0.0485490219354839 0.0756770821760949
1.23 1A 576630063 576634555.333333 8.38887716100773e-07 1523 0.0145132634931057 0.212516437802045
1.24 1A 577614065.5 577620720 8.02881827021196e-07 1105 0.0204239085067873 0.0926924074419764
1.25 1A 578516213 578522072 7.69298887934663e-07 694 0.0755843 0.0319300436730908
1.27 1A 579582112 579586190.5 7.28746333121475e-07 577 0.042642372270364 0.0488385914291124
1.28 1A 580456142 580461126 6.94844470758705e-07 772 0.0482748323834197 0.166178285660204
1.29 1A 581886716.2 581890227.2 6.3806184087971e-07 1200 0.046340208 0.101373222148679
1.3 1A 583243679.666667 583247348.333333 5.83062599344461e-07 781 0.0313982029449424 0.131916771540197
1.31 1A 584592927.5 584597374 5.2985549296462e-07 525 0.0556097860952381 0.0312935461852608
1.32 1A 586993497 586999171 4.35424696719433e-07 320 0.0511028 0.0223987726699907
1.33 1A 590696372.571429 590702052.714286 2.93264966080824e-07 3920 0.0174788011785714 0.0935746063815459
0 2A 1453804.4 1461829.8 6.10830168904034e-07 1833 0.0275563888597927 0.161370372710564
0.01 2A 4249035.5 4253887 5.18946816973468e-07 1230 0.0640682194308943 0.0483596276229944
0.02 2A 5729395 5732325 4.55603497037554e-07 554 0.0595986025270758 0.0844098657148147
0.03 2A 7687208 7692711 3.80057626927135e-07 291 0.0607913 0.0213023903091396
0.05 2A 16648251.25 16652522 1.19247804965692e-07 4058 0.0464910395761459 0.0837882062061461
0.06 2A 21396309 21401317 5.83360703499767e-07 327 0.0337018247706422 0.245470934173049
0.07 2A 24231328.25 24238049.75 8.35760105239111e-07 968 0.0652000944214876 0.0842281489496271
0.1 2A 27238197 27251005.3333333 9.92973995209054e-07 1881 0.0309552684210526 0.104563294095823
0.11 2A 27797823.5 27800113 1.00979114212098e-06 86 0.0573653488372093 0.0943355643752204
0.12 2A 28811046.5 28817479.5 1.03030054589097e-06 826 0.0292071092009685 0.153174094127685
0.13 2A 29305452.75 29312962.5 1.04594539431222e-06 2649 0.019372311211778 0.0509106352700988
0.14 2A 30076961 30080986 1.12277646581935e-06 776 0.106600126632302 0.0381924315651179
0.15 2A 30743568 30750028 1.15256237800906e-06 4042 0.0383805412419594 0.042416860211364
0.17 2A 32339948 32347748.3333333 1.08629885755241e-06 1232 0.0246224579545454 0.142586203819405
0.18 2A 32978783 32982491 1.0374965612961e-06 497 0.0366635309859155 0.262623231066256
0.19 2A 34419601.5 34425665 1.106107273661e-06 553 0.0340590566003617 0.0189188875276808
0.2 2A 35492638 35498995 1.05978551706385e-06 207 0.035357 0.0300248889894505
0.21 2A 36084210 36088343.6666667 9.98025565314615e-07 1207 0.0739141380745651 0.0367449535536151
0.22 2A 36916706 36921365.5 9.13133922048223e-07 1341 0.0418876090380313 0.0723079075110018
0.23 2A 38419405.5 38422846.5 8.58650758333189e-07 486 0.0496973506172839 0.0440346957909722
0.24 2A 38777678 38785762.5 8.49766545324801e-07 1329 0.0301647195485327 0.103183824522564
0.28 2A 42447219.6666667 42451099.6666667 8.47429255122983e-07 516 0.0729365252131783 0.0526751550075717
0.29 2A 44117700.25 44122015.5 8.72034280945358e-07 701 0.0498685011412268 0.0699945805830056
0.3 2A 48542629.3333333 48551227 9.39178035801125e-07 2528 0.017078471119462 0.179715160226341
0.31 2A 50047788.6666667 50052332 9.56507314099474e-07 203 0.0170677093596059 0.0815745880288448
0.32 2A 51374542.6666667 51379283.6666667 9.60145451494812e-07 1503 0.0465822124417831 0.0522874339855536
0.34 2A 52746090 52748912 9.54111150590793e-07 77 0.0160843 0.116883544823213
0.35 2A 53701700.8 53708731.2 9.43578263429286e-07 1329 0.0212302217456734 0.18453391437346
0.36 2A 54705404 54707580 9.27272103490306e-07 94 0.00939383 0
0.37 2A 55362377.5 55366716.5 9.13423075064561e-07 601 0.0468698525790349 0.178629855816198
0.38 2A 55908376.2 55913425.6 9.00290894821375e-07 1268 0.0286997994479495 0.0220828140466375
0.39 2A 56934157 56942731 8.70975765443643e-07 19 0 NA
0.4 2A 57638671 57648145.5 8.59753649619392e-07 2098 0.0224291146806482 0.0922475975609684
0.41 2A 58041461.6666667 58048695 8.65887597689952e-07 1041 0.043781799807877 0.0392637586548976
0.42 2A 58671787 58674374 8.75686355916435e-07 233 0.0661926 0.0728197713943855
0.43 2A 59554058 59558659 8.73803503636968e-07 249 0.0686217 0.00919553144267776
0.44 2A 61440419.6666667 61448957.3333333 7.90654765640311e-07 764 0.0400581397905759 0.0857666221062169
0.45 2A 62452933 62456843 7.56960392263731e-07 510 0.0461997874509804 0.0783330893517904
0.46 2A 63546357 63552089 7.34104416269291e-07 503 0.0186212276341948 0.438507272344379
0.47 2A 65315130.75 65321718.5 6.95049884141254e-07 1616 0.0122248763366337 0.116521079216651
0.48 2A 66914561 66917766.5 6.57281347100821e-07 440 0.0952858718181818 0.0354855688374063
0.49 2A 69033466.25 69038875.5 6.04049953744918e-07 1507 0.0370831506303915 0.054275484094748
0.5 2A 70896303.2 70899881 5.5402895486365e-07 1862 0.0493395415682062 0.0869350458028261
0.51 2A 73342760.5 73348533 4.83865830881955e-07 1083 0.0181962301939058 0.0843463497225865
0.52 2A 74892034 74897082.75 4.3656241686812e-07 2394 0.0158570817878028 0.23433401716541
0.53 2A 78436842.3636364 78442170.8181818 3.21001048008967e-07 2392 0.0304280431730769 0.07514108435622
0.54 2A 81389300.4444444 81396303.1111111 2.26570650192234e-07 4710 0.0194438097643312 0.100100044786914
0.55 2A 116514788.043103 116519619.068966 2.12701939561081e-08 30796 0.0209052726592838 0.0952886351270043
0.56 2A 183003001.369748 183008635.739496 4.29492933387009e-08 41887 0.0067512033137402 0.131399882257997
0.57 2A 231347815 231369634 1.68898999431179e-08 705 0.00072864 0.242451690821256
0.6 2A 268194532.677419 268207030.774194 3.97741111562031e-09 12025 0.00197785257147609 0.237775753942612
0.61 2A 406434329.428571 406442166.445714 3.28898010779985e-09 64998 0.00256485281051725 0.220214370788137
0.62 2A 504786970.578125 504791952.515625 3.08460274227581e-08 18567 0.0091299098397608 0.117559424568288
0.63 2A 533317331.442308 533322531.153846 4.57413587451931e-08 14274 0.012110649204848 0.110681917515373
0.64 2A 552383288.032258 552389065.193548 5.33539981176987e-08 7701 0.0221114503233346 0.102970405933962
0.65 2A 568761693.888889 568765921.833333 5.20610385464268e-08 8430 0.0161243614572445 0.156986573820337
0.66 2A 583710781.151515 583716290.060606 4.74467884698365e-08 9313 0.0163512796327714 0.0714041852490269
0.67 2A 598950037.575758 598953968.454545 5.22335034649381e-08 9304 0.0164809188048151 0.0668696866747943
0.68 2A 609503847.190476 609509800.142857 6.16686653233637e-08 6840 0.0302881846169591 0.090337455609713
0.69 2A 619341111.583333 619345647.083333 7.55567563004118e-08 8848 0.0270656101514467 0.109399507137365
0.7 2A 633492312.368421 633496357.315789 1.03105209755306e-07 4662 0.0227389445259545 0.0915859536664004
0.71 2A 639251872 639256832.428571 1.17004318020868e-07 2703 0.0112468035442101 0.131961497594556
0.72 2A 645768689.357143 645773158.142857 1.35094255163453e-07 3843 0.0201249118553214 0.149023223046521
0.73 2A 654194559.363636 654200607.545455 1.60633927473799e-07 2561 0.016992119886763 0.141335807811686
0.74 2A 661544349.777778 661549592.444444 1.88869061231557e-07 3744 0.0229791823931624 0.0992019998952303
0.75 2A 666983594.666667 666988214.166667 2.12061101159218e-07 2054 0.0302119370642648 0.140406941069949
0.76 2A 670993122 670998247.857143 2.29584122705795e-07 2569 0.0150270478863371 0.117153268551664
0.77 2A 675111185.666667 675118160.833333 2.47942525068037e-07 2685 0.0208018901303538 0.116195898972438
0.78 2A 678704046.066667 678708375.8 2.64253017214707e-07 3797 0.026665680015802 0.0773649001398169
0.79 2A 682090222.555556 682096406.777778 2.79901585236822e-07 1936 0.0238438386983471 0.17081151951834
0.8 2A 685552928.5 685557748.4 2.96139968087095e-07 2994 0.0279351625517702 0.0879148084083093
0.81 2A 689073146.2 689078335.8 3.12920959066534e-07 2436 0.0297386076765189 0.0524203238688843
0.82 2A 691825707.2 691830792 3.25945388912505e-07 651 0.0375938559139785 0.0358632580751237
0.83 2A 695018107.111111 695022518.444444 3.37712792648073e-07 2440 0.0331003145491803 0.068481192767626
0.84 2A 699167631.666667 699170772.666667 3.48737501277846e-07 323 0.0468608247678019 0.067802601345091
0.85 2A 702527299.25 702529061 3.60195798204621e-07 195 0.0233980364102564 0.375524801325099
0.86 2A 705051985.777778 705056243.666667 3.70529662689683e-07 2135 0.0292679933723653 0.139768634393906
0.87 2A 707280430.5 707284854 3.81069309000634e-07 1271 0.0333743479150275 0.0610541632956571
0.88 2A 710317556.5 710321811.333333 3.97634941188983e-07 2637 0.0183135880394388 0.154201049388104
0.89 2A 712794144.666667 712796918.333333 4.12759201666108e-07 1012 0.0483043273715415 0.0770886550964561
0.9 2A 715315536 715319580.5 4.29871232356198e-07 1039 0.0235873488065448 0.114592749902711
0.91 2A 717784603 717789859.166667 4.48159546033041e-07 1811 0.0323807470900055 0.11743165483666
0.92 2A 719954719 719956628 4.7643903095103e-07 234 0.0207225393162393 0.023245938369019
0.93 2A 722132281 722142129 5.1204088553919e-07 1066 0.00978442 0.0985467712955903
0.94 2A 722979534 722984627.25 5.17896496470296e-07 890 0.0395576201123596 0.0470979495849575
0.95 2A 725015123.142857 725020110.285714 5.26348165215492e-07 2302 0.023220678931364 0.147502089689152
0.96 2A 727037681.6 727045395.6 5.41264715815529e-07 1242 0.0204725329468599 0.119548774063953
0.97 2A 729184615.571429 729189755.428571 5.63834045446685e-07 4909 0.0237381990344266 0.0639710658187491
0.98 2A 730694743 730700746.75 5.73280239858837e-07 904 0.0138209856637168 0
0.99 2A 732581817 732588435 5.72369990708213e-07 542 0.0189986 0.517937111155559
1 2A 734050965.6 734055191 5.60438682184489e-07 1341 0.0369080573452647 0.0601898805518598
1.01 2A 735101762.8 735107179.2 5.5057683191783e-07 1449 0.0526069022084196 0.055082978999574
1.02 2A 737427605 737431215 5.41279393218019e-07 238 0.0591052 0.0158385725790624
1.03 2A 738846756 738852672.5 5.2649716087293e-07 1124 0.0326817164590747 0.206753189046387
1.04 2A 740518656.4 740524955 5.14868078539892e-07 1438 0.0497191795549374 0.0619663396786616
1.05 2A 743269968.125 743274747.5 4.85680945459963e-07 2955 0.0431293614247039 0.0254347074110619
1.06 2A 745963949.666667 745970089.444444 4.44937533490277e-07 3625 0.0409087800827586 0.0664633974354884
1.07 2A 748154957.75 748160028.75 4.2062193935717e-07 986 0.0487837904665314 0.0372496133090661
1.08 2A 749957521 749960280 4.00174111281385e-07 80 0.0194617 0.9130651484711
1.09 2A 753431061.25 753434087.25 3.22186450815034e-07 686 0.0686673851311953 0.0715225226216285
1.1 2A 757575888.076923 757580222.153846 2.3095469927108e-07 2859 0.0432059720111927 0.0615598712398602
1.11 2A 769218627.566038 769223228.301887 6.21765103506778e-08 15633 0.0392040224737857 0.0682655397931765
0.02 3A 1267210.33333333 1269894.33333333 3.89744193263138e-08 456 0.0325547600877193 0.134820472194132
0.07 3A 8144767 8148847.14285714 3.77056984417207e-07 498 0.0592445468473896 0.118566226314331
0.08 3A 12118055 12122533.75 5.67096195540319e-07 1724 0.0247184652784223 0.0307265617885697
0.09 3A 13088397.2857143 13095047.4285714 6.31294763378062e-07 2014 0.0240025116688183 0.149204795626285
0.1 3A 14738238.6666667 14741410.3333333 6.82901613321325e-07 528 0.0529917227272727 0.136649860797299
0.11 3A 15736184 15740490 7.35690615169131e-07 58 0.0382288724137931 0.318898615444384
0.14 3A 19954872 19960365.5 1.14771832978724e-06 343 0.0369650311953353 0.126270662533104
0.15 3A 20557716.5 20562235 1.20214476267404e-06 839 0.0382940982121573 0.0425724209038905
0.16 3A 21374283 21377416 1.26112975074986e-06 132 0.0393385 0.0643346848507188
0.17 3A 22007651 22010000.5 1.28580108413897e-06 144 0.0749923361111111 0.028865317015172
0.18 3A 22614644 22618969 1.27086032782751e-06 205 0.0567569 0.0671624066853546
0.19 3A 23650870 23658078 1.20256713265469e-06 758 0.0606024 0.0141037978693913
0.2 3A 23945250 23947339.6666667 1.17758668765425e-06 269 0.0758726234200744 0.0461200043859461
0.21 3A 24843743 24845742.5 1.11278232612569e-06 119 0.0606275697478992 0.152296084949455
0.22 3A 25182423.5 25187603.5 1.10690670911857e-06 716 0.0505542731843575 0.0379207349800036
0.23 3A 25906101 25909271 1.0929662599047e-06 39 0.013544 0.37536252215003
0.24 3A 27007424 27010880 1.10378797369014e-06 83 0.0475098 0.0368031437724427
0.25 3A 27585200.3333333 27587831 1.11418528679896e-06 390 0.0429058646153846 0.0426455908794776
0.26 3A 28476216 28477243 1.12541959669079e-06 171 0.0563532 0.0184562722258896
0.29 3A 31862327.2 31868280 1.1147682169245e-06 1491 0.0443723554661301 0.0638519696328773
0.3 3A 32515687.5 32519099.5 1.10318923193911e-06 313 0.0290281629392971 0.0441285212168639
0.31 3A 34525419 34529494.5 1.04756655795829e-06 793 0.0626909823455233 0.0513310676647313
0.32 3A 36488189 36491226 9.6458410167812e-07 214 0.0471756 0
0.34 3A 38464755 38469691.5 8.95323266658111e-07 621 0.0355629236714976 0.0776085794467339
0.37 3A 40349096 40361359 8.48398860185471e-07 655 0.0249246 0.0367532879163557
0.38 3A 40826191 40831652 8.37238073414822e-07 114 0.0508034 0.0661768700520044
0.39 3A 42377594 42383947 8.02393357577891e-07 84 0 NA
0.41 3A 44628017 44634421 7.56541068273447e-07 372 0.0308438 0.321689610229609
0.42 3A 45775723 45784143.6666667 7.35312932344385e-07 1018 0.0293960993123772 0.0581009393174537
0.43 3A 46961049 46964959.75 7.14572197740358e-07 875 0.0494392581714286 0.0514708193876298
0.44 3A 49478053 49482396 6.74748056184826e-07 295 0.051276 0.115064552617209
0.45 3A 52690691.875 52694376 6.29947559845961e-07 1487 0.0364840755884331 0.0914292391191356
0.46 3A 54423338.3333333 54427149.3333333 5.99174388636788e-07 556 0.0371258947841727 0.122657007394754
0.47 3A 56196427.625 56201197.125 5.65386142592948e-07 2227 0.0446560086214639 0.0604986957366114
0.48 3A 57709050.5 57713127.625 5.34015659500386e-07 1360 0.0290200327563025 0.167206747079122
0.49 3A 60112357.5 60117647.75 4.83574746416422e-07 755 0.025934207615894 0.0881567949319334
0.5 3A 61343187.5 61347060.5 4.59100518677683e-07 779 0.0399574671373556 0.194136572736783
0.51 3A 63068658 63072300.6 4.2650371515337e-07 1032 0.0494406363372093 0.0965257812209826
0.52 3A 64391115.75 64393657.25 4.02758876713553e-07 483 0.0301105273291925 0.0602190307184819
0.53 3A 66252749.3333333 66255925.6666667 3.71261667931209e-07 979 0.0110609642288049 0.210160708097421
0.54 3A 68261085.8333333 68268572.8333333 3.38993931630995e-07 2186 0.015620313673376 0.145646055505006
0.55 3A 71698371.5 71702402.6666667 2.80653409673263e-07 1576 0.0296561639593909 0.0562217719677626
0.56 3A 77317863.8181818 77323460.5454545 2.25698137377808e-07 4123 0.0179428267111327 0.0620236401044916
0.57 3A 84223340 84229772.3076923 2.02303831365287e-07 3317 0.0247416751768667 0.103439858329847
0.58 3A 96641546.5714286 96648154.9285714 1.44629373861388e-07 7354 0.0180876428651074 0.067788835562296
0.59 3A 110112831.566667 110116508.533333 7.6857484698088e-08 6679 0.0160269308863602 0.141162585842459
0.6 3A 120601325.066667 120606230.733333 2.67769557858792e-08 5118 0.0143862150820633 0.164840971163502
0.61 3A 133300726.055556 133305666.055556 1.05789515480246e-09 3741 0.0117629710769376 0.0791150812241508
0.62 3A 145305261.35 145310518.9 0 5457 0.0122775685138354 0.122136113056123
0.63 3A 167027676.571429 167032666.904762 4.4944041955547e-09 11493 0.00406665625859219 0.170243982001556
0.64 3A 294067462.865497 294076100.093567 9.80349129037682e-09 63967 0.00144515183683774 0.254045195026254
0.65 3A 430864246.548781 430869817.5 2.37538275019163e-08 24441 0.00290628779243893 0.196335586431773
0.66 3A 468266490.3 468272057.86 3.85685157643027e-08 17089 0.00689981429117415 0.1219051351564
0.67 3A 490885914.819672 490892041.508197 3.89952439005534e-08 18761 0.0135314823127765 0.0959676762408008
0.68 3A 507965240.380952 507969918 3.83796113337359e-08 10508 0.014251310467263 0.11774599340686
0.69 3A 516225394.142857 516231094.333333 3.43343495715896e-08 4795 0.0192441277476538 0.0703078652839277
0.7 3A 520236547.2 520240962.6 3.14565930074487e-08 937 0.0114057827033084 0.0718169405523441
0.71 3A 535563260.666667 535568502.463768 3.75191996336915e-08 20797 0.0170233193059929 0.114274558211993
0.72 3A 556173891.1 556177508.8 7.81590363113306e-08 1286 0.0138164147917747 0.135384573612389
0.73 3A 561057150.9 561066101.6 8.79358488708784e-08 4370 0.0163639671189931 0.112850442234363
0.74 3A 565853289.833333 565860146.083333 1.05199646533609e-07 4925 0.00664687332385787 0.195917265156477
0.75 3A 571790884.166667 571794688.333333 1.41123902206334e-07 1410 0.0269906585815603 0.0744236433826228
0.76 3A 575239683.6 575242948.533333 1.59589622253453e-07 3274 0.0268351054062309 0.108507360509636
0.77 3A 577727717.6 577731453.6 1.68438560221545e-07 962 0.0253663381496881 0.0820336123011879
0.78 3A 579462875.5 579466187 1.74498084261722e-07 657 0.0432503557077626 0.0406624491139667
0.79 3A 581260178 581263228.666667 1.80670159411026e-07 767 0.0369568937418514 0.0600814196390576
0.8 3A 583283674.5 583287752 1.87497434227503e-07 1293 0.0150975306264501 0.153824107137858
0.81 3A 585177581.4 585181036.4 1.93773190242577e-07 797 0.0342844776411543 0.211113167034748
0.82 3A 587835189.222222 587842583.555556 2.02378976895596e-07 2784 0.0123625438577586 0.0790560855219762
0.83 3A 595115508.611111 595120315.055556 2.24440245396302e-07 5222 0.0306558539697434 0.133054589392746
0.84 3A 601403626.266667 601408400 2.42100345740773e-07 4522 0.0263429924891009 0.0868434502704159
0.85 3A 605078617.125 605082582.625 2.51808200760515e-07 1477 0.0294952558090724 0.092603907469844
0.86 3A 609782191.875 609788469.5 2.63975573337222e-07 3576 0.0115734422986577 0.189620834372624
0.87 3A 614745928.1875 614750503.875 2.76453065432727e-07 3536 0.0368132988404977 0.0769464689542759
0.88 3A 621119390.5 621130470 2.92009747556432e-07 1253 0.0141182877094972 0.189185432545207
0.89 3A 624174630 624177559.555556 2.99239410356589e-07 2124 0.0345226134416196 0.131943893725779
0.9 3A 628169578.888889 628175811.888889 3.08517307208672e-07 1484 0.0268241445080863 0.0174743775694024
0.91 3A 632249197.9 632257551 3.17750301762202e-07 3994 0.0229493422558838 0.127239475377762
0.92 3A 635285478 635290437.5 3.24476500837637e-07 1183 0.0337672617075232 0.0442631406433156
0.93 3A 639048378.8 639054927.3 3.32624464178553e-07 4171 0.0268118824742268 0.0520007816824986
0.94 3A 642917453.333333 642922517.333333 3.40595773354131e-07 2991 0.0284092018054162 0.0790132762513249
0.95 3A 645460476.833333 645464977.166667 3.47710188429633e-07 1407 0.0470557935323383 0.0486396232608174
0.96 3A 647719795.25 647723788.416667 3.58828447063342e-07 2694 0.041549143986637 0.0767720387597396
0.97 3A 649881823 649887416.666667 3.72690238597302e-07 2457 0.0260726705209605 0.153214049704153
0.98 3A 652873346.111111 652877788.777778 3.52616763666866e-07 1818 0.0406807058030803 0.0615795879313462
0.99 3A 654685340.5 654688305 3.38327125684544e-07 158 0.0232775586708861 0.177466612890021
1 3A 656375339.8 656379870 3.29558301542684e-07 527 0.019400189373814 0.332422655394177
1.01 3A 658408220.2 658413323 3.23994819557004e-07 1280 0.018840438203125 0.111731905585446
1.02 3A 660034930.375 660040170.125 3.23512307584748e-07 1821 0.0291303622844591 0.121187938518203
1.03 3A 661791366 661792519 3.2705607361022e-07 67 0.00413508 0.250822233185331
1.04 3A 663348280.4 663356128.8 3.33856696235671e-07 1326 0.0312442955279035 0.0463677814039542
1.05 3A 670154135.5 670158789.25 4.0480262874248e-07 3370 0.0368301336023739 0.0514353864111522
1.06 3A 674573375.75 674578325 4.80947742730305e-07 1939 0.0286130509541 0.0809762712139109
1.09 3A 679928392 679932970 6.13029778657194e-07 1654 0.0107287223700121 0.125756331527613
1.1 3A 681683646.333333 681687515.166667 6.96527491182249e-07 1281 0.0371755145979703 0.0346899308006914
1.11 3A 683323661.75 683327920.25 7.85588953635423e-07 2648 0.0379240581382175 0.0445617875789025
1.12 3A 684590463.5 684596477.5 8.43172103272796e-07 912 0.0391233026315789 0.0236638891514042
1.13 3A 686479328.5 686483612 9.09976975075785e-07 628 0.0321316152866242 0.0317439283761161
1.14 3A 687523455 687528343 9.37537062264818e-07 446 0.0235674 0.274907711499784
1.15 3A 688645982.75 688650238 9.59050142804006e-07 601 0.0557652673876872 0.066281688340428
1.16 3A 689492814 689498441 9.70225661015953e-07 738 0.0339596 0.084797229649348
1.17 3A 691577531.5 691581822 9.77414378393213e-07 221 0.0429539986425339 0
1.18 3A 692924214.2 692931739.6 9.68426416758255e-07 2053 0.0320480332683877 0.0740913333871868
1.19 3A 693442867 693444202 9.61911764398053e-07 30 0.0437158 0
1.21 3A 694963927 694968387 9.32381548649203e-07 286 0.0100442 0
1.22 3A 695728816 695732219 9.19616449717503e-07 432 0.0426455 0.210597132171038
1.24 3A 697318919.5 697322172.5 9.25585699708416e-07 199 0.0341849070351759 0.25577730276071
1.25 3A 697737854 697741865.5 9.11753133376619e-07 511 0.0460123982387476 0.0313286410871434
1.27 3A 699796540 699807571 7.46547705765944e-07 130 0.0194445343076923 0.148016714176821
1.28 3A 702165193.75 702168428 4.94785190520442e-07 673 0.0346279476968796 0.0915053002734807
1.29 3A 705137640.5 705143313 1.44075942486392e-07 432 0.0459569231481482 0.0563728630174348
1.3 3A 708931624 708933721 1.54277845906323e-07 217 0.0460764838709677 0.153364210998803
1.31 3A 712075978.333333 712080627.333333 6.4015636881593e-07 798 0.0239980350877193 0.143378923253533
1.32 3A 714151974 714157914 8.36791426569715e-07 24 0.0840108 0.0428173520547358
1.33 3A 714598139.666667 714603844 8.69481557099115e-07 242 0.0388259690082645 0.291222761412191
1.35 3A 716365004 716371153 9.63959671252957e-07 417 0.0223529 0.049931776190114
1.39 3A 718399151 718401813 9.97066259864105e-07 225 0.0306658 0.0786941804877094
1.41 3A 721581705 721584154 9.93940977056418e-07 179 0.0370732 0.0433652881326673
1.42 3A 722274947 722281449 1.02888011959703e-06 300 0.0509695 0.0278423370839424
1.43 3A 724364307.833333 724368766 1.12032530078276e-06 1367 0.0424829773226042 0.0160278861553567
1.44 3A 726058508.2 726064052 1.23084019631863e-06 1195 0.0332866314644351 0.0504428382152267
1.45 3A 727147972.5 727150024 1.28468529427744e-06 160 0.051095681875 0.00735054225656128
1.46 3A 727989884 727993508 1.3153957337639e-06 543 0.0727053 0.0129920789818624
1.47 3A 728740673.666667 728743416 1.33441706699817e-06 495 0.0545862355555555 0.0709806515547898
1.49 3A 729873561 729877104 1.34971102145524e-06 226 0.0430702 0.122190981235286
1.51 3A 731010610.5 731015160.5 1.34748105046253e-06 484 0.0516658022727273 0.0434035508637255
1.53 3A 732056723 732063947 1.33023612446274e-06 61 0.0204106 0.244007035559954
1.54 3A 732752557.25 732757710.25 1.31065679261971e-06 1070 0.0471492440186916 0.0520323746838561
1.56 3A 734006530 734010508 1.25917816452663e-06 301 0.0410144255813953 0.13652435844609
1.59 3A 735890842 735894915 1.14229104407113e-06 615 0.0659305658536585 0.0699206578450677
1.6 3A 737295044 737301603 1.02826395407725e-06 82 0.0474188 0.183672720524349
1.61 3A 738129361 738132878 1.01982672345513e-06 166 0.0549046 0.0164739202179781
1.62 3A 739139795.333333 739143697.333333 1.0069690339771e-06 1113 0.0470561118598383 0.077627064971514
1.63 3A 739583615.5 739586804.25 9.98666409374133e-07 687 0.0523489637554585 0.0423067791164901
1.65 3A 742205430.5 742209610 9.16780173858037e-07 643 0.0594136646967341 0.0880608014456168
1.66 3A 744073969.75 744079777.5 8.23462152672983e-07 1535 0.0334492176547231 0.0858963020867195
1.67 3A 745357952 745361441.5 7.62719726795039e-07 291 0.0529324144329897 0.0642337003097628
1.68 3A 746616990.666667 746620406.333333 7.10094489432644e-07 479 0.0489272204592902 0.0792647752987772
1.69 3A 749374690.5 749380155 6.01765211509442e-07 119 0.166618729411765 0.0115081759045237
0.02 4A 1553696.5 1559589.5 NA 935 0.0139086117647059 0.0807000571799782
0.03 4A 2226351 2231243 NA 1067 0.0172606283973758 0.172097527022523
0.04 4A 3049901.125 3055603.25 1.08771932781457e-06 2398 0.0358254516680567 0.0601837541865935
0.06 4A 4788399.66666667 4791526.33333333 1.06267556580928e-06 445 0.0439612420224719 0.129294919216558
0.07 4A 5481835 5486295.5 1.05262241464395e-06 488 0.0240642024590164 0.165702829388064
0.08 4A 6118416.33333333 6124702.5 1.04336709317881e-06 1803 0.0284050968386023 0.156381164406185
0.09 4A 7086407.2 7089503.4 1.02929071843145e-06 715 0.0290780952447552 0.0281978329675897
0.1 4A 7749195.66666667 7753194.66666667 1.01960285910574e-06 667 0.0545239205397301 0.0174066433986101
0.11 4A 8586922.33333333 8590301.33333333 1.00733357973733e-06 624 0.0213882008012821 0.0708037652679831
0.12 4A 9861904 9865194.6 9.88577516083021e-07 1407 0.0200733645202559 0.0429056873658858
0.13 4A 10636377 10639773 9.77142184670035e-07 456 0.0122208 0.0878297656454569
0.14 4A 11359154 11362817.1428571 9.66436105772656e-07 1622 0.0349898575893958 0.0554907416352957
0.15 4A 12497640.2 12500578.6 9.49524041116172e-07 498 0.0275212928313253 0.0489726536915375
0.17 4A 14130358.3333333 14133875.3333333 9.25132665152871e-07 505 0.0338203603960396 0.0496367013554785
0.18 4A 15638398 15642171 9.02475043828397e-07 116 0.0315599 0.0840984920738025
0.19 4A 16172823.1428571 16177639.5714286 8.94405646673142e-07 3130 0.0214061569776358 0.0576704608841233
0.2 4A 17219619 17223261.5 8.78584208819839e-07 735 0.0237295623129252 0.0727265430038548
0.22 4A 19623077.5 19625883 8.42011188950274e-07 324 0.018014762345679 0.114466088597092
0.23 4A 20105317 20112607.5 8.34598032679595e-07 401 0.0145902996508728 0.0474425022619818
0.24 4A 21438296.2 21442483.2 8.14158066431952e-07 2599 0.00347712238245479 0.223800653210089
0.26 4A 24206080 24214430 7.70443828010229e-07 207 0.0047477 0.159191608568359
0.27 4A 24929720.6666667 24935121.6666667 7.58417468001752e-07 1233 0.0169360117599351 0.131304434503183
0.28 4A 25885947 25893930.5 7.42586730837752e-07 635 0.00411990834645669 0.558414165470694
0.29 4A 27432276 27434895 7.17402092347189e-07 201 0.0203219104477612 0.246189980963125
0.3 4A 28980517 28985523.5 6.92552129482233e-07 1938 0.0121009255521156 0.0488797457727747
0.31 4A 30413523 30417839 6.69950468345724e-07 680 0.0233784683823529 0.0491164545984165
0.32 4A 31763796.5 31768033 6.48995021636172e-07 570 0.00620027773684211 0.0783870046840092
0.33 4A 33159717 33162062 6.27684881240078e-07 179 0.0147117374301676 0.34593041469947
0.34 4A 34633176 34636475.25 6.05527697532891e-07 850 0.0238761681529412 0.023414966508275
0.35 4A 36083369.8888889 36087692.2222222 5.84119001263858e-07 2027 0.0382157867291564 0.0455916332187522
0.36 4A 37508772.6666667 37512766.5833333 5.63416827785253e-07 3133 0.0156589809830833 0.108382159076869
0.37 4A 38950812.5 38959711 5.42816082464307e-07 940 0.0288751712765957 0.0757721622798885
0.38 4A 40505516 40510176 5.21088965429671e-07 1145 0.0266804573624454 0.0721187903154936
0.39 4A 42533078.1666667 42538482.8333333 4.93392017959627e-07 2688 0.0114180388058036 0.102862793408839
0.4 4A 45292870.4 45297395.4 4.56796236108544e-07 1307 0.0274071474368783 0.176915512997175
0.41 4A 46646357.1538462 46652133.4615385 4.39384317620344e-07 4098 0.0137545985724744 0.0889567230489725
0.42 4A 48898752.3333333 48902170.3333333 4.11068906628178e-07 1370 0.0155415379270073 0.0592955248382318
0.43 4A 53116943.3333333 53120783.3333333 3.60659598484611e-07 825 0.0144277589090909 0.114537507162855
0.44 4A 57378959 57383261.9285714 3.12759426184386e-07 2647 0.0228591907593502 0.0978610469111625
0.45 4A 70621276.1636364 70626310.4363636 1.21913684002895e-07 15617 0.01198973604303 0.138932860697298
0.46 4A 88440304.862069 88444991.3103448 2.60504777055885e-08 6379 0.0117120274807964 0.111142057078477
0.47 4A 95994262.6428571 95999560.6428571 2.07699588799987e-08 4215 0.0069511366975089 0.135092633396544
0.48 4A 121455628.785714 121460003.633929 2.35889126732353e-08 33566 0.0062935876146994 0.154068896695094
0.49 4A 162365991.3125 162371743.96875 4.370614504722e-08 20456 0.00190989772751271 0.224090027468207
0.5 4A 220514866.064516 220526102.774194 5.85080095755737e-08 15241 0.000678679825217068 0.237260436404223
0.51 4A 327800403.020833 327817673.916667 3.15264730349192e-08 22347 0.000666564236989305 0.201903180915123
0.52 4A 406275254.333333 406278897.666667 0 628 0.000326956299363057 0
0.53 4A 465401087.242991 465406298.570093 0 30236 0.00626849513902916 0.145678163471589
0.54 4A 517903804.88 517909669.8 0 14544 0.0145218557680143 0.108015621041572
0.55 4A 548095256.255319 548100775.446808 4.97154109836495e-08 9726 0.0306166633716663 0.113877866801041
0.56 4A 565038826.888889 565044966.833333 1.82403903692895e-07 4769 0.0364061784201892 0.0697819039321867
0.57 4A 572059657.833333 572065028.333333 2.69084364656667e-07 4893 0.0333818556259242 0.104715001752328
0.58 4A 577572123.142857 577577296.5 3.59202186818762e-07 5108 0.0352236329678935 0.0249667338933094
0.59 4A 582292444.296296 582297930.703704 4.31755034345726e-07 7585 0.0361526078489935 0.0420839123773285
0.6 4A 585015731.666667 585020768.5 4.73333196678189e-07 5494 0.0449525233709501 0.0592636504999393
0.61 4A 589204108 589208407.333333 5.45432955833841e-07 544 0.0328620009191177 0.153150581768003
0.62 4A 590508456.692308 590515270.692308 5.69963530871267e-07 3860 0.0183416573316062 0.0972285201319373
0.63 4A 591790865.25 591795791.25 5.94919307876663e-07 449 0.0421331899777283 0.0929223670975777
0.64 4A 593534059.5 593546000 6.41447800787579e-07 2408 0.0151389787375415 0.0783078147307847
0.65 4A 594475514.7 594481091.5 6.65783175980383e-07 1363 0.0377130167278063 0.101605743128389
0.66 4A 596187058 596192543.153846 7.08595677044538e-07 3647 0.0459066765903482 0.0396039975294627
0.67 4A 597795996 597801276.6 7.46975579953657e-07 1636 0.0179271612286064 0.0937349459610002
0.68 4A 599015059.5 599018842 7.74680437705799e-07 1112 0.0448138294964029 0.104111900323421
0.7 4A 601810025.25 601812325.5 8.40935629722687e-07 424 0.0773821886792453 0.0175131520685371
0.71 4A 603376958 603380831 8.96347986966372e-07 164 0.078486 0.0298836735213923
0.72 4A 604101159 604103952 9.25003023042105e-07 111 0.0990807 0.00539095908688574
0.73 4A 605727803 605731986 9.67627102152193e-07 604 0.0611289039735099 0.0179279333667336
0.74 4A 606621441 606627950.5 1.02370721454594e-06 1803 0.0313179226289517 0.0338023768885729
0.76 4A 608780933.8 608785299.2 1.12406792272436e-06 1135 0.0295640546167401 0.0712201795331824
0.77 4A 609983412 609986149 1.15742557690889e-06 482 0.0554226784232365 0.0842187390447257
0.78 4A 610759846.25 610763469 1.20639000801644e-06 473 0.0568655073995772 0.0657830714770228
0.79 4A 611687436 611690373 1.27818201728942e-06 211 0.00894041 0.379315937412266
0.8 4A 612155174 612159924.25 1.30982844424806e-06 572 0.0473632316433566 0.0747694319032735
0.81 4A 613322338 613325831 1.3767768516123e-06 66 0.0619202 0
0.82 4A 614242565 614245225.5 1.41697797695984e-06 143 0.0420857300699301 0.18781988692611
0.83 4A 614629198 614633204.666667 1.43039192016037e-06 529 0.0370608973534972 0.0447193873372884
0.84 4A 615208848 615213286 1.44739864416774e-06 379 0.0631861970976253 0
0.86 4A 616447014.75 616450438.75 1.46846716147152e-06 927 0.0332752229773463 0.143279608379549
0.87 4A 617001138 617002756 1.47165556487903e-06 53 0.0138146 0
0.89 4A 617919114.75 617924316.25 1.46791588576749e-06 1457 0.0282081030748113 0.0963765961963405
0.9 4A 618546493 618549076 1.45909894843079e-06 714 0.057231693697479 0.10233650360813
0.91 4A 619212670 619223213 1.44398904438395e-06 714 0.054328380952381 0.208278246942341
0.95 4A 621144656 621150031 1.36801266612642e-06 692 0.0411271387283237 0.0237325628479008
0.96 4A 621797679.333333 621803976 1.33130940640118e-06 710 0.0356817894929577 0.0736335113243906
0.97 4A 622201175.25 622207245.75 1.30587254564103e-06 740 0.0252355574324324 0.0373665480857729
0.98 4A 623358977 623362147 1.22129432062587e-06 210 0.0391727323809524 0.15180942798184
1 4A 625240285.666667 625242779.666667 1.04650280184681e-06 202 0.0410543103960396 0.0736466246046185
1.01 4A 625932390.333333 625942056.333333 9.69693525475869e-07 595 0.0236425159327731 0.131697057553696
1.02 4A 627516023 627521263 8.08785986336385e-07 416 0.0439634 0.0542740097444693
1.03 4A 628284053 628288445.75 7.52644474509143e-07 986 0.0396082054766734 0.102479549525596
1.04 4A 629459886.625 629465972.75 6.87883130305146e-07 3036 0.0445573895915679 0.0311661730897022
1.05 4A 631468726.833333 631475526.5 5.86748671958443e-07 2913 0.0245715961894954 0.154193894192611
1.06 4A 634784885.5 634790484 4.45019778607247e-07 1145 0.0308784602620087 0.0347456364842954
1.07 4A 636983139.857143 636987612.714286 3.69712005093006e-07 1958 0.0285093024106231 0.0599725879090213
1.08 4A 640325866.875 640329726.625 2.86573212292286e-07 1777 0.0331177823860439 0.115370094642832
1.09 4A 647178286 647182770 1.7075895931823e-07 212 0.0128777 0.0218373622618946
1.13 4A 651623778 651627938 2.49390983008392e-07 283 0.0178082 0.11788052694826
1.24 4A 681519408.925926 681525062.148148 1.21519467189556e-07 8116 0.0294874197449483 0.0618341811085336
1.25 4A 688097145 688100962 2.30330763164721e-07 36 0.0544601 0
1.3 4A 701962770 701964190 4.24967293525524e-07 393 0.000698487 0.320761875310493
1.31 4A 703268167 703271490 4.58984730407993e-07 20 0.0242424 0
1.47 4A 731933243.5 731937266 4.28251651280283e-07 358 0.0356391829608938 0.193999692369851
1.52 4A 742750935 742752323 3.54217085762151e-07 94 0.00460299 0.548189329109992
0 6A 288059 291030 NA 340 0.0127826 0.0364446982616995
0.01 6A 1665351.8 1670179.6 2.99118363925161e-07 2037 0.0553706691703486 0.0494359776216826
0.02 6A 3413933.6 3417403.2 4.30752112430921e-07 1021 0.0598741314397649 0.0264476999923584
0.03 6A 6534010.25 6539279.25 6.40441757569232e-07 2086 0.0488806116970278 0.113654274219468
0.04 6A 9224798 9231609.33333333 8.07354628856113e-07 1441 0.0279349688410826 0.250063173266593
0.05 6A 10704429.3333333 10708092.6666667 9.0887709840453e-07 715 0.0337937095944056 0.0397853126169338
0.06 6A 11445837.6666667 11451069.6666667 9.34658686477659e-07 839 0.0258652777115614 0.093025334630234
0.07 6A 12334617 12340784 9.48354988043472e-07 1752 0.0488314164383562 0.0119532215589705
0.09 6A 13523961 13527228 1.06994045364869e-06 396 0.0604444742424243 0.0115762075284405
0.14 6A 16297082.3333333 16303018.6666667 1.03116291492819e-06 678 0.0225856920353982 0.163138408977328
0.15 6A 18185720.5 18190496 9.36175373113571e-07 610 0.0841106 0.036059385587275
0.16 6A 22231888 22240426 6.48376343059537e-07 285 0.0695253270175439 0.0110621120516364
0.17 6A 23776323.2857143 23779419.2857143 5.87927949741212e-07 1317 0.0501336070311314 0.0922857148846995
0.18 6A 24548246 24552969 5.54210338763588e-07 433 0.034890272886836 0.120757313901479
0.2 6A 25661083.5 25667071 5.0809869442474e-07 206 0.0407245019417476 0.10832034825913
0.21 6A 30297745 30301697.3333333 3.08084142519577e-07 1570 0.0538120178598726 0.0832766346828989
0.22 6A 36339478.8125 36344527.5625 4.17557841305688e-07 2660 0.0331404965614035 0.133280464635344
0.23 6A 41246199.6666667 41252371.3333333 5.1025394851377e-07 514 0.0224287282101167 0.050809197830572
0.28 6A 47784439.6 47789056.4 5.35447457591241e-07 856 0.0283498546728972 0.0754019682624096
0.29 6A 48547377 48551917.75 5.3098312787609e-07 706 0.037793419121813 0.0853345294586581
0.3 6A 51398861 51401140 5.00203778831391e-07 41 0.0196078 0
0.31 6A 52168142 52172882.5 4.88181485116639e-07 231 0.0236219896103896 0.0222284071800734
0.32 6A 53546213.6 53550650.4 4.93093487318042e-07 743 0.0341310039434724 0.145009267677618
0.33 6A 56061439 56065901.6666667 5.00880646203149e-07 781 0.0185720034571063 0.082921117888492
0.34 6A 57756599 57761058 4.54549450448806e-07 131 0.0134849 0.411948920644573
0.35 6A 60103253.75 60108047 3.89160465818303e-07 803 0.0364654091905355 0.0538556740245002
0.36 6A 61443011.5 61447096.5 3.59727556532146e-07 689 0.0253148100145138 0.113045686909837
0.37 6A 64649920.3333333 64655365 2.83072206266113e-07 2051 0.0184400801365188 0.127985754667618
0.38 6A 70923861.0416667 70928738.0833333 1.53372197562864e-07 6970 0.0189616165624103 0.114937107275908
0.39 6A 82116672.5 82122964.625 1.34635238343907e-07 9421 0.0263412527300711 0.0743258459037836
0.4 6A 92177290.125 92182508 1.33439747316542e-07 1988 0.0248687381488934 0.055995668419899
0.41 6A 97943150 97948008.6666667 1.26889747445964e-07 646 0.0336865125386997 0.0646145975014731
0.42 6A 103799836.1 103807468.2 1.16652475451865e-07 2714 0.0270825075902727 0.120277693935681
0.43 6A 108296126.533333 108301348.266667 1.06365127946198e-07 4987 0.00817647470222579 0.103973109593229
0.44 6A 120760750.5 120765480.9 8.27058723253576e-08 5403 0.0185386348510087 0.0881149374939475
0.45 6A 134802861.05 134809167.8 6.49759554052151e-08 7189 0.00820587254211478 0.117288788563705
0.46 6A 149297038.138889 149302995.277778 4.90874466057856e-08 10593 0.00774459577036048 0.126397550814202
0.47 6A 274834908.583333 274843690.3 9.32014461881887e-09 64253 0.00381271378578379 0.163233664829274
0.48 6A 410281796.692308 410288217.230769 1.22255127542129e-08 5069 0.00910055677056619 0.115883528317884
0.49 6A 421361243 421367249.529412 2.36340430898342e-08 5034 0.00714371803535956 0.115203958842781
0.5 6A 431040769 431053823.5 3.58142498141473e-08 1510 0.00548269054304636 0.191860425244495
0.51 6A 432915104 432919961 3.84513362299391e-08 1950 0.00826314348717949 0.0996875797525072
0.52 6A 436925860.375 436932221.375 4.43747074179701e-08 2608 0.00177146701687117 0.350886184940327
0.53 6A 440614091.571429 440618543.857143 5.01425077515051e-08 1847 0.0082090284677856 0.0817197218456287
0.54 6A 445163208 445169636.428571 5.64326790759929e-08 1461 0.00464243979466119 0.250583287286863
0.55 6A 448447421.333333 448452104.555556 6.05460414473045e-08 2133 0.0113867288842007 0.100953660545053
0.56 6A 455292384.555556 455298586.888889 6.83609008491119e-08 5774 0.0111543254522301 0.0948316004200175
0.57 6A 468173162.310345 468177819.448276 7.73285275217095e-08 7375 0.0116013790864984 0.0886150035555526
0.58 6A 485972238.181818 485976889.606061 8.80287927657082e-08 8177 0.00863260885214626 0.119836453812566
0.59 6A 498741816.555556 498746818.62963 8.9853966129659e-08 10269 0.0130847028606486 0.0817661253283287
0.6 6A 506414727.636364 506421007.181818 8.21197712162893e-08 4841 0.0240791101404668 0.0821231477248684
0.61 6A 514574158.736842 514579079.842105 8.79527893838774e-08 6797 0.0150359190937178 0.0597821804043856
0.62 6A 525457436.72093 525462366.348837 1.10701720438086e-07 11725 0.0291443010616306 0.0743864537318909
0.63 6A 539581949.08 539586354.92 1.44285863001998e-07 9600 0.0170159575083333 0.110345127251461
0.64 6A 548708503.529412 548715436 1.32013846326482e-07 8429 0.0207033235472773 0.0529817077853568
0.65 6A 553714518.454545 553720146.090909 2.22882992329559e-07 3831 0.0166104923153224 0.121773812328927
0.66 6A 556252155.833333 556257574.166667 2.58225974573311e-07 1977 0.0321888613555893 0.0733841697241871
0.67 6A 559433407.666667 559437804 2.99356962592392e-07 2182 0.0251175540329973 0.0964337361306079
0.68 6A 563303031.333333 563309326.333333 3.71970140971273e-07 4243 0.0275451146594391 0.107127925283144
0.69 6A 565244427.333333 565250556.666667 4.17203690481033e-07 1131 0.0270118225464191 0.0691692892779997
0.7 6A 569099755 569107169.333333 5.25993376407105e-07 2161 0.0260938685793614 0.0861127132402949
0.71 6A 571714516.833333 571718762.333333 6.13488775561339e-07 922 0.0389260723427332 0.0917630576868544
0.72 6A 573567117.25 573571188.25 6.81930304693219e-07 1516 0.0140917054485488 0.24410688363239
0.73 6A 574472578 574479877 7.17611929603697e-07 930 0.0304006 0.1417616757564
0.75 6A 577891428 577899382.5 8.64204948724994e-07 1160 0.0401346248275862 0.162779075393255
0.76 6A 579124412.75 579129660.25 9.21684692040034e-07 2138 0.029399010888681 0.111229474733122
0.77 6A 580248101.2 580251816.6 9.76229392117538e-07 1440 0.0361336863194444 0.0361197516976132
0.79 6A 581810197.8 581814110.2 1.08257885067637e-06 1528 0.0325521964005236 0.0890760447456235
0.8 6A 583268859 583272768 1.18535983914619e-06 333 0.0670019315315315 0
0.82 6A 584943137 584947048 1.29012786825621e-06 263 0.0764751 0.0457673151130237
0.83 6A 585396635.727273 585402200.090909 1.31722297755944e-06 2595 0.0323836588824663 0.0955694710689428
0.84 6A 586250206.333333 586255200.666667 1.37677899777229e-06 1559 0.0268270627325208 0.257043078391435
0.85 6A 586770093 586782183 1.41026912870965e-06 1380 0.0214085 0.272609010439779
0.86 6A 587564389 587570511 1.45305007302883e-06 322 0.0541022 0.0199842150596464
0.87 6A 587810411.666667 587814528.666667 1.46440034934287e-06 925 0.0349950891891892 0.105448892095516
0.88 6A 588457554 588461441.5 1.49011345247862e-06 158 0.0508927784810127 0.0296616950578276
0.93 6A 591346006.333333 591351128.333333 1.52875067704973e-06 2292 0.0335753843804538 0.0568736680570893
0.94 6A 592030560 592035268 1.51995589021952e-06 360 0.0353842 0.15860327490801
0.95 6A 592684365 592688476 1.50487763788266e-06 196 0.070282 0.0412737258473009
0.96 6A 593006995 593010835 1.49509680052636e-06 206 0.00936352 0.831905095519634
0.97 6A 593430767 593435915 1.47986774932404e-06 488 0.0457684 0.0267306700693055
0.98 6A 594859537.9 594864096 1.43849560138185e-06 2391 0.0487499089920535 0.0430614139618756
0.99 6A 596341935.5 596346212 1.31774239358724e-06 348 0.067230549137931 0.0271535055062779
1 6A 596851836.75 596858013.25 1.25370559062603e-06 1472 0.041960636888587 0.093170976114187
1.01 6A 597319782 597325942 1.19660510656481e-06 851 0.0220235025851939 0.0982799691177047
1.02 6A 597892592 597894147 1.13543138201194e-06 22 0.0314208 0.682595605458804
1.04 6A 599042583 599046908 1.03886602499015e-06 456 0.06417 0.0152821723546829
1.06 6A 600552486 600555694.6 9.74619064722136e-07 1487 0.0586258379287155 0.0536658642688158
1.07 6A 602932909.8 602936714.8 7.8114183165527e-07 2225 0.0418428212134831 0.0350433818686847
1.08 6A 605112253.6 605118478 5.94478076608895e-07 3166 0.0378111761844599 0.0273661818903665
1.1 6A 607118327.4 607123148.6 5.91164366878778e-07 1228 0.0449188184039088 0.0727363840547014
1.11 6A 608098239.5 608101410 5.9729254949532e-07 268 0.0332660052238806 0.0259801818659975
1.12 6A 608967170 608969706 5.7771800481949e-07 357 0.0318118 0.198896950188295
1.13 6A 609214418.5 609218780.5 5.72150263201237e-07 2422 0.0326302325763832 0.0779413809618302
1.14 6A 613439304.439024 613444235.878049 4.23995820467332e-07 12221 0.0376175743441617 0.0841491318160516
1.15 6A 617035841 617039727 2.55944703290248e-07 131 0.00649614 0.462126739879375
0 7A 5326028 5328638 1.91533119760215e-08 444 0.0619924527027027 0.0376881249239545
0.01 7A 8628829 8631737.6 8.65528029864761e-08 394 0.0415370068527919 0.110996948919753
0.02 7A 13100401 13106973 1.89388597574018e-07 240 0.0522788 0.289254917863455
0.03 7A 16016350 16023391 2.89412501051205e-07 461 0.0675541 0
0.04 7A 19954609 19958980 3.65984565678418e-07 428 0.0533659 0.169060579883409
0.05 7A 24586444 24591932 5.78564665581568e-07 350 0.0428308 0.0233845737179786
0.06 7A 27389585 27403540 8.15599051878455e-07 31 0.0207792 0
0.08 7A 29649462 29652591 9.88827969269455e-07 51 0.0454545 0
0.13 7A 33277027.5 33281095.5 1.21736239131591e-06 686 0.0886366437317784 0.030691336130361
0.19 7A 36878637.5 36882310.5 1.36700901345882e-06 544 0.0522175529411765 0.0101465255541747
0.25 7A 41439093 41442254 1.19326083014079e-06 110 0.122202763636364 0.0171425092008037
0.27 7A 42963605 42965380 1.04474363569521e-06 139 0.10175 0
0.31 7A 47444352 47448384 9.05036030758963e-07 514 0.0451559256809339 0.0542859166356465
0.35 7A 54997683 55001463 6.95186734136148e-07 99 0.0854294 0.0402288907565779
0.38 7A 58841366 58844070 6.0034407785054e-07 147 0.0265059 0.335577362021286
0.39 7A 60725704 60732981 5.58798508813487e-07 164 0.028279 0.207392411329962
0.41 7A 64611183 64615669 5.40068097694354e-07 208 0.0462095 0.137056016619959
0.42 7A 65237505.3333333 65243047.3333333 5.46540091520647e-07 1139 0.0365365103599649 0.0427699346803934
0.44 7A 71004668 71008561 6.15284011882233e-07 543 0.0200121082872928 0.119097769427769
0.46 7A 74442260.25 74447080.75 6.40309950515815e-07 839 0.02384809829559 0.135929022962547
0.47 7A 75035321 75036884 6.43885416674649e-07 351 0.0463906 0.0741529534000423
0.48 7A 76118406 76121640 6.65325433977075e-07 149 0.0492725 0.0367261657110965
0.49 7A 77556330 77561362 6.75550767193588e-07 240 0.0294679764583333 0.0692412307719325
0.5 7A 78584026.3333333 78589235.3333333 6.71292573795252e-07 526 0.0322346192015209 0.143083751022542
0.51 7A 79595713.6666667 79602866.3333333 6.56320468252016e-07 338 0.0437157094674556 0.0922318563422741
0.52 7A 81190585 81194949 6.11609406638675e-07 1293 0.0248412156225831 0.0787256560786801
0.53 7A 81948763 81953997 5.82127989080614e-07 51 0.094343 0.0520475286984726
0.54 7A 83285019 83288075 5.20657392035587e-07 247 0.0415102 0.141204089597256
0.55 7A 83882807.3 83887943.6 5.10782727584837e-07 1997 0.0417515631447171 0.0472597294867863
0.56 7A 85241355 85244451 4.93357524135283e-07 865 0.0485957331791908 0.0334358863238717
0.57 7A 88809767 88813006 4.41609428505849e-07 295 0.00791941 0.217221990021984
0.58 7A 92055466.1111111 92060031.5555556 3.83833505055942e-07 2144 0.0400830486007463 0.0293142158130405
0.59 7A 100221566.888889 100230716.666667 1.89000573017207e-07 3816 0.0122428791797694 0.149767452266907
0.6 7A 107330772.818182 107336005.545455 1.62255451116325e-07 3346 0.019935165980275 0.106452135214667
0.62 7A 116106053.75 116111679.125 2.44010615653655e-07 1615 0.017156407498452 0.0681807104859874
0.63 7A 118792597 118798142.5 2.47504348984232e-07 1785 0.025548283977591 0.0985380035797062
0.64 7A 121886531.714286 121893113.428571 2.3365733594626e-07 2923 0.0248736324050633 0.0722401697799142
0.65 7A 125774957.166667 125780090.333333 1.9146370196926e-07 1950 0.0314926300512821 0.0572158939926565
0.66 7A 129473671.1 129479079 1.89206888474879e-07 2952 0.0250505597628726 0.0869589543580135
0.67 7A 139946436.045455 139950752.136364 1.20504743771034e-07 4183 0.0217304626010041 0.108337193166773
0.68 7A 189204253.593985 189209633.270677 1.01236278861688e-08 45844 0.0102683369185935 0.150579659207406
0.69 7A 235511046.666667 235515818.923077 1.40202035470681e-08 12314 0.00700587340076336 0.133367265249065
0.7 7A 251648482.666667 251657115.708333 1.22582228327506e-08 5574 0.00427563134665606 0.151904667206603
0.71 7A 265575729.428571 265579615.714286 1.11299263367195e-08 4613 0.00621419973314546 0.183750517892022
0.72 7A 275655802.727273 275662192.363636 1.05182848596213e-08 3687 0.000993011910496339 0.305098703644669
0.73 7A 287205763.894737 287210578.789474 1.00520373226001e-08 5000 0.001587971468 0.169121546584362
0.74 7A 295041359.727273 295046098.909091 9.87599393990649e-09 4003 0.00100368061603797 0.28246834447959
0.75 7A 303248971.5 303256247.75 9.80890030405479e-09 1300 0.000326196593076923 0.728307833031629
0.76 7A 308657533 308690822.5 9.82350990290736e-09 894 0.000487698402684564 0.537468241113147
0.77 7A 317904918 317915541.8 9.98347026627513e-09 819 0.00129019365079365 0
0.78 7A 324942411 324957217.6 1.02054622753775e-08 2095 0.000381836432935561 1.84144803199024
0.79 7A 329710550.25 329724599.25 1.0407117946956e-08 1192 0.00116262086577181 0.218923177671896
0.8 7A 348086469.2 348100083.133333 1.1617210736202e-08 8540 0.00115287425081967 0.163413049040842
0.81 7A 392228261.617021 392237225.723404 1.7192835665898e-08 15360 0.00134319060403646 0.290098051568345
0.82 7A 422650249.333333 422656598.333333 2.25159271321739e-08 883 0.00175933501698754 0.208394076130973
0.83 7A 423556015 423563387 2.27105057778797e-08 340 0.0035921 0.309295398235016
0.85 7A 424315801 424320367 2.28744830986453e-08 96 0.00223214 0.725277088354673
0.86 7A 424628142 424634545 2.29425179875405e-08 630 0.0105493 0.0449710407325605
0.88 7A 424924363 424933429 2.30073050949793e-08 78 0 NA
0.9 7A 470986985.812081 470992289.315436 3.56967950069523e-08 44087 0.0147365891676601 0.1336374620458
0.91 7A 527468119.333333 527473220 5.51544657411689e-08 4497 0.0096457508027574 0.145019998293397
0.92 7A 541086395.5625 541091217.625 6.17509771028436e-08 8434 0.028871996555876 0.0936363891579969
0.93 7A 551792999 551797949.653846 6.83419185038882e-08 5538 0.0214574268891297 0.0755956750387359
0.94 7A 563923580.826087 563928051.521739 7.7256341165997e-08 4110 0.0275786665109489 0.0814935816883382
0.95 7A 575031980.083333 575037739.833333 8.24403303588268e-08 3434 0.018964546196855 0.0895085416140069
0.96 7A 591885558.676471 591889268.323529 8.45864020316885e-08 7802 0.0193032992040502 0.0715121459853698
0.97 7A 609259305.333333 609265113.055556 1.06818965148772e-07 7001 0.0214707955663477 0.0993315652758967
0.98 7A 616740854.8 616745628.6 1.58500909051818e-07 1127 0.0391629398402839 0.0657609568189718
0.99 7A 621199047 621201885.166667 1.82962131419639e-07 827 0.0578968830713422 0.0438711781714287
1 7A 627273687.571429 627278250.285714 2.31098016683504e-07 788 0.0579493931049069 0.0894614361768378
1.01 7A 633459319 633464318.5 2.94045015419641e-07 602 0.0319983303986711 0.0840230840740138
1.02 7A 635728280.666667 635736245 3.28756505993054e-07 795 0.0304263162264151 0.0741186698800055
1.03 7A 638833912.833333 638839755.833333 3.6652403990543e-07 751 0.0282918516111851 0.0920189856945424
1.04 7A 642051978.75 642056005.25 4.00573771400547e-07 1233 0.046597301378751 0.100992292530416
1.05 7A 644669665.5 644673378.5 4.27599102347459e-07 1065 0.0297685833802817 0.156521912585204
1.06 7A 646956019 646958877 4.50693720199457e-07 221 0.0745979 0.0515515852322921
1.07 7A 648425798 648431018 4.65299838222688e-07 204 0.01418 0
1.08 7A 650704707.75 650708350.5 4.87519595229832e-07 817 0.00495921317013464 0.0866841258892404
1.09 7A 652511980.5 652516342.5 5.0484083427361e-07 168 0.0522144833333333 0.0461760074049879
1.1 7A 654203693 654207391 5.20770481050971e-07 250 0.00498535 0.684956923786695
1.11 7A 654773271 654803669 5.26199891807727e-07 635 0.00503772681889764 0.0260501507971413
1.12 7A 657537219.75 657542191.75 5.514051012552e-07 1544 0.0358620226683938 0.0512112970475157
1.13 7A 659461855 659466206.5 5.68635626241734e-07 971 0.0362965975283213 0.129471884916388
1.14 7A 660991843.75 660996770 5.82085927291138e-07 698 0.0408101567335244 0.050927322456324
1.16 7A 663848857 663853191.666667 6.06645709915203e-07 298 0.0317778516778524 0.0404433301747308
1.17 7A 666604876 666610394 6.42317086421301e-07 606 0.0247498702475248 0.23212264105099
1.18 7A 667074773.2 667080967.6 6.49334111273945e-07 1645 0.0348083808510638 0.037611423856776
1.2 7A 671196892.666667 671200253.666667 7.09619146117462e-07 1116 0.0357659582437276 0.0406545045408635
1.21 7A 672219060.25 672223519.25 7.23529968746932e-07 1661 0.0541778272125226 0.0771059208759221
1.22 7A 674142959 674146507 7.39115144332676e-07 269 0.0501195007434944 0.0850688388570077
1.23 7A 675312811.25 675316935.75 7.41312648938723e-07 1129 0.0504800529672276 0.0688997943531697
1.25 7A 678036194.25 678038932.75 7.4850997182177e-07 669 0.0699525811659193 0.0431106843375623
1.26 7A 679973708 679979929 7.5790804720527e-07 2521 0.030766106505355 0.100559657064782
1.29 7A 683482195 683492670 7.73598778063299e-07 517 0.0146797 0.306985837585237
1.3 7A 685404598.5 685408839 7.83103317282316e-07 296 0.0345533033783784 0.0471184913696502
1.31 7A 686171032 686174157 7.83458023338092e-07 409 0.0445861246943765 0.0651214196309716
1.35 7A 690868974 690871794 7.47957583803186e-07 113 0.0452675 0.0522308499475341
1.36 7A 691568181 691570712.5 7.49523332228067e-07 286 0.0765146503496503 0.0177770187984476
1.37 7A 692584578.75 692589731.75 7.6114283256571e-07 1136 0.0342319660211268 0.0496484969388657
1.38 7A 693942367.75 693947155.5 7.69593008447319e-07 687 0.0520283644832606 0.0458223068021703
1.39 7A 694542511 694547765 7.69169464994618e-07 858 0.00774108 0.196689609201817
1.4 7A 697057649 697061735 7.39913965454953e-07 53 0.0757868 0.200351512400576
1.42 7A 699441729.333333 699448107.333333 7.10357147743337e-07 1039 0.040948022425409 0.0774461578093064
1.43 7A 700832026.714286 700839932.285714 6.97839012603087e-07 3261 0.0319182011959522 0.159439356549546
1.44 7A 701861361.285714 701865795.714286 6.93236405712567e-07 1905 0.0543101960104987 0.027281427037795
1.45 7A 704270987 704275228 6.95499819062169e-07 334 0.0256762 0.0377315957968858
1.46 7A 705309099.857143 705314289 6.97720961744854e-07 2043 0.0487880453744493 0.0705544020899891
1.47 7A 707295094.666667 707301260 7.05270160481468e-07 1590 0.038627925345912 0.123441222655204
1.48 7A 708975131 708978950.6 7.01786522140143e-07 950 0.0544147890526316 0.022648421569975
1.49 7A 711607430 711611179 6.95936901398978e-07 161 0.0526115 0.062772397669711
1.5 7A 712426567 712430000.666667 6.94307953877175e-07 438 0.0447952511415525 0.0669855690427067
1.51 7A 714165965.5 714171468.5 6.91156488150192e-07 689 0.0531780605224964 0.069192787272888
1.52 7A 715691664 715701737 6.88700769488257e-07 708 0.0426176 0.0230447045352155
1.53 7A 717743923 717746621 6.85914993638534e-07 201 0.0386498 0.0801202076078013
1.55 7A 719574479.333333 719577931.333333 6.83900369836476e-07 576 0.0517013335069444 0.0792442406948045
1.57 7A 721398456 721406991.5 6.82343658896221e-07 1344 0.0196391664434524 0.110932446902135
1.6 7A 724097682.666667 724103748 6.77240808539376e-07 531 0.0645097461770245 0.00893815276407108
1.61 7A 725433279 725435212 6.74902625103173e-07 80 0.0179397 0.836741974503476
1.62 7A 727443573 727457990 6.72454329433371e-07 895 0.0386756 0
1.63 7A 729531502 729536613.333333 6.71313423244001e-07 1155 0.0516065860606061 0.0595029104552243
1.64 7A 730570886.75 730574451.5 6.71249292478323e-07 1319 0.052386746777862 0.0652827181880306
1.65 7A 732707759.25 732709852 6.7195037262314e-07 440 0.0449268206818182 0.109092666862173
1.66 7A 736043635.2 736049490.8 6.71331533262713e-07 1923 0.0417101832033281 0.147329155287719
