poscM Chromosome Start End recRate nb_complete_site piSyn f0
0 1D 1463872.875 1468530 6.17511919675377e-07 6868 0.0342162953392545 0.0491509646290522
0.01 1D 3965872 3970524.5 7.91043783222927e-07 295 0.0306397457627119 0.0564958000160421
0.02 1D 5327166.66666667 5332158.66666667 8.98186007715623e-07 454 0.00835136938325991 0.39821890509027
0.03 1D 5511254 5517977 9.13196172291157e-07 582 0.0448239 0.057601190436352
0.04 1D 6393481.25 6399145.75 9.86558156900533e-07 1422 0.0445099239099859 0.0733404188542362
0.05 1D 6772688.5 6776114 1.01880718595463e-06 444 0.0470910702702703 0.076103051461259
0.06 1D 7487543 7492403.5 9.76008496030621e-07 647 0.0266480041731066 0.0533185341044735
0.07 1D 9243830 9248884.08333333 9.45407021728588e-07 4039 0.0368117376083189 0.0344191794988972
0.08 1D 10690815.5 10697115 1.29229558679425e-06 442 0.0112095597285068 0.116692914866985
0.1 1D 11630859.6666667 11651233.3333333 1.16024726335024e-06 1406 0.0207406325746799 0.0197620780621888
0.11 1D 12201475.6666667 12206032 1.09296141099887e-06 509 0.0507103750491159 0.033277018688925
0.12 1D 14811765.75 14816569 4.1746532006882e-07 927 0.0193583889751888 0.0317649406909857
0.13 1D 16788305 16789896 7.84416690219333e-07 44 0 NA
0.15 1D 18197601 18200600 1.06667669937515e-06 636 0.0305596731132075 0.0611842612536589
0.16 1D 19707424 19715052.5 1.34749897320425e-06 3094 0.0123522944440853 0.108506838856606
0.17 1D 20826034 20827727 1.22497386660458e-06 78 0.0125 0
0.19 1D 21885424 21888853 1.06436469519594e-06 454 0.00555718 0.904957190517493
0.2 1D 22913536.6666667 22917876.3333333 1.02596242346743e-06 299 0.0227103431438127 0
0.21 1D 24399054 24402498.6666667 9.84558259357803e-07 762 0.0135344475065617 0.0827394412759742
0.22 1D 24779031 24786455 9.74006980762083e-07 238 0.0254237 0.0471056533864072
0.23 1D 25732394 25737271 9.47907618748164e-07 968 0.0162966577479339 0.0731195341497766
0.24 1D 27828816 27835871.2 8.91356506108241e-07 2614 0.00548439872609028 0.372930778487652
0.27 1D 31421662 31431937 7.97441065649626e-07 935 0.00215401 0.566329775627783
0.28 1D 32737866 32740293 7.64103826208086e-07 21 0.0519481 0
0.29 1D 33469805 33474180 7.48121521024002e-07 133 0.0212766 0
0.3 1D 34626868 34630617 7.23727222804044e-07 996 0.0117479880522088 0.161940795792591
0.32 1D 36690491.4 36695259.4 6.80553231857951e-07 3004 0.00360304665446072 0.15896316774341
0.33 1D 37530336 37533695 6.63122898946303e-07 191 0 NA
0.34 1D 38603155 38606080.5 6.40957996680235e-07 365 0 NA
0.35 1D 39795981.5 39801061.5 6.16430019498476e-07 885 0.00203593220338983 0.491150516150516
0.36 1D 41703266.5 41706178.25 5.77577567654003e-07 1192 0.000882317919463087 0.541965518181708
0.37 1D 43173708.6666667 43178988 5.47845694936579e-07 448 0.00674047183035714 0.0952211848724107
0.38 1D 45833588.5 45838566.5 4.9469572052398e-07 586 0.0015700321331058 0.318453655917979
0.39 1D 47789767 47798085 4.56037976501763e-07 962 0 Inf
0.4 1D 49592929.3333333 49600252.5555556 4.20820891100625e-07 4558 0.000893413092365072 0.173660501424069
0.41 1D 52751592 52757766.3333333 3.59920902121984e-07 663 0 NA
0.42 1D 55293763.8571429 55297554.8571429 3.11718996263457e-07 2605 0.000400606345489443 0
0.43 1D 59604656.4 59610945.7333333 2.31440559740832e-07 5259 0.00264581881156113 0.164218482519722
0.44 1D 71840060.8928571 71845212.0892857 5.30280863157169e-08 17248 0.000330796741071429 0.596585155317866
0.45 1D 84498956 84507724 0 66 0 Inf
0.46 1D 85633820 85640605.2 0 2552 0.00162806844827586 0.27359155560101
0.47 1D 87269212.4 87278928.8 0 4168 0.00111638426823417 0.124308891509575
0.48 1D 91516454.3 91521673 0 4626 0.000686597354085603 0.0908491688632542
0.49 1D 117131965.691667 117137942.658333 0 40485 0.000389863422008151 0.269394909760071
0.5 1D 150285006.5 150301843 0 1269 0 NA
0.51 1D 153886905.5 153900059 0 1432 0 NA
0.52 1D 207254870.874286 207262261.428571 3.47266576840115e-08 67060 0.000286906209662988 0.266494727375423
0.53 1D 251350385.342105 251356373.736842 7.78188225526697e-08 15254 0.000409066594991478 0.449237005785976
0.54 1D 262646501.090909 262651725 8.78911252754462e-08 8952 0.000551715259159964 0.406991338653622
0.55 1D 281226470.229167 281231226.354167 1.03531225496102e-07 14423 0.000438157576093739 0.306979473046763
0.56 1D 293878016.4375 293882109.8125 1.13340024271004e-07 10437 0.000283494207914152 0.4293745591212
0.57 1D 301630619.5 301638150.111111 1.19226202991634e-07 12544 0.000910942314094388 0.326895862744832
0.58 1D 309908866 309913676.208333 1.26864406581986e-07 8858 0.00176391772013999 0.129625571287088
0.59 1D 317022310.04 317028913.04 1.34973636185851e-07 8925 0.000985493394957983 0.227534762649369
0.6 1D 324378869.7 324383686.35 1.40014027906694e-07 6535 0.000262070203978577 0.752801711496168
0.61 1D 329327605.5 329333623.8 1.42120405213017e-07 7455 0.00146763165003353 0.103178618810319
0.62 1D 335212187.16 335217958.72 1.45663074239009e-07 11221 0.000951795880937528 0.0815967351501539
0.63 1D 342915807.096774 342921820.225806 1.51938586330032e-07 10076 0.00625151419213974 0.0637478786759038
0.64 1D 349691408.619048 349695876.380952 1.59022301211743e-07 6255 0.00225207575539568 0.0814786326072314
0.65 1D 355918482.882353 355922781.529412 1.66832236956817e-07 3852 0.00135829834371755 0.221534661705503
0.66 1D 361620804.777778 361626557.111111 1.75123538242246e-07 6379 0.000775449357266029 0.332551906020053
0.67 1D 365894539.55 365898377.15 1.81977279800196e-07 5001 0.00818224233553289 0.106472685311953
0.68 1D 371237241.111111 371240945.555556 1.91734891887771e-07 2946 0.00153208880515954 0.279933149140916
0.69 1D 375806575.894737 375810452.684211 2.15931896141864e-07 5098 0.000707534476265202 0.407372979669182
0.7 1D 381053353.48 381057002.36 2.49364796599694e-07 5714 0.00387722857892895 0.231267224408083
0.71 1D 386698682.857143 386704426.214286 2.87885137513961e-07 7801 0.000489716682476605 0.203888195268962
0.72 1D 392029324.625 392033872.125 3.31581114541704e-07 2781 0.000723221503056454 0.605801475081279
0.73 1D 396515644.142857 396519209 3.80708398785333e-07 1255 0.00114211989641434 0.152269568310336
0.74 1D 398996420.8 399000014.6 4.00572329048372e-07 1257 0 NA
0.75 1D 400096766.4 400103556.2 4.06663981240432e-07 1783 0.00216651471676949 0.149442894619776
0.76 1D 402538557.75 402541304.25 4.14716148178887e-07 537 0 NA
0.77 1D 403601755.842105 403605094.157895 4.15960049650588e-07 4219 0.00235043390139844 0.163518073649482
0.78 1D 406124502.666667 406127732.5 4.13702025136689e-07 1527 0.0030573903994761 0.0609156898047938
0.79 1D 408346450.222222 408350210.888889 4.13811575839334e-07 2801 0.00315745640842556 0.0643675564663615
0.8 1D 410344987.333333 410350997.666667 4.20257204686255e-07 3353 0.00124591521622428 0.270300549959176
0.81 1D 412029942.333333 412038037 4.30543173313123e-07 1374 0.00359708406113537 0.11448042006368
0.82 1D 414071316.714286 414074697.285714 4.3329975609143e-07 961 0.0021174981685744 0.281565904050651
0.83 1D 415853855.333333 415859371.333333 4.30868351221108e-07 2092 0.0185932380353728 0.146100013496729
0.84 1D 418958743.125 418963846.125 4.90194557987294e-07 3068 0.00232207045632334 0.40561377629967
0.85 1D 422151026.722222 422158495.055556 5.08959290266306e-07 7429 0.00587259528873334 0.135826538362363
0.86 1D 426463186.466667 426467077 5.51740440304823e-07 2828 0.00665846388967468 0
0.87 1D 430413348.5 430418318 6.17892992914589e-07 959 0.00212020484880083 0
0.88 1D 430564939 430573646 6.20568788217035e-07 1227 0 NA
0.89 1D 430976701 430983376 6.27658063680163e-07 192 0 NA
0.9 1D 431796768 431801512.666667 6.41478746530212e-07 2523 0 NA
0.91 1D 432058408 432062311.333333 6.4579507217574e-07 1007 0 NA
0.92 1D 432764028.2 432769966.2 6.57247131255105e-07 1978 0.000546989979777553 0.53454193072709
0.93 1D 433619798.5 433624869 6.70705800277083e-07 1754 0.00320393748004561 0.0908296140612927
0.95 1D 435861992.6 435864199 7.03822494432485e-07 614 0.0116519039087948 0.251812312341065
0.96 1D 436485566 436489942.333333 7.12478452765874e-07 1255 0.0103624522709163 0.0571142630362011
0.97 1D 437443195 437448396 7.34265107184632e-07 574 0.0387205 0.0649224570963701
0.98 1D 438748434.5 438752820.75 7.71897689466386e-07 1259 0.00434134392374901 0.132654902747143
0.99 1D 440088831.428571 440092585.571429 7.39748586843579e-07 2332 0.0178297931389365 0.0537723517945477
1 1D 443437056.916667 443441375.333333 7.22167072841051e-07 3845 0.00409132845253576 0.183001933570319
1.01 1D 446095968.714286 446100614.285714 7.29188287444408e-07 2058 0.0145825885082604 0.131095068424011
1.02 1D 446962776.5 446966838.5 7.28228140234546e-07 750 0.00302047402666667 0.0944097922431178
1.03 1D 447920796.857143 447924826.571429 7.25520307806687e-07 1327 0.0114665232102487 0.0617423817728885
1.04 1D 448906574 448910545.666667 7.24499602855866e-07 608 0 Inf
1.05 1D 449867059.222222 449871626 7.27965701197472e-07 1989 0.00825078131724485 0.0609867597931539
1.06 1D 451133877.5 451136560 7.38867549630411e-07 305 0.00351245518032787 0.261722337547965
1.07 1D 452029953.75 452031906.25 7.51479251530815e-07 547 0.033097880749543 0.0160344072621291
1.08 1D 452520785.5 452526124 7.59776863456066e-07 1118 0.0128323752236136 0.0907997789440707
1.09 1D 453282482.5 453285928.5 7.75080090646747e-07 719 0.0145767439499305 0.326784117009825
1.1 1D 454394531 454399086.5 8.02456861524297e-07 332 0.0297744768072289 0.103707117024898
1.11 1D 455595780 455599057.75 8.38614240588707e-07 1221 0.0149008573710074 0.122540085687895
1.12 1D 457300261 457306053.666667 9.01365024703959e-07 1459 0.0164501159013023 0.173910983358828
1.13 1D 458516823.428571 458521304.357143 9.47313124344104e-07 2910 0.00993310388316151 0.17361061163099
1.14 1D 461609196 461613591.8 1.01561660874332e-06 1655 0.0331017118429003 0.0574959960404454
1.15 1D 462718281.4 462723126.6 1.04660021053201e-06 1352 0.0171160432174556 0.0498577188933175
1.16 1D 463490591 463494658 1.10445679939063e-06 252 0.0434419 0
1.17 1D 464140500 464147926 1.14170428773417e-06 509 0 NA
1.18 1D 464532980 464538246.5 1.15808407504357e-06 1593 0.0199998313433773 0.116646083688114
1.19 1D 465211149.714286 465216028.714286 1.17617887747262e-06 1276 0.0049447878369906 0.265996071275633
1.2 1D 466242861.666667 466247908.666667 1.17908642329776e-06 1534 0.0150539153389831 0.0864626531321126
1.21 1D 467016328 467019324.5 1.16271500100385e-06 219 0.00895337187214612 0.293735921862126
1.22 1D 467873270.166667 467878837.5 1.12940095641498e-06 2610 0.0276984229233716 0.215064676553241
1.23 1D 469093351.666667 469098675.666667 1.15139589326825e-06 1635 0.0391052977981651 0.0589762392940998
1.24 1D 469888723.75 469891756 1.16314543199537e-06 858 0.00944777404428904 0.272491821012839
1.25 1D 470567587 470571862.2 1.15660572222288e-06 1199 0.0457623019349458 0.0157536359453412
1.26 1D 471602007 471608469.666667 1.11510282779764e-06 1230 0.0327084892845529 0.152197213249167
1.27 1D 472116569.5 472120408.5 1.08015212803411e-06 732 0.0155863396174863 0.149253443751353
1.28 1D 472535402.25 472538189.25 1.05570784385761e-06 987 0.00793873791286728 0.110832224649103
1.29 1D 473717344.833333 473722734.333333 1.0232564369314e-06 2440 0.0223456785081967 0.0521943051989495
1.3 1D 475280469.857143 475283722.857143 9.93203969274147e-07 2605 0.0134510424568138 0.0287111925703489
1.31 1D 476765408.416667 476769873.666667 9.8424496338123e-07 2033 0.0251555609050664 0.0399447304767489
1.32 1D 478258399.5 478263063.25 9.92015451560388e-07 1470 0.0345859644217687 0.0564507537825345
1.33 1D 478966998.5 478971720.5 1.00213424512323e-06 1632 0.026755021752451 0.0808571400565482
1.34 1D 479851805.75 479857408.25 1.02042050456771e-06 2341 0.0173186314694575 0.0403264020060094
1.35 1D 480630243.777778 480634746.555556 1.04125338407211e-06 2393 0.0331539198495612 0.0820415478261203
1.36 1D 481479135.666667 481484243.666667 1.05621431996317e-06 1402 0.0307860318116976 0.0794646198250153
1.37 1D 482217137 482218242 1.06049841476365e-06 56 0.0132743 0
1.38 1D 483066434 483070928.5 1.05837717269826e-06 1369 0.0469144572680789 0.0562332462428081
1.39 1D 483764931.75 483778668.5 1.05236142716614e-06 1225 0.0316364907755102 0.125216221767696
1.4 1D 484617719.857143 484623322.571429 1.05078965799486e-06 2973 0.0206837000807265 0.0695364221532466
1.41 1D 485603354 485608911.333333 1.05145203831071e-06 2118 0.0105971522474032 0.396087278549721
1.42 1D 486153145.5 486157757.5 1.05201166592777e-06 824 0.0147217329126214 0.0648060160366964
1.43 1D 487167824.666667 487173146.666667 1.05331201274416e-06 1067 0.0313028404873477 0.0429014555236412
1.44 1D 488070634.75 488076509 1.05333012164481e-06 1971 0.035084362049721 0.0543666396410874
1.46 1D 490666278.5 490673872.5 1.04887588531274e-06 1821 0.00616143499176277 0.297201310942178
1.47 1D 492747840 492754069.666667 1.04805968518512e-06 3860 0.0102948751735751 0.074108966169582
1.48 1D 494153606.818182 494158681.909091 NA 3454 0.0120841278720324 0.0868607128078018
0 2D 312755.666666667 317601.333333333 1.65063745148952e-06 826 0.00121232331719128 0.573561274588666
0.01 2D 676084 679951 1.63654499129361e-06 130 0.0327869 0
0.03 2D 2475035 2480695 1.55104046882513e-06 135 0.0361809 0
0.04 2D 3077076 3080377 1.52307003389834e-06 277 0.0446544 0.0234402432906948
0.05 2D 3773856 3790417 1.49011709750458e-06 1781 0.0156582 0.282268715433447
0.06 2D 4461128 4465758 1.45761527914681e-06 203 0.0279627 0.0985516420088189
0.07 2D 5118039 5121771 1.42575412770772e-06 896 0.0479821828125 0.127053258547947
0.08 2D 5390158.25 5393975.75 1.41237067362203e-06 1092 0.0470852392857143 0.0404470090370532
0.09 2D 5744852.5 5750534 1.39478607304196e-06 729 0.00684071717421125 0.240243168577199
0.1 2D 6621243 6627871.25 1.35067979102104e-06 1629 0.0147836101903008 0.0361349942018065
0.11 2D 7280667 7283962.66666667 1.31701012238176e-06 912 0.0446997030701754 0.0511878179496129
0.12 2D 8613291.25 8618070.5 1.24706926382026e-06 1519 0.00819662794601712 0.0800580663164456
0.14 2D 10526927.5 10531604 1.14498912218521e-06 871 0.0124207648679679 0.126712975795079
0.15 2D 11561924.5 11568406.6666667 1.06776883760719e-06 2384 0.0274771079697987 0.0979004139098378
0.16 2D 12686195 12690654 9.3654210619395e-07 289 0.0638655 0.0234165551040859
0.17 2D 12694164 12698520.5 9.35540439946322e-07 300 0.0468922946666667 0.0652549625708229
0.18 2D 13693004.7333333 13697954.2 8.55028860479429e-07 2992 0.0338973512132353 0.12065771726493
0.19 2D 14590569.6666667 14594867.4444444 8.56782238195588e-07 1637 0.0309333333781307 0.118058027418396
0.2 2D 15603333.3333333 15612279.6666667 8.85750226229152e-07 506 0.00895141515810277 0
0.21 2D 18436287.5 18440525.5 8.74682975882326e-07 1062 0.0339577973634652 0.0391537753652612
0.23 2D 20778047 20783120 9.60590299907669e-07 225 0.0208551 0.124102018211373
0.24 2D 22165686 22166894 1.0604970897999e-06 325 0.02855 0.178270402802102
0.25 2D 22704955.5 22708829.5 1.08896942947058e-06 347 0.024217846685879 0.0682085821673796
0.28 2D 25044982.5 25054740 1.15131437744807e-06 1146 0.0170824884118674 0.0629165543527646
0.29 2D 26516591.5 26521336.5 1.13736138041395e-06 331 0.0454257752265861 0.0612552826457391
0.3 2D 26979932.3333333 26989046 1.1236129321101e-06 1609 0.00830067327532629 0.0318508763166291
0.31 2D 27776912.2 27780627.4 1.11807527099862e-06 1258 0.035636426073132 0.0817806165267742
0.32 2D 28626605 28640397 1.18526565373525e-06 2311 0.00547023 0.0227855135890081
0.33 2D 29046850.5714286 29052359.1428571 1.20377606537383e-06 2927 0.012372087119918 0.155559912146707
0.34 2D 29705658.6666667 29708101 1.21526091859767e-06 281 0.0166690825622776 0.0621966014520628
0.35 2D 30413202.25 30421628.5 1.19726657579306e-06 1454 0.0207398173177442 0.0432275378432191
0.36 2D 31706336 31710059 1.09275841406361e-06 581 0.00404676351118761 0.390144377504711
0.37 2D 32308080.8 32314935 1.01003177517164e-06 1356 0.0062632183480826 0.0500082770079348
0.38 2D 32884387.5 32889185.5 9.59600090685668e-07 1203 0.0189086838487116 0.0883530417751511
0.39 2D 33958808.8333333 33962896.6666667 9.3545233630807e-07 1646 0.0110222185419198 0.0473975405070081
0.4 2D 35444847.6 35451700.8 8.99361438508229e-07 3528 0.00925856801303855 0.159708886522144
0.41 2D 36535714.6666667 36543116.6666667 8.71026218742978e-07 1752 0.00618744678082192 0.0525385639680554
0.42 2D 37711307.125 37715871.625 8.38582697708058e-07 2144 0.0223084856343284 0.0709500621471401
0.45 2D 43325165.5 43331997 6.48343102226166e-07 852 0 NA
0.46 2D 43991669 43995409 6.23494640755343e-07 282 0 NA
0.47 2D 46020861.1428571 46027627.2857143 5.60554860152226e-07 2171 0.00779986261630585 0.0169538270588089
0.48 2D 48168312 48171044.5 5.12663466466884e-07 555 0 NA
0.49 2D 49691736.5 49696983.25 4.9178852838365e-07 2463 0.00936816260251726 0.111620486839348
0.5 2D 51494848.7142857 51500741.1428571 4.80819758832373e-07 2295 0.00206882845315904 0.288124607291976
0.51 2D 53570318 53572100 4.85891334296585e-07 499 0.00585702096192385 0
0.52 2D 55752271.7857143 55758037.9285714 5.11451590796414e-07 7057 0.00427076359926314 0.104774497644276
0.53 2D 58107577 58112246.1666667 5.30785187108251e-07 957 0.00213982560083595 0
0.54 2D 60440339.75 60445513 5.1674161066901e-07 1559 0 NA
0.55 2D 62143702.9285714 62147200.2857143 5.10660774897959e-07 2969 0.00358994896598181 0.145260892728151
0.56 2D 63958940.125 63963017.5 5.04218737848736e-07 2673 0 Inf
0.57 2D 66749837.8888889 66756631.1111111 4.79311782768133e-07 2391 0.00211182487662066 0.113508213439114
0.58 2D 67690836 67697166.3333333 4.70819905313191e-07 2389 0 NA
0.59 2D 69853863.6666667 69857696 4.51056040915821e-07 1199 0.00082355929941618 0
0.6 2D 72468305.5 72472792.1666667 4.26750364064224e-07 1727 0.000573653960625362 0.873064441813736
0.61 2D 73576698 73583564 4.16315558563758e-07 1241 0 NA
0.62 2D 75562626.5454545 75567659.3636364 3.96868240402194e-07 4421 0.000434228237955214 0.444021178700861
0.63 2D 77990311.6666667 77997982.5555556 3.72547141379675e-07 4445 0.000885487905511811 0.516288065031323
0.64 2D 80109609.3636364 80113603.0909091 3.53200743125992e-07 2904 0.00174119505509642 0
0.65 2D 82973369.5 82979163.875 3.29862595644729e-07 3256 0.0109637749324324 0.157897214656859
0.66 2D 86242264.875 86249677.375 3.07244277558303e-07 5077 0.00208191738428206 0.0271570264367897
0.67 2D 89240978.6666667 89245352.5833333 2.90259650661679e-07 3790 0.000750080559366755 0.40821109199275
0.68 2D 95439224.5555556 95443643.7777778 2.60460664413086e-07 4255 0.00046524427027027 0.580497686526695
0.69 2D 101418441.9375 101422753.8125 2.14211685686341e-07 3757 0.00233286721054032 0.0328892965325873
0.7 2D 108999578.75 109004158 1.85974795875934e-07 6883 0.000894375385732965 0.0956461905602388
0.71 2D 115743226.526316 115747412.105263 1.65315636479731e-07 6119 0.000460950250040856 0.203822878336217
0.72 2D 121050401.833333 121054967.75 1.52374080296417e-07 8376 0.00011900787965616 0.289559695428417
0.73 2D 126772089.75 126778018.625 1.42232157505667e-07 5571 0 Inf
0.74 2D 131701488.05 131707372.4 1.28677707015817e-07 6373 0.00016659817982112 0
0.75 2D 136405932.833333 136411658.083333 1.18313113642205e-07 3590 0.000539563353760446 0
0.76 2D 145198275.5 145203462.1 9.97400674396378e-08 7005 0.00206985470378301 0.223868317466373
0.77 2D 169871839.060345 169877607.224138 4.87541843396599e-08 39081 0.000490882164402139 0.44412260481213
0.78 2D 195698597.6 195704572 1.85476053074976e-08 6320 0.00189004230379747 0.138124332519461
0.79 2D 207731234 207739307.4 1.0698592122459e-08 15843 0.000646237720002525 0.408265845156537
0.8 2D 298839420.703911 298848836.184358 1.05214179495015e-08 72917 0.000295740080008777 0.337831123262376
0.81 2D 352703767.339623 352709938.754717 4.63029443227688e-08 17730 0.000111213460800902 0.727563785330615
0.82 2D 371716491.595238 371721493 6.17008108324639e-08 13363 0.00014050628002694 1.379791969731
0.83 2D 382702094.611111 382707173.527778 6.80047102089836e-08 11935 8.60953380812736e-05 0.768538306332515
0.84 2D 398631155.52381 398636120.079365 7.43670752864424e-08 17088 6.34213600187266e-05 0.268896697209544
0.85 2D 414512532.090909 414516822.363636 7.9001788086825e-08 5802 0.000162860336091003 0.306043681125534
0.86 2D 422602927.294118 422607670.764706 7.95903545795756e-08 9765 0.000884602041986687 0.192744187326072
0.87 2D 439496551.208955 439501647.328358 8.62336759806014e-08 20424 0.000793015218860165 0.335682567388981
0.88 2D 454760663.823529 454764908.529412 9.48021164477104e-08 5748 0.000170486221294363 0.512511235212073
0.89 2D 460795544.647059 460800332.941176 9.7227183399901e-08 6607 0.000512171852580596 0.084453074581625
0.9 2D 470911682.428571 470916904.642857 1.00674884197172e-07 9612 0.00146640670411985 0.274986801726583
0.91 2D 477868255.222222 477872628.666667 9.71309382715697e-08 6524 0.00123963135959534 0.212661901712812
0.92 2D 489385899.71875 489390031.4375 8.92498771251883e-08 8383 0.00151134076344984 0.283265386721163
0.93 2D 498847579.388889 498851717.333333 9.10764446622676e-08 5620 0.000868979816725978 0.160155102890245
0.94 2D 509701301.666667 509707822.571429 1.03292494578368e-07 6264 0.000162953604725415 0.263376331426869
0.95 2D 517805009.192308 517810357.615385 1.19283568868429e-07 10820 0.00067375858077634 0.333052121181329
0.96 2D 525850174.423077 525855322.615385 1.38304262057123e-07 8725 0.000739695273352435 0.0777964311133367
0.97 2D 534296394.2 534300517.84 1.55029915979951e-07 9430 0.00292785825132556 0.162175630021285
0.98 2D 540290253.791667 540296289.791667 1.69862255750597e-07 9078 0.000864863037012558 0.333782837615572
0.99 2D 545984544.428571 545988754.952381 1.86463458425295e-07 6154 0.00159844020961976 0.380708927116097
1 2D 551740424.4 551747654.8 2.09976711135195e-07 1553 0.00576559425627817 0.543774354035319
1.01 2D 554811085.818182 554814605.272727 2.14450300383323e-07 2955 0.00167823422335025 0.276169510636626
1.02 2D 557881529.857143 557884881.142857 2.30125511600585e-07 2605 0.00260149688675624 0.461397609740817
1.03 2D 562763071 562766409 2.57000866598192e-07 1286 0.0126501429860031 0.107075199934364
1.04 2D 566100311 566105589.947368 2.72524044963622e-07 7973 0.00910688397842719 0.0991206202747518
1.05 2D 571542684.833333 571547407.416667 3.06155314825667e-07 4819 0.00720517175970118 0.121559749619923
1.06 2D 575287961.666667 575292425.333333 3.37145460834399e-07 2862 0.00104395687980433 0.382849237138363
1.07 2D 577958086.363636 577962197.272727 3.70777047389628e-07 2895 0.00998804562694301 0.143619328628651
1.08 2D 580157783.625 580162765.375 4.02613101490981e-07 2385 0.00640226947589098 0.122724225601683
1.1 2D 584842918.166667 584846817.333333 4.26553193527316e-07 1193 0.020198728541492 0.045023664658766
1.11 2D 587691446.428571 587695492.714286 4.20590018436986e-07 2528 0.00428392420094937 0.106214312564504
1.12 2D 589008830.25 589013638.75 4.20069307698967e-07 1050 0.000992654895238095 0.277167826723917
1.13 2D 590363804.666667 590369115.666667 4.17809502514677e-07 2246 0.0200758615761354 0.231803484863118
1.14 2D 593051913.555556 593057550.444444 4.16788969769789e-07 3489 0.00561606644310691 0.059463118072957
1.15 2D 595319243.076923 595323219.076923 4.22461620378102e-07 3186 0.00153017006591337 0.353497195781874
1.16 2D 597866567 597871992.25 4.41277899248485e-07 1888 0.00570166816207627 0.0534720757352246
1.17 2D 601175843.083333 601181020.75 4.64406810966214e-07 3789 0.0114870196252309 0.00633278835185848
1.18 2D 605418855.666667 605422112.666667 4.69932748083136e-07 832 0.00598056877403846 0.0570323576882265
1.19 2D 607070662.833333 607075996.666667 4.80480320866009e-07 2645 0.00627853850283554 0.150887503027281
1.2 2D 608977607.416667 608983247.666667 4.86041341354898e-07 6005 0.0104327901115737 0.0997830862792825
1.21 2D 610647904.2 610652885.4 4.83597237323465e-07 1697 0.0214750303476724 0.0397687363349574
1.22 2D 612034540.666667 612038995.333333 4.76627252408503e-07 1210 0.0326432440082645 0.0148265952111476
1.23 2D 613301328.75 613308990 4.66092442572675e-07 1948 0.0176974499743326 0.107398488573593
1.24 2D 615136605 615140268 4.43823549041207e-07 521 0.00567889366602687 0.266521131079166
1.25 2D 617040972.1875 617045999.75 4.12231758583903e-07 5066 0.0115014059474931 0.0880893117155225
1.26 2D 619960996.285714 619964278.142857 3.88241982174422e-07 1827 0.0114175040503558 0.123643747075203
1.27 2D 622162989 622168848 3.55795837614339e-07 2544 0.0255710872169811 0.0784445054934774
1.28 2D 624689383 624694015.625 3.3184207800811e-07 2771 0.0304716278166727 0.0745458785581467
1.29 2D 628289306 628294561.7 2.97570757646999e-07 4166 0.0137880104426308 0.0552097397577604
1.3 2D 634278250.416667 634282957.75 2.40249123568577e-07 7918 0.028776295276585 0.0452518614271926
1.31 2D 644693773.6 644698833.7 1.8067539896457e-07 16715 0.0250138552862698 0.0660215629577043
0 3D 1794545.47368421 1798609.31578947 9.01547113486743e-07 4608 0.0304305723958333 0.0884544937808883
0.01 3D 4071866.125 4077661.25 9.31884349986299e-07 1891 0.0219956805393971 0.0621884544376398
0.02 3D 6242886.69230769 6247438.46153846 9.66712397016911e-07 3051 0.0171964151556867 0.125681226853249
0.03 3D 7304276.75 7309880.25 9.8215305812957e-07 3512 0.0244095515375854 0.0457854910762847
0.04 3D 8838316 8847966 1.00170295845392e-06 1012 0.0284035 0
0.05 3D 9184669.66666667 9187061.66666667 1.00559875469108e-06 617 0.0230717435980551 0.0153403491770417
0.06 3D 10453763 10456812 1.01960951541152e-06 61 0 NA
0.08 3D 11603558.8 11608743 1.02705732607378e-06 1782 0.00541144578002245 0.0877825715294621
0.09 3D 12230761 12234542.5 1.02924232515376e-06 292 0.0230274410958904 0.171983212167591
0.1 3D 13343327.6666667 13348417 1.05441705060931e-06 1317 0.0151434346393318 0.043823405157665
0.11 3D 14035596.2 14039733 1.06458534296288e-06 800 0.0117932299375 0.332284784004704
0.12 3D 14614832 14617981 1.06990658424687e-06 376 0.0399658098404255 0.037881798501372
0.13 3D 15510639 15515092.3333333 1.07884247703545e-06 1073 0.0152425639328984 0.103369638428066
0.14 3D 16404639.6 16409914.6 1.0937012511935e-06 1656 0.00992890141304348 0.19576775851567
0.15 3D 17167691 17185186 1.09616616267222e-06 495 0.0191389398585859 0.0611772084442835
0.16 3D 17861807 17878705 1.09044793864466e-06 82 0.0336134 0.372208702481748
0.18 3D 19710143.5 19713794.5 1.10276107358593e-06 466 0.0141798969957082 0.175938265379628
0.2 3D 22047120 22052398 1.26047788850451e-06 407 0.00722734275184275 0
0.21 3D 22251527.5 22256962.25 1.26614405167776e-06 1663 0.023224357979555 0.0738848736646305
0.22 3D 23143257 23146003 1.27408069745365e-06 408 0.0144046796078431 0.0493339201615118
0.23 3D 23669446 23673272.5 1.26522617057576e-06 454 0.0204974028634361 0
0.25 3D 25126814.5 25130889.5 1.18811242126333e-06 845 0.0252482449704142 0.0676784142990641
0.26 3D 26215820.5 26219240.5 1.08021369422023e-06 421 0.0364506182897862 0.0543539838621872
0.27 3D 26449214 26453950 1.05144118125485e-06 211 0 NA
0.28 3D 27402955.5 27407848 9.65516998522314e-07 218 0.00474933279816514 0
0.29 3D 28505632 28510800 8.69427504557903e-07 105 0.00938967 0
0.3 3D 29144113 29147502.3333333 8.31409601983745e-07 778 0.00463254272493573 0.405947394778036
0.31 3D 30086153.1666667 30093334.3333333 7.85792148212378e-07 2793 0.0113055699427139 0.114089271387014
0.32 3D 31977949.5 31983703 7.17664151534811e-07 1571 0.00761073870782941 0.312818843727487
0.33 3D 33033872 33040943.5 6.93481380837326e-07 3059 0.00431410345864662 0.197805982450432
0.34 3D 36639673.9166667 36643769.5 6.09510263826877e-07 3698 0.00556838210654408 0.0694612289552897
0.35 3D 39537853.5555556 39541856.2222222 5.60328431456743e-07 2618 0.00891724928189458 0.0647836407920642
0.36 3D 42387527.5384615 42390655.9230769 5.35699186297386e-07 3067 0.00157502625692859 0.178217922091436
0.37 3D 44498478 44502763.6428571 5.52574083958245e-07 4292 0.00715610657036347 0.125864460014133
0.38 3D 46609126.625 46615952.375 5.34128803715753e-07 2964 0.00206037924089069 0.422141883667575
0.39 3D 49052952.4444444 49057272.2222222 4.97730565394064e-07 3435 0.000883785152838428 0.28353342806942
0.4 3D 50264898 50268013.3333333 4.80345493394925e-07 960 0 Inf
0.41 3D 51688592 51696138 4.60390894673247e-07 303 0 NA
0.42 3D 53422020 53425273 4.3703002902044e-07 621 0.00152833531400966 0
0.44 3D 57113847.6666667 57118457 3.90199532062317e-07 992 0 Inf
0.45 3D 58656056.25 58661140.75 3.71856502372299e-07 2945 0.00144207960611205 0.188065719860088
0.46 3D 61589281.5 61593922.5 3.38847491997554e-07 2074 0.000941006605593057 0
0.47 3D 63926941.4 63931039.3 3.14425667411852e-07 2637 0.00141958511945392 0.0765142633446751
0.48 3D 67060099.4166667 67066923.9166667 2.84239248971954e-07 4363 0.000938878590419436 0.141691510201569
0.49 3D 70184067.3846154 70190128.9230769 2.56366911854285e-07 5353 0.00781258324864562 0.178298314363915
0.5 3D 81776565.3636364 81781996.0454545 1.85063015308841e-07 15188 0.00280797850388465 0.233788998519918
0.51 3D 93256397 93264153 1.26350710440072e-07 617 0 NA
0.53 3D 94962590.1666667 94967079.1666667 1.1892399235908e-07 1741 0 NA
0.54 3D 96250064.8 96253682.2 1.13489758719256e-07 1387 0.000702803604902668 0.293509310634121
0.55 3D 109569768.3125 109574332.604167 6.80893187386509e-08 14382 0.000251179472256988 0.239367009518882
0.56 3D 131017935.666667 131023896.294118 2.70949479965047e-08 15239 0.000176719762451604 0.215354867278503
0.57 3D 147872987.939394 147877691.272727 2.58114374710357e-08 9266 6.58504208935895e-05 0.85580461182949
0.58 3D 166354847.666667 166360263.333333 2.67846690831202e-08 20287 0.000185170222309854 0.765984292548561
0.59 3D 243180921.453039 243190341.712707 1.70331892906206e-08 68111 0.000189825831157963 0.451955988624547
0.6 3D 307744834.134328 307751185.298507 3.96600671861198e-08 24355 0.000272517124204475 0.465563180888167
0.61 3D 327687137.727273 327693369.818182 3.47672807405307e-08 18551 0.000362730208614091 0.301219153235972
0.62 3D 344728226.511628 344734263.209302 3.94069833690031e-08 18111 0.000324519459444536 0.461388787760451
0.63 3D 366206887.296703 366212575.252747 6.59646219318299e-08 31055 0.00113485159610369 0.218089561965355
0.64 3D 385978624.152174 385983446.891304 1.08249117509706e-07 13933 0.0003331387023613 0.60698002340794
0.65 3D 396136870.142857 396141576.285714 1.37637676917425e-07 6401 0.00031094344633651 0.250724834187371
0.66 3D 402361519.473684 402367342.473684 1.59336373963323e-07 6237 0.000151642151675485 0.223469005503429
0.67 3D 409329572.909091 409335258.454545 1.88637583071381e-07 3355 0.000279780375558867 0.304038777872139
0.68 3D 415098918.166667 415103837.875 2.07516508143033e-07 9568 0.00145336144021739 0.244655890586181
0.69 3D 420787332.833333 420794805.666667 2.20318335342333e-07 7308 0.000486028512588944 0.539857679181107
0.7 3D 426067781.894737 426077239.736842 2.26847717051222e-07 9736 0.000914928239523418 0.127844475106863
0.71 3D 429853202.5625 429857443.5625 2.35580555940127e-07 3801 0.00139906688766114 0.175911795941176
0.72 3D 434489495.8 434493584.7 2.48998108210621e-07 2078 0.000352599037536092 0.898773469334276
0.73 3D 437980949.875 437983938.625 2.57297298279973e-07 3632 0.000895063356277533 0.582225121876678
0.74 3D 441309450.266667 441314018.266667 2.63731931195054e-07 4589 0.0023716755763783 0.296024038224299
0.75 3D 444442797.777778 444448818.111111 2.68601999334588e-07 5401 0.00511312245880392 0.148147901744868
0.76 3D 447939311.857143 447945492.714286 2.72542259472981e-07 2997 0.000686857207207207 0.137678388464322
0.77 3D 450733122.166667 450738716.166667 2.74627567952248e-07 1498 0.00137246809078772 0.141449858489272
0.78 3D 454123014.777778 454127205.555556 2.77745429842415e-07 2355 0.00391620051380042 0.140400078796856
0.79 3D 456719096.3 456722914 2.80098354801945e-07 3279 0.00629697351021653 0.0517755371208708
0.8 3D 459606393.666667 459611565.333333 2.81832151177933e-07 4282 0.000473347024754788 0.387585960782644
0.81 3D 462517159.727273 462520976.363636 2.82657885233153e-07 2257 0 Inf
0.82 3D 465470284.571429 465474870.714286 2.82627793477732e-07 3310 0.0018934323897281 0.393775578726836
0.83 3D 469367224.666667 469371656.555556 2.81105200049499e-07 3403 0.00150228544519542 0.194908919818644
0.84 3D 472828660.5 472833322.75 2.7837835791581e-07 2763 0.000889722747014115 0.293024791340387
0.85 3D 477280018.2 477286139.3 2.72978881772778e-07 3001 0.000756919106964345 1.0878118043407
0.86 3D 480299807.636364 480303457.272727 2.67575335939527e-07 2758 0.00143426588469906 0.289759574127629
0.87 3D 483959231.166667 483962955.333333 2.54355238455545e-07 1426 0.00133885360448808 0
0.88 3D 488017775.538462 488023940 2.40406609338808e-07 3592 0.000285060668151448 0.56068649454842
0.89 3D 491407612.5 491413331.5 2.3518138197474e-07 2217 0.000468017943166441 0.272416446219548
0.9 3D 497084556.227273 497088905.5 2.39827934454499e-07 6536 0.000916566165850673 0.31174772422946
0.91 3D 502454655.363636 502460053.090909 2.43754045951062e-07 3392 0.0101229231839623 0.0991902472527425
0.92 3D 506715964.75 506720810.5 2.30615559142223e-07 6480 0.00391587886111111 0.203268956617737
0.93 3D 509534239.5 509538136.5 2.29487537186663e-07 2842 0.00171479623504574 0.119226937938371
0.94 3D 514823059.352941 514828323.058824 2.45871332853225e-07 6148 0.00190618885003253 0.141476942330191
0.95 3D 518369833.461538 518373641.692308 2.55744171157434e-07 3615 0.00278783301798064 0.285110663285329
0.96 3D 522663389.625 522668294.375 2.60696704780731e-07 3799 0.000794720036851803 0.260555536679696
0.97 3D 525902144.705882 525907943.941176 2.65786888919542e-07 5062 0.00169963045041486 0.0683151328684839
0.98 3D 530295697.2 530300768.1 2.87272415210616e-07 2776 0.000687731541786744 0
0.99 3D 533838510.111111 533842138 3.03661546864625e-07 2448 0.00939191446078431 0.0903022549303269
1 3D 536393784.125 536399123.125 3.18222722341139e-07 3186 0.000595723854362837 0.263721528225696
1.01 3D 539700012.333333 539704809.666667 3.44352132423341e-07 1564 0.0161466049232737 0.0468564568147103
1.02 3D 542528021.333333 542530168.333333 3.73038574086816e-07 589 0 NA
1.03 3D 544269726.6 544273971 3.96810408625082e-07 2534 0.00198107651933702 0.284506762574915
1.04 3D 546810408.470588 546814819.823529 4.40529488340874e-07 4730 0.00264779733192389 0.120170261780908
1.05 3D 549739665.5 549744253.25 4.76556811700909e-07 1972 0 Inf
1.06 3D 551867016.428571 551870630.142857 5.07823014461204e-07 2198 0.00472448930846224 0.275957574936124
1.07 3D 554538830 554543042.375 5.54061580128438e-07 1209 0.00781936794871795 0.151295760447046
1.08 3D 556367937 556374911 5.63903942084576e-07 2699 0.00700601602815858 0.152737878545187
1.09 3D 558972599 558977871.25 5.27322426638083e-07 2014 0.00742524800397219 0.30657956457251
1.1 3D 560331549 560333693 4.89345313063253e-07 152 0 NA
1.11 3D 561112313.666667 561115366 4.67947594189202e-07 598 0.0181526309364549 0.173770010931001
1.12 3D 562577524 562581206.333333 4.22045350991373e-07 689 0.0137460326269956 0.214626599403827
1.13 3D 563726486.5 563729461 4.05199872209746e-07 372 0.00263908129032258 0.585168934643923
1.14 3D 566249625.5 566253646.166667 4.30124617750437e-07 1226 0.0119197360522023 0.176592968997009
1.15 3D 570803687 570807001 4.15221625787867e-07 121 0 NA
1.16 3D 574085829 574089634.25 4.68877466515174e-07 725 0.00918832736551724 0.192937712182816
1.17 3D 576082320.666667 576088172.666667 6.47067001171487e-07 882 0.00674822569160998 0.0980195321553122
1.18 3D 577152992 577156780 7.13707858637021e-07 96 0 Inf
1.19 3D 578826395.5 578831062.5 8.01241823572524e-07 396 0.0168614777777778 0.174112250846365
1.2 3D 579726218 579733444 8.40535912502353e-07 176 0 Inf
1.21 3D 580719827 580722316 8.77069944001353e-07 387 0.0340702335917313 0
1.22 3D 581624628.5 581629988 9.07533105976476e-07 577 0.0146070355285962 0.0821694965609448
1.23 3D 582055073 582057518.5 9.33822469933873e-07 240 0.0121554955833333 0.0985182442890526
1.24 3D 583323915 583329114 1.03812073296735e-06 603 0.0114566 0
1.25 3D 584131388 584138021 1.09321094369105e-06 2107 0.0113801003464642 0.0714281239266783
1.27 3D 586015314 586022349.666667 1.16889904485831e-06 1299 0.013998729330254 0.0870331137610015
1.28 3D 587001034.333333 587004596.333333 1.17839273398288e-06 658 0.0328813603343465 0.052915917186311
1.29 3D 587593371.333333 587598680.666667 1.17361618543328e-06 1288 0.00533213127329193 0.125465466953721
1.3 3D 588393624 588396164 1.15647821665452e-06 233 0.0242424 0.102996402996403
1.32 3D 590935693 590942224 1.11670390262339e-06 462 0.0145228 0.0431166166304018
1.33 3D 591550855.5 591561330.5 1.10798158969049e-06 289 0.00346020948096886 0.563491705714479
1.35 3D 593143889.333333 593148369.333333 1.09431260415492e-06 494 0.0300278008097166 0.0775232298900123
1.36 3D 594646735.666667 594650207.666667 1.0780518360571e-06 503 0.0183781721471173 0.032791179207462
1.37 3D 595328505 595333389.166667 1.05364446144235e-06 2023 0.0212002744438952 0.093521216086254
1.38 3D 596912028 596915547 9.73379670328619e-07 234 0.00780488 0.643238589190353
1.4 3D 598533484.666667 598537001.333333 8.9677321944778e-07 908 0.0392736676211454 0.00805407548772283
1.42 3D 600123710 600126996 8.54213563703903e-07 220 0.0410959 0.0631213819383442
1.44 3D 601917967 601925473 8.39242228673895e-07 548 0.00131926 0
1.45 3D 602229052 602231923 8.398181249214e-07 132 0.0283425 0.0560900190045467
1.46 3D 604203417.769231 604208156.153846 8.49014222765101e-07 5591 0.0137882759864067 0.12143164775975
1.47 3D 606874015.142857 606879148.142857 8.34549047268716e-07 5466 0.0186099335858031 0.0691572534415392
1.48 3D 609565370.666667 609570591.833333 8.12625923604222e-07 2539 0.0222976653406853 0.131492038201454
1.49 3D 610282591 610288282.333333 8.09712763664294e-07 1450 0.00849406131034483 0.0233407118217906
1.5 3D 611353593 611356612.857143 8.04911673756761e-07 1599 0.0337197057973734 0.0764555997893072
1.51 3D 611673342 611674917 8.03322383605504e-07 21 0.0363636 0
1.53 3D 612889142.8 612899903.4 7.96508940168444e-07 839 0.0386730815256257 0.0348629818474631
1.54 3D 613630203 613636698 7.91834839663841e-07 1596 0.019799845112782 0.107228841325839
0 4D 1833357.42105263 1837760.94736842 2.04255726669072e-06 5760 0.0188304597135417 0.110492737115684
0.01 4D 4614552.16666667 4619214.16666667 1.92943513354509e-06 2131 0.0254073680197091 0.079837766127222
0.03 4D 5602744.5 5608050.5 1.88701911522695e-06 2014 0.0248338791459782 0.0842032698923412
0.04 4D 6034428.16666667 6039845.83333333 1.86865148670992e-06 700 0.0448967735714286 0.0138566718197043
0.05 4D 6457316 6460773.5 1.85079114500812e-06 181 0 NA
0.06 4D 6597174.8 6601892.4 1.84486343563107e-06 1111 0.0139328289468947 0.111535430050133
0.07 4D 6896320 6899884 1.832296722521e-06 135 0.025817202962963 0
0.09 4D 7487879 7491768 1.80716688600993e-06 280 0.0456708521428571 0.0893117661025218
0.1 4D 7747939.57142857 7753260.14285714 1.79596928964955e-06 3376 0.0120037184004739 0.0336524454996757
0.11 4D 7994323.5 7996551 1.78547808752088e-06 462 0.00162338181818182 0
0.14 4D 8700574 8706801.33333333 1.75524558742069e-06 1254 0.0177202742185008 0.0504199031770071
0.15 4D 8890176 8891654 1.74728245487831e-06 123 0.0292398 0.241269434127456
0.16 4D 9326909.66666667 9334877.66666667 1.72862245956754e-06 4304 0.0117804167170074 0.0860529571283384
0.18 4D 10254737 10259290.6666667 1.68955274965127e-06 745 0.0186180326174497 0
0.2 4D 10967154.6666667 10973683.6666667 1.65966341968861e-06 638 0.0211522496865204 0.0465210082036006
0.21 4D 11511330 11514879 1.6370452137586e-06 185 0.0197916021621622 0.0801506475692229
0.22 4D 11904451.1666667 11909437.6666667 1.62069545320507e-06 1413 0.0223097452512385 0.0809819267477652
0.23 4D 12458543 12464968 1.59775350538049e-06 498 0 Inf
0.24 4D 12577721.4 12581487.8 1.59289503461414e-06 1189 0.00798336682926829 0.0888653064494535
0.25 4D 13186221.3333333 13190503.6666667 1.56787255865387e-06 1308 0.0169504434556575 0.125263942874914
0.28 4D 14608229 14611486 1.50994040881085e-06 198 0.0333333 0.0440529440529441
0.29 4D 15358265.3333333 15364424.5 1.4796015288827e-06 1555 0.0241578632154341 0.013459830576943
0.3 4D 15874275.2307692 15879046.3846154 1.45891388400012e-06 4264 0.018672539587242 0.0431334422313285
0.31 4D 16535155.1111111 16539828.5555556 1.43245778744328e-06 3164 0.0272265565486726 0.0589310442584854
0.32 4D 17520729.3333333 17525630 1.39038044040129e-06 2503 0.0139484352337195 0.0287342132439477
0.33 4D 19377170.5 19382601.5 1.31147615750562e-06 1944 0.0143772757921811 0.0712248361550679
0.34 4D 20538853 20540667 1.26313709059818e-06 103 0.0285714 0
0.35 4D 21503704 21510944.1428571 1.22334246773236e-06 4511 0.00517894779206384 0.128699980089104
0.36 4D 22008023.4 22012168.2 1.20282900474247e-06 1448 0.0121664928176796 0.032892134245436
0.37 4D 23206982.4 23212969.4 1.15441513696675e-06 2449 0.0136129315720702 0.0193089111397021
0.39 4D 25585393.5 25591754 1.06054405967915e-06 2227 0.00649066111360575 0.0701084656721017
0.4 4D 26850070.7142857 26855573.5714286 1.01182060727561e-06 2398 0.0128359921100917 0.0955047384502943
0.41 4D 28759365.1666667 28767140.6666667 9.39649794700535e-07 5692 0.0025603564845397 0.176224335830299
0.42 4D 30314888.75 30320125.5 8.81774389906027e-07 2120 0.00371990750471698 0.173282758421599
0.43 4D 32197137.8181818 32202779.5454545 7.49729753147031e-07 3494 0.00165105910704064 0.380722666243277
0.44 4D 35720640.2307692 35728295.3846154 4.96900984543563e-07 3789 0.00177583451570335 0.246040226114264
0.45 4D 39805478.6363636 39809672.9090909 2.8488058964787e-07 2286 0.00387292517497813 0.0247323994024763
0.46 4D 43697191.4285714 43702540.3333333 1.6709583797757e-07 6862 0.0028321359414165 0.132389567352416
0.47 4D 48697014.9090909 48702661.0909091 1.29890604745464e-07 2777 0.000503766589845157 0.309285002195417
0.48 4D 52071153.4444444 52074864.3333333 1.5560915142119e-07 2441 0.000601229717328964 0.346871648571362
0.49 4D 55290971 55296683.4 1.55126061450036e-07 2173 0 NA
0.5 4D 58481553.6363636 58489006.9090909 1.06694214547156e-07 4733 0.00046215427213184 0.688931276964584
0.51 4D 75278116.8152174 75283995.6521739 6.65395705107013e-08 33823 0.000499613066197558 0.177149875932921
0.52 4D 96395399.6470588 96400494.7647059 5.37650582083378e-08 14093 0.00086373251578798 0.323935407971972
0.53 4D 107839326.363636 107845453.30303 5.37718221096087e-08 10001 0.000579906776322368 0.284457343768264
0.54 4D 141294745.532609 141301883.782609 2.12869692554894e-08 35945 0.00014821416636528 0.321807357220786
0.56 4D 201896944 201905027 0 1136 0.000851426 0
0.57 4D 233720288.784314 233733123.921569 8.3101230806873e-09 24584 0.000164020911446469 0.533219154031564
0.58 4D 281788976.111111 281805040.333333 1.96094063992226e-08 7162 0.000526858294331192 0.134208871470294
0.59 4D 303464500.013699 303470912.547945 2.26254791484769e-08 29059 0.000122437823737913 1.11944789905268
0.6 4D 337505429.974576 337510426.855932 2.83327403724167e-08 39076 0.000419638351955164 0.312284571720248
0.61 4D 366550603.372881 366555369.033898 8.74142197867466e-08 22016 4.13058938953488e-05 3.46744980836397
0.62 4D 378727838.866667 378733118.533333 1.1684346651912e-07 5054 0 Inf
0.63 4D 381218490.083333 381222792.333333 1.27880684020154e-07 4779 0.000572430508474576 0.106981809484519
0.64 4D 387790063.26087 387794210.826087 1.18396532640161e-07 6381 0.000231623925716972 0.635164490406976
0.65 4D 396074568.058824 396078810.352941 1.11141875105367e-07 7969 0.00031151993725687 0.524682557202624
0.66 4D 405765363.666667 405771146.410256 1.23689897067355e-07 13922 0.000336517433630226 0.380008457600059
0.67 4D 418206195 418211647.64 1.51745353567594e-07 11195 0.000940371317552479 0.204637476882
0.68 4D 423326026.9375 423330826.75 1.65720024988816e-07 4300 0.000864293025581395 0.1936428149539
0.69 4D 428250413.238095 428255863.095238 1.80385615554385e-07 7427 0.00307206536030699 0.0875113321435639
0.7 4D 432474233.857143 432478730.857143 1.93951031733791e-07 1833 0.00055809506273868 0
0.71 4D 435517008.047619 435521534.952381 2.04310743033746e-07 6178 0.00131598237455487 0.115561408395139
0.72 4D 440836624.466667 440841487.066667 2.14297871700784e-07 4394 0.000219192674101047 0.227372867169351
0.73 4D 444914690.222222 444919718 1.99260439009568e-07 5118 0 Inf
0.74 4D 449606031.083333 449611003 1.97098684524464e-07 4663 0.000456004735149046 0.201786043622695
0.75 4D 455723985.4 455727245.533333 2.5376955766079e-07 3323 0.00129529746313572 0.370355280887857
0.76 4D 459327526.166667 459331157.333333 3.28381633525837e-07 2303 0 NA
0.77 4D 460860089.5 460863130.625 3.70210930775241e-07 2068 0 Inf
0.78 4D 463387660.454545 463391882.272727 3.91685546111669e-07 3102 0.000926863916827853 0.42630448564434
0.79 4D 465578367.8 465583092.2 3.74735395235432e-07 3455 0.000961461982633864 0.197454124336667
0.8 4D 468677583.933333 468682929.066667 4.10218816549667e-07 6835 0.000951365915142648 0.176649762371541
0.81 4D 469990877.5 469993496.5 4.45538278667921e-07 270 0.00376793185185185 0
0.82 4D 473619687.076923 473626204.615385 6.19060196789081e-07 4926 0.000617458905805928 0.660125280601667
0.83 4D 476129838.333333 476135062.333333 7.91867254770627e-07 1015 0.000967828256157635 0.294893646806692
0.84 4D 477249036.625 477255644.75 8.8595422200929e-07 2792 0.000738707542979943 0.106850836132297
0.85 4D 478082578.166667 478088044 9.61762906747749e-07 2043 0.000368956452276065 0.300922619618079
0.86 4D 479248278.666667 479251112 1.07662590969723e-06 544 0.00265942329044118 0.299531397186836
0.87 4D 479818594 479826531.5 1.1369360031931e-06 1551 0.00114339223081883 0
0.88 4D 480858184 480862053.333333 1.3332685499517e-06 897 0.0108259985841695 0.0745378806114505
0.89 4D 481129913 481134240.2 1.409060996975e-06 1738 0.000541680379746836 0
0.9 4D 482024918 482030094.75 1.58628250547735e-06 860 0.00293448787209302 0.0848796412742785
0.91 4D 482503377.25 482512776.25 1.57866252872046e-06 3187 0.00411617756197051 0.060523504619103
0.92 4D 483072940.857143 483077233.285714 1.48714754793534e-06 2107 0.00842956015662079 0.0489859626664381
0.93 4D 483914179.5 483920299 1.42863488554877e-06 968 0.00221554635330579 0.101338900759079
0.94 4D 484559967.375 484564963.5 1.37629417608278e-06 2504 0.00617895446884984 0.0468807638722138
0.95 4D 485451546 485457685 1.28886469186865e-06 488 0.00211584067622951 0
0.97 4D 486181976 486186469 1.20437339667996e-06 421 0.00718156342042755 0.341355781639592
0.98 4D 486833752.666667 486836758.833333 1.11897785285642e-06 1194 0.019268680318258 0.0824927262931514
0.99 4D 487396148.333333 487398959.666667 1.03766280332126e-06 361 0 NA
1 4D 489215663.5 489219078.333333 6.71916248790974e-07 1382 0.00943224549204052 0.0836744604203117
1.01 4D 493211908.727273 493218241.909091 4.52773058026952e-07 3380 0.00200671412426035 0.169039890926875
1.03 4D 497128416.666667 497132904.666667 8.92801994369315e-07 2529 0.00374638588374852 0.144642126426757
1.04 4D 498027895.4 498031321.2 9.95332318069393e-07 1099 0.00646034074613285 0
1.05 4D 498585442 498593011 1.05683436446447e-06 795 0.0037407187672956 0.552614006425335
1.06 4D 498914358 498920511.666667 1.09217865964798e-06 1737 0.000572107081174439 0
1.07 4D 499445385.666667 499450275.333333 1.12866169216909e-06 1206 0.000832138507462687 0.777513308036167
1.08 4D 500148022 500161406 1.1897877741121e-06 2380 0.00276589393697479 0.0326859905886917
1.09 4D 500786740 500790719 1.31357694315216e-06 805 0.0147034034782609 0.060855947680276
1.1 4D 501318167.5 501322494.5 1.47447382317567e-06 596 0.00164599597315436 0
1.11 4D 502442609.5 502446406 1.96036234066642e-06 2204 0.000797008085299456 0.409114403936109
1.12 4D 504085190.444444 504089552.111111 2.56151167965409e-06 3199 0.0060948932166302 0.212083804276795
1.13 4D 504339499 504344372 2.77226059342016e-06 345 0.00304414 0
1.16 4D 505343864.5 505346304.5 3.10222166581222e-06 479 0.0111181651356994 0.216623860544118
1.21 4D 505983762 505988144 2.64345342213718e-06 197 0 Inf
1.22 4D 506167612.5 506170110.5 2.41585076838613e-06 127 0.0148216818897638 0
1.23 4D 506463560 506466966 2.20961466909972e-06 509 0.00514019 0.110820417144113
1.25 4D 508704989.291667 508710863.25 1.22090453160013e-06 10398 0.00332718206174264 0.199318076484224
0 5D 554527 558722 NA 519 0.00714286 0
0.01 5D 935699 941610 9.27956340645568e-07 458 0.0133407 0.0465219965968802
0.02 5D 1999548 2003960.5 8.93373875710724e-07 579 0.0231518352331606 0.0211466673792412
0.03 5D 2663968 2669672.5 8.70726806700462e-07 866 0.0248453755427252 0.0265178636814008
0.04 5D 3658605 3661995.5 8.35371815089734e-07 371 0.0316283568733154 0.0731544147101133
0.05 5D 5194822.5 5198704.5 7.77194484988952e-07 375 0.02481354 0
0.06 5D 5900671.5 5910466 7.48903276855727e-07 1595 0.00757729471473354 0.0951972863439313
0.07 5D 7006281 7012345.5 7.03060858650897e-07 1566 0.0319733706257982 0.0402915723386222
0.08 5D 7578593 7589963 6.78285514706502e-07 991 0.015470196851665 0.124052418101262
0.09 5D 8496912 8504488 6.37599346107712e-07 1987 0.00913551977856064 0.101983893613616
0.1 5D 9116808.33333333 9120892.33333333 6.09606129640193e-07 799 0.0272436136420526 0.0658414379950009
0.11 5D 9884555 9888655 5.79387232614868e-07 765 0.00501161835294118 0
0.12 5D 14068863.7142857 14074225.2142857 4.467580627868e-07 4759 0.00648613559571338 0.0720817991357018
0.13 5D 22557117.3333333 22560997.8888889 2.35516449134433e-07 2062 0.0122945466731329 0.0986399092406075
0.14 5D 25300148.3333333 25303774 3.63833066396309e-07 810 0.010781824 0
0.15 5D 26790638 26792374 3.85410381871682e-07 24 0 NA
0.16 5D 28617614.8333333 28623054.8333333 4.19981833991677e-07 2050 0.00885229589268293 0.252216181582697
0.17 5D 29753702.75 29757540 4.4744271012691e-07 272 0.00858638808823529 0.653301628797249
0.18 5D 33191592.25 33196955 5.68049880110395e-07 1628 0.00302466928746929 0.175424141441662
0.19 5D 36744564.5 36748183.25 6.70137778734992e-07 1233 0.0154183315490673 0.329670899537183
0.2 5D 37349102 37355164.6666667 6.82085520398193e-07 1669 0.0117213995865788 0.0672919976682675
0.21 5D 40137040.5 40139470 6.74854011714632e-07 350 0.005433529 0
0.22 5D 40779590.6666667 40783589.3333333 6.59031734753496e-07 657 0.0113002736681887 0.421876877539017
0.23 5D 41409671.6 41412857.2 6.53402603816419e-07 1107 0.029937422601626 0.043717365278955
0.24 5D 42631176 42633446 6.38109540015247e-07 296 0.0534730371621622 0.0368772226012617
0.25 5D 43481260.3333333 43485949 6.19312503156337e-07 840 0.0207580077380952 0.0665840110527627
0.26 5D 44704410.5 44708583.25 5.94511664277382e-07 2029 0.0091342762050271 0.0774028457789666
0.27 5D 45343268.25 45346334.25 5.91602319736584e-07 805 0.00133815937888199 1.04140451382974
0.28 5D 46174537.5 46184476.5 5.86424330656518e-07 780 0.00587186438461538 0
0.29 5D 47023818 47035761 5.78025927267768e-07 536 0 NA
0.3 5D 49499648.5 49505114 5.35212910316423e-07 1469 0.000659433655547992 0
0.31 5D 52905982.1818182 52910468.5454545 4.54664447947369e-07 2895 0.00364384531951641 0.125250340503658
0.32 5D 86231884.9366197 86237241.7464789 1.70236825893563e-07 50253 0.00156549830565339 0.217259240695041
0.37 5D 116958786 116968730 4.94930611113363e-08 1244 0 NA
0.46 5D 117264378.5 117267745 4.86336184033483e-08 250 0 NA
0.47 5D 117342860 117345201 4.84124661441701e-08 127 0 NA
0.52 5D 117739586 117745517 4.72853664508308e-08 505 0 NA
0.54 5D 118007705 118009555 4.65358900425839e-08 85 0 Inf
0.55 5D 119384475.583333 119388886.25 4.26972309916992e-08 5136 0 Inf
0.56 5D 137905711.813333 137913290.813333 1.29161108065512e-08 30312 0.000491383117379256 0.226454494085116
0.57 5D 184077121.34375 184088127.15625 0 13772 0.000360504228870171 0.666252815001443
0.58 5D 214206069.266667 214212063.106667 0 27321 0.000216610888803485 0.673539713979088
0.59 5D 255664548.739645 255670585.828402 7.91407991952299e-09 64852 0.00123109379621292 0.201149057207606
0.6 5D 288682318.333333 288687416.428571 6.62403467116102e-08 11207 0.00158606039707326 0.161774014868351
0.61 5D 299907042.2 299911172.72 1.00524427331935e-07 7824 0.00112104058026585 0.230283904902069
0.62 5D 310117089.677419 310121404.258065 1.37952604740935e-07 9626 0.000307827542073551 0.387365643899411
0.63 5D 320234252.454545 320239919.818182 1.89172291889078e-07 6600 0.00027908586969697 0.701580670235121
0.64 5D 326628872.210526 326633094.631579 2.20619242363665e-07 5533 0.00314063868425809 0.124666400490358
0.65 5D 330963327.090909 330969292 2.39889208578913e-07 3407 0.00316523832697388 0.199507692854601
0.66 5D 334671421.5 334679479 2.58194154277622e-07 1471 0.00143663899388171 0
0.67 5D 336705733.545455 336711889.181818 2.69019601203318e-07 2163 0.000865966227461859 0.155859684847716
0.68 5D 339517060.142857 339520809.428571 2.83325297740951e-07 1167 0.00169778029134533 0
0.69 5D 342712255 342717173.666667 2.98742591616189e-07 1541 0.00201435555483452 0.0915761945702706
0.7 5D 346289852.9 346292231 3.14843042167692e-07 2510 0.0119564626015936 0.0378930354613575
0.71 5D 350070255 350074345.3 3.30375186702737e-07 2228 0.00134983396768402 0.0951059966122305
0.72 5D 353001991.285714 353006155.571429 3.42044647479974e-07 2602 0.000405367678708686 0.278220122042154
0.73 5D 355533647.285714 355538833.428571 3.52825674745432e-07 1814 0.00150563083792723 0.205908157321699
0.74 5D 358425619.5 358428715.5 3.66015653287839e-07 755 0.00134271743046358 0.290171460730333
0.75 5D 361441753.4 361448419.2 3.80893685101941e-07 2797 0.0027940885448695 0.219049041233519
0.76 5D 364556913.333333 364562219.5 3.97325369322823e-07 3267 0.00510897907866544 0.152933345686872
0.77 5D 366892714 366896484.111111 4.10390890123339e-07 2749 0.00161794234267006 0.111708050646584
0.78 5D 369295818.888889 369299340 4.24450342117434e-07 2157 0.00284158299490032 0.452793436494874
0.79 5D 371456804.923077 371461435.230769 4.37731358322894e-07 3428 0.00368173687281214 0.0387317599548815
0.8 5D 373797634 373801104 4.53021117671649e-07 511 0.00152641878669276 0
0.81 5D 375784472 375789088.2 4.65266514660123e-07 3066 0.00170629475212003 0.383793751180386
0.82 5D 377860324 377864293.2 4.7736701027999e-07 1469 0.00118122966643975 0
0.83 5D 379416570.428571 379420166.142857 4.85976696063784e-07 2196 0.0070782185291439 0.294655787606463
0.84 5D 381678719.636364 381682701.545455 4.97707696446459e-07 3057 0.00761197063133791 0.163684763044716
0.85 5D 384061968.555556 384065996.777778 5.09148414785668e-07 2024 0 Inf
0.86 5D 385488065.714286 385492339.571429 5.15531095796239e-07 2004 0.00245134915169661 0.29229282819675
0.87 5D 387134580.3 387138095.7 5.22461292362953e-07 2307 0.00609671492847854 0.10388965560108
0.88 5D 389421817.6 389426135.6 5.31347566411622e-07 2286 0.000440115485564305 0.564554368136892
0.89 5D 390734138.875 390738653 5.3602357205877e-07 1844 0.00314190389370933 0.0869164219234425
0.9 5D 391853198.5 391860546 5.39800550536347e-07 846 0 NA
0.91 5D 393943797 393946871.75 5.46251263473127e-07 1147 0.00764845586748038 0.0659203062006277
0.92 5D 396310485.666667 396313022.333333 5.52661561960744e-07 818 0 Inf
0.93 5D 397003021.444444 397008777.666667 5.54350760166892e-07 3830 0.00157155827154047 0.428499842645079
0.94 5D 398606739.333333 398613588.666667 5.57964520448325e-07 1088 0.00631769448529412 0.209108604951697
0.95 5D 399406203.416667 399410182.333333 5.59600156744382e-07 2543 0.00754655114038537 0.112379523011492
0.96 5D 400895699 400903146 5.62371298311859e-07 259 0 NA
0.97 5D 402760972.2 402767283.8 5.65283278762035e-07 2826 0.000705608946921444 0.576470615280447
0.98 5D 404679254.857143 404683003.857143 5.6764066823646e-07 1259 0.00806085301032566 0.139815080600061
0.99 5D 406419666.8 406424049.4 5.69296730432987e-07 1699 0.00232052961742201 0.511661577976625
1 5D 408530293 408535425.375 5.7056435819274e-07 2689 0.00481642818519896 0.351074962317188
1.01 5D 410177005 410180639.8 5.71037217352551e-07 1250 0.005573515088 0.0851036796188538
1.02 5D 412859745.8125 412864148.4375 5.69032976866239e-07 2739 0.00837005728733114 0.135093171318073
1.03 5D 415049440.25 415052701.25 5.5417821475499e-07 1687 0.000609093301719028 0.763091718826822
1.04 5D 418249263.5 418252870 5.39835220004553e-07 777 0.00803457001287001 0.0791898459566831
1.05 5D 420002274.4 420008115.6 5.40783749561341e-07 2584 0.00947352316563467 0.0681575477974649
1.06 5D 421759910.2 421763505.4 5.46154174770378e-07 1702 0.0176988082491187 0.0831840246817736
1.07 5D 423484517.4 423488845 5.57399635426568e-07 3383 0.0103167787112031 0.127697056302795
1.08 5D 425786781.875 425790356.125 5.77633925243897e-07 1754 0.00607607860889396 0.146441586787241
1.09 5D 426859681.25 426863766.5 5.84267465811225e-07 693 0.0014085273015873 0
1.1 5D 429126673.285714 429131059.285714 6.06317770166971e-07 2414 0.00357779822700911 0.116235996794981
1.11 5D 431372890.5 431386038 6.34781108765481e-07 1605 0.00880832628660436 0.16919063712649
1.12 5D 432646929.5 432649263.5 6.51949446917166e-07 397 0.00437014264483627 0.333628850588908
1.14 5D 435300645.666667 435303733 6.951038538816e-07 660 0.0101014455909091 0.388462765010581
1.15 5D 436173992 436177788 7.09682645472073e-07 1104 0.017722666884058 0.0970579177603816
1.16 5D 437503172.333333 437508245 7.22156003849207e-07 1060 0.000904161132075472 0.531230034135675
1.17 5D 439665203 439672690.666667 7.44163831062115e-07 352 0.00227597840909091 0.262683181708566
1.18 5D 440960992.6 440964901.6 7.76211496425593e-07 1150 0.0191698134608696 0.0735948050875502
1.19 5D 443164425.777778 443169898.666667 8.21477913737877e-07 3536 0.0170631191261312 0.123661346226294
1.2 5D 444304627 444308277 8.40354190211541e-07 591 0.00613897697123519 0.298008080949813
1.21 5D 444936925.571429 444941864.714286 8.49391593405231e-07 4021 0.00710463775180303 0.135306431710243
1.22 5D 445578182.333333 445585040.666667 8.57623585194335e-07 1437 0.00168725733472512 0.908497048689234
1.23 5D 446857810.857143 446863250.142857 8.70819629438208e-07 2102 0.00588183776403425 0.38899123645066
1.24 5D 448678907.6 448686895.9 8.82997024632585e-07 3822 0.0146068981057038 0.217299958857457
1.25 5D 450105716.166667 450107765.5 8.87317569743838e-07 1279 0.0226755185301016 0.0743855785032007
1.26 5D 450706117.333333 450709828.333333 8.87532084798804e-07 727 0.00494827922971114 0.240274053559252
1.27 5D 451492328.666667 451500220 8.86417398607958e-07 882 0.0111675964852608 0.247893327513667
1.28 5D 452023419 452028122 8.84912098284369e-07 1454 0.0178536531086658 0.189871383312834
1.29 5D 452611880 452616415.8 8.82402275605674e-07 1811 0.00851954056322474 0.03286477679497
1.3 5D 453406278 453410936 8.77689869556267e-07 132 0 NA
1.31 5D 453897045 453903021.6 8.73975745255533e-07 2602 0.0101112433397387 0.0190134237584062
1.32 5D 454518596.5 454523029.833333 8.68402686040554e-07 2232 0.00571615810035842 0.0851682730030762
1.34 5D 456576538.875 456581159.875 8.43470699591111e-07 3045 0.0277450046995074 0.120061564688725
1.35 5D 457830525.571429 457835214.142857 8.23306241640182e-07 1057 0.0148068646452223 0.122633620077033
1.36 5D 459452000.25 459457555.75 7.91014953711389e-07 2768 0.00973692248916185 0.09908847261859
1.37 5D 461436619.538462 461442356.461538 7.43294482226331e-07 6587 0.0066068182237741 0.113319940622759
1.38 5D 464199864.142857 464206643.428571 6.57743005151337e-07 6028 0.0160815747926344 0.101094385891945
1.39 5D 466400779.533333 466405183.066667 6.07190367712468e-07 4708 0.00452813625042481 0.117848950426991
1.4 5D 469757600.0625 469762981.5625 6.04849650915524e-07 5474 0.00585154246255024 0.112657126628467
1.41 5D 473207934.25 473212591.5 5.42483295884303e-07 3495 0.0089132192360515 0.157758842501585
1.42 5D 475589641.444444 475593785 5.21034833235369e-07 2141 0.0117585451658104 0.0544839318103786
1.43 5D 477049715 477052719.333333 5.17009817625568e-07 1924 0.00804752351871102 0.0377385386747427
1.44 5D 478509528.5 478513759.5 5.19527859996864e-07 1621 0.00302338952004935 0.172490405449668
1.45 5D 479981912.153846 479986316.923077 5.28954494431975e-07 3294 0.0192801114541591 0.0713930077741791
1.46 5D 480939594.8 480943492.4 5.38722987499193e-07 1148 0.00865497865853659 0.201485934537185
1.47 5D 482170233 482173395.333333 5.55401827585021e-07 866 0.00876797043879908 0
1.48 5D 483852563.777778 483855741.666667 5.85888821028912e-07 1760 0.0219883935568182 0.0525260092109762
1.49 5D 486166559 486170950 6.42262515187996e-07 194 0.0108696 0.133526532715095
1.5 5D 487066399 487070906.666667 6.31061743484725e-07 963 0.00213770093457944 0.138057462185576
1.51 5D 488256112.333333 488260434.333333 6.20258047619595e-07 3168 0.00568177386994949 0.125432861014724
1.52 5D 489842865.375 489847637.25 6.41793102987892e-07 3383 0.00906925252734259 0.103585388397713
1.53 5D 491127310.125 491134551.125 6.68863865228177e-07 1994 0.00643255457873621 0.0991779697009066
1.54 5D 492668604.666667 492673779.333333 6.88850382930405e-07 1846 0.00219974058504875 0.541952538961848
1.55 5D 493613175.2 493616337 6.98144698701658e-07 952 0.0195408042331933 0.0814446945448313
1.56 5D 494639627.333333 494644534.166667 7.07996181860174e-07 1466 0.00982074315825375 0.129972882724196
1.57 5D 495960252.833333 495963813.333333 7.20027825710802e-07 1174 0.0103114077512777 0.160206962852798
1.58 5D 497347513.5 497352648.166667 7.32044581894576e-07 1507 0.00977697259455873 0.205118037842763
1.59 5D 498508747.857143 498512960.571429 7.41609976384871e-07 1841 0.029392519326453 0.0201115508554109
1.6 5D 499703881 499706284.666667 7.50915878003838e-07 895 0.00716911441340782 0.112898149969015
1.61 5D 500832998.5 500837880.666667 7.59260309009789e-07 1449 0.00691741611456177 0.149911394519307
1.62 5D 501726459.25 501733653.75 7.65552036669486e-07 1692 0.0247249897754137 0.124455262092857
1.63 5D 502981053.333333 502987860 7.73902576904549e-07 452 0.00177413451327434 1.145680306788
1.64 5D 503663583 503667476 7.78204523887457e-07 143 0.0138408 0
1.65 5D 505404465.5 505412252 7.88458564259213e-07 206 0.00334356990291262 0.638437435483323
1.66 5D 506170795.5 506177234.5 7.92624560326438e-07 2218 0.00354282950405771 0.316737767578151
1.67 5D 507788672.555556 507792897.888889 8.00734885530255e-07 2806 0.0100513963649323 0.0535652522713783
1.68 5D 509350866 509353855.5 8.07706467512143e-07 582 0.0248727979381443 0.0832376817014881
1.69 5D 510056279 510058007.666667 8.10525350964628e-07 293 0.0151721440273038 0
1.7 5D 511129256 511131826.4 8.14579270741883e-07 1585 0.022098507192429 0.0510515026324387
1.71 5D 512422689.6 512428045.6 8.18912468806909e-07 1206 0.00793958718076285 0.195738718297502
1.72 5D 513980650.666667 513984445.666667 8.23302102200651e-07 592 0.00774649385135135 0.144367749667812
1.73 5D 515149867.5 515152096.75 8.26071065073878e-07 1085 0.0118520469769585 0.0664859916861728
1.74 5D 517277407.555556 517282916.666667 8.29809873115217e-07 3231 0.0116436522005571 0.0782647948214372
1.75 5D 519323502.7 519328782.5 8.31944700012606e-07 2149 0.0183932126198232 0.0423258312248445
1.76 5D 520461736.8 520468541 8.32468510360029e-07 3680 0.00615373653804348 0.267597031094372
1.77 5D 521694128.666667 521698047.777778 8.32537286432971e-07 2034 0.0136778747787611 0.0973727778103613
1.79 5D 524648647.333333 524651993 8.30551408401474e-07 972 0.0182513730452675 0.169868295494269
1.8 5D 526140155.2 526144886.4 8.47341026321517e-07 2466 0.0104455676804542 0.0761602265021204
1.81 5D 527247505.333333 527253134.555556 8.84711868162465e-07 2722 0.0104428348493755 0.0987957998739554
1.82 5D 528715329.857143 528721564.571429 9.42402106079745e-07 2796 0.00952321109084406 0.204434426310897
1.83 5D 529853994.714286 529858695.571429 9.80998864399287e-07 2120 0.0141500617830189 0.052426484204917
1.84 5D 531253952 531254534 1.02192106737382e-06 53 0 NA
1.85 5D 532251976.285714 532255601.285714 1.04601585273353e-06 1349 0.00483140059303188 0.132892791126691
1.86 5D 533419103.5 533424796.5 1.06925165301382e-06 657 0 Inf
1.87 5D 534103405.666667 534107788.166667 1.0802851347495e-06 2320 0.000947981681034483 0.655456093992795
1.88 5D 535066321 535069324.5 1.09279709744951e-06 268 0.0055255647761194 0
1.89 5D 536165543.5 536171696.5 1.10232029593749e-06 1146 0.0114776490401396 0.173090273836566
1.9 5D 536536574 536541626 1.10459902969339e-06 408 0.0179641 0.0882972150010298
1.91 5D 537734844.5 537739179.333333 1.10770397164357e-06 2873 0.0254042110755308 0.177752220866772
1.92 5D 538620982.444444 538628638.777778 1.1064283040776e-06 4071 0.011275563183493 0.117641633786833
1.93 5D 539174770.2 539179208 1.10401254824752e-06 1123 0.0185562588601959 0.0769694491234706
1.94 5D 540117903.25 540122188.25 1.09703728918469e-06 1115 0.0102162744932735 0.143833200923771
1.96 5D 541607250 541611954 1.07890040834517e-06 738 0.0233437 0.0543709866045228
1.98 5D 543048465.6 543052478.2 1.0424187448201e-06 1270 0.0252351707086614 0.130408317640221
1.99 5D 543597017 543600343.666667 1.0251644965872e-06 642 0.0307076412772586 0.17562773362087
2 5D 544441577.666667 544443845 9.8368558278041e-07 560 0.00660950725 0.396895607135788
2.01 5D 545703789 545709491.6 9.05326032845065e-07 1142 0.0403716147110333 0.012408941631234
2.02 5D 546818642.875 546824625 8.05705854137125e-07 2379 0.0158931388398487 0.0592591480299462
2.03 5D 548157805.75 548163865.75 7.17833128193788e-07 1829 0.013353295123018 0.0935481977050162
2.04 5D 549707850.4 549712154 5.90039901786441e-07 1333 0.0157183299324831 0.137927072094736
2.05 5D 550793869.666667 550797136.5 6.14104407293403e-07 983 0.0239128211597152 0.121044342268162
2.06 5D 553776711.888889 553781343.666667 6.39602822448808e-07 2226 0.0299083766936208 0.0332921661146424
2.07 5D 555928153 555932166 7.81212906644104e-07 720 0.01537842 0.369153882157234
2.08 5D 556644169.5 556649865.5 7.2736845257364e-07 1732 0.0285184579676674 0.0186810340400828
2.09 5D 557325112.5 557329357.25 6.2284949774832e-07 1139 0.00676794347673398 0.131606716864212
2.1 5D 558585442.75 558590143.5 4.67943703116955e-07 3280 0.0267455997317073 0.135412402335918
2.11 5D 562764846.318182 562769850.772727 1.3050728556078e-07 8984 0.0192973070080142 0.0802373623857934
0.01 6D 1419384.5 1422800.5 8.88949760267612e-07 561 0.00318017549019608 0
0.02 6D 2376963 2382125.33333333 9.38409283891646e-07 2938 0.014224911113002 0.120087940960657
0.03 6D 3702598 3706734.5 1.05318451893776e-06 591 0.0265169500846024 0.0186384941981528
0.04 6D 4549970 4554131.25 1.13241564799674e-06 1225 0.013805040277551 0.050229471822712
0.05 6D 6012843 6020283 1.25946628143878e-06 158 0.018018 0.101928626928627
0.06 6D 6308329.5 6310594.5 1.26658328720363e-06 667 0.0290129104947526 0.147309576748268
0.07 6D 7052676 7059144.33333333 1.37330578360207e-06 1453 0.0289958582931865 0.120985691430155
0.08 6D 7597066.16666667 7601791 1.42957840966951e-06 631 0.0285098307448494 0.0315521075411628
0.1 6D 8724758 8728687.25 1.46092053446534e-06 1722 0.0254975335075494 0.147560295434921
0.11 6D 9403742 9409453.5 1.47817680225821e-06 1870 0.00850845522459893 0.12639916631982
0.12 6D 10042972 10046264 1.44257051251694e-06 309 0.064154 0.0288992112728746
0.13 6D 11003482.6666667 11008335.3333333 1.28653172966467e-06 2274 0.0299457193491645 0.00943390695922584
0.14 6D 11890682 11893982 9.8142863329946e-07 358 0.0436597 0
0.15 6D 13475032.6666667 13487310.6666667 1.0004966778956e-06 1824 0.00341343384320175 0.461255158770389
0.16 6D 14160856.6666667 14165368.6666667 9.70265673508412e-07 753 0.00489208640106242 0.409060358873324
0.18 6D 15515266 15523093 8.8920674559036e-07 679 0.00849179 0.123783089313325
0.19 6D 16483438.5 16488788.3333333 8.47482849920677e-07 2334 0.0114642848843188 0.0531639200650429
0.2 6D 17731472.6666667 17734864.6666667 7.37281161907468e-07 1164 0.0422534534364261 0.0405131782900407
0.22 6D 21980166 21985295 1.15826557640829e-06 667 0.0218951 0.151313764266891
0.23 6D 23075148 23077733 1.61234452382925e-06 272 0.0638193 0
0.24 6D 23800580.6666667 23804733 1.90002403587081e-06 1182 0.0264013479695431 0.131083139300177
0.25 6D 24350515.5 24354241.5 2.04386852641651e-06 216 0.0349866018518518 0.19042561795481
0.26 6D 24643765 24647753 2.09427810017561e-06 900 0.037828782 0.0652715173330191
0.29 6D 25667673 25671443.8 2.13338336672985e-06 559 0.0362351606440072 0.103170488178819
0.3 6D 25768796 25772530 2.12521360041817e-06 665 0.0148432729924812 0.0217689104934393
0.31 6D 26248306 26251079 2.05725222364537e-06 355 0.0261648084507042 0
0.32 6D 26359612 26368854 2.03388346707916e-06 406 0.00175644 1.22000182186696
0.34 6D 27421302 27423375 1.85287195635347e-06 153 0.0555556 0.0336133531093175
0.35 6D 27626889.5 27633567.5 1.86900165464197e-06 299 0.0113369214046823 0.23389496154498
0.37 6D 28698748 28701929 1.88180498240244e-06 180 0 NA
0.38 6D 29132396.6666667 29136467 1.85132134922109e-06 622 0.00262749067524116 0.389436098971351
0.4 6D 30880411.5 30883964 1.53254211046273e-06 742 0.00664204773584906 0.247180614878004
0.41 6D 32068711.6666667 32076471.6666667 1.31033577711437e-06 1055 0.0108637523886256 0.214643669545208
0.42 6D 32668631.3333333 32672393 1.25461387582204e-06 961 0.00089277296566077 0.753511339909484
0.43 6D 33572414.5 33575041.5 1.16986101538488e-06 46 0 NA
0.44 6D 34407380 34410415 1.09097152866107e-06 864 0.00343657628472222 0.144662613395665
0.45 6D 35264986.25 35268540.75 1.00927915248419e-06 892 0.00547615877802691 0.237250220745404
0.46 6D 36801708 36806276.3333333 8.6149526207337e-07 1324 0.00410886004531722 0.352337848059423
0.47 6D 37920912 37926334 7.52901840056245e-07 420 0 NA
0.48 6D 39988668.6666667 39999088.3333333 6.2150590198777e-07 1450 0.00365644491034483 0.121907869500345
0.49 6D 41904227.8 41912566 5.29129848456175e-07 1389 0.00588208617710583 0.106841957222266
0.5 6D 48339608.2 48345266.85 4.06666107156183e-07 6063 0.00188868324591786 0.231085534143707
0.51 6D 53452789.5 53457490 3.3616677141071e-07 1514 0.000664071598414795 0.496276268534333
0.52 6D 56011270.8 56015060.8 3.14698442176617e-07 1733 0.00338626361223312 0.170801004248719
0.53 6D 57532279.8181818 57537306.7272727 3.06512700470383e-07 4325 0.00282868637919075 0.216937918360976
0.54 6D 59195580.2 59201590.8 3.00884987160771e-07 3499 0.00440118816804801 0.0554779390225978
0.55 6D 60282059.2 60286964.4 2.99280762273639e-07 1883 0.00198463205523101 0.363627652369582
0.56 6D 61143342 61147557.5 2.99213135360742e-07 704 0.0010634203125 0.284402721225826
0.57 6D 62477266 62483916.75 3.01301903737843e-07 2615 0.0076855949292543 0.142519240113772
0.58 6D 65439417.375 65445882.875 3.14463979682146e-07 3634 0.00151094961750138 0.170117120704565
0.59 6D 67175469 67178299 3.28267559827723e-07 873 0 NA
0.6 6D 69257320.5 69261667.6666667 3.35575407138092e-07 2192 0.00418015107664234 0.189947337975365
0.61 6D 72375810.4285714 72381069.2857143 3.33107879297497e-07 1754 0.00463911842645382 0.227765874530196
0.62 6D 75561064 75564067 3.29731010256053e-07 677 0.0158572968980798 0.0466290484090471
0.63 6D 78711788.8571429 78716492 3.27267448844238e-07 2842 0.00155103312104152 0.048157302648969
0.64 6D 84272287.0833333 84278774.9166667 3.05170532860632e-07 4383 0.0116980020990189 0.0760002358932564
0.65 6D 88075580.3333333 88078874.2222222 2.70888261792458e-07 2641 0.0036305289284362 0.222732990914097
0.66 6D 91478173.75 91488552 2.38622201216014e-07 4269 0.000699141412508784 0.215649927998391
0.67 6D 95264486.6 95271012.6 2.09439470787002e-07 1642 0.00186652427527406 0.208847828980795
0.68 6D 99459961.7777778 99464507.3333333 1.77050317421139e-07 3492 0.00720288373424971 0.0932522922003286
0.69 6D 109251208.044444 109257023.044444 1.07776959985107e-07 14874 0.00060452360629286 0.381255501778014
0.7 6D 148615227.126667 148623103.846667 4.38771990788729e-09 52663 0.000449220923817481 0.429501261555561
0.71 6D 218759285.264706 218771676.411765 3.40886953392771e-08 14118 0.000584564154908627 0.243426688842493
0.72 6D 243236631.6 243241007.6 6.50199720355949e-08 1113 0 Inf
0.73 6D 247350667 247356069.5 6.95569282291163e-08 795 0 Inf
0.74 6D 254233251.263158 254241639.736842 7.67326249198374e-08 6017 0.000243800013295662 0.634669268509839
0.75 6D 262962438.125 262968894.75 8.53654509306242e-08 2402 0.000294397231473772 0.70496127263804
0.76 6D 264595771.666667 264603157.333333 8.68915544266923e-08 1147 0 Inf
0.77 6D 265173638 265180559 8.74251554173748e-08 362 0 NA
0.78 6D 267234416.8 267238707.6 8.93014947162318e-08 2613 0.00115089393034826 0.071416203655586
0.79 6D 270515562.181818 270521065.818182 9.22122542473324e-08 5890 0.000715672909168082 0.271644900825744
0.8 6D 273006561.090909 273010693.454545 9.43551888864268e-08 2708 0.000546994564254062 0.141886797986105
0.81 6D 276695152.888889 276700594.666667 9.74301030033132e-08 2809 0.000507028437166251 0
0.82 6D 277653193 277659017.5 9.82091194448666e-08 871 0 NA
0.83 6D 283719925.333333 283724794.333333 1.0293857005017e-07 945 0.000804392253968254 0.279974190117149
0.84 6D 285663014.384615 285667098.846154 1.04377488941716e-07 2601 0.000678297124183007 0.121526213602667
0.85 6D 290115333 290119847.666667 1.07556794822271e-07 4123 0.000714970504487024 0.218428747524118
0.86 6D 293680963.166667 293688972.083333 1.09973039008518e-07 4692 0.00125953878729753 0.290475818782494
0.87 6D 298143521.461538 298149946.615385 1.12825833067896e-07 2840 0 Inf
0.88 6D 303531597.6875 303537214.5 1.16035526724523e-07 5595 0.000904858310991957 0.113144217178552
0.89 6D 307690027.44 307695229.28 1.1833432695735e-07 6595 0.000819451643669447 0.5607775124177
0.9 6D 314100133.625 314105037.8125 1.21562820576743e-07 5050 0.00130359478811881 0.0655137292799763
0.91 6D 319488048.909091 319492963.545455 1.23988073194173e-07 7330 0.00158367930968622 0.131790884420636
0.92 6D 328089119 328093680.75 1.2731250605443e-07 3303 0.000230480926430518 0.288892451317094
0.93 6D 336498381.666667 336503860.761905 1.29898866174602e-07 5784 0.000131927477524205 0.276487544310076
0.94 6D 350765697.405405 350770098.513514 1.2975237398946e-07 17794 0.000169610528267955 0.827891925333212
0.95 6D 363725840.178571 363731138.964286 1.27716960860496e-07 13178 0.00201293692821369 0.0915721819832486
0.96 6D 371567587.307692 371573006.923077 1.50936652302694e-07 5813 0.000738124796146568 0.339529137565797
0.97 6D 375961331.416667 375966413.416667 1.74222005846626e-07 5435 0.00135303132088316 0.204470156305319
0.98 6D 379383588 379387249.533333 1.90661561427726e-07 4104 0.00389099684697856 0.180576696626747
0.99 6D 381944520.533333 381948370.733333 1.9555795746278e-07 3359 0 Inf
1 6D 385387065.333333 385391813.888889 2.11764779858253e-07 2578 0.000763117354538402 0.147723004453569
1.01 6D 387907922.923077 387913337 2.30398387051147e-07 3324 0.00160335102286402 0.147600403059267
1.02 6D 391861537.115385 391866663.153846 2.50393393177411e-07 7306 0.000777060283328771 0.265443681915707
1.03 6D 400126485.666667 400132383.083333 2.91979559358066e-07 15836 0.000948489444872443 0.147182174926611
1.04 6D 405434775 405440132.875 3.46964330247889e-07 3185 0.000543628799058085 0.782872050774442
1.05 6D 409644538.222222 409651783.666667 4.5303537607215e-07 3780 0.000646527220634921 1.52627599256805
1.06 6D 412174481.833333 412180862.5 5.14608093503439e-07 2109 0.00193589338074917 0.331874180320318
1.07 6D 414306817.75 414312468.5 5.59523839472799e-07 2055 0.000362925109489051 0.287780761106934
1.08 6D 417754195 417758589 6.2590170990756e-07 421 0.00179533 0.565767853263745
1.09 6D 418606790.25 418614003 6.41052647512121e-07 1570 0.0104425462547771 0.0607643967367253
1.1 6D 420404016.5 420408181.125 6.7159599362602e-07 1891 0.0101576352406134 0.116015867178253
1.11 6D 422056618.25 422061918.75 6.97826084943551e-07 3944 0.00258424546906694 0.286427235868739
1.12 6D 423768657 423772473 7.23188528737573e-07 445 0.00331612588764045 0
1.13 6D 424730045.5 424738741 7.36594123931798e-07 1672 0.00203289 0.191119293222949
1.14 6D 426051717.333333 426058943 7.53991899410396e-07 2670 0.0026439731340824 0.0901122042882249
1.15 6D 427303936.6 427307040.2 7.69375341241481e-07 765 0.00466004505882353 0.283917521771445
1.16 6D 428473479 428479541 7.82354972945499e-07 991 0.000711148173562059 0.304327205884022
1.17 6D 428980740 428985123.5 7.83097055421382e-07 2694 0.00692283698218263 0.274609031087009
1.18 6D 430118955 430124287 7.86416192927679e-07 903 0.0011402234662237 0.206423882113062
1.19 6D 430856622.5 430864655.5 7.89685661458249e-07 369 0.00198626005420054 0
1.2 6D 431543128 431549036 7.93694081482769e-07 1718 0.0197486735622817 0.0723307887843709
1.21 6D 432542485 432550743 8.00914646001848e-07 2028 0.00265190881656805 0.0937870609177594
1.22 6D 433221803 433226852.666667 8.00295620713927e-07 1172 0.002550337278157 0.290567439468933
1.23 6D 433985976 433990406.666667 7.98873990746306e-07 1157 0.0210591580812446 0.0574519959841983
1.24 6D 434533277.166667 434537150.166667 7.99633070930985e-07 1888 0.0118570404237288 0.0351837676152316
1.25 6D 435846955 435849373 8.07398310324803e-07 36 0.0288888888888889 0
1.26 6D 436626230.6 436630839.8 8.16097438488027e-07 1027 0.010946039805258 0.038664761416588
1.27 6D 437581901.9 437589241.2 8.29703386336398e-07 5293 0.011189691175137 0.166278451777156
1.28 6D 438782079.666667 438790692.666667 8.23382836371993e-07 4457 0.0207246258469823 0.136644012344253
1.3 6D 440372390 440375688 8.21195660859862e-07 145 0 Inf
1.31 6D 443087378 443091977.333333 8.70572798597807e-07 3848 0.00876321583160083 0.0256224808741887
1.32 6D 446154910.2 446159753.2 9.87127166201595e-07 1449 0.0158628197446515 0.196284616531248
1.33 6D 447857563 447861630.333333 1.00390597331951e-06 1007 0.0152173876861966 0.230719344112019
1.34 6D 448703650.833333 448708631 1.07569466495462e-06 1419 0.0122811356166314 0.0904815013721084
1.35 6D 449614801 449617693 1.22373095081241e-06 897 0.0333188897435897 0.0583803638848313
1.36 6D 450274982.333333 450278535 1.31506974681677e-06 689 0.0296601447024673 0
1.37 6D 451010431.666667 451015521.777778 1.39822619650264e-06 2470 0.0286138122672065 0.0880494031899713
1.38 6D 451662734.333333 451669280.333333 1.45504266048836e-06 1846 0.0204258850487541 0.116781384543084
1.39 6D 451907708 451913442 1.4727848302703e-06 461 0.041519 0.0457099159420988
1.4 6D 452735812 452739910 1.51494267208496e-06 306 0.0339117 0.118231465836275
1.41 6D 452995598.75 452999954.5 1.52301642367311e-06 1189 0.0389241498738436 0.0312124461284867
1.42 6D 453809467 453815198 1.53239052768754e-06 116 0.0394737 0
1.43 6D 454143295 454147233.666667 1.52891443183059e-06 1460 0.00480383897260274 0.101597249939186
1.44 6D 454480146 454485765 1.52191417268889e-06 662 0.0346337 0.0279767971657663
1.45 6D 455328405 455334026.5 1.56817492430672e-06 833 0.0100611764705882 0.0339394055096314
1.46 6D 455973584.6 455976267.4 1.6659046228807e-06 554 0.0296116050541516 0.0865509779278897
1.47 6D 456679635.4 456683791.8 1.75289849709738e-06 1283 0.0240330776695246 0.0373498429166311
1.49 6D 458360206 458365689 1.79477551608772e-06 846 0.0160781 0.0847289169740206
1.5 6D 458762279.5 458766537 1.76841493988568e-06 976 0.0630850350409836 0.0189828427360362
1.51 6D 459693961 459700262 1.65390936739069e-06 222 0.0607375 0.0214239967071414
1.52 6D 459829226 459838904.5 1.63082388342559e-06 2207 0.00459277966017218 0.112328165312881
1.53 6D 460616862.444444 460621387.444444 1.46684022027836e-06 1686 0.0310526731020166 0.0825898348243071
1.54 6D 461380019.666667 461384589.666667 1.34758888937524e-06 397 0.0390955730478589 0.0541635316283145
1.55 6D 461580628.5 461586443.5 1.31748049456506e-06 418 0.00967056703349282 0
1.56 6D 462461693.75 462466487.5 1.165556552238e-06 2417 0.0329592150599917 0.0325822468206428
1.57 6D 463445414 463448615 9.74474646237728e-07 297 0 NA
1.58 6D 463677036.5 463681684.5 9.43908074205552e-07 828 0.0264760526570048 0.0922862641947388
1.59 6D 465411951.733333 465416609.133333 7.1268476811917e-07 4841 0.0148756500206569 0.0988040323137808
1.6 6D 468223225 468227794.333333 3.35279719627881e-07 3514 0.0380730003414912 0.0777529289373306
1.61 6D 472162380 472168196.5 1.03198918878367e-09 6217 0.0327116800868586 0.0348436713643488
0 7D 207994 212443 NA 406 0.0207792 0.0333738064988065
0.01 7D 1969709.88888889 1977408.11111111 6.71021245643655e-07 3859 0.0374369355532521 0.0693319111693465
0.02 7D 3689088 3691430 6.94057903115751e-07 113 0.012848 0.298020703611457
0.03 7D 4804930.64285714 4810322 7.10257957628892e-07 6381 0.0242468916627488 0.0465333465514115
0.04 7D 6475179.5 6480588 7.3445871209108e-07 1184 0.0133574631081081 0.0362307423301279
0.05 7D 7182729.6 7186113.6 7.45128339112353e-07 775 0.0337171345806452 0.0408137642875427
0.06 7D 8478306 8480935 7.64991127036512e-07 159 0.00632911 0.56681587142584
0.07 7D 10712165 10714174 8.0017939348012e-07 293 0.0465839 0.0646261905937459
0.08 7D 11380450.3333333 11385273.1666667 8.10968084038061e-07 1833 0.0319505499618112 0.0510363180212626
0.09 7D 12835438.3333333 12843966.1666667 8.34789874496366e-07 2964 0.0040791013731444 0.057857728261603
0.1 7D 13600940.3333333 13604875.3333333 8.47459609840158e-07 1081 0.032081729213691 0.0643518155478047
0.11 7D 14713813.5 14718616.5 8.64824493040641e-07 865 0.0260090323699422 0
0.12 7D 15828982 15834313 8.79668015061423e-07 630 0.0282509 0.0317000874308429
0.13 7D 16803210.3333333 16807660.6666667 8.93489294380224e-07 1356 0.0208789705752212 0.0505645789571454
0.15 7D 18641832 18645702.4 9.21906718456432e-07 504 0.0537226547619048 0.0374606471996938
0.16 7D 19709378 19713842 9.39770200454271e-07 519 0.028 0.252947857142857
0.17 7D 20370326.6 20375037.8 9.51402974709206e-07 1590 0.0199941837106918 0.0364218730767304
0.19 7D 22584077.1666667 22587931.3333333 9.93398370934e-07 1811 0.0335804225621204 0.0487426433986191
0.21 7D 25172501 25176018.5 1.0586031327322e-06 393 0.0707492608142494 0.0308103007720758
0.23 7D 27529734 27533344 1.11587183366333e-06 497 0.0313473028169014 0.0552990496969773
0.25 7D 29666677 29670958.6666667 1.14023987589672e-06 1348 0.0269225779673591 0.125361644562551
0.26 7D 30591018.6666667 30595644.3333333 1.14442984003836e-06 436 0.0260113428899083 0.10228903048692
0.27 7D 31773718.3333333 31777739.6666667 1.18835270295057e-06 1035 0.0196753198067633 0.0679359452554307
0.28 7D 32648043.3333333 32651477.6666667 1.22407302433343e-06 455 0.0228973030769231 0.0558338609079822
0.29 7D 33111370.6 33115742.4 1.23884853628465e-06 1361 0.0270245756061719 0.0078339373326927
0.3 7D 33991643 33994423 1.27444334568577e-06 296 0.0475670493243243 0
0.31 7D 34470475 34475277 1.31103886267753e-06 83 0.0461538 0.0556032222698889
0.32 7D 35600155 35604233 1.37217619996966e-06 189 0.00524246 0.289125715789915
0.35 7D 37293883.5 37297750.5 1.3988224257147e-06 1075 0.0414546374883721 0.0291641783223679
0.37 7D 39014309 39018176 1.34598925141187e-06 177 0.0211082 0.0780478676533291
0.38 7D 39507720.5 39514239 1.31588682282261e-06 386 0.0308173979274611 0.0963374685499131
0.39 7D 40199017.5 40209077 1.2624429079232e-06 847 0.0171468915938607 0.0585420595210087
0.4 7D 40997444 41009282.5 1.1844435586321e-06 674 0.0200785611275964 0.126336680083253
0.41 7D 41770728 41774203 1.09349379154336e-06 108 0.00700117 0
0.42 7D 42495537 42499291 1.03820806314674e-06 280 0.00572597 0.137243995340527
0.43 7D 42715603.75 42721042 1.0315003818735e-06 1457 0.0193845709677419 0.0820544135110689
0.44 7D 43362708 43366803 1.020772409004e-06 332 0.0180586587349398 0.143683251636438
0.45 7D 44418938.75 44423066.25 9.96822907048219e-07 1304 0.00746280171779141 0.192826754862407
0.46 7D 45365743.75 45369013.5 9.68725727928126e-07 350 0.0056899922 1.40029330293784
0.47 7D 45807910 45813042 9.53476720005417e-07 274 0.0811881 0.0628101901633367
0.48 7D 46838388 46843665 9.12502432994739e-07 244 0.0138925472131148 0.191094982428248
0.49 7D 48092554.5 48096953 8.49395450479998e-07 492 0.0102622152845528 0.385019322758629
0.5 7D 51134976.8571429 51139559.7142857 6.6035052507059e-07 2033 0.00514004213477619 0.142368011062237
0.51 7D 53825901.8571429 53829494 6.32415523075371e-07 1323 0.00718273798941799 0.0744934326654045
0.52 7D 55628158.8571429 55631643.4285714 5.69523682965341e-07 1595 0.0147214675047022 0.0245173526717375
0.53 7D 58702721.3 58706772.3 4.9327299416206e-07 2141 0.0188835835123774 0.0892833628614638
0.54 7D 60370871.25 60375558.5 5.07658100690128e-07 1206 0.00481982574626866 0.258567678894208
0.56 7D 63624911.3333333 63629144 4.68333323440741e-07 1167 0.0105850107797772 0.0939257100102097
0.57 7D 64631692.2857143 64636307 4.450430423953e-07 1997 0.0161152534802203 0.206464225901646
0.58 7D 66642778 66648011.5 4.24848981769216e-07 598 0.00128489739130435 0.927431305629548
0.59 7D 68791867 68796167 4.47382348162388e-07 425 0.00184065604705882 0.36097717690989
0.6 7D 69728822 69734706 4.66624551859027e-07 295 0.0335164423728814 0.0290681634073759
0.61 7D 73021902.5 73030984 5.00936505504149e-07 707 0.00555483564356436 0.0731383856383856
0.62 7D 75050179.6428571 75055690.5714286 5.08453033909639e-07 3696 0.00255278845779221 0.19264726363746
0.63 7D 77412548.25 77417168 5.03564666773364e-07 1873 0.0030921852642819 0.0748720452139567
0.64 7D 78923692.25 78928738.75 4.9797128169611e-07 801 0.00181772034956305 0.480324120841157
0.65 7D 81585592.7777778 81592481.6666667 4.90099019328761e-07 2912 0.00822794753434066 0.0720616280684363
0.66 7D 83173760.7142857 83177877.8571429 4.8878115190515e-07 2273 0.00388244731192257 0.106546972629555
0.67 7D 84846992.75 84853306 4.89612602428541e-07 1378 0.000537948388969521 0.290043657238418
0.68 7D 87352873.5 87355908 4.89038043704117e-07 493 0 NA
0.69 7D 89382423.8571429 89386259.8571429 4.84585474776039e-07 1938 0.000358680392156863 1.02738982303266
0.7 7D 91215524.8571429 91219876.4285714 4.77716590143067e-07 1964 0.000348178930753564 0.734214897173308
0.71 7D 93582116.1111111 93588059.3333333 4.64870346385989e-07 3442 0.00191834004938989 0.248420831645035
0.72 7D 95060669 95065742 4.54783083395734e-07 621 0.00359712 0.384510386086647
0.73 7D 98198197.2 98201200.6 4.26996931937128e-07 1464 0.00836749883879782 0.192419800711645
0.74 7D 99982741 99989777.4 4.07626028399702e-07 576 0.00621150895833333 0.237645566061628
0.75 7D 101689522.285714 101694663.571429 3.86720997134312e-07 2668 0.00883968692653673 0.121670303088166
0.76 7D 104541023.222222 104545807.333333 3.46401899363054e-07 2471 0.0040676115985431 0.143451399662467
0.77 7D 106494522 106498065 3.19774515124836e-07 786 0.00124688697201018 0.219926296651092
0.78 7D 111108587.214286 111113228.285714 2.91943159909722e-07 4578 0.00443236326780253 0.0710219041099772
0.79 7D 116457381.153846 116463861.153846 2.74382221702725e-07 5828 0.00140031688400824 0.288724663973254
0.8 7D 122650450.923077 122656119.538462 2.54116722094264e-07 4389 0.000509950737525632 0.321727217154653
0.81 7D 129694113.9375 129698823.4375 2.3765904569712e-07 4962 0.000798898583232568 0.576848576215283
0.82 7D 137223517.230769 137229615.076923 2.27192270619386e-07 3958 0.000974995223597777 0.281444385718276
0.83 7D 140731550.909091 140736546.545455 2.20472459077715e-07 3013 0.00023942213740458 0.60471803652699
0.84 7D 145935388.888889 145940233.222222 2.09101482882493e-07 2441 0.000678222384268742 0.261212289997026
0.85 7D 149564809.1 149568788 2.02405887314047e-07 3119 0.000264596857967297 0.868189401966078
0.86 7D 153332052.9 153337113.5 1.96382409180399e-07 2781 0.000863779460625674 0.270491454004426
0.87 7D 156225866.375 156230840.75 1.92503178672646e-07 3554 0.000620978348339899 0.195712627484074
0.88 7D 159521059.5 159527972 1.88843943309375e-07 1191 0 NA
0.89 7D 162234791.857143 162239013.714286 1.86485108182224e-07 1815 0.000839995812672176 0.141894751672644
0.9 7D 165836773.857143 165842974.785714 1.84089597583528e-07 4529 0.00054118348421285 0.208180729655409
0.91 7D 170483819.176471 170489406.647059 1.80957502298183e-07 6035 0.00124689361673571 0.228894458548996
0.92 7D 175029704.428571 175035676.714286 1.76889393318279e-07 3080 0.00047717503961039 0.290287007465464
0.93 7D 180048714.777778 180051641.222222 1.6796951207573e-07 2246 0.00066620731967943 0
0.94 7D 184360816.458333 184366726.208333 1.5974836453253e-07 6898 0.000676598026964337 0.41158608279544
0.95 7D 190264872.85 190270198.25 1.47697207043982e-07 7727 9.88109889996117e-05 2.89036781626442
0.96 7D 197580768.73913 197587426.73913 1.3160723705838e-07 8703 0.000197604398483282 0.413921833966809
0.97 7D 214515257.338235 214519993 8.65749996062812e-08 23822 0.000505129937872555 0.242614235011087
0.98 7D 245168356.39759 245173224.759036 2.34975172461344e-08 25668 0.000149048446314477 0.745547971147037
0.99 7D 320162344.269737 320170923.072368 2.29154355002185e-08 56027 0.000216241657861388 0.312602810916808
1 7D 386556674.95 386561158.8 4.2045942209636e-08 11634 0.000442891718239642 0.252071932196979
1.01 7D 395575379.7 395580782.35 4.13153818416538e-08 6704 0.000560005572792363 0.191562799718133
1.02 7D 402167185.230769 402172994.538462 4.24432892540572e-08 4607 0.000312417356197091 0.791978215957243
1.03 7D 408805716.5 408811638.25 4.50166024604372e-08 8638 0.000108056992359342 1.30023015625839
1.04 7D 416554200.25641 416558439.025641 4.97784388945548e-08 11772 0.000242994232076113 0.599968798768311
1.05 7D 426119922 426126891.333333 5.81362951925247e-08 8493 0.00151466016248675 0.17106433399226
1.06 7D 447418857.617977 447425489.516854 8.86633393821918e-08 26080 0.000580819439417178 0.216426765583434
1.07 7D 471345287.7 471351244 1.25251251066022e-07 6356 0.000154539052863436 0.4459692745093
1.08 7D 479504817.888889 479511378.444444 1.30675819652089e-07 4739 0.00151368643173665 0.217886167151795
1.09 7D 486776220.5 486781045.5 1.49958557036926e-07 7852 0.000119598541772797 0.537450669546057
1.1 7D 492443504.272727 492448434.727273 1.75010706966003e-07 2728 0.000377791092375367 0.207292604477272
1.11 7D 496947990.2 496953798.733333 2.01320895002099e-07 4185 0.000432340855913978 0.32009518119482
1.12 7D 501213115 501218351.166667 2.31032817278352e-07 3615 0.00142960314246196 0.251178475019084
1.13 7D 506560099.923077 506567475.846154 2.61271614338674e-07 4050 0.00135127584691358 0.130958960855354
1.14 7D 510289341.285714 510295730.285714 2.7773663488383e-07 2547 0.000688651825677267 0.821748959319296
1.15 7D 512132491 512139646.5 2.86046630307946e-07 533 0 NA
1.16 7D 515419409.333333 515425114.666667 3.01179464299895e-07 1245 0 Inf
1.17 7D 518007408 518010641.2 3.1335355295882e-07 952 0.000713493529411765 0
1.18 7D 520672921.857143 520677660.071429 3.26152704097493e-07 3318 0.001336961946956 0.365733946738719
1.19 7D 524351289.666667 524356212 3.44223954459225e-07 3178 0.000655372630585274 0.730524499194157
1.2 7D 527693567.375 527698188.875 3.61027486799421e-07 3500 0.00048585838 0.676813446279199
1.21 7D 530678243.6 530683796.9 3.76367560576983e-07 4479 0.00163117157646796 0
1.22 7D 533897401.333333 533902211.333333 3.93281325662848e-07 2274 0.000645942937554969 0.343911776953757
1.23 7D 536278619.5 536281501.75 4.0600046413868e-07 816 0 Inf
1.24 7D 539896196.4 539898623.8 4.25317019057225e-07 791 0.00116589292035398 0.30917516218721
1.25 7D 541494663 541496414 4.3025214644408e-07 115 0 Inf
1.26 7D 544569442.25 544573369.25 4.37495489053277e-07 1795 0.00275267641225627 0.171977481420685
1.27 7D 547274413 547278386 4.39589657294473e-07 21 0 NA
1.28 7D 549363081 549367601.555556 4.45242489140609e-07 2421 0.0112786009541512 0.125550373959538
1.29 7D 550974531 550982061 4.52138064507175e-07 17 0 NA
1.3 7D 552816767.5 552821483.833333 4.63246293265712e-07 1764 0 NA
1.31 7D 554827183.4 554834145.2 4.78892414433787e-07 693 0 Inf
1.32 7D 556379675 556383836 4.9360241543301e-07 791 0.00243260500632111 0.150175933718332
1.33 7D 557606374 557610016 5.06810399697692e-07 562 0 Inf
1.34 7D 559974159 559976410.333333 5.36379805517211e-07 615 0.0280271648943089 0.0632271316269406
1.35 7D 561707448.4 561711629.3 5.61440401257447e-07 1924 0.00984235872141372 0.172922756273238
1.36 7D 562815135 562819185 5.78712556194592e-07 249 0.00591716 0.341118036355279
1.37 7D 566070135.375 566076642.25 6.1033947019846e-07 1748 0.00559676381006865 0.0948644979143176
1.38 7D 567636306.857143 567640704.428571 6.24429457261224e-07 1887 0.0027407527344992 0.496590536447249
1.39 7D 568915267 568920507.333333 6.36310501894822e-07 1494 0.00297346773092369 0.0658466387193193
1.4 7D 571330702.818182 571335895.909091 6.59749160841055e-07 2533 0.000555677362810896 0.155649371385674
1.41 7D 573117262.5 573121231.5 6.77856014824193e-07 398 0.00779025462311558 0
1.42 7D 573832438 573839735 6.85272396891883e-07 606 0.0172936 0
1.43 7D 575949164.363636 575955356.090909 6.92435240106661e-07 3391 0.0122657892244176 0.0450138820295896
1.44 7D 576894559 576896986 7.00503440200873e-07 165 0 Inf
1.45 7D 578488331 578491306 7.23991104939901e-07 118 0.0290155 0.125973703710086
1.46 7D 579449013.5 579453734 7.39816450379076e-07 1121 0.023672193220339 0.0614482385612412
1.47 7D 580236733.666667 580242708.666667 7.4566655303705e-07 1349 0.00985226738324685 0.0654583002033593
1.48 7D 580852973 580854606 7.49907395181988e-07 316 0.0447602 0
1.49 7D 582239742.333333 582243572.333333 7.60759330466487e-07 735 0.00907681466666667 0.153813064554376
1.5 7D 583106408 583109148 7.68350282087498e-07 23 0 NA
1.52 7D 585207650.333333 585210820.5 7.89441082853171e-07 1329 0.0130049100075245 0.029057816931261
1.53 7D 586484621 586488990 8.04031404248684e-07 214 0.0233129 0.183612506380588
1.54 7D 587715946.777778 587720837.777778 8.19503714783261e-07 3262 0.00635378061618639 0.177434261384394
1.55 7D 588546275 588552145.666667 8.30545648899539e-07 904 0.0157239846460177 0.05690122954687
1.57 7D 591493858 591499209.75 8.74729080704479e-07 1208 0.00167862489238411 0.247767731202367
1.58 7D 593102069 593108786.5 9.0184889138437e-07 773 0.00538821866752911 0.12284121538577
1.59 7D 593666925 593670309 9.11876899277067e-07 385 0 NA
1.6 7D 596003520 596011062 9.56391962888304e-07 910 0.00877814 0.283722975482278
1.61 7D 596758641 596762263.333333 9.53373355279517e-07 1010 0.01892343 0.4323465671921
1.63 7D 599053590.5 599056473 9.48546807646849e-07 849 0.0160641157832744 0.0421654852272889
1.64 7D 600869787.5 600874377.5 1.02546553803961e-06 296 0 Inf
1.65 7D 601377502.5 601380300 1.07115255811929e-06 630 0.0237915865714286 0.164945880288157
1.66 7D 602521879.25 602525635.75 1.16601073612787e-06 1469 0.00267490853641933 0.146138922205477
1.67 7D 603155990 603158677 1.20486879925704e-06 388 0.0173805 0.0428332326457812
1.69 7D 605830128 605834086 1.22560461394539e-06 497 0 Inf
1.7 7D 606772635 606776699 1.18022026527449e-06 1575 0.00327010006349206 0.167255160543022
1.75 7D 610810186.5 610820564.5 1.18577819649102e-06 3705 0.0152992153900135 0.109676230965219
1.76 7D 611423369.6 611430386 1.1920485197487e-06 2467 0.0149189872760438 0.131183446083744
1.77 7D 611765620.4 611771268.6 1.19430793968076e-06 2576 0.0381690652251553 0.0392951462028136
1.78 7D 612406825.5 612410248.25 1.19579253292406e-06 742 0.0282260370619946 0.116173077566284
1.79 7D 612992410 612996025.333333 1.19413004375103e-06 706 0.0222283059490085 0.01844778153369
1.8 7D 613496532 613502457.5 1.19045441587946e-06 979 0.0309952204290092 0.112238599850289
1.81 7D 613729499.666667 613733255.333333 1.1880044011207e-06 1825 0.0216340286575342 0.121291826955223
1.83 7D 614525014 614530406.5 1.17635100411947e-06 1236 0.0240907985436893 0.0196186609539214
1.84 7D 615472198 615477189.666667 1.15555959397556e-06 483 0.0307196552795031 0.020824731449881
1.85 7D 615903173 615907295 1.14363545901646e-06 267 0.0235889 0.093711872957196
1.86 7D 616035255 616041322 1.13963783442929e-06 34 0.0447761 0
1.87 7D 616702473.5 616706924.5 1.11723424608966e-06 929 0.0263533968783638 0
1.9 7D 618221237 618224964 1.05289236191017e-06 131 0.037037 0
1.91 7D 619043914.25 619048066 1.00971499176898e-06 925 0.0162599143783784 0.0960511388085631
1.92 7D 620181746 620188866.5 9.40687011210614e-07 1093 0.00741462031107045 0.0707242114563102
1.93 7D 621742229.5 621746731 8.86898580048216e-07 824 0.0288244646601942 0.110288333111154
1.94 7D 623538348.166667 623541671.166667 8.58353133118793e-07 1352 0.0313494839497041 0.074000992575062
1.95 7D 632413866.558824 632419580.029412 5.4689544392662e-07 14720 0.0251607846644022 0.108341291438368
