poscM Chromosome Start End recRate nb_complete_site piSyn f0
0.01 1A 269472 289602 NA 131 0 NA
0.03 1A 1225759 1233014 1.28145444150604e-06 1142 0.000707501973730298 0.858882058108756
0.07 1A 3119378 3122276 1.23125516685771e-06 60 0 NA
0.08 1A 3403685.33333333 3408569 1.22348203918487e-06 616 0 NA
0.12 1A 5491027 5495112 1.15658401937862e-06 90 0.0178771 0.141838441357938
0.15 1A 7417672.5 7427479 1.10124111080895e-06 103 0 Inf
0.16 1A 8239469 8244826 1.07686217957833e-06 50 0 Inf
0.17 1A 9104841 9110639 1.05050385683924e-06 49 0 NA
0.18 1A 9642195 9644901 1.03388630009487e-06 79 0.0372093 0.0797773674860855
0.19 1A 10066113 10069211 1.02151723414911e-06 378 0.00212766 0
0.21 1A 12014836.25 12018937.25 9.6904305451861e-07 824 0.00577078959951456 0.0489935411090904
0.22 1A 13762566 13768572 9.23164064854122e-07 546 0 NA
0.23 1A 14928293 14932469.8 8.89064798065808e-07 522 0.00709712586206896 0.063135554549806
0.24 1A 16931434 16934477 8.31349589658753e-07 99 0 NA
0.26 1A 19895297 19897721 7.53136045557493e-07 33 0.015625 0
0.27 1A 20091099 20094848 7.48232890360506e-07 71 0 NA
0.28 1A 21745088.3333333 21754604.3333333 7.08351508672709e-07 730 0 NA
0.3 1A 24409602.3333333 24412719.6666667 6.43139171862687e-07 409 0 NA
0.31 1A 25539196 25545141 6.09162871839144e-07 554 0 NA
0.32 1A 27895509.25 27902278.25 5.32051309875538e-07 1404 0.00268019891737892 0.0618548367088712
0.33 1A 29186383 29192077 4.92259893513656e-07 153 0 NA
0.34 1A 33448850.5 33454939.5 4.23837678003901e-07 1670 0 NA
0.35 1A 36196311.4 36201979 3.36765523616747e-07 716 0 Inf
0.36 1A 41679386.8333333 41686392.6666667 2.21498174957362e-07 505 0.00445336396039604 0.102016195299777
0.37 1A 45668347 45673189.5 2.30131335000653e-07 650 0.00112688786153846 0
0.38 1A 48709970.5 48717047.5 2.24821388201567e-07 264 0.0029811634469697 0
0.39 1A 53378090 53382679 1.79297420316662e-07 952 0 Inf
0.4 1A 58914265.4285714 58919528.7142857 1.48824759032402e-07 1457 0.000561711736444749 0
0.41 1A 64767318.75 64771008.9166667 1.30821120607074e-07 2499 0.00050959881552621 0.591150471024669
0.42 1A 79101581.875 79108225.875 5.29868792247527e-08 5622 0.000139913269299182 0.735556661874689
0.43 1A 149850198.296296 149858024.787037 4.68623717861907e-09 24690 0.000217674888213852 0.386153648209488
0.44 1A 282771232.390625 282778364.21875 1.17099537276002e-08 13595 0.000114774300845899 0.531271002650663
0.45 1A 330650235.238095 330659141.809524 3.11155445852581e-08 7328 0.000105212363537118 0
0.46 1A 354944976.666667 354950570.904762 2.36123392531334e-08 4043 0.000190163344051447 0.294115321142348
0.47 1A 368505506.466667 368511138.8 1.50175681952084e-08 2779 0.000565242256207269 0.145200919911147
0.48 1A 379236266.75 379244140.083333 1.41619138321163e-08 2099 0 Inf
0.49 1A 393876126.75 393883656.375 2.14622413218881e-08 5630 0.000132992759325044 0.937473791208615
0.5 1A 427199784.473684 427205763.736842 7.49351584073347e-08 7680 0.000898694532552083 0.133405481484854
0.51 1A 447903576.448276 447909571.344828 1.32755680094324e-07 5189 0.000293826417421468 0.149915803159104
0.52 1A 459051817.857143 459056455.071429 1.82052972669593e-07 2532 0.00121038449052133 0.194697285767429
0.53 1A 464625413.1 464629316.7 2.09660923781099e-07 1493 0.000511960616208975 0
0.54 1A 470449447.333333 470453333.666667 2.39502050371176e-07 1203 0 Inf
0.55 1A 473976338 473979784 2.58016677360084e-07 658 0 NA
0.56 1A 478636552 478643488.333333 2.84050884983133e-07 648 0 NA
0.57 1A 482020393.846154 482023749.692308 3.04640350037489e-07 2109 0.000375713684210526 0
0.58 1A 485772041.166667 485778305.833333 3.28765514002533e-07 2171 0.000960785177337633 0.109233846633824
0.59 1A 487843305.666667 487849164.333333 3.42654562040759e-07 921 0 Inf
0.61 1A 493611585.25 493614639.75 3.79796136366456e-07 557 0 NA
0.62 1A 494943518.5 494948047 3.8447332583479e-07 169 0 NA
0.63 1A 496557717 496562939.5 3.88331965752947e-07 636 0.00132053317610063 0.451454178444932
0.64 1A 498362591.6 498366308 3.90165083786179e-07 641 0.00388281809672387 0
0.65 1A 500352550 500356497 3.89251098913376e-07 834 0 NA
0.66 1A 502992525 502997618.5 3.89484378988289e-07 1175 0.000713134259574468 0
0.67 1A 506254542.833333 506260139.666667 3.96331639130919e-07 667 0.00218982512743628 0
0.68 1A 510067909 510070494.5 3.84018092129111e-07 168 0.00896903571428571 0
0.69 1A 513704002 513709450.666667 3.2948385680139e-07 1522 0.00103161243758213 0
0.7 1A 516509086.571429 516515043.857143 3.28965323229567e-07 2794 0 Inf
0.71 1A 518895393.6 518902055.2 3.44706785136917e-07 2057 0.000787151424404473 0.862485979858032
0.72 1A 520604178.333333 520608052.333333 3.45288809963581e-07 194 0 Inf
0.73 1A 521306413 521310240 3.47022633096285e-07 219 0 NA
0.74 1A 522950013 522953483 3.54444092547726e-07 35 0 NA
0.75 1A 528876540 528881642 4.23055165037433e-07 2368 0 Inf
0.76 1A 532408674.5 532415078.5 4.56513699815355e-07 1284 0.000654033566978193 0.169062697559394
0.77 1A 534475995 534479879.2 4.67992940064518e-07 1110 0.000635693783783784 0.673602480995085
0.78 1A 536482033.333333 536486226.333333 4.43176164453772e-07 268 0 Inf
0.79 1A 537652724.2 537657647 4.35567456989524e-07 1553 0.000495410315518352 0
0.81 1A 540133892 540138751.333333 5.0243293209995e-07 1290 0 NA
0.82 1A 541903534.25 541907835.5 6.22659657393722e-07 686 0.0011714106122449 0
0.83 1A 542436899 542443489 6.70540441152867e-07 117 0 NA
0.84 1A 544216840.833333 544221307.5 8.21620141866861e-07 1232 0 Inf
0.85 1A 547022618.333333 547028885.166667 1.07608703844772e-06 1526 0.00208693885976409 0
0.86 1A 549528092.285714 549533433.857143 1.26405763120808e-06 1439 0.00128398054204309 0.446534132042467
0.87 1A 551645102.5 551648790.5 1.4112307543437e-06 1165 0.00352781682403433 0
0.89 1A 553704158 553707207 1.60887420646116e-06 209 0.0040404 0
0.9 1A 554407118.5 554413747.5 1.65793184980608e-06 623 0.0100712762921348 0.0362565367212748
0.91 1A 554887656 554890251 1.68619660190251e-06 97 0.0377953 0
0.92 1A 555636929.5 555640137.5 1.72168811259233e-06 134 0.00580276537313433 0
0.93 1A 556297389 556306081 1.74436526871546e-06 458 0.00164384 0.618247518006619
0.94 1A 556794147 556798215 1.75594225505569e-06 150 0.006198192 0
0.95 1A 557055856 557059523.5 1.76013585221021e-06 56 0 NA
0.96 1A 557487151 557491334 1.76450617803736e-06 361 0.0124514 0.103712032381901
0.98 1A 557932558 557937076 1.76528779886154e-06 11 0 NA
0.99 1A 558184883 558189224 1.76409132394855e-06 233 0.00327422 0
1 1A 558505998 558517659 1.76080570943263e-06 787 0.0050923 0.285014629931465
1.02 1A 558976150 558979576 1.75265955870495e-06 89 0 NA
1.07 1A 560456487 560463748 1.69985954765578e-06 195 0.00408163 0
1.08 1A 560953573 560957461 1.67308968430037e-06 226 0.00694773539823009 0
1.09 1A 561335324 561346990 1.64908765145755e-06 90 0 NA
1.1 1A 562004636 562010277 1.60107894397402e-06 588 0 Inf
1.11 1A 562561157.5 562564167 1.55422831280034e-06 127 0 NA
1.14 1A 564264417 564269505.666667 1.37662985299256e-06 988 0.00241403697368421 0
1.16 1A 566036057.666667 566041133.333333 1.22550865907912e-06 528 0 NA
1.17 1A 566505469 566508290.8 1.21323158290673e-06 804 0.000939085124378109 0
1.18 1A 567994633 568000605.25 1.16241269501876e-06 1338 0.00290074140508221 0
1.19 1A 570622420 570628514.666667 1.06547048345346e-06 438 0.00322135095890411 0
1.2 1A 572192425 572196839.666667 1.00463914584926e-06 1055 0.00146577093838863 0.298576242498052
1.21 1A 573437165 573441927.666667 9.51913143763664e-07 935 0.00178435764705882 0
1.22 1A 575323674 575328055.333333 8.85412200401948e-07 649 0 Inf
1.23 1A 576656517.166667 576662817.5 8.37913642582324e-07 846 0.0033399158392435 0.417455628756943
1.24 1A 577388000 577394183 8.1125365012313e-07 648 0.00128079143518519 0.545185331913735
1.27 1A 579486803.666667 579490680 7.32415751053744e-07 771 0.0237258866407263 0.0505949299245108
1.28 1A 580365073.333333 580370594.333333 6.98389221397727e-07 207 0.0084761884057971 0
1.29 1A 581923474.166667 581929125.666667 6.36516900480466e-07 1255 0.0025862561752988 0.212008257563772
1.3 1A 582786498 582792383.5 6.0149285192655e-07 432 0 NA
1.31 1A 584564061.333333 584568221.333333 5.30990906532829e-07 457 0 NA
1.32 1A 586564908.333333 586569837.666667 4.52348872458111e-07 452 0 NA
1.33 1A 591019940.642857 591025935.857143 2.87637640038637e-07 3945 0.00179021676045627 0.0640910259761479
0 2A 1328322.33333333 1336132.16666667 6.08182694567041e-07 750 0.00415148710666667 0.219379566068619
0.01 2A 4065714.25 4070764.5 5.27011918116119e-07 1459 0.00157851185058259 0
0.02 2A 5675975 5678969 4.57788804178607e-07 220 0.0299376 0.106960143765699
0.03 2A 7687208 7692711 3.80057626927135e-07 108 0 NA
0.04 2A 8141118 8143112 3.63943096890611e-07 39 0 NA
0.05 2A 15700153.2307692 15706545.4615385 9.65459409030862e-08 3031 0.00262554614318707 0.18020754949721
0.07 2A 24278547 24285255 8.39343336967196e-07 130 0 NA
0.1 2A 27414292 27424031 9.99036877021561e-07 17 0 Inf
0.11 2A 27591713.5 27595588 1.00427826986938e-06 221 0.0136626479638009 0
0.12 2A 28674672 28677094 1.02829362032494e-06 60 0 NA
0.13 2A 29312217 29320453.6666667 1.0484171118441e-06 1258 0.00332423155802862 0.0539866184214179
0.14 2A 30140257.5 30145412 1.12792603266092e-06 135 0 NA
0.15 2A 30790331.5 30797718 1.15312236137834e-06 2293 0 Inf
0.17 2A 32239902.5 32248781 1.09722928216637e-06 737 0.00106582 0.292526362576414
0.18 2A 33041451 33044917 1.04375131102864e-06 55 0 Inf
0.19 2A 34419601.5 34425665 1.106107273661e-06 535 0.00453019960747664 0
0.21 2A 36047512 36055933 1.00277953976e-06 255 0.00311891 0
0.22 2A 37033597.3333333 37038223.6666667 9.0779838013609e-07 386 0 Inf
0.24 2A 38825670.3333333 38833564.6666667 8.48650208217421e-07 400 0.003934281475 0
0.25 2A 39704200 39709256 8.33632639584544e-07 228 0.0305949 0.0330708712890057
0.28 2A 42152152 42155204 8.4128933754068e-07 379 0 NA
0.29 2A 43977886 43984248 8.71452161717024e-07 913 0 Inf
0.3 2A 48348497.5 48355496.5 9.36174493694186e-07 545 0 NA
0.31 2A 49887492 49895192.5 9.55425063691811e-07 370 0.00210914248648649 0
0.32 2A 51579877.6 51586331 9.60049790136574e-07 614 0 NA
0.35 2A 53689832 53698535 9.43751559140511e-07 404 0 Inf
0.36 2A 54705404 54707580 9.27272103490306e-07 56 0 NA
0.37 2A 55362377.5 55366716.5 9.13423075064561e-07 437 0 NA
0.38 2A 55942785 55948962 8.99393494490727e-07 1010 0 NA
0.39 2A 56926278.5 56933168 8.71248829860462e-07 331 0 NA
0.4 2A 57512945 57518611 8.58019279654159e-07 657 0 Inf
0.41 2A 58377387.5 58384063 8.72825644280236e-07 333 0 NA
0.44 2A 61478854 61485655.5 7.87839568926311e-07 458 0.00162282259825327 0.314386176169547
0.45 2A 62330187.5 62333822 7.59472597863184e-07 129 0 NA
0.46 2A 63615910.75 63620803.5 7.32630789286083e-07 733 0 Inf
0.47 2A 65402191.75 65408847.75 6.93045703135805e-07 776 0 NA
0.48 2A 66990804 66997642.75 6.55491736271668e-07 853 0 Inf
0.49 2A 69294220.6666667 69299650.6666667 5.97314409659036e-07 938 0 Inf
0.5 2A 70823199 70827042.5 5.55882722949727e-07 363 0 NA
0.51 2A 73158041 73166773 4.89318806076377e-07 735 0.00112623 0
0.52 2A 74642038.8 74646967.8 4.44421015258496e-07 1274 0 NA
0.53 2A 78676840.8333333 78686109.1666667 3.12750907320275e-07 2751 0 NA
0.54 2A 81515059.8571429 81522938.1428571 2.2099337095985e-07 2513 0 Inf
0.55 2A 113767259.481013 113772025.164557 2.25617507705034e-08 13668 5.4382382206614e-05 0.997548917097091
0.56 2A 183326433.2 183332799.411765 4.25474255373698e-08 17312 8.99102951709797e-05 0.328160312770155
0.6 2A 264543711.5 264555452.884615 5.21128329870339e-09 5774 0 NA
0.61 2A 400248720.919355 400256405.016129 3.4443761198405e-09 27725 0.000104165385139766 0.226327857112367
0.62 2A 506182701.195122 506187928.219512 3.1571210191989e-08 8702 0 Inf
0.63 2A 532521895.346154 532528369.5 4.53182738197834e-08 3900 0.000409288653846154 0
0.64 2A 554316004.105263 554321462.473684 5.22433586144125e-08 4127 0.00096442596559244 0.289089058291136
0.65 2A 568758087.772727 568763042.136364 5.2175076320754e-08 3188 0.000239669071518193 0.598898270435107
0.66 2A 583663475.888889 583668646.333333 4.74478900989668e-08 2481 0 Inf
0.67 2A 598688979.44 598693507.4 5.20576112483212e-08 4234 0.000357837609825224 0.70699179842412
0.68 2A 609358430.230769 609367436.230769 6.14775963043084e-08 2256 0 Inf
0.69 2A 620922720.285714 620928022.857143 7.84232574230256e-08 2454 0.000324246047269764 0.286759994158601
0.7 2A 635240752.090909 635245294.636364 1.07185432596784e-07 2524 0.000309819288431062 0.294233683977047
0.71 2A 638869042 638873560.428571 1.16024809538301e-07 1973 0.000440732387227572 0
0.72 2A 646778770.75 646783316.5 1.38023568629454e-07 1017 0.000849322694198623 0.265601934090161
0.73 2A 656022384.5 656028316.875 1.66903219565101e-07 1151 0 NA
0.74 2A 661391491.125 661397460.25 1.88227642566458e-07 1457 0.00357738577213452 0.0850366250680246
0.75 2A 667773389.5 667786381.25 2.15496908485346e-07 1231 0.00063239969130788 0
0.76 2A 671498359 671504566.666667 2.31825821968536e-07 513 0 Inf
0.77 2A 675263454.333333 675269129.333333 2.48631226506075e-07 384 0 NA
0.78 2A 678597459.6 678602031.7 2.63766640065688e-07 1456 0 NA
0.79 2A 681390577.5 681399089.5 2.76649771895787e-07 322 0 Inf
0.8 2A 685813477.714286 685819899.285714 2.97374488048472e-07 1433 0 NA
0.81 2A 689027217.666667 689032707.833333 3.12701407229578e-07 1166 0 NA
0.82 2A 692097944 692101981 3.26950966394395e-07 867 0 NA
0.83 2A 695080885 695085481.6 3.37772494204765e-07 1160 0 NA
0.85 2A 702593419.5 702596844.5 3.60417762686291e-07 295 0 NA
0.86 2A 704070290.6 704076021.8 3.6621212733127e-07 340 0 NA
0.87 2A 706937990 706942318.5 3.79336602727267e-07 336 0 NA
0.88 2A 710281550.5 710286654.5 3.97396421869891e-07 1674 0 NA
0.89 2A 712473862.2 712478441.4 4.10664248873456e-07 1255 0.00129957832669323 0
0.9 2A 714957737.666667 714961847.833333 4.27337588893492e-07 917 0.00342345952017448 0.0465222419184675
0.91 2A 717703421 717708271.571429 4.47534132155794e-07 1140 0.00895496349122807 0.20167423322084
0.92 2A 719526373 719528337 4.66975591939375e-07 94 0 NA
0.93 2A 722132281 722142129 5.1204088553919e-07 1106 0 NA
0.94 2A 723026846.8 723029955.2 5.18018395954128e-07 1163 0.000648812055030095 0
0.95 2A 724766999 724772660.5 5.24154320662712e-07 1669 0 Inf
0.96 2A 727187190 727190498.5 5.41772620283534e-07 272 0 NA
0.97 2A 729003271.125 729009111.625 5.61920327288709e-07 1529 0 Inf
0.98 2A 731156504 731163306 5.74883128002536e-07 934 0 NA
0.99 2A 732581817 732588435 5.72369990708213e-07 248 0.00304183 0
1 2A 734031250.8 734036097.2 5.60862467596245e-07 1111 0.000632257857785779 0
1.01 2A 735130361 735135089.75 5.50605715019449e-07 664 0.00107894457831325 0
1.02 2A 737427605 737431215 5.41279393218019e-07 133 0 NA
1.03 2A 738893031.333333 738899003.333333 5.25905139102598e-07 739 0 Inf
1.04 2A 740454126.25 740460880.25 5.15165270371339e-07 2006 0.000400222947158524 0.574999167463032
1.05 2A 743150263.833333 743156012.666667 4.87382854386867e-07 733 0 Inf
1.06 2A 746086229.625 746092238.375 4.43465457744067e-07 1298 0.00681213867488444 0.0261570895152721
1.07 2A 748290206.5 748294296 4.19348265383805e-07 573 0 NA
1.08 2A 751545455.5 751550559.5 3.59292061512037e-07 255 0.0032747431372549 0
1.09 2A 753516043.333333 753522947.833333 3.19964522556088e-07 647 0.0295239856877898 0
1.1 2A 757116118.777778 757121351.222222 2.39870021891591e-07 1496 0.000539239231283422 0.827113128494096
1.11 2A 769471002.242424 769476501.181818 5.6787286391257e-08 6593 0.00432029506597907 0.0490011444041278
0.01 3A 409621 416203 NA 39 0 NA
0.02 3A 1215191.66666667 1219044 3.62161500005036e-08 587 0.0139416810902896 0.0285439697524128
0.03 3A 1924585 1928794 7.4069899133783e-08 295 0 NA
0.07 3A 8568344.71428571 8573284.14285714 3.99062965432439e-07 1943 0.00262944345856922 0.134608520059187
0.08 3A 12020793.6666667 12026534.3333333 5.60590853523844e-07 948 0.000790520601265823 0
0.09 3A 13034539.25 13040472.25 6.27968543762288e-07 672 0.0352802842261905 0.0288468816325522
0.1 3A 14342209 14346209.6666667 6.68511663004782e-07 600 0.00313401833333333 0.116586607927735
0.14 3A 20059539.3333333 20064817.6666667 1.15807095181546e-06 542 0 NA
0.15 3A 20325413 20329973 1.18287977299788e-06 161 0.00516129 0
0.16 3A 21374283 21377416 1.26112975074986e-06 100 0 NA
0.17 3A 21786689 21788782 1.28334387652264e-06 131 0.0056338 0.317318683659342
0.19 3A 23462575.5 23467950.5 1.21684516737784e-06 289 0 Inf
0.2 3A 23826189.5 23830542 1.18803967542981e-06 400 0 Inf
0.22 3A 25240277.6666667 25245895 1.10587579401517e-06 840 0 NA
0.25 3A 27588851 27591922 1.114246842628e-06 259 0 NA
0.26 3A 28476216 28477243 1.12541959669079e-06 83 0.00930233 0
0.28 3A 30655030.5 30660358 1.12831463623107e-06 348 0.00240147879310345 0.279555693305928
0.29 3A 31820065.25 31826037.5 1.11545769281512e-06 938 0 Inf
0.3 3A 32646665 32650869 1.10051934653237e-06 202 0 NA
0.31 3A 34519740 34524754 1.04774933609685e-06 590 0.00131507 0.594461891762416
0.32 3A 36140947.25 36144310.5 9.81067217997611e-07 563 0 NA
0.34 3A 38329255.5 38336160.5 8.98814246505145e-07 145 0 NA
0.37 3A 40349096 40361359 8.48398860185471e-07 625 0 Inf
0.39 3A 42194773.5 42201971 8.06368112288496e-07 102 0 NA
0.41 3A 44628017 44634421 7.56541068273447e-07 300 0 Inf
0.42 3A 45775723 45784143.6666667 7.35312932344385e-07 1112 0.00136272302158273 0.153284156510584
0.43 3A 46926614.1666667 46931235.6666667 7.15202247235265e-07 1192 0.00200542624161074 0
0.44 3A 50371186.6666667 50375468.6666667 6.62316964004103e-07 634 0 NA
0.45 3A 53086043.2857143 53088929.8571429 6.23168838831259e-07 483 0.0031943198757764 0.299465958110816
0.46 3A 55055623.3333333 55058996.6666667 5.87291689177327e-07 791 0.000975605562579014 0.299327203176347
0.47 3A 56410653.8333333 56415992 5.61199878593565e-07 1146 0 NA
0.48 3A 57728892.4 57734130 5.33613119106804e-07 953 0 Inf
0.49 3A 60243935 60249092.4 4.80926189470656e-07 268 0 NA
0.5 3A 61343187.5 61347060.5 4.59100518677683e-07 709 0 NA
0.51 3A 63274243.5 63277549 4.2271394140685e-07 479 0 NA
0.52 3A 64758630.5 64763258 3.96292075550636e-07 111 0 NA
0.53 3A 67151954 67155932 3.56636692063575e-07 25 0 NA
0.54 3A 67830633.3333333 67835242.3333333 3.46087261017029e-07 1001 0 NA
0.55 3A 72101770 72104844.6666667 2.74638745226351e-07 602 0 NA
0.56 3A 76507251.875 76513638.5 2.29483733839507e-07 2298 0.000332663590078329 0
0.57 3A 84034945.875 84042421 2.02195262098905e-07 1078 0.000737411910946197 0
0.58 3A 96891216.3846154 96898329.6923077 1.43374235317888e-07 3397 0.000742180323815131 0.0913966652273444
0.59 3A 109915292.153846 109919695.769231 7.78384612231588e-08 4285 0.00019222021470245 0.555447137509849
0.6 3A 121685306.857143 121690348.428571 2.34265130923796e-08 672 0.000675889895833333 0
0.61 3A 132574579.142857 132579484.428571 1.1273304929269e-09 618 0 Inf
0.62 3A 145521562.533333 145526832.866667 0 3284 0.000476702557856273 0.293795233087225
0.63 3A 168170452.875 168176288.916667 5.12160967366902e-09 3323 0.000725196695756846 0
0.64 3A 295359255.045455 295368815.613636 9.42465552262949e-09 31186 0.00021438427114731 0.0910152308032842
0.65 3A 431419166.921569 431425038.960784 2.39713696480804e-08 12109 0.000137010707738046 0.404169858177629
0.66 3A 468030754.862069 468037329.241379 3.8877966259527e-08 5819 0.000128916257088847 0.618573288736845
0.67 3A 491200032.472222 491205865.388889 3.91598717114525e-08 5015 0.000154065301694915 0.298495107449407
0.68 3A 507460757.863636 507465556.5 3.84310474954644e-08 4176 0.00019703286637931 0
0.69 3A 516341129.272727 516346786.909091 3.41763086906023e-08 2837 0 Inf
0.7 3A 519928628.666667 519931191.333333 3.15153927571935e-08 691 0 Inf
0.71 3A 535348391.5 535354288.340909 3.84300635937287e-08 9845 0.000232468675469782 0.266356602046781
0.72 3A 557405559 557408266 8.08389211555578e-08 17 0 NA
0.73 3A 560358883.428571 560365871 8.65227837682012e-08 2115 0.00036919370212766 0.585887069115973
0.74 3A 566684543.857143 566693846.285714 1.09357491364432e-07 1687 0 NA
0.75 3A 571258761.75 571262613.75 1.37268611483141e-07 425 0 NA
0.76 3A 575163435 575167050.375 1.59312019354556e-07 894 0.000837736375838926 0
0.77 3A 578221042.75 578225354 1.70169617281218e-07 815 0.00174141300613497 0
0.79 3A 581258066.666667 581261554.666667 1.80663712239251e-07 284 0.00290330915492958 0
0.8 3A 584275968 584279016 1.90800570101113e-07 221 0 NA
0.81 3A 585079644.333333 585084110 1.93453220213584e-07 703 0.00119365951635846 0.268804159445407
0.82 3A 588669592.666667 588674145 2.0505286302024e-07 321 0 NA
0.83 3A 595556633.882353 595561401.352941 2.25711150736803e-07 3809 0.000950380063008664 0.192648751601679
0.84 3A 601095005.2 601099971.5 2.41277092762464e-07 2990 0.00109627221404682 0.139200867133213
0.85 3A 605098784 605101946.833333 2.51861997256092e-07 755 0 Inf
0.86 3A 609988481.5 609994722.666667 2.645023792089e-07 1163 0 NA
0.87 3A 614990770.615385 614994872.384615 2.77058188681144e-07 2601 0 Inf
0.88 3A 620730036 620737087.333333 2.91073135384301e-07 378 0 NA
0.89 3A 624211972.333333 624215764.5 2.99328376513653e-07 787 0 Inf
0.9 3A 628549258.8 628557675.6 3.09389765013002e-07 834 0 NA
0.91 3A 631921415.2 631927204.1 3.17018481905439e-07 1339 0 Inf
0.92 3A 635639489.666667 635643818.166667 3.25245862337405e-07 575 0.00131892507826087 0.306194694092918
0.93 3A 639048095.333333 639053142.5 3.32621600283979e-07 1807 0.000897930492529054 0
0.94 3A 642672675.625 642678511.125 3.40124597439762e-07 904 0.00169598079646018 0
0.95 3A 645769872.875 645774870.375 3.4907117683432e-07 1574 0.000986084942820839 0
0.96 3A 647892039.636364 647896686.090909 3.59879159346642e-07 2264 0.000342883842756184 0.879873024611375
0.97 3A 649882625 649886476 3.72513012739343e-07 1351 0.000628821125092524 0.280441928544306
0.98 3A 652433191.25 652436784.25 3.5662846302617e-07 406 0 NA
0.99 3A 654318673.5 654327882.5 3.40907181493376e-07 432 0 NA
1 3A 656650519.666667 656654139.666667 3.28502572968691e-07 237 0 NA
1.01 3A 658314132 658322366.5 3.24029581416162e-07 648 0 NA
1.02 3A 660028454.857143 660034057 3.23645049344542e-07 2002 0 Inf
1.03 3A 662116995.25 662122948 3.28440634554822e-07 1790 0.0021975653575419 0.233148747733395
1.04 3A 663638275.25 663642504.75 3.35715606594002e-07 1070 0.00074310908411215 0.466223200246622
1.05 3A 670018431 670022599.777778 4.04127921425963e-07 1173 0 NA
1.06 3A 674825468 674830720 4.86223134094563e-07 505 0 NA
1.08 3A 678500286 678503878 5.73117883370475e-07 64 0 NA
1.09 3A 679928392 679932970 6.13029778657194e-07 717 0 NA
1.1 3A 681592396.666667 681597391 6.91716811914374e-07 763 0 NA
1.11 3A 683395956.666667 683399380.166667 7.88779685407395e-07 1311 0.000616599504195271 0
1.12 3A 684853900.25 684858366 8.5373351243197e-07 865 0.000911252670520231 0
1.13 3A 686775646 686781006 9.18710989851903e-07 160 0 NA
1.15 3A 688975031.333333 688979804 9.63757523691838e-07 746 0 NA
1.16 3A 689492814 689498441 9.70225661015953e-07 391 0.0179328 0.0985512580299786
1.22 3A 695728816 695732219 9.19616449717503e-07 299 0 NA
1.24 3A 697249820 697252828 9.27349190613044e-07 120 0 Inf
1.25 3A 697735560 697740140 9.11835369118076e-07 66 0 NA
1.28 3A 701652167 701659157.666667 5.46896974137377e-07 845 0 NA
1.29 3A 705396055.75 705401199.75 1.8185025568741e-07 975 0.00198892375384615 0.363310055804127
1.31 3A 711151485.75 711156971.5 5.42429999812368e-07 476 0 Inf
1.32 3A 713102767 713104726 7.43112170896249e-07 99 0 NA
1.33 3A 714768132 714769770 8.81594511350668e-07 123 0 NA
1.35 3A 716365004 716371153 9.63959671252957e-07 353 0.00442396 0.147398484615593
1.39 3A 718399151 718401813 9.97066259864105e-07 181 0.0040404 0
1.4 3A 719938073 719943637 9.68788344850883e-07 72 0.0135802486111111 0
1.41 3A 721581705 721584154 9.93940977056418e-07 124 0 Inf
1.42 3A 722274947 722281449 1.02888011959703e-06 31 0 NA
1.43 3A 724355865 724359779.2 1.12043387104882e-06 1016 0.000684697539370079 0
1.44 3A 725995015.25 726001438 1.22734844775294e-06 540 0 NA
1.46 3A 727729704.5 727732966 1.30647828969214e-06 498 0 NA
1.47 3A 728777342 728781646 1.33550416299375e-06 45 0 NA
1.49 3A 730068158 730069471 1.35055594522714e-06 67 0 Inf
1.51 3A 731083694 731089749 1.34677858151927e-06 113 0 NA
1.53 3A 732299683 732302999 1.32418927869074e-06 350 0 Inf
1.54 3A 732770739 732776539.333333 1.31004283228825e-06 470 0.0147512227659574 0.032123842542761
1.58 3A 734783072 734791156 1.21662274415416e-06 160 0 NA
1.61 3A 737921970.333333 737928315 1.02127784416746e-06 448 0.00192134151785714 0.267266579224663
1.62 3A 739151160 739154383.5 1.0067837677595e-06 325 0.00265593267692308 0.518755966613241
1.63 3A 739516644 739519773 1.0000514922696e-06 380 0.00406134076315789 0.145347731905672
1.65 3A 742454519 742458087.5 9.06340311039903e-07 365 0.00137629556164384 0.745736042520972
1.66 3A 743641281.25 743647372.75 8.47481588488213e-07 497 0 Inf
1.67 3A 745357952 745361441.5 7.62719726795039e-07 161 0.00471014304347826 0
1.68 3A 746319968 746321535 7.22191821455818e-07 216 0.0109631814814815 0
1.69 3A 749358829.333333 749363841 6.02372089883477e-07 371 0 Inf
0.02 4A 1878924 1887486 NA 401 0 NA
0.03 4A 2039524 2044355 NA 33 0 NA
0.04 4A 3292645.5 3296910 1.08424082047671e-06 1149 0 Inf
0.05 4A 3868310 3876671 1.07592406483305e-06 50 0 NA
0.06 4A 4795820.5 4800121 1.06255927120933e-06 246 0 NA
0.07 4A 5342291.5 5347246.5 1.05464347531759e-06 386 0 NA
0.08 4A 5982975 5992168 1.04531517112481e-06 86 0 NA
0.09 4A 6874594 6878055 1.03237928786645e-06 581 0 NA
0.1 4A 7745355 7748815 1.01966298615453e-06 344 0 NA
0.12 4A 9929288 9932731 9.87584536337419e-07 349 0 NA
0.13 4A 10636377 10639773 9.77142184670035e-07 293 0 NA
0.14 4A 11296831 11299759 9.67366652359827e-07 33 0 NA
0.15 4A 12603440 12605689 9.47954199738386e-07 210 0 NA
0.17 4A 14025418 14028804 9.26706155385919e-07 129 0 NA
0.18 4A 15638398 15642171 9.02475043828397e-07 42 0 NA
0.19 4A 16239822 16246028.25 8.93383393550754e-07 2240 0.000347744665178571 0.582240864458163
0.2 4A 17263279 17267968 8.7791529395957e-07 236 0 NA
0.22 4A 19625981 19629035 8.41964905664125e-07 198 0.00466472 0
0.23 4A 20264810 20267038 8.32194442962212e-07 40 0 NA
0.24 4A 21381654 21386881.75 8.15022833557188e-07 1389 0 NA
0.27 4A 24818598 24823243.6666667 7.6027193334511e-07 899 0.00110512631813126 0
0.28 4A 25885947 25893930.5 7.42586730837752e-07 174 0 NA
0.3 4A 28934955.6666667 28940917.3333333 6.93272190471617e-07 866 0 NA
0.31 4A 30423306 30427392.5 6.69799705456937e-07 634 0 NA
0.32 4A 31281656.5 31290654.5 6.5639770868382e-07 187 0 NA
0.33 4A 33861179 33867212 6.17046173825782e-07 162 0 NA
0.34 4A 34597351 34602439.5 6.06062876394998e-07 472 0 NA
0.35 4A 36355075.25 36360180.5 5.80132629560386e-07 617 0 NA
0.36 4A 37512419.4 37516756 5.63365096244678e-07 1334 0 NA
0.37 4A 39519127 39536431 5.34745127721453e-07 152 0 NA
0.38 4A 40619411 40624158 5.19507141301681e-07 96 0 NA
0.39 4A 42888111 42893499.125 4.88605040357742e-07 1257 0.000351317772474145 0
0.4 4A 45404105.6666667 45408399.3333333 4.5535296833253e-07 306 0 NA
0.41 4A 46972647.7777778 46980229.3333333 4.35234766120485e-07 2249 0 NA
0.42 4A 48895650.6666667 48900796.6666667 4.11096430069126e-07 263 0 NA
0.43 4A 52605554 52617528 3.66400897355934e-07 80 0 NA
0.44 4A 57548990.5714286 57553887 3.10934463462292e-07 1286 0 Inf
0.45 4A 69526980.53125 69532715.25 1.3898479987382e-07 8979 0.000353915325760107 0.360566759444837
0.46 4A 87971298.5294118 87977336.1764706 2.61527817980113e-08 4683 0.00017200067264574 0.284427727272643
0.47 4A 96785800.7692308 96789602.9230769 1.90778252726283e-08 2143 0 Inf
0.48 4A 120060445.53125 120065117.5 2.23964804053831e-08 12724 0 Inf
0.49 4A 163837331.913043 163844586.217391 4.4395308706472e-08 9445 0.000166996171519322 0.440024742866645
0.5 4A 217110981 217121562.647059 5.87855400255671e-08 10404 8.35536678200692e-05 0
0.51 4A 329326181.738095 329341947.690476 3.06415493869755e-08 10170 7.68849764011799e-05 1.36594382437052
0.52 4A 405552326 405556169.5 0 912 0 NA
0.53 4A 464551416.705882 464557291.558824 0 13759 0.000388774993822225 0.130493193173679
0.54 4A 517497871.216216 517503475.405405 0 8788 0 Inf
0.55 4A 547621910.666667 547627348.333333 4.9303366804862e-08 5464 0.000440021275622255 0.0954765139821183
0.56 4A 564665640.25 564673713.875 1.78438023726445e-07 1377 0.000579757211328976 0
0.57 4A 572563017 572569990.25 2.76937477965516e-07 3153 0.000287044313352363 1.01829076496398
0.58 4A 577864683.461538 577870839.384615 3.64233807586369e-07 3539 0.000435695077705567 0.299700164381549
0.59 4A 582225824.368421 582232543.947368 4.30830109644076e-07 6074 0.000256718702667106 0.586112572655561
0.6 4A 584902500.928571 584907288.928571 4.71485295164363e-07 2400 0.00851274285833333 0.0788778362831299
0.61 4A 589492647 589497773 5.50761515861266e-07 24 0 NA
0.62 4A 590329471.769231 590337195.846154 5.66543165187205e-07 1843 0.00126436185024417 0.0954782878787838
0.63 4A 591868708 591874175 5.96474720535899e-07 76 0 NA
0.64 4A 593542239.5 593553808 6.41659577850161e-07 748 0 NA
0.65 4A 594773822.666667 594777004.333333 6.73374571306124e-07 340 0 NA
0.66 4A 596224028 596229653.333333 7.09495903335585e-07 1872 0.00671870456730769 0.0182191587787282
0.67 4A 597861855 597867063.4 7.48505306391548e-07 1704 0.000729632617370892 0.186270748290762
0.68 4A 598954225 598956963 7.73294988769303e-07 605 0.0129276403305785 0.0584491818056472
0.69 4A 600953463.666667 600956857.333333 8.16573188535562e-07 524 0.0209830229007634 0.0627792924923675
0.7 4A 601364145 601368127 8.25095744170436e-07 271 0.024381 0
0.71 4A 603415392 603419135 8.98065999175051e-07 518 0.0554008528957529 0
0.73 4A 605683684.5 605687399 9.64587895437714e-07 477 0.00306615398322851 0
0.74 4A 606747020.5 606754705.25 1.03097681294643e-06 1037 0.00236343656702025 0
0.75 4A 607633229 607636147 1.07744277740027e-06 245 0 NA
0.76 4A 608715302.5 608722596 1.12189786000295e-06 346 0.00455401040462428 0.145704161154787
0.77 4A 609925870 609929741 1.15622903227137e-06 153 0 Inf
0.78 4A 610550974 610559923.5 1.18943220817694e-06 116 0 NA
0.79 4A 611579524 611583216 1.27048127023301e-06 434 0.00357276 0.297531880115093
0.8 4A 612059468 612061765 1.30364428892819e-06 185 0 NA
0.81 4A 613412066 613416488 1.38120464862827e-06 142 0.00543601 0
0.82 4A 613606293 613615089 1.39048160111633e-06 340 0 Inf
0.83 4A 614639215 614643695.5 1.43061541941584e-06 418 0.00198130057416268 0
0.84 4A 615212569 615216659 1.44748793527475e-06 328 0.0163504 0
0.86 4A 616309725 616313994 1.46724110051339e-06 84 0.0214737 0.374003082840871
0.87 4A 617094303 617098055 1.47177845503401e-06 26 0.04 0
0.88 4A 617849660 617854328 1.46859242161599e-06 53 0 NA
0.89 4A 617914392 617918888 1.46796432602955e-06 675 0.00116806432592593 0
0.93 4A 620188580 620195028 1.41169772934462e-06 235 0.00206186 0
0.95 4A 621144656 621150031 1.36801266612642e-06 362 0.00433753209944751 0
0.96 4A 621808091.333333 621813092.666667 1.33071928511941e-06 397 0.00202277531486146 0
0.97 4A 622281717 622287276 1.30058168539465e-06 222 0 NA
0.98 4A 623315052 623317666 1.22485784559372e-06 181 0 NA
1.02 4A 627516023 627521263 8.08785986336385e-07 22 0 NA
1.03 4A 627772429 627779010 7.83333243507217e-07 158 0 NA
1.04 4A 629671096 629677100.6 6.76562248748575e-07 1821 0.000456046952224053 0
1.05 4A 631545613.75 631551270 5.83042349341799e-07 932 0.0024993564055794 0.193546105047292
1.06 4A 634142525 634148429.666667 4.71081665203116e-07 1034 0 NA
1.07 4A 636854869 636859227.833333 3.73682960298377e-07 1322 0 NA
1.08 4A 639795930.714286 639801163.714286 2.93979065720939e-07 1007 0.000767343336643495 0.298818037300544
1.11 4A 650367950 650370241 2.69536218955919e-07 23 0 NA
1.24 4A 682076884.6 682083365.85 1.24736317278109e-07 3634 0.000210970253164557 0.293193893193893
1.25 4A 688092001 688096031 2.3023283364882e-07 174 0 NA
1.28 4A 699899776 699902312 3.80558973263715e-07 67 0 NA
1.3 4A 702043190 702046461 4.26908619957024e-07 129 0.0227758 0
1.36 4A 713114838 713118412 5.85457434155843e-07 108 0 NA
1.49 4A 737094089 737097918 4.02114878133699e-07 48 0.0695652 0
1.5 4A 739310199 739314035 3.80149179911071e-07 119 0.018677 0
0 6A 510790.666666667 514438.666666667 NA 502 0.00351697211155379 0
0.01 6A 1515243.25 1521481.5 2.92032310617666e-07 1235 0.0088854995951417 0.0419055137096404
0.02 6A 3066857.66666667 3071484.33333333 4.0039754981633e-07 929 0 NA
0.03 6A 7036617.33333333 7041673.33333333 6.7186752722601e-07 725 0.00495509434482759 0.328401844827952
0.04 6A 9185065.5 9191095.5 8.03491571645627e-07 656 0.00235639954268293 0
0.05 6A 10491634 10496460 8.99799116888823e-07 545 0 NA
0.06 6A 11464374.4285714 11468959.5714286 9.35280855279005e-07 1916 0.00164172426409186 0.146056494290817
0.07 6A 12334617 12340784 9.48354988043472e-07 455 0.0160655996923077 0.0313935447625034
0.08 6A 13071476 13080970 1.03950682254111e-06 67 0.0125 0.2694736
0.09 6A 13476867.6666667 13480326.6666667 1.06766575257716e-06 643 0.00231657598755832 0.312667709105402
0.14 6A 16226818 16234941 1.04114270876002e-06 390 0 NA
0.15 6A 17137267.5 17145348.25 9.906166428561e-07 931 0.000870339505907626 0.557417854197865
0.16 6A 22309828.25 22313782.5 6.39451952440757e-07 640 0.001241563 0
0.17 6A 23825897.4285714 23829711.8571429 5.85676568706932e-07 1250 0.00768111032 0.047409913518857
0.2 6A 25692506 25698785 5.06834713781939e-07 38 0 NA
0.21 6A 31353459.5 31357175.5 2.63488777093682e-07 132 0 NA
0.22 6A 36089801.9 36093331 4.10305887170262e-07 1811 0 NA
0.23 6A 39495492 39505834 4.86953533498897e-07 73 0 Inf
0.24 6A 42922554 42927225 5.28969439054196e-07 73 0 NA
0.28 6A 48103410 48107388 5.33854081760382e-07 102 0 NA
0.29 6A 48768504 48773225.6666667 5.29243226620462e-07 605 0 Inf
0.3 6A 51406171 51409969 5.00086274474512e-07 283 0 Inf
0.32 6A 53123184 53126305 4.84814228444475e-07 196 0 NA
0.33 6A 55809673 55813884 5.04292108348612e-07 405 0 NA
0.35 6A 60265209.25 60270028.75 3.85971845572454e-07 947 0 NA
0.36 6A 61373924 61381773 3.614259699175e-07 1205 0 Inf
0.37 6A 64542962 64548541 2.85600975647028e-07 1067 0 NA
0.38 6A 72270077.9411765 72276245.9411765 1.40971572278359e-07 2181 0 Inf
0.39 6A 82418736.5 82425539.4444444 1.35129511960307e-07 3854 0 NA
0.4 6A 92182287.1428571 92185997.5714286 1.33416847566138e-07 1762 0.000437946418842225 0
0.41 6A 97396622 97409728 1.27651462258127e-07 1063 0 NA
0.42 6A 104046153.6 104051807.4 1.16167779948447e-07 1554 0 NA
0.43 6A 108055030 108064919.428571 1.06985014878687e-07 1708 0 NA
0.44 6A 121534882.071429 121540437.428571 8.16607433409844e-08 2538 0 Inf
0.45 6A 134960366.166667 134967570.833333 6.47631347169126e-08 2147 0 NA
0.46 6A 148658578.529412 148663733.411765 4.97002977157384e-08 2823 0 Inf
0.47 6A 281179422.273438 281188501.21875 8.70087922179441e-09 29837 4.12093943761102e-05 0.483231866529675
0.48 6A 411289593.5 411298346.75 1.31406657267947e-08 1066 0 NA
0.49 6A 423218462.153846 423224752.538462 2.58237760975183e-08 2577 0 NA
0.5 6A 430213529.333333 430223379.666667 3.4676707050733e-08 547 0 NA
0.51 6A 432544864.333333 432548250 3.79105361579424e-08 406 0 NA
0.52 6A 437675018.8 437679545.6 4.55147779936912e-08 1193 0 NA
0.53 6A 440626693 440629967.5 5.01555958504753e-08 281 0 NA
0.54 6A 444800123.75 444805566.25 5.59893011657646e-08 280 0 NA
0.55 6A 448442121 448448010 6.05275843332262e-08 477 0 NA
0.56 6A 454735788.545455 454743084.454545 6.79609736737029e-08 1710 0 NA
0.57 6A 470797307.7 470802195.6 7.91330686922474e-08 1788 0 NA
0.58 6A 485345562.333333 485351372.066667 8.76795561055609e-08 2853 0 NA
0.59 6A 498824945.277778 498830609.388889 8.95016909120954e-08 3075 0 NA
0.6 6A 506490823.666667 506497931.555556 8.22825996059878e-08 3519 0 NA
0.61 6A 514543967.235294 514549029.470588 8.81362806488283e-08 4429 0 NA
0.62 6A 525297372.551724 525302524.655172 1.09824524297464e-07 5937 0 NA
0.63 6A 540521776.947368 540527183.421053 1.3999857955252e-07 3475 0 NA
0.64 6A 548089425.666667 548096308.75 1.26077831147492e-07 3651 0 NA
0.65 6A 553477089.125 553482859.75 2.16446840602864e-07 1210 0 NA
0.66 6A 556763907 556768167.5 2.64056722458618e-07 701 0 NA
0.67 6A 559863739 559867301 3.0602275258151e-07 201 0 Inf
0.68 6A 563472757.285714 563480058.714286 3.75738014149606e-07 677 0 NA
0.69 6A 565114845.666667 565121230.333333 4.13972218914656e-07 900 0 NA
0.7 6A 569686410 569693559 5.44450462885314e-07 507 0 Inf
0.71 6A 571545255 571548772 6.07320977405257e-07 138 0 NA
0.72 6A 573458701 573461865.666667 6.77734816677862e-07 559 0 Inf
0.73 6A 574751924.333333 574758605.666667 7.28979582798415e-07 510 0 NA
0.75 6A 578113397.5 578119818.5 8.74449424430803e-07 249 0 NA
0.76 6A 579293139.5 579297306 9.29708314693445e-07 320 0 NA
0.77 6A 580335819 580340458 9.80588497280701e-07 994 0.00217186190140845 0
0.79 6A 581786240.5 581789130.5 1.08076788429687e-06 273 0 NA
0.82 6A 584678383 584687741 1.27466203007729e-06 18 0 NA
0.83 6A 585532417.8 585541275 1.32511382787175e-06 2264 0 NA
0.84 6A 586247654.666667 586252949.333333 1.37661112986489e-06 732 0 NA
0.85 6A 586770093 586782183 1.41026912870965e-06 592 0 Inf
0.86 6A 587564389 587570511 1.45305007302883e-06 114 0 NA
0.87 6A 588004000.5 588007183 1.47235338810728e-06 597 0 NA
0.88 6A 588409135 588411553 1.48837923523957e-06 286 0 NA
0.91 6A 590074286 590079890 1.5271423180115e-06 273 0 NA
0.93 6A 591353508 591359241 1.52882362453696e-06 494 0 NA
0.94 6A 591764907.5 591766966.5 1.52428067840782e-06 544 0 NA
0.96 6A 593358660 593362173 1.48267496205091e-06 42 0 NA
0.97 6A 593430767 593435915 1.47986774932404e-06 326 0 NA
0.98 6A 594802581.875 594807532.875 1.44164500452968e-06 1233 0.000605569261962693 0
0.99 6A 596223239.666667 596228275 1.33134883094973e-06 385 0.00193377142857143 0.627386158801454
1 6A 596838947.333333 596846074.666667 1.2554055054373e-06 1679 0.000442746711733175 0.628641431694802
1.01 6A 597317928.5 597322595.5 1.19690636843101e-06 160 0 NA
1.02 6A 597844107.5 597849822 1.14007871526179e-06 340 0 NA
1.04 6A 598939137 598943174.75 1.04650239613804e-06 646 0.00969890879256966 0.0362567187587673
1.06 6A 600449761.333333 600454187.666667 9.77203305858765e-07 880 0.00186277769318182 0
1.07 6A 602903717.25 602911012.75 7.84655915489889e-07 1556 0 NA
1.08 6A 605181933.8 605188532 5.92121856569476e-07 1877 0.00311471763452318 0.077263066969421
1.1 6A 607113584.4 607117448.8 5.91149175690396e-07 572 0.0360027541958042 0.0462084150768691
1.13 6A 609359613.666667 609365429 5.6911729994957e-07 1414 0.0223267234794908 0.0146489017876377
1.14 6A 613608379.88 613613591.32 4.16302110380195e-07 4931 0.00253774058406003 0.148093980848908
1.15 6A 617046924 617061369 2.55184879628694e-07 816 0 NA
0 7A 3774125 3777453.33333333 2.2411116369821e-08 331 0.00242252809667674 0.569728560012212
0.03 7A 16016350 16023391 2.89412501051205e-07 144 0 NA
0.04 7A 21402464.6666667 21405106.6666667 4.53145312274062e-07 316 0.00251796139240506 0.287714267544646
0.05 7A 24849155.5 24853444 5.92384584180897e-07 311 0.00373397324758842 0.695291066381984
0.15 7A 34538999 34540876 1.29860125393025e-06 204 0 NA
0.19 7A 36878637.5 36882310.5 1.36700901345882e-06 1010 0.0162817267326733 0.0424463518112755
0.27 7A 42963605 42965380 1.04474363569521e-06 72 0.0233577 0
0.31 7A 46720532 46722696 9.21100900308749e-07 128 0.0117647 0.154545377272689
0.32 7A 48055953 48061026 8.87663204287728e-07 169 0 NA
0.35 7A 54997683 55001463 6.95186734136148e-07 81 0 NA
0.36 7A 56151832 56157135 6.96195316903044e-07 56 0 NA
0.37 7A 57615247 57621248 6.38661797122666e-07 19 0 NA
0.38 7A 58841366 58844070 6.0034407785054e-07 33 0 NA
0.42 7A 65273396.8333333 65277771.5 5.46821903487358e-07 1032 0.000754794263565891 0.297642557970004
0.43 7A 67669538.7777778 67673946.7777778 5.80843882505999e-07 1295 0.00122668162934363 0.142472012149978
0.44 7A 70518641.5 70522813 6.11048460494134e-07 145 0 NA
0.46 7A 74405643 74416635 6.40111391723838e-07 52 0 NA
0.49 7A 77316023 77323679 6.75736043597949e-07 551 0 NA
0.5 7A 78668240 78672157 6.7049851416701e-07 275 0 Inf
0.51 7A 79843292 79850005.5 6.50874635447229e-07 359 0.00222841353760446 0.283387438302223
0.52 7A 81117087 81123675 6.14619594713228e-07 252 0 NA
0.53 7A 81858717 81859809 5.86067918538943e-07 111 0 Inf
0.54 7A 83285019 83288075 5.20657392035587e-07 117 0 NA
0.55 7A 84161405.5 84168393 5.07221700288213e-07 384 0 NA
0.56 7A 85340597 85348178.3333333 4.9200325302832e-07 394 0 Inf
0.58 7A 91704748.5 91709788.6 3.90387074592243e-07 1733 0 NA
0.59 7A 100256830 100262980.444444 1.81906286706243e-07 1967 0 NA
0.6 7A 107061366.909091 107067019 1.716125556012e-07 1556 0.00207640775064267 0
0.61 7A 112263526 112266127 1.97914842611358e-07 276 0 NA
0.62 7A 116100507.333333 116106686.166667 2.43826516975623e-07 1711 0.00143229232028054 0
0.63 7A 118685472 118690404.5 2.47625161071729e-07 572 0 NA
0.64 7A 121794423.4 121802317 2.34161702674768e-07 1979 0 NA
0.65 7A 125935183.777778 125940485.666667 1.90733394521205e-07 1819 0 Inf
0.66 7A 129217116.444444 129222837.888889 1.89443184013505e-07 1016 0 Inf
0.67 7A 141188362 141194154.75 1.0417184409104e-07 3121 0 NA
0.68 7A 187647266.688889 187653291.844444 1.05989052080451e-08 17519 0.00013575734688053 0.220785258343306
0.69 7A 236146030.130435 236151181.217391 1.39461336221032e-08 3810 0 Inf
0.7 7A 253840188.428571 253844584.642857 1.20536141956432e-08 3378 0 NA
0.71 7A 267126979.4375 267131996.3125 1.10230956378983e-08 3543 0 NA
0.72 7A 276266092.222222 276272495.555556 1.04893429292062e-08 2279 0 NA
0.73 7A 287645399 287650528.727273 1.00388627326235e-08 1224 0 NA
0.74 7A 295111598.076923 295116284.615385 9.87416750383956e-09 2170 0 NA
0.75 7A 303356018 303360522 9.80964152863595e-09 312 0 Inf
0.76 7A 308657533 308690822.5 9.82350990290736e-09 179 0 NA
0.77 7A 318757522.5 318762109 1.00079177643401e-08 681 0 NA
0.78 7A 324829623.5 324850249.75 1.02014320525832e-08 1186 0 NA
0.79 7A 331354644.5 331372558 1.04881691838376e-08 1323 0 NA
0.8 7A 347247088.5 347259896.571429 1.15576475472897e-08 4489 0 NA
0.81 7A 390907550.875 390917314.15625 1.69292969973067e-08 6979 0 Inf
0.82 7A 422739129 422745366.5 2.25349224602812e-08 817 0 NA
0.83 7A 423556015 423563387 2.27105057778797e-08 241 0 NA
0.85 7A 424310061 424314935 2.28732715095579e-08 223 0 NA
0.86 7A 424628142 424634545 2.29425179875405e-08 362 0 NA
0.9 7A 470636933.14433 470642641.041237 3.5571568487685e-08 17647 0 Inf
0.91 7A 528082641.272727 528089005.727273 5.54092916416965e-08 3184 0 Inf
0.92 7A 541329854.894737 541333894.789474 6.19014088884187e-08 4238 0.000167793902784332 0.642286386521949
0.93 7A 552318574.777778 552322956.666667 6.86899317092806e-08 2924 0 Inf
0.94 7A 562942833.75 562948277.5 7.6541405932979e-08 3106 0 Inf
0.95 7A 575569678.75 575576341 8.23707623486722e-08 1344 0 NA
0.96 7A 591156272.176471 591161448.647059 8.41166472366576e-08 2868 0 Inf
0.97 7A 609877278.857143 609883099.071429 1.10341010072596e-07 3608 0 NA
0.98 7A 616594509 616599310 1.57387119202611e-07 102 0 NA
0.99 7A 620028739 620031590 1.73905959665766e-07 337 0 NA
1 7A 627137001.666667 627141168.666667 2.33177947505e-07 770 0.00184619828571429 0.104230131940915
1.01 7A 634437985 634439125 3.0907344103619e-07 59 0 NA
1.02 7A 635226227.5 635231826 3.21596193127854e-07 719 0 NA
1.03 7A 638473111.5 638477520.5 3.62647469613645e-07 61 0 NA
1.05 7A 644862422 644866337 4.29569111569013e-07 366 0 NA
1.09 7A 652755070 652761519.25 5.07157496941751e-07 273 0 NA
1.1 7A 654052566.5 654056227 5.19345931238169e-07 151 0 NA
1.12 7A 657715805 657722562 5.5303083407534e-07 210 0 NA
1.13 7A 659370747 659374883 5.67827031577217e-07 205 0 NA
1.14 7A 660463858 660467412 5.77469478875564e-07 42 0 NA
1.16 7A 663530949.5 663533745.5 6.03951411316629e-07 352 0 NA
1.17 7A 666183734 666190033 6.35663388609527e-07 66 0 NA
1.18 7A 667056948.333333 667062078.333333 6.49060769107474e-07 1281 0.00236468317720531 0
1.19 7A 669778162 669780665 6.83250883421499e-07 102 0.0217852 0
1.2 7A 671279662.333333 671285693.333333 7.10901118726343e-07 995 0 NA
1.21 7A 672227524.75 672231373.5 7.23619119749555e-07 417 0 NA
1.22 7A 674132057.666667 674136529 7.3907984885687e-07 487 0 NA
1.23 7A 675341109.666667 675344995.666667 7.41300176539718e-07 154 0.00608818961038961 0
1.25 7A 678152379 678157242 7.49680680547267e-07 168 0 NA
1.26 7A 680100878.8 680107315.4 7.58003348991034e-07 1073 0.0145883942311277 0.029295035733064
1.28 7A 681997487 682001751.5 7.57546350086986e-07 148 0.00640928243243243 0
1.3 7A 685581322 685586908 7.83406245346194e-07 198 0 NA
1.31 7A 686171032 686174157 7.83458023338092e-07 333 0 NA
1.33 7A 688960269 688968295 7.67652811711203e-07 38 0 NA
1.34 7A 690052934 690056735 7.54257314923966e-07 52 0 NA
1.35 7A 690998949.5 691001429.5 7.48433607695109e-07 172 0 NA
1.36 7A 691568181 691570712.5 7.49523332228067e-07 374 0.00431960663101604 0
1.37 7A 692610980.5 692613733 7.61346724835613e-07 211 0 Inf
1.38 7A 693852903 693855862 7.69476789163641e-07 193 0 NA
1.42 7A 699238860.666667 699244507.333333 7.12920825823144e-07 379 0 NA
1.43 7A 701102176.333333 701110413 6.96148783584141e-07 1038 0.000777766411368015 0
1.44 7A 701730796.75 701735243.375 6.93273298368275e-07 1467 0.00162673766189502 0
1.45 7A 704281023.5 704284860 6.95507569131383e-07 267 0 NA
1.46 7A 705316356 705320410 6.97716129094428e-07 707 0.0111327295898161 0.0581492306369919
1.47 7A 706841076 706845172 7.05751959460127e-07 130 0 NA
1.48 7A 709404534 709410201 7.00761572151223e-07 680 0.0359385613235294 0.0184318886017799
1.5 7A 712192377 712196771 6.94767784181613e-07 26 0 NA
1.51 7A 714165965.5 714171468.5 6.91156488150192e-07 526 0 NA
1.52 7A 715968797.5 715975331 6.88298719789364e-07 536 0 NA
1.53 7A 717036374 717042876 6.86811181073104e-07 210 0.00747082 0.293044137055905
1.57 7A 721093026 721106211 6.82565973393392e-07 103 0 NA
1.58 7A 722597238 722601907 6.80557651152302e-07 331 0 NA
1.59 7A 723277598 723282444 6.78964303676523e-07 673 0.00510872552748886 0.0655611297639803
1.6 7A 724523085.5 724528085.5 6.7646472173357e-07 481 0.00848546906444906 0
1.61 7A 725947490 725952294.333333 6.74181575646503e-07 1536 0.00278318509765625 0.267054866608013
1.62 7A 727443573 727457990 6.72454329433371e-07 1576 0.00209515 0.137235042837028
1.63 7A 729666301 729672067 6.71284807629635e-07 206 0 NA
1.64 7A 731268430.333333 731273820 6.7140517462926e-07 462 0 NA
1.65 7A 732990923.25 732995396.5 6.71979853615042e-07 964 0.00455419346473029 0.104495985586218
1.66 7A 735919403 735929341 6.71327116194227e-07 274 0.0313868613138686 0.1824104
