poscM Chromosome Start End recRate nb_complete_site piSyn f0
0.02 1B 1418981.8 1425703.2 NA 1261 0.00250738386518636 0.292176784830736
0.06 1B 4302527.33333333 4307091 7.68923596417863e-07 440 0 NA
0.07 1B 4475908 4479190 7.67437826550965e-07 236 0 NA
0.09 1B 6473815 6477799 7.49121041341185e-07 90 0.0178771 0.141838441357938
0.12 1B 8662270.5 8668223 7.26641617277757e-07 91 0 Inf
0.13 1B 9837979 9844502 7.13613779510062e-07 49 0 NA
0.14 1B 10203991 10206698 7.09421832120605e-07 79 0.0372093 0.0797773674860855
0.15 1B 11857187 11860248 6.89525639551083e-07 378 0.00212766 0
0.18 1B 15004639.5 15012308.5 6.53588700415522e-07 437 0 Inf
0.19 1B 15392593.6666667 15396274 6.49826400694233e-07 476 0.00998977023109244 0
0.2 1B 17685825.6666667 17690644 6.27741245255761e-07 573 0 NA
0.21 1B 18419377 18423130 6.20777349669413e-07 148 0 NA
0.22 1B 20588785 20595873 6.00431779138865e-07 278 0 NA
0.25 1B 25998941 26001808.5 5.42356728036348e-07 104 0.00495793269230769 0
0.27 1B 29477964 29480900.5 5.14339723846165e-07 376 0.00200804372340426 0
0.28 1B 32878765.6666667 32888417 4.72782231850662e-07 730 0 NA
0.29 1B 39219458.3333333 39223870.3333333 4.1054145206564e-07 1472 0 NA
0.31 1B 44353472.6 44359547.2 3.54409691786902e-07 1271 0.00296066033044847 0.124667338761755
0.33 1B 53131621 53134905.6666667 2.66256241738691e-07 978 0 NA
0.34 1B 55593776 55605247 2.45960662118562e-07 1193 0 Inf
0.35 1B 56938728.5 56946728 2.35588166343723e-07 77 0 NA
0.37 1B 59969523 59971717 2.1447198120156e-07 149 0.0198791416107383 0.0799540890065169
0.38 1B 62498682.5 62502555.6666667 1.99097464381767e-07 466 0 Inf
0.39 1B 67264709.8 67272198.6 1.7585159713466e-07 850 0.00178765207058824 0
0.4 1B 72468584.5 72473591 1.57929057169792e-07 685 0.00115855935766423 0
0.41 1B 95800657.3076923 95805559.7692308 7.95441390738428e-08 2837 0.000564093835037011 0
0.42 1B 116809650.736842 116815977.052632 7.69891044859335e-09 4972 0.000154044955752212 1.08796850320256
0.43 1B 204657584.351562 204665824.554688 5.12234942263875e-09 28375 0.000245064930044053 0.361504735814407
0.44 1B 323600629.363636 323607404 2.66513902026353e-08 12524 0.00012458931810923 0.291183797457789
0.45 1B 361399254.897436 361405340.282051 3.1711561607279e-08 5550 0.000138918234234234 0
0.46 1B 388031445.28125 388036486.125 3.50385577467097e-08 6651 0.000121191700496166 0.563500842383685
0.47 1B 411455023.310345 411461361.344828 5.00823248718929e-08 5041 0.000148531885538584 2.03705934203726
0.48 1B 427993228.066667 428001794 6.55092015745094e-08 3389 0 NA
0.49 1B 443188519.409091 443194644.5 7.55463614910366e-08 3986 0.00037111393878575 0.46875561496904
0.5 1B 453895321.173913 453901522.086957 8.02921375201657e-08 5211 0.00117901379581654 0.110990802367605
0.51 1B 466670770.916667 466677629.583333 8.49699570268704e-08 2137 0.000376012278895648 0
0.52 1B 475834792.125 475839894.625 9.28772554185677e-08 2891 0.000524955928744379 0.0935367347040033
0.53 1B 482700331.7 482705378.2 1.01803709337446e-07 1962 0.000788504556574924 0.29393549360273
0.54 1B 490411113.75 490415124.833333 1.14993892943665e-07 1973 0.000387408616320324 0.298697983089582
0.55 1B 500114253.2 500119368.1 1.35662362543284e-07 1563 0 NA
0.56 1B 510246028.111111 510249914.111111 1.59320303574908e-07 2089 0.000379310751555768 0
0.57 1B 519476874.9 519482640.9 1.88394899331318e-07 3176 0.000656758381612091 0.216641754055927
0.58 1B 526557244 526565115 2.02022454118501e-07 141 0 NA
0.59 1B 531061998 531065151 2.12112896251327e-07 615 0 NA
0.6 1B 535407264 535410875.333333 2.33290999733806e-07 589 0.00142590679117148 0
0.61 1B 540569988.5 540574350 2.54763628539604e-07 459 0 NA
0.62 1B 543145367.333333 543149990.333333 2.6204951963629e-07 460 0.00541062260869565 0
0.63 1B 545369169.833333 545372828.333333 2.66464542848337e-07 986 0 NA
0.64 1B 547623769 547629586 2.69428572157367e-07 1175 0.000713134259574468 0
0.65 1B 551319059.5 551325075 2.70556116873727e-07 532 0.00274551383458647 0
0.66 1B 555147936.25 555151063 2.66848006698854e-07 367 0.00410571662125341 0
0.67 1B 559100572 559104015 2.58251538636214e-07 71 0 NA
0.68 1B 562657175.8 562663165 2.58323886981564e-07 1394 0.00112633725251076 0
0.69 1B 566022378.5 566029880.25 2.72606247178336e-07 2015 0 NA
0.7 1B 569278604.25 569283348.25 2.6558624016153e-07 1016 0 Inf
0.71 1B 573153128.5 573158480.625 2.28492034984125e-07 2149 0.000753452992089344 1.09188029910229
0.72 1B 575724410 575728197 1.9707114503782e-07 14 0 NA
0.73 1B 582266334 582271993.076923 1.81474234420566e-07 3030 0.000278318151815181 0.433919345811238
0.74 1B 588207472.5 588213374.25 2.22504818263571e-07 1158 0.000637106787564767 0.634931422905084
0.75 1B 593072604.4 593077036.4 2.25038283629968e-07 1110 0.000635693783783784 0.673602480995085
0.76 1B 598788838 598793451.5 2.39466312597528e-07 1821 0.000422499846238331 0.295505340704919
0.77 1B 604514420.8 604518787.6 3.07697614334173e-07 1474 0 NA
0.78 1B 606926209.333333 606931039.333333 3.37176488868568e-07 380 0 NA
0.79 1B 610165674.666667 610170274.666667 3.68639537140549e-07 365 0.00220161008219178 0
0.8 1B 612579906 612588565.333333 3.89755569705208e-07 536 0 Inf
0.81 1B 614754243 614758375.75 4.0752222768635e-07 1021 0 Inf
0.82 1B 616615780 616619878 4.21703508884683e-07 317 0 NA
0.83 1B 617817049 617823421 4.30355134876028e-07 236 0 NA
0.85 1B 622199162.6 622203545.8 4.58548617794189e-07 1409 0.00165053562810504 0
0.86 1B 623727376 623731829 4.67207429156021e-07 526 0.0015444 0.280151515151515
0.87 1B 625665835.333333 625672980.666667 4.77162457575601e-07 174 0.0059499632183908 0
0.88 1B 628170005.333333 628174013 4.88601185339544e-07 739 0 Inf
0.89 1B 630738510.75 630742060.5 4.99506786217128e-07 1073 0.00154303196644921 0
0.9 1B 634231803.666667 634235276.666667 5.16926949654491e-07 445 0.00189762606741573 0
0.91 1B 637848980.5 637853438.5 5.47715376266053e-07 811 0.0151220124907522 0.0373642407555614
0.92 1B 639544972.5 639550970 5.45021920047094e-07 488 0.00154278426229508 0.618247518006619
0.93 1B 640659733.333333 640663300 5.64202273254294e-07 189 0.0049192 0
0.94 1B 641631365 641633178 5.89976590426719e-07 17 0 NA
0.95 1B 642884342 642891860.5 5.83926025931065e-07 1020 0.00467699349019608 0.239435713745853
0.98 1B 645975916.75 645981590.75 6.03152755988853e-07 493 0.0047994037525355 0
0.99 1B 647227620 647240151 6.1372518545546e-07 90 0 NA
1 1B 648518875 648524414.5 6.03867660585682e-07 588 0 Inf
1.01 1B 651595282 651600337.5 5.51956088187795e-07 923 0.00258403957746479 0
1.02 1B 655795595.666667 655800443.666667 5.39708205476896e-07 528 0 NA
1.03 1B 657489688.285714 657493624 6.43910974801003e-07 1725 0.000437695327536232 0
1.04 1B 659500037.2 659503670.4 8.0387844044025e-07 649 0.00815430465331279 0
1.06 1B 662710344.666667 662714491 9.49268004804569e-07 1055 0.00146577093838863 0.298576242498052
1.08 1B 664626852.6 664631683.6 1.00340115238159e-06 813 0 NA
1.09 1B 665309787 665314775 1.02182170066867e-06 122 0.0136752 0
1.1 1B 666256742 666260483 1.04648954775992e-06 240 0 NA
1.12 1B 667584290 667588392 1.07953180574429e-06 409 0 Inf
1.13 1B 668123309 668130260 1.09246520473414e-06 481 0 NA
1.14 1B 668756926 668763446 1.10723304577469e-06 191 0.0147935539267016 0.252231394967272
1.15 1B 669011823.4 669016795 1.11303725432046e-06 1074 0.00148387968342644 0.57685774365274
1.19 1B 671197600 671200873 1.1602208368028e-06 478 0.0366999552301255 0.052758251856999
1.21 1B 673176183 673181970 1.19870390918206e-06 293 0.00256 0
1.22 1B 673741330.333333 673746725 1.20893714365332e-06 207 0.0084761884057971 0
1.23 1B 674643281 674648384.25 1.2245970119397e-06 520 0.00813555265384615 0.215682808631851
1.24 1B 675599505.666667 675606198 1.24031229765958e-06 1055 0.000685527582938389 0
1.25 1B 676169652 676175955.5 1.24947362329736e-06 228 0 NA
1.27 1B 678154485 678159353 1.28447931491315e-06 411 0 NA
1.28 1B 679753602 679757697 1.31375501084229e-06 230 0 NA
1.29 1B 680861625 680868122 1.33459882282223e-06 885 0 Inf
1.3 1B 681685814 681695473 1.35039832240591e-06 826 0.00384 0
1.31 1B 683501821 683508194.333333 1.38595897915944e-06 428 0 NA
1.32 1B 686232268.3 686237568.3 1.44174950696844e-06 1514 0 NA
1.33 1B 688330140.333333 688335952 NA 1853 0.00418548533189423 0
0.01 2B 1590376 1597994.5 1.17722694242774e-06 303 0.0217368712871287 0.106960143765699
0.03 2B 3397884 3406507 1.15548714767731e-06 288 0.00265781 0
0.04 2B 4815316 4822770.5 1.13830941548685e-06 689 0.00223163934687954 0
0.05 2B 5962445.5 5966829.5 1.12432983342813e-06 445 0 NA
0.06 2B 7261612.33333333 7269600.33333333 1.10835721889062e-06 520 0.00598772178846154 0.219379566068619
0.08 2B 9731069 9740936 1.07775232499491e-06 73 0 NA
0.09 2B 10578963 10583282 1.06719293919072e-06 254 0.00303811751968504 0.299338244122238
0.1 2B 11195769.75 11201621.5 1.05945264411908e-06 525 0 NA
0.13 2B 14045642 14051486 1.02328403551549e-06 459 0.00329218 0
0.16 2B 16825671 16828473 9.88334087070846e-07 35 0 NA
0.17 2B 17778903 17795470 9.76468017895828e-07 134 0 NA
0.24 2B 24091744 24094072 9.00908602060842e-07 156 0.00465116 0
0.25 2B 24920958 24923152 8.89590149664494e-07 132 0.00603774 0
0.27 2B 26372483.8 26379164.6 8.71414279697975e-07 1183 0.000689505494505494 0.178879591999363
0.29 2B 28365047 28374592 8.49849463013441e-07 397 0.0103493 0.165643086972066
0.32 2B 30494467 30499674 8.28655036283557e-07 239 0 NA
0.39 2B 39303538 39310656 7.22149323497966e-07 130 0 NA
0.4 2B 40616223.5 40624322 7.07130199296899e-07 148 0.0204016567567568 0.0763412099679769
0.41 2B 42143087 42153426 6.89930650217726e-07 815 0 NA
0.42 2B 42942475 42955169 6.81044949993734e-07 387 0.0108059 0.0539866184214179
0.43 2B 45176026 45182923 6.56772365078817e-07 2128 0 Inf
0.44 2B 47124227 47129545 6.36049947532603e-07 650 0 Inf
0.45 2B 49284884.5 49296405 6.13651663332567e-07 737 0.00106582 0.292526362576414
0.46 2B 52888391.5 52894879.5 5.45166256642653e-07 535 0.00453019960747664 0
0.47 2B 56090806.25 56094845.5 4.70074000915958e-07 565 0.00274662584070796 0
0.48 2B 59686049.6 59692705.4 4.50698496074428e-07 866 0.00987222839491917 0.0535435607670931
0.49 2B 65150580 65154029 4.30972368815199e-07 543 0.00145262924493554 0.290962695597573
0.5 2B 67380179 67387043 4.36565146025946e-07 574 0 Inf
0.51 2B 69040641 69044336 4.33331088605877e-07 201 0 NA
0.52 2B 72986723.5 72995700 4.09731634226444e-07 702 0.0011116562962963 0
0.54 2B 77129696 77134985.75 3.87989049736258e-07 535 0 NA
0.56 2B 81322684 81335627 3.69079966977921e-07 27 0 NA
0.57 2B 81759951 81763276 3.67313517310657e-07 377 0 Inf
0.58 2B 85144923 85148421 3.54652439979839e-07 404 0 NA
0.59 2B 86496559 86501635 3.50232377933446e-07 1099 0 NA
0.6 2B 88441540.8 88447659.8 3.4431005467457e-07 988 0 Inf
0.61 2B 90433711 90438221.5 3.38991033613342e-07 333 0 NA
0.63 2B 96507981.625 96511903.75 3.31174898913947e-07 1024 0.00121160747070312 0.188338048936715
0.64 2B 98927711.3333333 98933906.5 3.21948257991162e-07 1264 0 NA
0.65 2B 102417183 102426990 3.02019027524217e-07 145 0 NA
0.66 2B 104839353 104845055.6 2.83175101899916e-07 1034 0 Inf
0.67 2B 109268987.666667 109273161.666667 2.35140680486308e-07 587 0 NA
0.68 2B 114151424.833333 114156764.333333 1.85882676971971e-07 2009 0.000412035365853659 0
0.69 2B 126651904 126659189.416667 1.19306480408058e-07 5205 0 Inf
0.7 2B 140137271.0625 140143213.625 9.47711426415742e-08 2860 0 Inf
0.71 2B 146444479.625 146448205.75 1.04210122350568e-07 1652 0.000449938498789346 0.308556531266581
0.72 2B 154128849.545455 154133006.363636 1.18885280404305e-07 1637 0 Inf
0.73 2B 159909565.666667 159914270.444444 1.21970711942225e-07 795 0 NA
0.74 2B 165533578.416667 165537625.416667 1.25791669800193e-07 2058 0 NA
0.75 2B 173821582.6 173825924.666667 1.17160784380798e-07 3343 0 Inf
0.76 2B 186441328.8 186448575.733333 8.91251572112064e-08 2775 0.00029603532972973 0
0.77 2B 205755305.62963 205760587.185185 6.47763874388416e-08 4857 0.000163226909614989 0.177095228250599
0.78 2B 222997430.863636 223006002.090909 4.50983776214035e-08 4982 0 NA
0.79 2B 241493867.222222 241499123.666667 2.75470787434125e-08 3346 0 NA
0.8 2B 262853330.785714 262861690.857143 1.53658642003414e-08 6891 0 Inf
0.81 2B 335287535.138462 335299331.184615 5.68476384258733e-09 15708 8.89271258594347e-05 0.103406025557218
0.82 2B 402199753.123457 402205866.197531 2.30814162123385e-08 17811 0.00011372712424906 0.281354867983132
0.83 2B 446303944.411765 446309060.735294 4.30827474993191e-08 7100 0 Inf
0.84 2B 463586477.105263 463593720.052632 5.86842664149206e-08 2559 0.000320692950371239 0
0.85 2B 477780609.666667 477784545.777778 7.0866714928924e-08 1627 0.000476688684695759 0.294655470567297
0.86 2B 491980006.035714 491984035.357143 8.09967457877986e-08 3617 0 Inf
0.87 2B 509282445.6875 509287465.4375 9.08510450581779e-08 3112 0.00101748355398458 0.291824113539451
0.88 2B 518807220.583333 518811285.166667 9.50231863500452e-08 2116 0.000765568993383743 0.281699322209282
0.89 2B 528648235.769231 528653330.384615 9.84056253817797e-08 2119 0 Inf
0.9 2B 538944146 538948963.666667 1.00939801907084e-07 2309 0.00033529307059333 0.787354892851474
0.91 2B 545861608.692308 545871648.153846 1.02846336118247e-07 2203 0.0003363108216069 1.25704368084373
0.92 2B 553636507.142857 553640849.857143 1.05820591071668e-07 911 0 NA
0.93 2B 560087436.666667 560095992.333333 1.03869519640809e-07 714 0 NA
0.94 2B 571489145.583333 571493440.083333 9.76282400462309e-08 3049 0.000256472247950148 0.586023418610504
0.95 2B 582040935.764706 582045808.588235 8.88846156801564e-08 3223 0.00053779900093081 0.132356300070423
0.96 2B 599057742.777778 599062686.222222 7.3823883927038e-08 1337 0 NA
0.97 2B 609049470.833333 609058351.666667 7.35823406572257e-08 1771 0.000501372710333145 0.499174153236917
0.98 2B 620230017.5 620239364.125 8.16672990906733e-08 1602 0.000485945081148564 0.290930120826372
0.99 2B 632752233.8 632756669 9.5040299947153e-08 2690 0 Inf
1 2B 643106651.333333 643112421 1.03741159384175e-07 1922 0 Inf
1.01 2B 653285841.25 653290525.916667 1.0716687276574e-07 2225 0 NA
1.02 2B 662171024.666667 662175558.166667 1.11139381886366e-07 1251 0 NA
1.03 2B 673975235.375 673980282.5 1.18088543755966e-07 976 0 NA
1.04 2B 679943601 679946911.333333 1.17269348448486e-07 454 0 NA
1.05 2B 685864635.777778 685869973 1.21036895963432e-07 2787 0.00108939496232508 0.0479772634349831
1.06 2B 693521856.111111 693526541.555556 1.22946613816671e-07 1788 0.0017754516442953 0.191009853767744
1.07 2B 699573928.333333 699577646 1.26070320618733e-07 732 0.0128916710928962 0.169392735931791
1.08 2B 709553070 709557534.2 1.22021252462925e-07 1738 0.000434159044879171 0
1.09 2B 714389444.857143 714394235.571429 1.77555535531344e-07 2380 0 Inf
1.1 2B 720763075.142857 720769225.142857 1.77283107148824e-07 1458 0 Inf
1.11 2B 728132618 728138616.333333 2.56202218694201e-07 2363 0.00031924411341515 0
1.12 2B 731746280.5 731753114 3.35034044466985e-07 146 0 NA
1.13 2B 736182744.666667 736186807 4.43541276528752e-07 499 0 NA
1.15 2B 740851601.666667 740857280.333333 5.73187305932224e-07 1109 0 Inf
1.16 2B 742494447.5 742503523.5 6.0849050510028e-07 1498 0.000535946082777036 0
1.17 2B 743864314.666667 743870348.666667 6.33148140473144e-07 113 0 Inf
1.18 2B 745791977 745797106.25 6.62885624464897e-07 762 0 Inf
1.19 2B 747176416 747180184 6.99185172524843e-07 260 0 NA
1.2 2B 748424854 748434137 7.26226379243044e-07 151 0 NA
1.21 2B 748720691 748727382 7.31798115230259e-07 136 0.00588235 0
1.23 2B 751454650.666667 751461510 7.69042673241944e-07 663 0 Inf
1.24 2B 752489106 752493140 7.76375841068037e-07 159 0.0505796 0
1.25 2B 753097895 753100039 7.78931169230232e-07 62 0 NA
1.26 2B 754663266 754667763 7.79576490208516e-07 511 0 NA
1.29 2B 758592408 758597224 7.43535303388165e-07 131 0.0063745 0
1.31 2B 760884605.5 760888644.5 7.3137363019572e-07 278 0 NA
1.32 2B 762242120.5 762248982.5 7.2759224941408e-07 76 0 NA
1.33 2B 763630629 763633988 7.15930591678784e-07 218 0 NA
1.34 2B 765168812 765171673.5 6.93257738060538e-07 190 0.10001283 0
1.35 2B 766557473 766568984 6.64093889868835e-07 92 0 NA
1.36 2B 767241761.5 767246159.5 6.46704853602089e-07 597 0.00135125944723618 0.550091749506128
1.37 2B 769071305.5 769077928 5.90635830494017e-07 237 0.00325152734177215 0.289995063404023
1.38 2B 770860367.5 770866256.5 5.45736626384947e-07 484 0 NA
1.39 2B 772582084 772594144 5.41701077932671e-07 313 0 NA
1.4 2B 774952766 774959024 5.19819050450136e-07 403 0.00189573 0
1.41 2B 776384876.666667 776390534.666667 4.95391548758845e-07 787 0 NA
1.42 2B 779611123.5 779614769 4.57804437732594e-07 240 0.0159406733333333 0
1.43 2B 781506007.666667 781510051.666667 4.38621203882909e-07 518 0.00711727644787645 0
1.44 2B 785683708.8 785688549 3.84625332421366e-07 2176 0.00679738878676471 0.0317045790588649
1.45 2B 789168500 789176102.5 3.34829709338664e-07 1036 0.00796548648648649 0.0282336804389206
1.46 2B 794091672.666667 794095526.666667 2.7188879802607e-07 873 0 Inf
1.47 2B 798602474 798608716.8 2.21847637497086e-07 1024 0.00361164509765625 0.128206491816356
0 3B 276271.5 280059 NA 420 0 NA
0.01 3B 984551.5 988494.5 NA 399 0.0205106937343358 0.0285439697524128
0.02 3B 1586221 1588812 6.68061910450494e-07 48 0 Inf
0.03 3B 2397871 2404559.5 6.72722133898524e-07 249 0.0382232891566265 0.0235091644436795
0.04 3B 3230720 3242659 6.76527460275172e-07 721 0.00440771 0
0.06 3B 4322974 4327039 6.79951946829891e-07 295 0 NA
0.07 3B 5580174 5586213 6.81768382626934e-07 36 0 NA
0.08 3B 6099731 6102990 6.81832021495217e-07 207 0 Inf
0.09 3B 7232356 7236570 6.80629531671256e-07 659 0.00285343095599393 0.116586607927735
0.1 3B 8404083.5 8410678 6.79075118828972e-07 1000 0.01044822594 0.100411791056655
0.11 3B 9922708 9928581.5 6.85314106569507e-07 354 0.042219343220339 0.0151356369805992
0.12 3B 10830573.5 10837172.5 6.92202307389728e-07 371 0.0020199825606469 0
0.15 3B 16367372.3333333 16372022 7.24018879328714e-07 760 0 NA
0.16 3B 18295713.6666667 18305065.3333333 7.55827360307958e-07 671 0.00116472560357675 0.294877981021044
0.17 3B 19195540.5 19200215 7.49935447515617e-07 458 0.00368752663755459 0.137067900094216
0.19 3B 22053762 22056996 8.00283809952867e-07 100 0 NA
0.2 3B 23689190.5 23693923 9.08545187244524e-07 215 0.003864966 0
0.21 3B 23970164.3333333 23976304.6666667 9.32736326938671e-07 553 0 NA
0.3 3B 32285208 32288072 9.44110326343273e-07 259 0 NA
0.32 3B 33955369 33956554 8.97877769978347e-07 83 0.00930233 0
0.34 3B 36464360 36467871 7.87338244387644e-07 117 0.00714286 0
0.35 3B 37250238 37256456 7.64050521296157e-07 231 0 Inf
0.36 3B 40243799 40247161 6.6558678810419e-07 205 0 NA
0.37 3B 42395785.6666667 42400308 5.84892021558929e-07 756 0.00102631124338624 0.594461891762416
0.38 3B 43857091.6666667 43860757 5.32752651879795e-07 457 0 NA
0.4 3B 50327621.5 50335666.5 3.86687599967747e-07 745 0 Inf
0.41 3B 54183828.25 54189553.75 3.49349688780503e-07 871 0 Inf
0.42 3B 57838448.2 57845296.2 3.00281705047408e-07 986 0.00153686409736308 0.153284156510584
0.43 3B 59839610 59845443 2.76859111387397e-07 1028 0.00155291322957198 0
0.44 3B 63313268.5 63317013.5 2.55881486693496e-07 502 0.00307341932270916 0.299465958110816
0.45 3B 65946747 65949993.875 2.37163677437726e-07 1179 0.00614113214588634 0.0971485601862484
0.46 3B 70407087.3 70412739.3 1.91288343306205e-07 1754 0 NA
0.47 3B 75537135 75544476.75 1.59573273141084e-07 211 0 NA
0.48 3B 81189078.5714286 81193828.2857143 1.30463067654452e-07 1578 0 NA
0.49 3B 103587170.785714 103592328.714286 4.56638895160922e-08 2727 0.000280330374037404 0
0.5 3B 121689451.315789 121695840.894737 4.37024325569639e-08 4277 0.000593419639934533 0
0.51 3B 136224128.888889 136229183.666667 5.80692238577111e-08 2253 0.000710929613848202 0.28540424201062
0.52 3B 153275757.9 153283731.9 5.16271098632798e-08 1950 0.000232922056410256 0
0.53 3B 166600760.615385 166606249.692308 4.59152521458914e-08 2625 0 Inf
0.54 3B 186237564.473684 186242124.368421 3.64032132172636e-08 3580 0.000437288044692737 0.293795233087225
0.55 3B 228526880.48 228532677.1 2.37588391143077e-08 9199 0.000353933557560604 0.114832088673335
0.56 3B 327406921.939394 327417101.959596 6.39602183355954e-09 25505 0.000230934878415997 0.0394524110008468
0.57 3B 417184219.072464 417190907.144928 1.15812754415731e-08 14733 0.000214244914138329 0.36088182701493
0.58 3B 459722228.057143 459728295.057143 2.75211422818143e-08 6827 0.000234238025487037 0.290174941828217
0.59 3B 494025503.275 494030689.4 4.22278680294967e-08 7296 0.000218674169133772 0
0.6 3B 525348458.285714 525353841.464286 5.53613848796538e-08 5098 0.000144412194978423 0.505266292569503
0.61 3B 540659123.909091 540665272 6.234853866335e-08 5375 0.000144615959069767 0.49628027801184
0.62 3B 551366158.777778 551376433.111111 6.59136202183536e-08 2169 0 Inf
0.63 3B 560763635.357143 560769722.5 6.82042287119179e-08 2829 0.000276014379639449 0.585887069115973
0.64 3B 575061849.315789 575065628.421053 7.3509348257166e-08 2570 0.00149100014007782 0.0588655175693366
0.65 3B 589584090.133333 589589782.466667 7.18903182473858e-08 3113 0.000920767362672663 0.0804800274132722
0.66 3B 603744627.5 603749477.111111 6.87329822841087e-08 4308 0.0011231524001857 0.14408840893994
0.67 3B 617877076.0625 617881006 7.76187428656797e-08 3243 0 Inf
0.68 3B 634671652.6 634676130.75 1.01788302304665e-07 2612 0 Inf
0.69 3B 650475618.6875 650481637.0625 1.1262265873681e-07 2447 0 Inf
0.7 3B 657166474.272727 657171679.181818 1.09776985724884e-07 2395 0.00128358273068894 0.0755363939836665
0.71 3B 665461315.888889 665467211.666667 1.03759394437615e-07 1067 0.00218896783505155 0
0.72 3B 671064675.166667 671068195.166667 1.00572204224046e-07 2214 0.00105166518518519 0
0.73 3B 676999960.7 677004607.4 9.29940560000073e-08 2714 0.000313020390567428 0.81458328600365
0.74 3B 686676245.571429 686681948.857143 7.71347370215961e-08 1327 0 NA
0.75 3B 701749534.181818 701753951.363636 4.01173055555768e-08 5044 0.000937503709357653 0.24289073719573
0.76 3B 719394144.818182 719398663.727273 2.06761687232722e-07 2494 0 NA
0.77 3B 724593295.222222 724597415.777778 2.80140685178143e-07 1814 0.000880151879823594 0
0.78 3B 728909921 728915033 3.32277639994321e-07 160 0 NA
0.8 3B 732614396 732619521 3.82143265871336e-07 476 0 NA
0.81 3B 734122220 734127455.5 3.95736214611697e-07 438 0.016008504109589 0.0985512580299786
0.84 3B 739165322 739171118 4.13556008967765e-07 227 0.0068916 0
0.85 3B 742016889.5 742021629.5 4.05103994193759e-07 380 0 NA
0.87 3B 748967520.5 748971314 4.2690422812808e-07 186 0 Inf
0.89 3B 755381109.5 755389711.5 4.75593189594624e-07 417 0 NA
0.91 3B 757920799 757926024 4.93574679319789e-07 16 0 NA
0.92 3B 760131208 760137461 5.54767275268854e-07 337 0 NA
0.93 3B 760708913 760713984 5.71508525490522e-07 394 0.00371373 0.481497039364736
0.94 3B 762306125 762309180 6.13095730466061e-07 228 0.00208768 0
0.95 3B 764693235 764697597 6.55376512288945e-07 48 0 NA
0.97 3B 767624685 767630509.5 7.03662092186768e-07 255 0 Inf
1 3B 772530161 772538129 7.91838037738413e-07 1395 0.0117961703225806 0.111789196440257
1.03 3B 776356068 776361743 8.61442677574165e-07 353 0.00442396 0.147398484615593
1.06 3B 779540580 779542761 8.96604897269941e-07 141 0 NA
1.08 3B 781042268 781049240 9.04068211314569e-07 37 0 NA
1.09 3B 782768946.666667 782778088.333333 9.31937183108583e-07 870 0.00187642279310345 0
1.1 3B 783465998 783469436 9.40059460614199e-07 234 0 NA
1.13 3B 786854303 786856956 9.54123382674694e-07 181 0.0040404 0
1.15 3B 789181839 789185464 9.39259447669617e-07 11 0.0888889 0
1.17 3B 791280668 791287389 9.08704176208958e-07 65 0 NA
1.19 3B 792857833 792863851 8.75077744685096e-07 31 0 NA
1.21 3B 794866576 794869685.333333 8.25983188183125e-07 649 0 NA
1.24 3B 798021068 798025984.5 7.78513634443987e-07 688 0.00678396031976744 0.0791714433628896
1.25 3B 798504717.333333 798509067 7.74894691791579e-07 218 0 NA
1.26 3B 800137837 800141378 7.6179788783275e-07 13 0 NA
1.27 3B 804379885.333333 804384879.666667 7.31060170178818e-07 638 0 NA
1.28 3B 805424428 805426410 7.21959378478192e-07 86 0 NA
1.29 3B 809249944.5 809255395 6.74765765597048e-07 344 0 NA
1.3 3B 810471600.666667 810476940 6.62258736638876e-07 470 0.0147512227659574 0.032123842542761
1.32 3B 812337170 812345279 6.43689826682962e-07 160 0 NA
1.36 3B 815694393.333333 815699436 6.11932236947401e-07 481 0.00684425945945946 0
1.37 3B 816518542 816521601 6.0444296604389e-07 380 0.00406134076315789 0.145347731905672
1.39 3B 820393185 820398318.666667 5.70724637477903e-07 366 0 Inf
1.4 3B 825516939.142857 825521815.571429 5.249612339366e-07 799 0.00296376370463079 0.0612770471804785
0.02 4B 1515882 1520801 1.05288459041834e-06 420 0.0625912114285714 0
0.03 4B 2148325 2150431 1.04786746976251e-06 129 0.018677 0
0.07 4B 5069552.33333333 5072992.66666667 1.00541294217018e-06 524 0.0209830229007634 0.0627792924923675
0.08 4B 5840814.5 5843650 9.93285203325836e-07 359 0.0184045988857939 0
0.09 4B 7037403 7041786.66666667 9.73719688043424e-07 640 0.00472067171875 0
0.12 4B 8980605 8983985 9.39937555070724e-07 267 0.0179775 0.0952384925601446
0.13 4B 9813065 9818438 9.24684305079612e-07 680 0 NA
0.14 4B 10512413.5 10515213 9.11569633828078e-07 878 0.0014160523690205 0.186270748290762
0.15 4B 11791703 11797710 8.88944927538204e-07 375 0.0105444906666667 0
0.16 4B 12227774 12231389 8.81387019781769e-07 57 0 NA
0.17 4B 13418909 13424077.5 8.60628463053494e-07 319 0.00470882219435737 0
0.18 4B 14068356 14074474.6666667 8.49282751223577e-07 1058 0.0067307340926276 0.0321789307237962
0.2 4B 16071949.5 16078269.5 8.14436340575942e-07 540 0 NA
0.21 4B 16987938 16991534.6666667 7.98959671261263e-07 190 0 NA
0.22 4B 18434644 18453402 7.74863234763232e-07 605 0 NA
0.24 4B 19729776 19736478.5 7.54037612184421e-07 244 0 NA
0.25 4B 21290337 21296441.2 7.29512391271243e-07 728 0.00114563625 0.266761539328421
0.26 4B 21931691.3333333 21939321.6666667 7.19614155642964e-07 358 0 NA
0.27 4B 23158904 23166098.8888889 7.01088030862816e-07 1279 0.00250109366692729 0.191718243790644
0.28 4B 24383958 24388848 6.83021229042886e-07 208 0.0452474 0
0.29 4B 25893315.5 25897073.5 6.61393198169e-07 97 0 NA
0.3 4B 27101888.75 27106191 6.44564592423919e-07 869 0.000966453808975834 0
0.31 4B 28364952.5 28369879.9 6.27446673750476e-07 1764 0.000461201360544218 0
0.32 4B 28949360 28960436 6.19633601322531e-07 328 0 NA
0.33 4B 30724599 30734116 5.96705482912459e-07 257 0 NA
0.34 4B 32248914.25 32256378.5 5.77819935993154e-07 2771 0 Inf
0.35 4B 33820556 33827605 5.58659646058569e-07 1375 0.0011340432 0.295372239787691
0.36 4B 35248441.75 35255614.75 5.35857508236213e-07 1724 0 NA
0.37 4B 37315983 37320613 5.02415212921489e-07 201 0 NA
0.38 4B 38617474.2 38622856 4.82515948793358e-07 1568 0.00243738790178571 0.120914807220216
0.39 4B 41444624.8333333 41454096 4.28302892387441e-07 2311 0 NA
0.4 4B 50801456.4666667 50808938.7333333 2.81133314092839e-07 2591 0.000657420455422617 0.541045883927945
0.41 4B 67921557.4705882 67927703.7647059 9.84955643539889e-08 3902 0.000616165107637109 0
0.42 4B 88410138.2105263 88416188.3157895 2.62667158042183e-08 2899 0 Inf
0.43 4B 121896610.232143 121902477.303571 1.98937867851785e-08 14112 0.000697570191326531 0.117307290822031
0.44 4B 174244919.5 174251037.607143 2.17438658998506e-08 5488 0 NA
0.45 4B 330003629.867769 330013198.157025 9.75873066904017e-09 27293 0.000114622158062507 0.560785785099122
0.46 4B 413417055.533333 413421823.866667 4.29373603636828e-08 3398 0 NA
0.47 4B 429361171.47619 429366226.333333 5.49314342740986e-08 4132 0 NA
0.48 4B 446568888.387097 446573363 6.76945582353238e-08 6637 0 Inf
0.49 4B 463304530.225806 463310298.193548 7.74537887490511e-08 9044 0.000352320586023883 0.37642869273478
0.5 4B 480616681.090909 480621422.454545 8.50268453774396e-08 1939 0.00041098374419804 0
0.51 4B 491287310.2 491292311.2 8.81552089998298e-08 2918 0 Inf
0.52 4B 501294223.818182 501300640.545455 9.02055172141898e-08 2128 0 Inf
0.53 4B 512332310.75 512339514.083333 9.13480964721761e-08 2103 0 NA
0.54 4B 520700848.727273 520705905.318182 8.95503175453275e-08 2693 0.000163983082064612 0
0.55 4B 530840175.909091 530845249.272727 8.66484649112437e-08 1575 0 NA
0.56 4B 551906722.708333 551912047.583333 6.8765307040879e-08 6482 0.000415931991669238 0.220848734122994
0.57 4B 569834395.25 569837199.75 4.86571918000037e-08 721 0 NA
0.58 4B 578939948.777778 578944071.888889 6.38511663596257e-08 1492 0 NA
0.59 4B 592248404.363636 592254667.181818 8.06230013446334e-08 4809 0.000159423144104803 0.479985597376902
0.6 4B 604505193.153846 604512069.384615 1.23406755341761e-07 2003 0.000423041138292561 0
0.61 4B 611633784.125 611637958.5 1.46179458119632e-07 1198 0 NA
0.62 4B 616570348.333333 616574845.166667 1.42098366620448e-07 946 0.000836827315010571 0
0.63 4B 621229781.5 621235276.75 1.48365435556322e-07 630 0 NA
0.64 4B 628722768 628727312 2.59098196258287e-07 307 0 NA
0.65 4B 633777864 633784889 4.57626253367585e-07 323 0.0102509 0
0.66 4B 638050750.5 638053129.5 5.79120068209739e-07 165 0 NA
0.67 4B 639215599 639218484.5 6.17767938915292e-07 400 0.00193805145 0
0.68 4B 640642710.6 640647869.8 6.67705457498994e-07 355 0 NA
0.69 4B 642190759 642196175 7.25455552929329e-07 370 0.00231884 0
0.7 4B 643284763 643287590 7.65430577381167e-07 64 0 NA
0.71 4B 643769898 643806519 7.79346103517986e-07 833 0 NA
0.72 4B 645016514.75 645020446 8.13715699687043e-07 765 0 NA
0.73 4B 646139984 646142986 8.45390552576698e-07 108 0 NA
0.74 4B 646813015 646816996.5 8.64543189987482e-07 488 0 Inf
0.77 4B 649602163 649607404 9.45032401499275e-07 182 0 NA
0.78 4B 650835480 650840971 9.81224008890484e-07 962 0 NA
0.8 4B 652620222.666667 652627343.333333 1.03427356204198e-06 236 0.00408517627118644 0
0.82 4B 654149480 654152835.5 1.07996774520184e-06 414 0.0135388444444444 0.122306187299753
0.84 4B 655771123 655774984 1.12686014781067e-06 40 0 NA
0.85 4B 657086739.666667 657091943.333333 1.16482087742353e-06 262 0 Inf
0.86 4B 657977741 657983272 1.19054715715654e-06 1017 0 Inf
0.87 4B 658771762 658782331 1.21355984862287e-06 92 0.0269663 0.0912820817093928
0.88 4B 659294551.333333 659305721.333333 1.22868206127209e-06 1139 0.00409102651448639 0.247393339867689
0.89 4B 660722760 660729781 1.26994563828973e-06 670 0 NA
0.9 4B 661185709 661191597 1.28333593274345e-06 376 0.0020408175 0
0.91 4B 662390933.5 662392908.5 1.31820841849411e-06 223 0.00362601838565022 0
0.94 4B 664773687 664777343 1.3874020957506e-06 259 0.00309478 0
0.97 4B 667653915 667657270 1.47120970774769e-06 139 0 NA
1 4B 670416070 670426539.5 1.55189685674916e-06 1113 0.0167707219407008 0.0493721036595891
1.01 4B 671754911 671761689 NA 373 0.0020592 0
1.02 4B 672110644 672117065 NA 184 0 NA
1.03 4B 673180578 673184155 NA 456 0 NA
0 5B 113173.5 118543 NA 460 0.00886743943478261 0.0348071893524952
0.03 5B 1748923 1752849 NA 472 0.00792341 0.187070970705795
0.07 5B 3917424 3923351 NA 391 0 NA
0.09 5B 4831068 4833559 NA 46 0.0190476 0
0.11 5B 6379020.5 6388312.5 NA 582 0 NA
0.12 5B 6650056 6654556 NA 75 0 Inf
0.14 5B 8086615 8096868 9.74325434725787e-07 270 0 NA
0.15 5B 8905295 8919306 9.58926801831145e-07 496 0.011148 0.124466271977036
0.16 5B 9263459 9267479 9.52231292372983e-07 165 0.0049896 0.27540885040885
0.19 5B 11454818 11458233 9.09778656277868e-07 154 0.00541761 0
0.2 5B 12440035.5 12446830 8.90133609478354e-07 610 0.00229199645901639 0
0.21 5B 13342278.2 13347095.2 8.71925710926351e-07 849 0 NA
0.22 5B 13717504 13721589 8.64279563026764e-07 199 0 NA
0.23 5B 15321110 15325008 8.31379849247071e-07 222 0 NA
0.25 5B 17544779 17547737 7.87135030065212e-07 219 0 NA
0.26 5B 17975412.5 17979120 7.78601904393882e-07 392 0 NA
0.28 5B 21110548 21115969 7.17929524759619e-07 785 0 NA
0.29 5B 21642229 21645767 7.07972935029859e-07 971 0.00146899312049434 0
0.3 5B 24340843 24346794.3333333 6.58741981466207e-07 329 0 NA
0.31 5B 26980867.6666667 26985364.3333333 6.12943918619093e-07 634 0 Inf
0.35 5B 33625527 33628992 4.76767934915129e-07 246 0.00307102 0
0.36 5B 36217501 36221685 4.35084887190574e-07 93 0 NA
0.37 5B 38166442 38168625 4.13492449015646e-07 172 0 NA
0.39 5B 45527004.2857143 45531588.7142857 2.96998103770827e-07 2047 0 NA
0.4 5B 49558106 49570174 2.62146451365783e-07 189 0 NA
0.41 5B 54424640.6 54429803.2 2.02127328549093e-07 792 0 Inf
0.42 5B 58986061.75 58991664.5 1.57287181085942e-07 858 0 Inf
0.43 5B 69365060 69371067.4444444 6.75386756579994e-08 1662 0.00146980825511432 0
0.44 5B 83119530.48 83124859.76 1.86226076993726e-08 4311 0.00054221372210624 0
0.45 5B 126265863.031746 126271271.793651 0 13549 0.000233247258395454 0.514825818976091
0.47 5B 158594195.9 158610048.9 0 2438 0 Inf
0.48 5B 210113308.292308 210121867.984615 2.81541221706099e-08 14528 0.000104250044052863 0.697785425459628
0.49 5B 271900085.525 271906211.45 5.02109493980655e-08 7855 0.000552387930744749 0.200193374373929
0.5 5B 297556459 297564478.021277 4.06513695153017e-08 13644 0.000170562877748461 0.766906787080842
0.51 5B 322542752.9375 322549252.229167 2.70934330903788e-08 8857 8.66663384893305e-05 0.896765000213131
0.52 5B 367140545.489796 367145747.489796 2.50429643326243e-08 9707 0.000305251999587926 0.544161852792449
0.53 5B 401129243.5 401134668 7.73649372596904e-08 2251 0.00106290252776544 0
0.54 5B 412028271.5 412032598.1 1.25934985220853e-07 1489 0.000502610315648086 0
0.55 5B 420755791.8 420762563 1.81002771549175e-07 1690 0.00138048942011834 0
0.56 5B 426817622.833333 426823609.666667 2.17435418747063e-07 953 0 Inf
0.57 5B 431435852 431444346.5 2.40718901879504e-07 1308 0 NA
0.58 5B 435156029 435159077 2.56412503482985e-07 137 0 NA
0.59 5B 439143330 439147255.5 2.7036368251611e-07 254 0 Inf
0.6 5B 441584019.8 441589035.8 2.77380977766998e-07 1319 0.00122229948445792 0
0.61 5B 443033027.5 443035684.5 2.81104078742843e-07 205 0 NA
0.62 5B 447839958 447844672 2.90489921211924e-07 506 0 NA
0.63 5B 449352301.4 449356103.6 2.92471994526911e-07 1072 0.000780448871268657 0
0.65 5B 455012125.5 455017220 2.96409010927244e-07 1649 0.000470100060642814 0.294259730777417
0.66 5B 457440241.5 457444208.5 3.00349250292261e-07 1074 0 NA
0.67 5B 461433988 461439658.2 3.08074045132738e-07 998 0 NA
0.68 5B 465350649.571429 465354277 3.11643039768744e-07 690 0 Inf
0.69 5B 469788586 469792633.6 3.11088459645693e-07 815 0.00855682883435583 0
0.7 5B 473048438.5 473053136.25 3.07873259012732e-07 922 0.000849084989154013 0
0.71 5B 476856361.375 476861860.75 3.04206229477591e-07 1686 0.00134083421115065 0.308764986553758
0.72 5B 479817032.333333 479822360 2.94170660561618e-07 1247 0.00313561395348837 0
0.73 5B 484545317.8 484549865.2 2.90638599817243e-07 934 0.000885125010706638 0.280924646122405
0.74 5B 488057971.166667 488062676 2.93077671228799e-07 829 0 NA
0.75 5B 491938409.25 491941409.25 2.97289525184773e-07 794 0 NA
0.76 5B 496174639 496179482.5 2.90472576933366e-07 229 0 NA
0.77 5B 498383096 498386869.285714 2.91391195384029e-07 1001 0 NA
0.78 5B 501477433 501481186 2.97028022430285e-07 186 0 Inf
0.79 5B 502937353 502945496.333333 3.01833650068351e-07 141 0 NA
0.81 5B 506338364.6 506344585.6 3.17964357235667e-07 1935 0 NA
0.82 5B 507898240.25 507901787.5 3.2756986389451e-07 662 0.00555655129909366 0
0.83 5B 510651032.25 510655986.25 3.48176743211007e-07 753 0.00986694964143426 0.063078076790594
0.84 5B 514889867.285714 514895146.142857 3.86913769437245e-07 1173 0.00389980825234442 0.0506759647710224
0.85 5B 518191990.666667 518196305.666667 4.08826022425997e-07 492 0.0103299804878049 0.0442709971354986
0.86 5B 522041082 522045941.5 4.36666047824959e-07 214 0 Inf
0.87 5B 525815081 525817733 4.68003738120915e-07 67 0.0130958358208955 0
0.88 5B 529488318 529493707 5.34786637800675e-07 165 0 NA
0.89 5B 532147737.666667 532150984.666667 5.76587810554609e-07 318 0 Inf
0.9 5B 533748099 533750330 5.75043163740468e-07 82 0.0106904 0
0.91 5B 536045679 536052111 6.0043275923267e-07 461 0.00169004321041215 0
0.92 5B 536591016 536592976 6.10819169024205e-07 76 0 NA
0.93 5B 539216658.333333 539220818.333333 6.46238044779549e-07 477 0.00730570566037736 0
0.94 5B 539614559.5 539620441.75 6.49429672225554e-07 777 0.00238597449163449 0.121961518487453
0.96 5B 541438686.333333 541443121.666667 6.56978850476304e-07 745 0.0054048588590604 0
0.97 5B 542717398.5 542724127.5 6.55357654653587e-07 617 0.0212731815235008 0.12317191283293
0.98 5B 543268347.5 543276924 6.52609280414956e-07 907 0.00524161270121279 0.146102425801807
0.99 5B 544615980 544619835 6.41938567367179e-07 156 0 Inf
1 5B 545406324 545409476 6.3278930617244e-07 194 0.00800667 0.148427498573065
1.01 5B 546845714 546868426 6.09964434304572e-07 446 0.00338983 0.153746058061909
1.02 5B 548595543.666667 548602135.333333 5.82096074915595e-07 299 0 NA
1.03 5B 549822674.5 549825959.5 5.62780885766773e-07 181 0.00407029011049724 0
1.04 5B 550853062.666667 550862402 5.43827406675871e-07 279 0 Inf
1.05 5B 552396179.75 552400592.125 5.15611360795831e-07 1193 0.00528395694048617 0
1.06 5B 554642408.75 554648976.25 4.87410805368305e-07 909 0 NA
1.07 5B 557791611.875 557797221 4.53891163968935e-07 2347 0.00126585237324244 0.151110640660147
1.08 5B 561060045.666667 561067006.666667 4.24307568369022e-07 282 0.021381729787234 0.18575770545006
1.09 5B 566823333.375 566829417.5 3.83817685194109e-07 1386 0.000497052229437229 0.663081605829136
1.1 5B 571344052.5 571349588 3.66394224108017e-07 2736 0.00115142979897661 0.144175792776178
1.11 5B 574822892.285714 574828128 3.73347673893883e-07 1113 0 Inf
1.12 5B 577788262.2 577793713.4 3.80707087489052e-07 1394 0.0017287594045911 0.21258796680402
1.13 5B 580530872.666667 580537586.666667 3.87201099385633e-07 603 0.00272239597014925 0.136848359669423
1.14 5B 582807201.8 582811700.8 4.10313352508762e-07 859 0 NA
1.15 5B 584379089 584382185 4.20494564400075e-07 304 0.00254668421052632 0
1.16 5B 585751942 585754908 4.21672053041916e-07 276 0 Inf
1.17 5B 587426248 587430615.4 4.07353442205785e-07 1593 0.00239176300062775 0
1.18 5B 589027932.25 589032574.75 4.22543036990045e-07 1590 0 Inf
1.19 5B 591481141 591487424 4.45830965473659e-07 425 0 NA
1.21 5B 594867010 594872193 4.85342760793199e-07 118 0 NA
1.23 5B 601004596.5 601009143.333333 3.9173962173668e-07 977 0.00776053046059366 0.0295657331594631
1.24 5B 603760827.666667 603766883.333333 3.45071716313385e-07 1822 0.000347895543358946 0.747589615516019
1.25 5B 605941918.8 605946455.6 3.01096529092799e-07 987 0.00309587358662614 0
1.26 5B 608774646.4 608779034.8 2.5863030371843e-07 1077 0.00151255947075209 0
1.27 5B 611679308.25 611684677.25 2.26917202219162e-07 968 0.00318238921487603 0.446842438757647
1.28 5B 619780913.666667 619785903.5 1.89210857282547e-07 2036 0.000778334150294696 0.142746397331013
1.29 5B 625956335 625964615 1.28634881138742e-07 605 0 NA
1.31 5B 638249994 638254426.777778 2.02077317067089e-07 1956 0.00286461408997955 0.0822073836303493
1.32 5B 641714694.666667 641718502.333333 2.4942598654754e-07 966 0 NA
1.33 5B 646809052.333333 646813137 3.24287024969072e-07 418 0 NA
1.34 5B 650782786.4 650790660.6 3.56368928290427e-07 1275 0.000609249498039216 0
1.35 5B 654035253.166667 654038545 4.1757708763433e-07 1317 0 Inf
1.36 5B 656901416.2 656908147 5.03712364415674e-07 1099 0.00219733554140127 0.188970672297729
1.37 5B 658392661 658396431 5.4866799811064e-07 512 0.001583903515625 0
1.38 5B 660254713.5 660260974 5.97360219025387e-07 264 0.00581358170454545 0.15032530570378
1.39 5B 661359125 661362354 6.220287519954e-07 148 0.005 0
1.4 5B 662456581 662459290 6.43602968601466e-07 110 0 Inf
1.41 5B 663506890 663516681 6.6155264548567e-07 582 0.00133742 0.888000777616605
1.42 5B 664486029.5 664490713 6.75498505886837e-07 101 0 NA
1.43 5B 665661400.333333 665670132.333333 6.89656703679231e-07 728 0 NA
1.45 5B 668648970.666667 668656461 7.09897987487559e-07 678 0.00469996631268437 0
1.46 5B 669894375.333333 669897641.666667 7.12180435159325e-07 501 0 NA
1.47 5B 671682414.666667 671686278.333333 7.07993017485905e-07 478 0.0016165580334728 0.298818037300544
1.48 5B 673753624.75 673758424.75 6.94283621536192e-07 102 0 NA
1.49 5B 675039879 675043896 6.80321819469945e-07 451 0 NA
1.5 5B 676434443 676439235.4 6.60402589380497e-07 992 0 NA
1.51 5B 678183535.666667 678187997 6.35420172809768e-07 1080 0.000721961037037037 0
1.52 5B 679255922 679262898.666667 6.39584055991902e-07 577 0.00268575779896014 0.290928240289259
1.53 5B 680581015.833333 680586458 6.46767439726233e-07 1871 0.000443859700694816 0
1.54 5B 682164965 682171734 6.4868026244342e-07 158 0 NA
1.55 5B 683515626 683520480 6.446597641592e-07 22 0 NA
1.56 5B 684434507 684439264 6.38985744676253e-07 493 0 Inf
1.58 5B 686932232 686935350 6.35249334706992e-07 232 0 NA
1.59 5B 687800680.5 687808373.5 6.36240247813229e-07 214 0.0249656785046729 0
1.61 5B 690068080.25 690072994.5 6.36759001638475e-07 619 0.0012973211631664 0
1.63 5B 695208023.5 695213519.25 6.2547466639037e-07 627 0.00123112188197767 0.191700462987157
1.64 5B 698835044.25 698840952 6.12027894574766e-07 1029 0.0082404691350826 0.0795598650389613
1.65 5B 703836285.923077 703841717.538462 5.9950684803652e-07 1653 0.00300926656987296 0.0928370086957294
1.66 5B 709198070.111111 709204231.444444 5.93093028278501e-07 2072 0.00264670208976834 0.0419045839105592
0 6B 137592.5 145478.5 NA 679 0.0178429175257732 0.0858196818397435
0.02 6B 3382812 3384623 7.08632364934461e-07 80 0.022069 0
0.03 6B 4005325 4009627 7.08910515021514e-07 422 0 NA
0.06 6B 8328346.66666667 8332670.66666667 7.23089472858479e-07 427 0 NA
0.08 6B 11412012 11414893 7.42957414133394e-07 211 0.0311045132701422 0.0345814842889489
0.09 6B 13045264.3333333 13050098.6666667 7.49369275872692e-07 466 0.00770910600858369 0.328401844827952
0.1 6B 14865528.3333333 14871813 7.50190185362365e-07 594 0.0026023537037037 0
0.11 6B 16914182 16920200 7.51167485517599e-07 1182 0 NA
0.12 6B 18648032 18651484.75 7.63332509156326e-07 691 0.00118552821997106 0.27925927734375
0.13 6B 20679829 20687936 7.66567465903525e-07 203 0.0282353 0
0.14 6B 21785427 21789217 7.60895314471756e-07 300 0 NA
0.15 6B 22556732 22559402 7.53834540302643e-07 263 0.00566372 0
0.17 6B 25336054 25345428.5 7.75128138681677e-07 557 0.00154577472172352 0.260206678884138
0.19 6B 27877379 27887587 7.77834176488762e-07 941 0.00086109041445271 0.281067743382683
0.21 6B 30147004 30151265 8.09809159338788e-07 328 0 Inf
0.24 6B 32323747 32328482 8.27361054716027e-07 319 0.00762712 0.0584882629354199
0.27 6B 36204996 36210542 8.15153332406019e-07 29 0 NA
0.28 6B 37250792 37253002 8.02355599975407e-07 232 0 NA
0.3 6B 38763450 38767384 7.76643779530131e-07 646 0.00244648 0.0907123704260816
0.31 6B 40280079 40283363 7.42386267393683e-07 334 0 NA
0.32 6B 41856464 41860497 6.97711435304387e-07 749 0.00956035367156208 0.0321741020217158
0.33 6B 42510216 42512421 6.76563942313264e-07 210 0.0116223 0
0.37 6B 56639484 56643785.25 2.35015266307762e-07 336 0 NA
0.38 6B 66592889.4285714 66596719.1428571 5.38075214170059e-08 1141 0 NA
0.39 6B 79094241.625 79098474.25 2.64988089897802e-08 1108 0 Inf
0.4 6B 95349573.5833333 95356372.3333333 6.35044054872998e-08 1597 0.00300563256105197 0.128690383690384
0.41 6B 113371364 113377249 8.44040501406828e-08 1020 0 NA
0.42 6B 121043750.916667 121048777.166667 9.97098036287259e-08 3088 0 Inf
0.43 6B 130753768.769231 130759738.538462 1.25154836358179e-07 2494 0.000345512935044106 0.259935295345439
0.44 6B 139991757.153846 139998945 1.49914184403017e-07 2597 0 NA
0.45 6B 148708318.666667 148712594.833333 1.43271945036355e-07 1435 0 NA
0.46 6B 153773339.666667 153783338 1.22211021422987e-07 1369 0 NA
0.47 6B 163431876.25 163437879.25 7.97014894781207e-08 986 0 NA
0.48 6B 201552303.123077 201557924.153846 1.97121454195819e-08 12027 0 Inf
0.49 6B 257894531.3 257900597.8 1.39490419981556e-08 7144 0.000172111520156775 0.297488326559798
0.5 6B 342817529.830508 342832371.457627 1.3968926520635e-09 13385 0 NA
0.51 6B 412649931.5 412654868.5 2.00946160404135e-08 1286 0 NA
0.52 6B 440713685.090909 440719610.606061 4.34258762099968e-08 6271 0 Inf
0.53 6B 464332032.444444 464337869.277778 6.85525860364332e-08 3967 0 NA
0.54 6B 479926495.538462 479933186.153846 7.70916290281603e-08 1531 0 NA
0.55 6B 487971404.5 487976652.25 8.02834376051632e-08 624 0 NA
0.56 6B 494580285 494583921.5 8.23674034135437e-08 594 0 NA
0.57 6B 507426163.083333 507433753.25 8.49805321958035e-08 1846 0 NA
0.58 6B 526177836 526183213.789474 8.55269962480654e-08 4062 0 NA
0.59 6B 542267640.909091 542274117.454545 8.08513808637985e-08 2821 0 NA
0.6 6B 554062700.0625 554068316.4375 6.24162893942471e-08 4285 0 Inf
0.61 6B 562803009.5 562807880.166667 5.85755349182997e-08 4159 0 NA
0.62 6B 569817746 569822221.769231 6.64226313303853e-08 2678 0 NA
0.63 6B 578723899.125 578727978 8.50742189438744e-08 1687 0 NA
0.64 6B 595349098.655172 595355778.448276 6.01898573817289e-08 6334 0 NA
0.65 6B 614738048.75 614743682.083333 1.13919293610347e-07 1811 0 NA
0.66 6B 625633184 625636372.5 1.93668560580082e-07 319 0 Inf
0.67 6B 632749831.5 632757514.5 2.82667854265921e-07 435 0 NA
0.68 6B 635542166 635545446.5 3.19694387212609e-07 283 0 NA
0.69 6B 637024174 637042881 3.35929109483295e-07 680 0 NA
0.7 6B 640575707 640582787 3.61439966070239e-07 507 0 Inf
0.71 6B 641582868 641591186.5 3.65605196861326e-07 914 0 NA
0.72 6B 643164362 643168152 3.69591303559976e-07 126 0 NA
0.73 6B 645744152.25 645749562.5 3.68756779029464e-07 609 0 Inf
0.74 6B 648958440.5 648963742.5 3.82403281674263e-07 339 0 NA
0.75 6B 652625036.5 652630370.166667 3.79830621277004e-07 1838 0 NA
0.76 6B 656903898.8 656908023.2 3.47395414411462e-07 1267 0.00170389165745856 0
0.77 6B 659639554 659649179 3.26014355180207e-07 18 0 NA
0.78 6B 661402005.5 661405562.5 3.13130546063345e-07 363 0 NA
0.79 6B 662415492 662424436.166667 3.07039276768521e-07 2633 0 NA
0.8 6B 664458681.833333 664463526.833333 2.94495740689076e-07 1611 0 Inf
0.81 6B 668172322.333333 668176686.833333 2.78039240101679e-07 1311 0 NA
0.82 6B 675189589.5 675194846.5 1.73005588548805e-07 368 0 NA
0.83 6B 679741505.857143 679746429.571429 5.35207326261664e-07 910 0.000820513076923077 0
0.84 6B 682554371 682559012 7.5408224219115e-07 398 0 NA
0.85 6B 684159682 684163255 8.84008925850711e-07 72 0 NA
0.86 6B 684791466.25 684798847 9.21987558451998e-07 1685 0.000883011115133531 0.628013318460844
0.87 6B 686098794.25 686104433.75 9.81553911022524e-07 1358 0 NA
0.88 6B 687119374 687123713 1.00677481309235e-06 181 0.00418928552486188 0
0.89 6B 688265121 688269371 1.01637516384936e-06 537 0.0102555575418994 0.0412487060656071
0.91 6B 689919228 689923507 9.88441452826664e-07 366 0.00222222 0
0.92 6B 690558634 690561973 9.65145633577978e-07 255 0.00323887 0
0.93 6B 690955423 690960962 9.58488744614178e-07 259 0 NA
0.95 6B 692774342 692783735 1.00863117490826e-06 681 0 NA
0.96 6B 693124862 693129582.5 1.01584474618908e-06 433 0 NA
0.97 6B 694400412.666667 694404456 1.02513291547349e-06 802 0.00177253451371571 0.104230131940915
1.01 6B 697752877 697760334 9.25599042698593e-07 79 0 NA
1.02 6B 699094613 699104525 8.8480659161021e-07 1191 0.00490875314861461 0.077263066969421
1.04 6B 702031446.4 702035203.8 8.63813677058385e-07 572 0.0360027541958042 0.0462084150768691
1.05 6B 704038332 704042869 8.52143082850115e-07 320 0.0230769 0
1.06 6B 705220581 705224541 8.43657621491282e-07 294 0.0026246780952381 0.187094321485695
1.07 6B 705437490.5 705442930.5 8.41966737839581e-07 1021 0.0364130859941234 0.0124393085825653
1.08 6B 707013137.333333 707017294.666667 8.28534288943299e-07 431 0.012547614037123 0
1.09 6B 708491248 708496856.333333 8.13969660589302e-07 273 0.00245362857142857 0.361289611289611
1.1 6B 709773975 709778065.666667 7.99866946098874e-07 719 0.00108551877607789 0.584535623866094
1.11 6B 711495180.5 711498097 7.78817282864012e-07 274 0 NA
1.12 6B 712475880.833333 712481023.5 7.65655103026132e-07 1525 0.00427508601311475 0.0364128008793648
1.13 6B 714017373 714021686 7.43330537825149e-07 206 0.00382249631067961 0.291264144165232
1.14 6B 715596815 715600708 7.20202298130503e-07 312 0 NA
1.15 6B 716796887.5 716801210.5 6.87596482977832e-07 582 0.00136306049828179 0
1.16 6B 718244135.75 718251704.75 6.67465005523467e-07 1299 0 NA
1.17 6B 719552015 719558170.75 6.52672321729264e-07 499 0 NA
1.18 6B 720461837 720467143.5 NA 858 0 Inf
0 7B 113161 115194 NA 190 0.00397022 0
0.04 7B 3043243.5 3049874.5 7.61653849814909e-07 537 0.00145055433891993 0
0.05 7B 3742185.25 3745928 7.5420141873508e-07 299 0 NA
0.06 7B 4704853.33333333 4709052 7.43909654783963e-07 309 0.00248175873786408 0
0.07 7B 5714892.5 5722159.5 7.33093497663429e-07 411 0.00199924394160584 0.172749124164042
0.08 7B 6259899.33333333 6263378 7.27284501224044e-07 566 0 Inf
0.1 7B 8519789 8526697 7.03080800760974e-07 52 0 NA
0.12 7B 9754094 9760088 6.89866724935618e-07 60 0 NA
0.17 7B 15447034 15455653.5 6.28797071020695e-07 551 0 NA
0.22 7B 21652584 21658104 5.62099338516887e-07 98 0.00816327 0
0.23 7B 22057306 22062081 5.57746433302573e-07 261 0 Inf
0.24 7B 24229226.5 24235930.5 5.34342583566993e-07 252 0 NA
0.25 7B 25789787 25792472.6666667 5.17542808023333e-07 332 0 Inf
0.26 7B 27819820 27822962 4.95642975776514e-07 117 0 NA
0.27 7B 28896622.5 28904916 4.83992227651661e-07 331 0 NA
0.28 7B 31808331 31813178 4.52557955566494e-07 90 0 NA
0.29 7B 33257767.3333333 33264779 4.36874377197633e-07 394 0 Inf
0.3 7B 36455639 36458559 4.02289911786466e-07 84 0 NA
0.31 7B 41755886 41761101.9090909 3.28981718882292e-07 2093 0 NA
0.32 7B 50542769.1818182 50549683.3636364 2.27316205651094e-07 2380 0.000382347168067227 0.702927031008139
0.33 7B 58866520.875 58872347.375 1.78498543466428e-07 1267 0.00255003193370166 0
0.34 7B 63960102.8 63963327 1.01404499666903e-07 713 0 NA
0.35 7B 70955208.5555556 70960130.7777778 1.41214935545785e-07 2367 0.000346430080270384 0.283271195121951
0.36 7B 75123121.5 75130041.5 1.44199009413237e-07 1756 0 NA
0.37 7B 82284165 82289004.375 1.50570794807343e-07 1443 0 NA
0.38 7B 89160978.6666667 89166851.9166667 1.56084047076639e-07 1561 0 Inf
0.4 7B 103191000.666667 103200949.666667 1.53395124628039e-07 2361 0 NA
0.41 7B 108116994.333333 108121949.166667 1.53011156114972e-07 881 0 NA
0.42 7B 113752664.818182 113758305.272727 1.52087068240735e-07 1712 0 NA
0.43 7B 120093364.5 120098359.5 1.50605984141959e-07 2154 0 Inf
0.44 7B 128569136.833333 128579947 1.59223942459527e-07 2706 0 Inf
0.45 7B 136950355 136956060 1.48558579508167e-07 1747 0 NA
0.46 7B 144144203.285714 144150102 1.1788792837278e-07 804 0 NA
0.47 7B 151999153.875 152008331.375 9.26391094962136e-08 1670 0.000459777041916168 0
0.48 7B 157545336.333333 157554262.333333 8.03298453183327e-08 1950 0 Inf
0.49 7B 175381771.344828 175386981.413793 5.38095974555354e-08 5414 0 Inf
0.5 7B 215457990.130435 215463536.26087 2.10853036149355e-08 10280 0 Inf
0.51 7B 246797938.413793 246805658.793103 3.386334297675e-08 4919 0 NA
0.52 7B 276169576.058824 276176749.058824 3.42035769518853e-08 2686 0 Inf
0.53 7B 322210312.428571 322221697.357143 2.33429726726625e-08 13623 5.66604140057256e-05 0.889298162386456
0.54 7B 399871737.602564 399876753.551282 1.0698647059379e-08 13161 0 Inf
0.55 7B 456412466.388889 456419997.111111 2.82517982753896e-08 6550 0 NA
0.56 7B 482949527.421053 482954438.421053 3.59798681933834e-08 4447 0.000180078187542163 0.570344955474329
0.57 7B 508051171.9375 508056608.78125 4.1202598236458e-08 6413 0 Inf
0.58 7B 532037201.16 532043029.92 5.10107006228135e-08 5362 0 Inf
0.59 7B 562520246.44 562525229.2 4.71707333993039e-08 5272 0 NA
0.6 7B 579728202.5 579730339.5 1.46771416471638e-07 84 0 NA
0.62 7B 587272128.5 587275595.5 1.62626723604719e-07 102 0 NA
0.63 7B 592947730.8 592951421.8 1.75321858887582e-07 1095 0 NA
0.64 7B 597463294 597467744 1.91483191067005e-07 11 0 NA
0.65 7B 608426047.4 608429789.6 1.67980602507464e-07 565 0 NA
0.66 7B 612559811 612568907.666667 1.75813809133795e-07 500 0.0152277048 0
0.67 7B 619611451 619614923 1.69424812332205e-07 89 0 NA
0.68 7B 622279244.428571 622284855.571429 1.8096334234073e-07 750 0 NA
0.71 7B 638322300.5 638327588 2.40402196189454e-07 1347 0.00224881896807721 0
0.72 7B 643350213 643356059 3.1557080240293e-07 319 0 NA
0.73 7B 646400048.666667 646406375 3.78542908249652e-07 694 0 NA
0.74 7B 648958081.4 648962508.6 4.35610681076029e-07 767 0 NA
0.75 7B 653013256 653016681 5.20088291509587e-07 92 0.0101911 0
0.76 7B 653892829 653897425 5.36045702302226e-07 24 0 NA
0.78 7B 658789942 658795651 6.09290687664858e-07 1067 0.0108354208153702 0.0200194275707415
0.79 7B 660649815 660655140 6.30616360258724e-07 72 0 NA
0.8 7B 662540096.8 662545213 6.48124914166414e-07 369 0.0110893035230352 0.0555023163755791
0.83 7B 667227378.5 667231289.25 6.75080076231779e-07 612 0.00126279529411765 0
0.84 7B 667989506 667994094.5 6.77294256455245e-07 356 0.0020116506741573 0
0.87 7B 672385976 672389869 6.77361845052183e-07 65 0 NA
0.88 7B 673955432 673963147 6.72300466347913e-07 38 0 NA
0.89 7B 675721649 675724758 6.63433775133028e-07 52 0 NA
0.91 7B 677449647 677453105 6.51479448701285e-07 83 0 NA
0.92 7B 678800857 678804516 6.40383078174172e-07 374 0.00431960663101604 0
0.93 7B 680139714 680143887 6.48456712105719e-07 589 0 Inf
0.94 7B 681849784 681852313 6.54208992752152e-07 193 0 NA
1 7B 690868139 690871688 7.17768670591085e-07 183 0 NA
1.02 7B 692605245 692611235 7.10785634680443e-07 177 0 NA
1.03 7B 693190704 693194113 7.06959807709439e-07 19 0 NA
1.06 7B 697074411 697081530 6.62577808364003e-07 115 0.00634082 0.201500752268634
1.08 7B 700595898 700604962 5.9386598267981e-07 1194 0.000676148689279732 0
1.09 7B 701516383.5 701521202.666667 5.74461859153425e-07 1097 0.00217540943482224 0
1.1 7B 704207715.75 704211884.25 5.21554362314066e-07 622 0.0126540833118971 0.0581492306369919
1.11 7B 706038131.5 706041925 5.01006155537581e-07 215 0 NA
1.12 7B 709608585 709613542 4.55507535167979e-07 680 0.0359385613235294 0.0184318886017799
1.13 7B 712615244 712618900 4.09700567534593e-07 12 0 NA
1.14 7B 714371324 714377280 3.78114148887824e-07 303 0 NA
1.15 7B 716957346 716966718 3.41042778691405e-07 297 0 NA
1.16 7B 719582356 719586332.333333 3.19145387160315e-07 593 0.00975296357504216 0.0794930771593722
1.17 7B 725371861 725386003 2.79171710188325e-07 103 0 NA
1.18 7B 728823488.666667 728828019 2.44883346428491e-07 1391 0.00474866865564342 0.0341251890631694
1.19 7B 732866839.333333 732874714.333333 2.10730598906636e-07 2065 0.00197255382566586 0.281394160270078
1.21 7B 741983638.333333 741989130.111111 1.33665019389478e-07 1170 0.0111027713675214 0.120762136657572
1.22 7B 750034442.333333 750039472.666667 7.23564969479912e-08 789 0 Inf
