poscM Chromosome Start End recRate nb_complete_site piSyn f0
0.03 1A 1211991.83333333 1217949.66666667 1.28182851052807e-06 3538 0.0320228627953646 0.0176782263068286
0.07 1A 3187498 3192426.5 1.22937490207059e-06 623 0.031765437399679 0.0805160140662892
0.08 1A 3403685.33333333 3408569 1.22348203918487e-06 1614 0.0519461458488228 0.0828118670428282
0.09 1A 4045713 4048684 1.19607758843423e-06 193 0.016624 0
0.12 1A 5491027 5495112 1.15658401937862e-06 250 0.0307549 0.0664154329879141
0.14 1A 6569388 6576401 1.12599356487817e-06 266 0 Inf
0.15 1A 7534568.25 7540801 1.09785272274282e-06 1733 0.0495142007501443 0.0426419757324127
0.16 1A 8247277.25 8250462 1.0766597604853e-06 770 0.0479455072727273 0.0839723016069276
0.17 1A 9111992 9116920.5 1.05029696827475e-06 647 0.0266480041731066 0.0533185341044735
0.18 1A 9602738.33333333 9605994 1.03510898989329e-06 659 0.0357616804248862 0.036833022337038
0.19 1A 10065337.75 10071244.25 1.0214999284552e-06 918 0.0177363148148148 0.0345267028118338
0.2 1A 11564200 11572148 9.80895544252246e-07 147 0.0064 0.309253125
0.21 1A 12149849.8571429 12154597.8571429 9.65491695700203e-07 1708 0.0396088818501171 0.0371320693628521
0.22 1A 13480096 13484893.3333333 9.30717413610746e-07 1701 0.0221406978835979 0.0627169574170423
0.23 1A 15212868.125 15217082 8.80669938145144e-07 1616 0.0307701985024752 0.0402195003649858
0.24 1A 16931434 16934477 8.31349589658753e-07 174 0.0170455 0
0.26 1A 19895297 19897721 7.53136045557493e-07 40 0 NA
0.27 1A 20426598 20431781 7.39974371876282e-07 1832 0.0133815613646288 0.130042901999753
0.28 1A 21760904.8 21768164.8 7.08024633342341e-07 2168 0.0171439194372694 0.0867260296268469
0.29 1A 22534635 22536459 6.90200625240664e-07 78 0.0125 0
0.3 1A 24083756 24087276 6.53282443352388e-07 521 0.022880652975048 0.0475897287671531
0.31 1A 25595318.3333333 25600160 6.07592066157176e-07 953 0.013444333683106 0.088846493839976
0.32 1A 27650258 27655744.1428571 5.39919357510252e-07 2934 0.0115905398841172 0.0889554009569686
0.33 1A 30210080.75 30216107.25 4.69875701118892e-07 2050 0.00198649297560976 0.280083694991242
0.34 1A 33135490.125 33140417 4.26112217029445e-07 3058 0.0053651104970569 0.133245626877125
0.35 1A 36413002.7142857 36417481.8571429 3.30924985882284e-07 3272 0.00330793158618582 0.15896316774341
0.36 1A 41546874.125 41554090.5 2.23101251172661e-07 1962 0.00245745738022426 0.302888319893088
0.37 1A 45911821.6666667 45917538.6666667 2.24299929579088e-07 1225 0.00235658510204082 0.498580538234718
0.38 1A 49191768.8461538 49198652 2.2288411224733e-07 5695 0.00071504422739245 0.350907899107403
0.39 1A 53366765.8333333 53371699.5 1.79281905898942e-07 2899 0.000693518982407727 0
0.4 1A 58650066.6470588 58655984.9411765 1.4977977900195e-07 5768 0.00257896882281553 0.153608044956539
0.41 1A 65180811.7 65185126.85 1.2869224346748e-07 5444 0 Inf
0.42 1A 80058932.3214286 80065758.8214286 4.93608791473315e-08 14836 0.000736496406039364 0.261775481619513
0.43 1A 154853269.643216 154861714.457286 5.82055999333611e-09 72120 0.000251960455906822 0.438139782164622
0.44 1A 280039920.016807 280046029.436975 1.06900189077121e-08 46177 0.000327631589752474 0.226675707409804
0.45 1A 330411115.054054 330418441.162162 3.09278125224281e-08 27735 0.000478850736253831 0.449357859231128
0.46 1A 354669050.829787 354674239.553191 2.40125419883722e-08 13095 0.000497091170675831 0.285424264514783
0.47 1A 368669319.612903 368674031.419355 1.49707054381618e-08 11768 0.000420586503059143 0.403776507612514
0.48 1A 379309865.692308 379317985.384615 1.41834923071468e-08 9873 0.000956742034639927 0.183529078835448
0.49 1A 394285850.169811 394292133.415094 2.19692378748577e-08 19821 0.00136427804172342 0.158777070700765
0.5 1A 426443800.90625 426449636.796875 7.3005808170979e-08 24378 0.000795136774714907 0.115098502864604
0.51 1A 447224386.884615 447229845.173077 1.30053838088337e-07 15282 0.00514498392684204 0.0353970970069647
0.52 1A 459357191.269231 459361781.615385 1.83539518163905e-07 8302 0.000332123102866779 0.835251717812371
0.53 1A 464718056 464721783.375 2.10135817521355e-07 5870 0.0076600068330494 0.101699968148311
0.54 1A 470423986 470427890.5 2.39366849626552e-07 2758 0.00163652415518492 0.279933149140916
0.55 1A 473848213.222222 473852995.555556 2.57339810721506e-07 3787 0.000778033902825456 0.244601744902556
0.56 1A 478383758 478388197.555556 2.82570624434008e-07 1522 0.000434031780551905 0.800769976983071
0.57 1A 481824100.074074 481827629.148148 3.0340550869141e-07 5491 0.00476474937534147 0.195832254609217
0.58 1A 485796573.818182 485802180.181818 3.2892340817439e-07 6662 0.000336170818072651 0.222640058683766
0.59 1A 487753958.5 487760107.25 3.42047038980063e-07 1328 0.00119029356174699 0.177320314667489
0.6 1A 490822072.8 490828975.4 3.63824538773042e-07 1703 0.012315686241926 0.0243259297147147
0.61 1A 493553346 493557594.4 3.79539422532913e-07 1848 0.00108835443722944 0.605801475081279
0.62 1A 494917291 494921035.125 3.84370617395384e-07 1430 0 NA
0.63 1A 496382218.5 496386953.166667 3.88073201134079e-07 2455 0.00157348095315682 0.149442894619776
0.64 1A 498524769.846154 498528033.153846 3.90281328736132e-07 2632 0.00228053169832827 0.046035838610218
0.65 1A 499995273.375 499998341.125 3.89670678849835e-07 1960 0.00246478252040816 0.217683319470911
0.66 1A 502772025.2 502776575.4 3.89146403033372e-07 2420 0.00195104851239669 0.120160100818009
0.67 1A 506217902.846154 506222407.923077 3.96161706074232e-07 5045 0.00259428061050545 0.108152581015587
0.68 1A 510739185.875 510742427.75 3.77825404995665e-07 956 0.0021285729497908 0.281565904050651
0.69 1A 513589304.625 513594389.625 3.30560473963528e-07 2573 0.0151173936921881 0.157250202925844
0.7 1A 516730659.571429 516736111.214286 3.31934880716994e-07 4871 0.00659127187641141 0.165465321440025
0.71 1A 518650019.142857 518659686.285714 3.45086282107922e-07 3941 0.00336969380614057 0.13017575216505
0.72 1A 520452863.5 520457924.5 3.45138295692232e-07 1900 0.0121866389263158 0.0488553381608613
0.73 1A 521372150.444444 521375786.111111 3.47270145367657e-07 1784 0 NA
0.74 1A 522589764.5 522594360 3.52534191717825e-07 536 0 NA
0.75 1A 529984693.666667 529989985.611111 4.39607821890907e-07 7855 0.000266806814767664 0
0.76 1A 532477019.4 532482299.1 4.65977211409556e-07 3427 0.00223173309600233 0.255003508744257
0.77 1A 534454944.625 534458898.125 4.68613175544003e-07 2610 0.0159662997854406 0.0698492574293894
0.78 1A 536490150.8 536494528.8 4.43052644087409e-07 1266 0.00945465327014218 0.120164169786038
0.79 1A 537618895.285714 537623394.714286 4.3508796945427e-07 2755 0.0156521884718693 0.0518486209846846
0.8 1A 538804851 538808313 4.51075929880622e-07 408 0 NA
0.81 1A 540232681.571429 540238141.571429 5.07778198728381e-07 2170 0.0078462212718894 0.105799784279147
0.82 1A 541874907.428571 541878841.142857 6.20226547786555e-07 1822 0.0164714419045005 0.131095068424011
0.83 1A 542538060.333333 542547444 6.79799468110182e-07 1129 0.00200651507528787 0.0944097922431178
0.84 1A 544227122.285714 544231496.857143 8.22410459862694e-07 2918 0.0108366439479095 0.0921042275144187
0.85 1A 546551176 546557009.9 1.031739316356e-06 2482 0.0105275406244964 0.0687757475420319
0.86 1A 549795630.263158 549800170.947368 1.28093940441343e-06 5722 0.0155655469713387 0.130284764656318
0.87 1A 551638686.428571 551642545.857143 1.41063500442419e-06 1460 0.0226563683219178 0.110955826014354
0.88 1A 552211319 552213816 1.47409451758736e-06 296 0.045045 0.145946053946054
0.89 1A 553704158 553707207 1.60887420646116e-06 319 0.0447642 0.0198969265618508
0.9 1A 554339388 554345359.666667 1.65354353521431e-06 1057 0.0111332042857143 0.0732696922906538
0.91 1A 554859001.5 554862757.5 1.68465670496429e-06 295 0.0385528593220339 0.0256332325061778
0.92 1A 555636929.5 555640137.5 1.72168811259233e-06 344 0.0436117790697674 0
0.93 1A 556297389 556306081 1.74436526871546e-06 509 0 NA
0.94 1A 556794147 556798215 1.75594225505569e-06 926 0.0063936094600432 0.14407869581086
0.95 1A 557016652.666667 557021536.333333 1.75958576642677e-06 1274 0.0220144169230769 0.122174360424368
0.96 1A 557458058.5 557486254.5 1.76439882934484e-06 647 0.00818991159196291 0.0530646668853798
0.98 1A 557943068 557947079 1.7652612809824e-06 466 0.00216883364806867 0
0.99 1A 558184883 558189224 1.76409132394855e-06 443 0.00217391 0
1 1A 558548498.5 558554765.5 1.76025322139057e-06 1091 0.0202838350137489 0.0902253482023044
1.02 1A 558965290.5 558967725 1.75290492590564e-06 219 0.00895337187214612 0.293735921862126
1.06 1A 560186950.5 560189782 1.71260215543962e-06 459 0.0232367594771242 0.491580772880653
1.07 1A 560429261 560435391.5 1.70121871292714e-06 586 0.0343194110921502 0.0992642582010462
1.08 1A 560953573 560957461 1.67308968430037e-06 256 0.0141704809765625 0.162218768195095
1.09 1A 561335324 561346990 1.64908765145755e-06 1567 0.0286032 0.216981316775745
1.1 1A 562004636 562010277 1.60107894397402e-06 1172 0.0451721771331058 0.0520852031384597
1.11 1A 562561157.5 562564167 1.55422831280034e-06 612 0.0217003968954248 0.0762982182135174
1.12 1A 562908419 562912709 1.52283757750218e-06 66 0 NA
1.13 1A 563681549.5 563685037 1.44382344299854e-06 643 0.00905274888024883 0.379471191374189
1.14 1A 564264417 564269505.666667 1.37662985299256e-06 935 0.0453429960427807 0.0203885352640693
1.16 1A 566020293.8 566026983.6 1.22643863520647e-06 1765 0.0280302704362606 0.16437616657119
1.17 1A 566480560.4 566483341.8 1.21383868124074e-06 1349 0.0096039814084507 0.19846693769729
1.18 1A 567997360.6 568003304.8 1.16256617186614e-06 2151 0.0224455693909809 0.0589434369905321
1.19 1A 570748815 570753146 1.06095473265795e-06 1737 0.0306616587219344 0.0298310004863526
1.2 1A 572189416.5 572192972.5 1.00466345184917e-06 1085 0.0175963156682028 0.0761788288054121
1.21 1A 573567837.857143 573572667.714286 9.47251119313763e-07 1772 0.0379020509706546 0.0257653786304868
1.22 1A 575092826.25 575097872.25 8.9352655933018e-07 2329 0.0257236511378274 0.0560933409982261
1.23 1A 576578137.857143 576583507.428571 8.40759435099266e-07 3374 0.0134911223384707 0.115565821766439
1.24 1A 577493088.8 577498943.6 8.07375587128601e-07 2359 0.0342583064434082 0.0665676021881334
1.25 1A 578516213 578522072 7.69298887934663e-07 276 0.0391621 0.0857760436748795
1.26 1A 578922141 578922999 7.54053147887011e-07 56 0.0132743 0
1.27 1A 579574145 579577405.75 7.2906984398569e-07 936 0.0484573016880342 0.0652356503483187
1.28 1A 580365073.333333 580370594.333333 6.98389221397727e-07 1484 0.0381041448787062 0.0687094295105638
1.29 1A 581875176 581880320 6.38477394235341e-07 3301 0.022297070566495 0.0734920972580671
1.3 1A 583303960 583308387 5.80700484959005e-07 2727 0.0117139935020169 0.112287890066554
1.31 1A 584607784.4 584611797.8 5.29282464202617e-07 854 0.0344791735362998 0.0488893188625539
1.32 1A 586673724.6 586678268.2 4.48053475489838e-07 1303 0.0281072735763622 0.0475586826461787
1.33 1A 591000630.411765 591007011.411765 2.92189509669483e-07 8951 0.0124496679175511 0.0950703291746035
0 2A 1462508.33333333 1469342.55555556 6.03792249151259e-07 4158 0.0160948561952862 0.160407678228566
0.01 2A 4078974.84615385 4084283.07692308 5.26394180807124e-07 4612 0.0266661321812663 0.0772761628958241
0.02 2A 5837569.5 5840542.375 4.51194717531921e-07 1526 0.023051767706422 0.0976116474422744
0.03 2A 7803195 7807373.5 3.75916587605057e-07 549 0.0212345479781421 0.0674531208071408
0.04 2A 8368596 8370950 3.56016959623875e-07 415 0 Inf
0.05 2A 15401610.9302326 15406648.627907 9.2409275766679e-08 12233 0.0274522152848851 0.103371926258811
0.06 2A 21396309 21401317 5.83360703499767e-07 504 0.0157038410714286 0.144378621654325
0.07 2A 24278547 24285255 8.39343336967196e-07 248 0.0163599 0.0701379592784797
0.1 2A 27238197 27251005.3333333 9.92973995209054e-07 1042 0.0187874584644914 0.0629165543527646
0.11 2A 27854763.5 27856937 1.01137394791886e-06 167 0.00419938383233533 1.03914047270408
0.12 2A 28802715.3333333 28808923 1.03018434813217e-06 1018 0.0194685699607073 0.0572628840178934
0.13 2A 29277284 29285402 1.04570277368458e-06 3043 0.0114463242786724 0.130339792558611
0.14 2A 30141534.3333333 30146023.6666667 1.12799300643191e-06 955 0.0367086004188482 0.0492024209548406
0.15 2A 30891503.375 30897719.375 1.15457671559598e-06 5238 0.00932699513745705 0.121203118153433
0.16 2A 31852112.5 31855000.5 1.12978260337741e-06 409 0.0147995056234719 0.133055610890855
0.17 2A 32207934.6666667 32218100 1.10033103299132e-06 1080 0.0266060583333333 0.0302104000749203
0.18 2A 33372770.6666667 33376473.6666667 1.06880971880946e-06 955 0.00395007432460733 0.358604155683486
0.19 2A 34419601.5 34425665 1.106107273661e-06 579 0.00697596127806563 0
0.21 2A 35951542.75 35956131.5 1.0127320432864e-06 1161 0.0187484134969854 0.039523279890436
0.22 2A 36860869.3333333 36865396.8333333 9.15857188506174e-07 1849 0.00881532207679827 0.0347907847593637
0.23 2A 38375933.5 38379421.5 8.59914046082738e-07 551 0.00719002943738657 0.147103646165868
0.24 2A 38842418 38851239 8.48290568511554e-07 2977 0.00964142483372523 0.161448742678123
0.25 2A 39704200 39709256 8.33632639584544e-07 163 0.0122699 0
0.26 2A 40540614 40547241 8.28118799137629e-07 712 0.00584795 0.0678571123214118
0.27 2A 41231826 41242893 8.29957531551943e-07 877 0.00533258 0.0613684182890833
0.28 2A 42244949 42248918.6666667 8.4366378055156e-07 1889 0.0171861267866596 0.111301024175769
0.29 2A 43847657.6666667 43852449.3333333 8.7124180409182e-07 1217 0.00785171857025472 0
0.3 2A 48525943 48532877.4 9.38837910001632e-07 2445 0.00545494399182004 0.191422362432043
0.31 2A 50027884.8 50033068.8 9.56362048503464e-07 1351 0.00426582054034049 0
0.32 2A 51449254.2222222 51454273.2222222 9.60105562175871e-07 2559 0.00863569541227042 0.0904968140868904
0.33 2A 52348040.5 52355869.5 9.56833519168974e-07 730 0.00518987602739726 0.284944418262162
0.34 2A 52746090 52748912 9.54111150590793e-07 172 0.00557762674418605 0
0.35 2A 53728876.25 53734192.25 9.43216411442555e-07 1572 0.00118457690839695 0.154907282417805
0.36 2A 54705404 54707580 9.27272103490306e-07 405 0.00261851496296296 0.271238133505811
0.37 2A 55362377.5 55366716.5 9.13423075064561e-07 705 0.0029097564964539 0.136202059812146
0.38 2A 55881259 55886122 9.00988183020208e-07 1225 0.00161187869387755 0
0.39 2A 56926278.5 56933168 8.71248829860462e-07 609 0.00354108571428571 0.26065492701857
0.4 2A 57596406.25 57603985.5 8.58587442951543e-07 3495 0.00535814262947067 0.108255478803579
0.41 2A 58097494.2 58104992 8.67024118088724e-07 1864 0.00280718487124464 0.0543197863330694
0.42 2A 58964528.5 58968182.5 8.76072319762109e-07 369 0.00287216260162602 0.269586489505844
0.43 2A 59554058 59558659 8.73803503636968e-07 403 0.00682495384615385 0.319929579687211
0.44 2A 61447141.6666667 61452684.3333333 7.90256166250401e-07 1105 0 NA
0.45 2A 62330187.5 62333822 7.59472597863184e-07 299 0.0122897658862876 0
0.46 2A 63493006.25 63497055.5 7.35256802862396e-07 1803 0.0034495853577371 0.248934195536358
0.47 2A 65366625.5 65370880.125 6.93885909854114e-07 2080 0 Inf
0.48 2A 67098282 67109224.6 6.5281522990907e-07 2622 0.000372307208237986 0.294736974736975
0.49 2A 69002431 69007467.4 6.04879062457566e-07 1831 0.00109606382304752 0.142222938597729
0.5 2A 70986976 70990834 5.51527472897289e-07 2330 0.0020445605751073 0.299803284802497
0.51 2A 73285333 73290758.3333333 4.855804969722e-07 1468 0.00052715492506812 0
0.52 2A 74934370.4 74939182.8 4.35284551836369e-07 3768 0.000245587133757962 0.301271980990311
0.53 2A 78470533.6666667 78476940.2 3.19811387441589e-07 5688 0.00102766832981716 0.396601489615352
0.54 2A 81814440.5 81820332.8571429 2.12139200204095e-07 5924 0.00484648316340311 0.0603567587036509
0.55 2A 116000266.742331 116005390.570552 2.2796318207824e-08 53220 0.000844864923524991 0.151289177292406
0.56 2A 183437494.801242 183443173.546584 4.248962084222e-08 54648 0.000926202953026643 0.276606957245775
0.57 2A 231347815 231369634 1.68898999431179e-08 702 0 NA
0.6 2A 262491518 262503275.264706 5.74678895838439e-09 14202 0.000625157828474863 0.237523499318603
0.61 2A 405194171.87037 405202559.967593 3.58396066138089e-09 87745 0.000199044057120064 0.559780385743352
0.62 2A 505762097.670886 505766934.721519 3.13532179323863e-08 24687 0.000182122391542107 0.700927632014007
0.63 2A 533181421.327586 533186901.862069 4.56704798258098e-08 17688 0.000113957541836273 0.14457408488744
0.64 2A 553292045.516129 553297227.451613 5.2714678531822e-08 10239 0.000580613211251099 0.422102836279294
0.65 2A 569078721.586957 569083498.434783 5.19728375718837e-08 12203 0.000858492315823978 0.179285599315391
0.66 2A 583541267.189189 583547182.108108 4.74305295305766e-08 9828 0.000304031003256003 0.505064662456538
0.67 2A 598692238.025641 598696562.384615 5.20544635191517e-08 13578 0.000372567741198998 0.323272378096694
0.68 2A 609746281.761905 609752287.333333 6.19000692355887e-08 7683 0.00234854541064688 0.284394045041897
0.69 2A 619874136.902439 619878900.609756 7.64760139785998e-08 10435 0.00196109198275036 0.29256907650784
0.7 2A 633260854.789474 633264853.947368 1.02569257561362e-07 4384 0.000629350296532847 0.389262993781568
0.71 2A 639314347.5 639318856 1.17169721867477e-07 4814 0.00224868630660573 0.281459519344087
0.72 2A 646029965.818182 646034468.909091 1.35849140975305e-07 6750 0.000443290071111111 0.166259674904015
0.73 2A 654939357.8 654944870.533333 1.63192674729633e-07 5455 0.000173453830247479 0
0.74 2A 661189198.352941 661194136.882353 1.87371645024941e-07 5337 0.000392383983511336 0.272740711745022
0.75 2A 667176131.777778 667182412.888889 2.1289906888539e-07 4188 0.000925891408787011 0.293995894743237
0.76 2A 670979828.352941 670984085.705882 2.2952555599808e-07 5244 0.000317016813501144 0.302018102144637
0.77 2A 674864968.181818 674870435.454545 2.46833981563019e-07 3418 0.0026416266910474 0.125037474941952
0.78 2A 678569707.941176 678574339.529412 2.63637431975733e-07 5290 0.00330497834215501 0.110477600097157
0.79 2A 681540694.6 681547535.9 2.77348434094032e-07 3985 0 Inf
0.8 2A 685531160.090909 685537386.181818 2.96038383523249e-07 4926 0.00102791435241575 0.265049735004763
0.81 2A 688922964.538462 688927812.230769 3.12198728524728e-07 3656 0.00210113718818381 0.286808360169076
0.82 2A 691871420.5 691877138.9 3.26207358729687e-07 3732 0.00292821289389067 0.472012135657163
0.83 2A 695482353.75 695486280 3.39070742176899e-07 4343 0.00196701833064702 0.40128331501964
0.84 2A 698916750.666667 698919901.833333 3.48047074364687e-07 1695 0.00399817073156342 0.254280022593046
0.85 2A 702714118 702715880.5 3.6090931173513e-07 359 0.0140154537604457 0.22751907419981
0.86 2A 704942015.083333 704946711.333333 3.70028604676179e-07 5653 0.00696938363346895 0.109893538537179
0.87 2A 707278773.571429 707282322.571429 3.81066658650808e-07 2274 0.0166561370008795 0.0686102349611245
0.88 2A 709936364.181818 709940303.272727 3.95367985073739e-07 4051 0.00708641390520859 0.20710261704298
0.89 2A 712630957 712634836.777778 4.11712841235041e-07 3055 0.00513880292307692 0.0905460055328354
0.9 2A 715193896.2 715198241.8 4.28981843821522e-07 2408 0.00322732313538206 0.148725560644614
0.91 2A 717795847.5 717800122.333333 4.48249587287447e-07 3734 0.0103820299089448 0.116570262450891
0.92 2A 719254881 719258661 4.62743094227359e-07 806 0.00474447812655087 0.151693190875305
0.93 2A 722058385 722064771 5.11247461219842e-07 1241 0.00741342069298952 0.0308563439600625
0.94 2A 722899531.777778 722904259.333333 5.17611599453003e-07 2134 0.00268660634489222 0.151086832746498
0.95 2A 725001537.571429 725006558.142857 5.26154611246433e-07 2381 0.0189375829903402 0.231803484863118
0.96 2A 727180207.75 727184292 5.41762246736083e-07 663 0 NA
0.97 2A 729098509.375 729103567 5.62965255080564e-07 5526 0.00423587857763301 0.0990759360750291
0.98 2A 730885037.5 730890522.5 5.74244051200601e-07 1058 0.00922006757088847 0
0.99 2A 732581817 732588435 5.72369990708213e-07 550 0 Inf
1 2A 734292448 734296742.25 5.5778938111615e-07 1765 0.00572308464589235 0.0272867657770957
1.01 2A 735203477.6 735209728.8 5.50227647885685e-07 2053 0.016210609814905 0.00852705057370894
1.02 2A 737427605 737431215 5.41279393218019e-07 202 0.00455581 0
1.03 2A 738974795.166667 738979246.166667 5.25122252471953e-07 2481 0.00632263632406288 0.159739581969896
1.04 2A 740343665.125 740349277.625 5.15988616648114e-07 4223 0.0141024316883732 0.0906390334751179
1.05 2A 743162714 743168102.3 4.86750253662646e-07 4511 0.0144347214919087 0.044228350961495
1.06 2A 746109186.416667 746114858.75 4.42842363106979e-07 4895 0.0113576092890705 0.09219383535089
1.07 2A 747977031.166667 747982094.166667 4.21529650552798e-07 1816 0.0148401119548458 0.117502417511588
1.08 2A 750942446 750946092 3.75815737716578e-07 956 0.00600104769874477 0.151277423384369
1.09 2A 753485969.916667 753490129.333333 3.20337402043799e-07 2846 0.0283323339002108 0.0773075734194254
1.1 2A 757273574.705882 757277967.058824 2.36946908724625e-07 4926 0.0276394416037353 0.0694338125884724
1.11 2A 770504146.728571 770509301.985714 5.18664322261365e-08 25791 0.0243344862984762 0.0563147032590229
0.02 3A 1283815.6 1286974 3.98865303206293e-08 1460 0.0322819336849315 0.0611218376459913
0.03 3A 1924585 1928794 7.4069899133783e-08 459 0.0122574 0.155298024050778
0.07 3A 8848999.86666667 8853425.93333333 4.14075513859108e-07 2702 0.0259886481865285 0.112074091609952
0.08 3A 12002809.6666667 12007918.6666667 5.59688703925884e-07 1551 0.0271122072211476 0.00519306971419161
0.09 3A 13080538 13086642.6 6.30223515757243e-07 4633 0.0247438410101446 0.130558547006132
0.1 3A 14617141.75 14620948.125 6.77892776179667e-07 1819 0.0153001056294667 0.185019110098854
0.11 3A 16206929 16211080.5 7.7357163278606e-07 279 0.0170976071684588 0
0.14 3A 19923909.8 19935109.4 1.1445109249759e-06 1826 0.0136668345783133 0.140622422443878
0.15 3A 20595748.25 20599570.75 1.20556991683135e-06 1178 0.0122682879456706 0.11698266027879
0.16 3A 21293811 21296719 1.25612819709411e-06 318 0.0153856141509434 0
0.17 3A 21786689 21788782 1.28334387652264e-06 104 0.0280374 0
0.18 3A 22606355 22610617.75 1.27103829993942e-06 405 0.0207864338271605 0.0683152046805646
0.19 3A 23462575.5 23467950.5 1.21684516737784e-06 1158 0.00425206353195164 0.519885085481314
0.2 3A 23952779.3333333 23956762.6666667 1.1764564011638e-06 644 0.0311817299689441 0.0718902050965592
0.21 3A 24888911 24891748 1.11203886539958e-06 24 0 NA
0.22 3A 25304859.25 25309722.5 1.10469630507612e-06 1664 0.00808097278846154 0.128359770494596
0.23 3A 25906101 25909271 1.0929662599047e-06 184 0.0097561 0
0.24 3A 27007424 27010880 1.10378797369014e-06 238 0.027764 0.175938265379628
0.25 3A 27588851 27591922 1.114246842628e-06 320 0.0078125 0.51428608
0.28 3A 30479600.3333333 30483674 1.12927258333621e-06 686 0.00721179376093294 0
0.29 3A 31887507.1428571 31892966.1428571 1.11442301032557e-06 2194 0.0205824238012762 0.0697293642036469
0.3 3A 32515687.5 32519099.5 1.10318923193911e-06 310 0.0365375838709677 0
0.31 3A 34525419 34529494.5 1.04756655795829e-06 845 0.0252482449704142 0.0676784142990641
0.32 3A 36207214.4 36210478 9.77928710656336e-07 901 0.0180000564927858 0.0870064293607563
0.33 3A 37341514 37346463 9.26761028061871e-07 13 0 NA
0.34 3A 38343283.3333333 38348132.6666667 8.98475413555565e-07 732 0.0049375212431694 0.165957340904295
0.37 3A 40349096 40361359 8.48398860185471e-07 658 0.0110628 0
0.38 3A 41221435.5 41225759 8.28211609649917e-07 341 0.0254006917888563 0.268598538066002
0.39 3A 42194773.5 42201971 8.06368112288496e-07 1579 0.00929326662444585 0.0721860335525227
0.41 3A 44628017 44634421 7.56541068273447e-07 1216 0.00722601 0.425660911069871
0.42 3A 45775723 45784143.6666667 7.35312932344385e-07 2987 0.00441809256109809 0.197805982450432
0.43 3A 47077135.4285714 47081739.5714286 7.12474927128539e-07 2424 0.00581930955445545 0.123389009304261
0.44 3A 50483030.25 50487039.25 6.60761372556368e-07 1384 0.0147387448699422 0.0142546256848121
0.45 3A 52629606.75 52633829.125 6.30704332826682e-07 1998 0.00193680164664665 0.315687539405369
0.46 3A 54643387.1428571 54646365.2857143 5.95062640544136e-07 1389 0 NA
0.47 3A 56244909.3846154 56249536.7692308 5.64418610428064e-07 4323 0.00710479051584548 0.125864460014133
0.48 3A 57782008.7777778 57786904.6666667 5.32410374249785e-07 3155 0.00165240788272583 0.494501014470192
0.49 3A 60287427.6666667 60291899 4.80048182725034e-07 2248 0 Inf
0.5 3A 61300124 61304650.3333333 4.59933704460874e-07 1166 0.000843480566037736 0
0.51 3A 63048068.5 63052136.3333333 4.26868699814394e-07 1880 0.00109165088297872 0.562553462483227
0.52 3A 64335608.5 64339167.3333333 4.03716809826982e-07 1729 0.000548927836899942 0.303541146718073
0.53 3A 66521386.8333333 66524827.3333333 3.66874172792224e-07 1312 0.00182476371951219 0.0879930077816623
0.54 3A 68297547.8571429 68302182.5714286 3.38131352306032e-07 2419 0.00171722638280281 0.123919143655378
0.55 3A 71524199.6666667 71528602.2222222 2.84094183177149e-07 3513 0 NA
0.56 3A 76811963.6666667 76817502.7222222 2.28266598406167e-07 5350 0.00146537817757009 0.0734662970003629
0.57 3A 83958742.5 83963906.1 2.03117214305936e-07 8018 0.00607754744699426 0.228162389830246
0.58 3A 95961752.3214286 95968251.4642857 1.47906302794361e-07 11716 0.00292572452091157 0.17772961342913
0.59 3A 110392003.84375 110396023.875 7.53784872506379e-08 9809 0.000395116976246304 0.205153569814062
0.6 3A 120464284.75 120468722.1875 2.77514113070065e-08 5729 0 NA
0.61 3A 132888612.086957 132894076.043478 1.0488752993291e-09 4822 0.000161052654500207 0
0.62 3A 145532143.916667 145537461.083333 0 8189 0.000120076639394309 0
0.63 3A 165682737.148936 165687610.829787 3.89975591174467e-09 15099 0.000236769141002715 0.306146853085158
0.64 3A 292696332.609756 292704951.780488 9.95801219536657e-09 90095 0.000154683778278484 0.535480433550243
0.65 3A 433003564 433009280.653465 2.48073872020136e-08 33251 0.00034115200505248 0.502354852893091
0.66 3A 467792558.783333 467798320.233333 3.85114447078658e-08 23092 0.000342004916854322 0.588634354326327
0.67 3A 491686935.086957 491692744.956522 3.9079275574903e-08 24838 0.0010985400940897 0.177763856906775
0.68 3A 507974682.204545 507979534.295455 3.82918847342636e-08 14179 0.000255134545454545 0.953596552146447
0.69 3A 515776312 515782253.2 3.48270824973734e-08 6315 0.000315177988915281 0.250724834187371
0.7 3A 520321228.285714 520325597.142857 3.14499973405668e-08 1581 0 NA
0.71 3A 536379630.72973 536385187.162162 3.93363115644429e-08 28017 0.000686470414748189 0.231676519848384
0.72 3A 556751180.555556 556756100.222222 7.98499927027497e-08 2054 0.00071234982473223 0.491939953738964
0.73 3A 560649863.357143 560658672.285714 8.6879254665955e-08 5570 0.000716344222621185 0.073780086848912
0.74 3A 566211043.214286 566217354.5 1.07157286255709e-07 7134 0.000765245442949257 0.338766019317937
0.75 3A 571099985.444444 571104500 1.36210507604421e-07 2631 0.000647331539338654 0.379054558911699
0.76 3A 575229519.647059 575233270.941176 1.59550255942535e-07 3481 0.00051847190175237 0.567633786753484
0.77 3A 577987455.6 577990247.8 1.69346247970681e-07 1490 0.00146226189261745 0.298430293397346
0.78 3A 579424385.333333 579428021.333333 1.7436535393778e-07 1264 0.00400712768987342 0.213715753419925
0.79 3A 581345126 581349084.714286 1.8096028608409e-07 1187 0.00143580389216512 0.926319939288595
0.8 3A 583571026.166667 583574933.5 1.88454804830192e-07 1253 0.00744620405426975 0.162132138634647
0.81 3A 585105273.833333 585109141.833333 1.93536188655982e-07 1988 0.00550158591549296 0.0535187486820153
0.82 3A 587659587.8 587667339.1 2.01820533921656e-07 4241 0.00096197389530771 0.488202644346216
0.83 3A 595761997.448276 595766183.758621 2.26418940354069e-07 7840 0.0028735638252551 0.0987630508178624
0.84 3A 601470799.125 601475241.8125 2.42277501361199e-07 5356 0.00240228480209111 0.116847280393555
0.85 3A 605075481.555556 605079522.111111 2.51798817333811e-07 2295 0.00801838775599129 0.0383983499711901
0.86 3A 609327573.111111 609332801.555556 2.62808651906013e-07 4247 0.00147569136096068 0.393775578726836
0.87 3A 614521275.473684 614525460.473684 2.75892722657553e-07 4849 0.000953571996287894 0.263967270053
0.88 3A 621016233.166667 621022448.833333 2.91757470011008e-07 2982 0.000761741864520456 1.0878118043407
0.89 3A 624092225.5 624095888.125 2.99047705600621e-07 2447 0.00363511689824275 0.0326066224735385
0.9 3A 628556891.571429 628561776.857143 3.09399069846796e-07 1784 0.00376120700672646 0.223928740733616
0.91 3A 632113771.789474 632121682.631579 3.17449545032619e-07 6194 0.000606861930900872 0.227929894329803
0.92 3A 635695909.2 635700344.3 3.25369966274811e-07 2360 0.000829391601694915 0.586871821676026
0.93 3A 638842114.285714 638847602.071429 3.32182329757297e-07 5190 0.00152096759922929 0.108286183590888
0.94 3A 642423171.857143 642428240.928571 3.39642614928093e-07 5385 0.00876195967130919 0.156999735471047
0.95 3A 645692064.416667 645696662.083333 3.4869645338815e-07 5233 0.00304139816931015 0.0908929764821434
0.96 3A 647812248.235294 647816659.882353 3.5945239400868e-07 4599 0.00213763587953903 0.0583665448921575
0.97 3A 649817628.125 649822763.25 3.7229255798233e-07 3396 0.00353187597762073 0.0487577079866335
0.98 3A 652544298.166667 652549245.75 3.55686190502862e-07 3132 0.000957755134099617 0.66965136533417
0.99 3A 654502007 654508093.75 3.3961715358896e-07 1234 0.00716848881685575 0.0566200046774131
1 3A 656217156.666667 656221149.333333 3.30058004726739e-07 1059 0.000956201104815864 0.286512506303346
1.01 3A 658525979 658533287.2 3.23834822869977e-07 4100 0.00158499587317073 0.153971272938976
1.02 3A 660093471.75 660098619.5 3.23619662939059e-07 3689 0.00104895840607211 0.151889110429586
1.03 3A 662145136.333333 662149789.166667 3.28588189805397e-07 2101 0.000908682893860067 0.148533758680257
1.04 3A 663640775 663645620.285714 3.35789406251221e-07 2616 0.00283704275993884 0.0386253554988921
1.05 3A 669389588.428571 669393772.333333 3.95215709388121e-07 6752 0.00280284428613744 0.101834360285195
1.06 3A 674825468 674830720 4.86223134094563e-07 2050 0.0107043765170732 0.026002747936444
1.08 3A 678499131 678501364 5.73069879074752e-07 455 0 NA
1.09 3A 679789132.333333 679792617 6.08761676426688e-07 1840 0.00159057308695652 0.195775639357332
1.1 3A 681793321 681797353 7.02866190328072e-07 1260 0.00241163985714286 0.281462280513323
1.11 3A 683397550.222222 683402089.444444 7.8910808475028e-07 2809 0.00100766333926664 0.277612413793064
1.12 3A 684792596.666667 684796814.333333 8.51370674804056e-07 2026 0.00384042909180652 0.0924379593904738
1.13 3A 686768952 686774353.5 9.18526890520346e-07 972 0 NA
1.14 3A 687582508.333333 687585826.333333 9.38836248361162e-07 636 0.00478973522012579 0.560317061026338
1.15 3A 688919644.285714 688923938.571429 9.62842012049689e-07 2590 0.0118695185328185 0.0754208956051179
1.16 3A 689959876.666667 689963065.666667 9.74028019933172e-07 833 0.00117983583433373 0.29217388017388
1.17 3A 691041561.5 691044823 9.78692134774801e-07 339 0.0452715162241888 0.0562473281499682
1.18 3A 692873094.5 692880428.833333 9.6898386379839e-07 2736 0.00691127092836257 0.152737878545187
1.19 3A 693463441 693465685 9.61602322494857e-07 60 0.0714285 0
1.21 3A 695320715.666667 695326417.666667 9.23124438120564e-07 1587 0.00451154422180214 0.198054200430059
1.22 3A 695728816 695732219 9.19616449717503e-07 427 0.0182544 0.4062664343939
1.23 3A 696238865 696243850 9.31716405438597e-07 449 0 NA
1.24 3A 697398735.333333 697401961.666667 9.23230196331287e-07 483 0.0245063405383023 0.134682527354851
1.25 3A 697856414 697859611.75 9.0606443465451e-07 768 0.016412425 0.138475880316285
1.26 3A 698863040 698867798 8.42359439404854e-07 114 0.0177778 0.280898648876689
1.28 3A 701838275.8 701843780.8 5.28536047426143e-07 1713 0.00255416714535902 0.568937357709949
1.29 3A 705324255.25 705328868.75 1.81268554224168e-07 1135 0.0132182202643172 0.052464647916239
1.3 3A 709064850.5 709068298.5 1.69877487117877e-07 176 0.00542487784090909 0
1.31 3A 711201543 711207061.8 5.47868116989748e-07 1452 0.00815883787878788 0.121787187356515
1.32 3A 714075679.5 714080541.5 8.30615482486018e-07 173 0.0157508965317919 0.11015690051004
1.33 3A 714771715.8 714777107.6 8.81609778606847e-07 1197 0.021932185380117 0.257164393871976
1.35 3A 716461844 716467090 9.67249345257251e-07 577 0.0146070355285962 0.0821694965609448
1.37 3A 717490367 717492950 9.9216462138969e-07 128 0.0235294 0.189520769760385
1.39 3A 718399151 718401813 9.97066259864105e-07 233 0.0242424 0.102996402996403
1.41 3A 721894588.5 721905147 1.0099452962562e-06 289 0.00346020948096886 0.563491705714479
1.43 3A 724371402.75 724376380.25 1.12093895104134e-06 1871 0.0283347736985569 0.0596714803144345
1.44 3A 725991739.833333 725996211.333333 1.22714363499392e-06 2006 0.0242357216350947 0.0706644812025037
1.45 3A 726791609 726795531 1.26842668533008e-06 211 0.00361526511848341 0
1.46 3A 727989884 727993508 1.3153957337639e-06 556 0.046733 0
1.47 3A 728882516 728886033 1.33748182008205e-06 352 0.0274913130681818 0.0296800656719847
1.49 3A 729970859.5 729973287.5 1.35013348334119e-06 327 0.0296479078287462 0.181922599597474
1.51 3A 731010610.5 731015160.5 1.34748105046253e-06 653 0.0043555351914242 0
1.53 3A 732467879 732473098 1.31948272231124e-06 687 0.00818275 0.155464849836546
1.54 3A 732752557.25 732757710.25 1.31065679261971e-06 1046 0.0229275011472275 0.0603130517042284
1.56 3A 734011003.2 734016243.6 1.25889644264482e-06 2009 0.0176378907516177 0.0570734579211144
1.57 3A 734280335 734283310 1.24516120024032e-06 97 0.0314136 0
1.58 3A 734783072 734791156 1.21662274415416e-06 1097 0.00530621 0.247596683885485
1.59 3A 735890842 735894915 1.14229104407113e-06 648 0.0289330734567901 0.0841589164299329
1.61 3A 738048681.5 738054063 1.02046067200862e-06 954 0.0365420189203354 0.0333489208664513
1.62 3A 739137796.333333 739142656 1.00699482967833e-06 1044 0.0309861107950192 0.078648448537195
1.63 3A 739735273.75 739739224.75 9.94976877262099e-07 940 0.0155297194574468 0
1.65 3A 742454519 742458087.5 9.06340311039903e-07 849 0.0346193367491166 0.0685475292954754
1.66 3A 743903694.625 743907989.375 8.33362353424617e-07 2812 0.0140629679231863 0.102730439356103
1.67 3A 745357952 745361441.5 7.62719726795039e-07 481 0.0134711494802495 0.0863623128438539
1.68 3A 746942023 746949129 6.96910955407331e-07 1104 0.0502447791666667 0.0512424452232637
1.69 3A 749365173.8 749370366.6 6.02129338533863e-07 1962 0.0187850425076453 0.0858019026969247
0 4A 207440 212052 NA 309 0.0441239 0.0310210566155757
0.01 4A 745038 750274 NA 512 0.0209175 0.141152145332855
0.02 4A 1726497.75 1732674 NA 2092 0.000695984703632887 0.391045192307692
0.03 4A 2332848 2337265.33333333 NA 1492 0.0026221289075067 0.111074165727436
0.04 4A 3057742.66666667 3063055.11111111 1.08760956888304e-06 3123 0.000595973134806276 0.116548897040394
0.05 4A 3868310 3876671 1.07592406483305e-06 776 0 NA
0.06 4A 4788694 4792379 1.06266736909897e-06 1432 0.00223056462988827 0.0677364881073668
0.07 4A 5541973.6 5546912.6 1.05174738303501e-06 1622 0.00145585462392109 0.186140491798877
0.08 4A 6012839.66666667 6021383.66666667 1.04488590497846e-06 1678 0.00171342781287247 0.0736154244639916
0.09 4A 7111374.28571429 7114603.28571429 1.02892527112915e-06 1415 0 Inf
0.1 4A 7749195.66666667 7753194.66666667 1.01960285910574e-06 1288 0 NA
0.11 4A 8587332.5 8590787 1.00732700640213e-06 486 0 NA
0.12 4A 9766573.8 9769747.8 9.89983137958081e-07 1828 0 NA
0.13 4A 10636377 10639773 9.77142184670035e-07 396 0 Inf
0.14 4A 11469971.1111111 11473773.5555556 9.64791145392496e-07 2217 0.00126802346865133 0.386223487701122
0.15 4A 12447562.2 12451167 9.50264669010909e-07 725 0.00205940060689655 0.340477936452671
0.16 4A 13656187 13659029 9.32236068802801e-07 104 0 NA
0.17 4A 14025418 14028804 9.26706155385919e-07 292 0 NA
0.18 4A 15638398 15642171 9.02475043828397e-07 178 0 NA
0.19 4A 16284371.3333333 16289383.8333333 8.92720285619501e-07 3166 0.000306958900821225 0.44150411077274
0.2 4A 17116136 17120063 8.80149901083398e-07 713 0 NA
0.21 4A 17759153 17761256 8.70412845627782e-07 79 0.00837989 0
0.22 4A 19625981 19629035 8.41964905664125e-07 198 0.0058309 0
0.23 4A 20264810 20267038 8.32194442962212e-07 162 0 NA
0.24 4A 21500959.8333333 21506377.3333333 8.13185278939529e-07 4330 0 Inf
0.26 4A 24006425 24010878 7.73728421141769e-07 319 0 NA
0.27 4A 24904063.6666667 24909103 7.58847554448398e-07 1430 0 NA
0.28 4A 25885947 25893930.5 7.42586730837752e-07 685 0 NA
0.29 4A 27624961.5 27628808.5 7.14277087231223e-07 380 0 NA
0.3 4A 28980517 28985523.5 6.92552129482233e-07 1845 0.000522023094850949 0
0.31 4A 30413523 30417839 6.69950468345724e-07 997 0.00070170221664995 0
0.32 4A 31540202 31549768 6.52405152203705e-07 1787 0 Inf
0.33 4A 33213836.25 33217343 6.26861423416179e-07 730 0.00140135376712329 0
0.34 4A 34372877 34377974.5 6.09402965094966e-07 1230 0 NA
0.35 4A 36136659.8461538 36141047.6153846 5.83333927597749e-07 3309 0.00193834076760351 0.101368700905598
0.36 4A 37554869.6153846 37559498.8461538 5.62750545530636e-07 5031 0.00407337461319817 0.0560136253337151
0.37 4A 38952114.5 38960027.875 5.42804847442436e-07 2418 0.000960745141439206 0.459812071219782
0.38 4A 40488705.8888889 40492825.1111111 5.21325840149112e-07 1957 0 NA
0.39 4A 42905639 42910657.5714286 4.88382255026364e-07 3518 0.00104072765776009 0.195135769051691
0.4 4A 45332583.8 45336222.4 4.56285245884354e-07 1944 0.000510503703703704 0.796341263853017
0.41 4A 46997837.4615385 47004474 4.3491792976808e-07 6568 0.00108568663824604 0.131136367496704
0.42 4A 48987202.25 48991748.5 4.09969185457029e-07 1615 0.000439643436532508 0.302296827509318
0.43 4A 53116943.3333333 53120783.3333333 3.60659598484611e-07 668 0 Inf
0.44 4A 57602098.6818182 57606156.7727273 3.10340780938874e-07 6181 0.000497114259828507 0.422055691661153
0.45 4A 70148596.5405405 70153744.4189189 1.30446860785833e-07 24593 0.000377383665717887 0.269550208474484
0.46 4A 87426557.34375 87432075.71875 2.05102994890759e-08 11198 0.000149085383104126 0.812863686571544
0.47 4A 96460098.05 96464495.8 1.97835366276541e-08 6293 0 Inf
0.48 4A 121197799.293103 121202280.137931 2.35022773577091e-08 38642 0.000294866723021583 0.513202184232998
0.49 4A 163789481.962963 163795011.135802 4.43881350197687e-08 29775 0.000204420627036104 0.643655558414411
0.5 4A 215871187.764706 215880648.372549 5.8438122701782e-08 23723 0.00035165135632087 0.232083075649186
0.51 4A 330396723.621212 330411330.484848 3.0121859629737e-08 31298 0.000314862784554924 0.246987058553878
0.52 4A 407151486.333333 407154583 0 637 0.00114116835164835 0
0.53 4A 464743557.686567 464749251.126866 0 47906 0.000518236336993278 0.265519534412072
0.54 4A 517186234.115385 517192231.474359 0 28759 0.000460193287596926 0.15640388699809
0.55 4A 548545036.507692 548550353.938462 5.29584644523425e-08 19107 0.00170204314596745 0.185145680662507
0.56 4A 565121007.181818 565127467.636364 1.83060305393697e-07 6507 0.00314562447364377 0.0668062409580769
0.57 4A 572395207 572401056.269231 2.7429074114697e-07 11360 0.00298812677464789 0.213017862170384
0.58 4A 577898463.947368 577903844.052632 3.64820656312975e-07 7771 0.0111631087298932 0.0681595773669537
0.59 4A 582268217.40625 582273957.84375 4.31452065598844e-07 12270 0.015022616800326 0.0554250768867362
0.6 4A 585051154.818182 585056154.636364 4.73868753456595e-07 7569 0.0181314855621614 0.0361293133876322
0.61 4A 589224892.8 589228353.6 5.45810361932611e-07 1189 0.0186469134062237 0.125263942874914
0.62 4A 590317363.263158 590323885.052632 5.66318140861569e-07 6616 0.0102738351314994 0.141133527327902
0.63 4A 591788599.5 591794278.5 5.94867213641924e-07 735 0.0183607282993197 0.0465210082036006
0.64 4A 593544808 593552986 6.41681241298336e-07 3179 0.00920888268637937 0.0498000932744133
0.65 4A 594533274.9 594537761.6 6.6724342478875e-07 3290 0.0164887849422492 0.0879493655933491
0.66 4A 596339544.857143 596344101.214286 7.12310551887199e-07 3862 0.0145566323148628 0.0663023669016495
0.67 4A 597775919.9 597780861.8 7.46508111112874e-07 2714 0.030008538725129 0.0570575363908858
0.68 4A 598834906.25 598839198.5 7.70658834005445e-07 1768 0.0229228931278281 0.106659566571905
0.69 4A 600757448.6 600761044.4 8.12398482278188e-07 1711 0.0193601216072472 0.0622309553764024
0.7 4A 601826832.857143 601829902.285714 8.41888099710242e-07 1699 0.0343229024602707 0.108165394770681
0.71 4A 603433095.5 603436762.833333 8.98855982822019e-07 1338 0.0197837713751868 0.0510388295148874
0.72 4A 604845889 604850471 9.45611135962149e-07 65 0.0217786 0.153996583802448
0.73 4A 605463848.666667 605467584.333333 9.59455466087824e-07 522 0.0326075804980843 0.0512308038152391
0.74 4A 606578259.25 606584420.5 1.02125835841767e-06 1686 0.0130150548576512 0.0662417574256119
0.76 4A 608692645.166667 608697630.166667 1.12082616395042e-06 1248 0.0173683896634615 0.0396174951323369
0.77 4A 609925870 609929741 1.15622903227137e-06 369 0.00684932 0.0845232811432376
0.78 4A 610524099.5 610530206.75 1.18701396174861e-06 2190 0.0244760123287671 0.150420003803183
0.79 4A 611579524 611583216 1.27048127023301e-06 407 0.0334129 0.12183318418934
0.8 4A 612076171 612080080 1.30479668193502e-06 1014 0.0294749028796844 0.0654576220032895
0.81 4A 613367202 613371159.5 1.37899075012028e-06 277 0.0226891444043321 0.0334365310594787
0.82 4A 613905422.857143 613910759 1.40312540228881e-06 1767 0.0231410964912281 0.0952469617776873
0.83 4A 614624189.5 614627959.25 1.43028017053264e-06 1094 0.0238131698537477 0.0409341098395208
0.84 4A 615333775 615337183.5 1.45033522740074e-06 682 0.0308987832844575 0.0411305929716543
0.86 4A 616375476 616379076.333333 1.46786933499041e-06 721 0.0192306432732316 0.108367268784452
0.87 4A 617107812.333333 617111952 1.47172907227083e-06 395 0.0263816453164557 0.136141200356416
0.88 4A 617849660 617854328 1.46859242161599e-06 171 0.00454545 0
0.89 4A 617914392 617918888 1.46796432602955e-06 918 0.0180052492374728 0.147491957501525
0.9 4A 618583212 618588528.5 1.45838961834451e-06 1204 0.0176258112209302 0.100882032351273
0.91 4A 619202725.666667 619211761.333333 1.44428306596769e-06 1379 0.0065414518346628 0.181621322855273
0.93 4A 620188580 620195028 1.41169772934462e-06 422 0.00677966 0.0759526288928943
0.95 4A 621152682.333333 621156875 1.36762695162918e-06 584 0.00757485445205479 0.102188725991616
0.96 4A 621828868 621834752.5 1.32943742585716e-06 858 0.0105145947552448 0
0.97 4A 622201175.25 622207245.75 1.30587254564103e-06 1038 0.0197327306358381 0.0110701270051288
0.98 4A 623316419 623319706 1.22472137949293e-06 442 0.0504834117647059 0.0256392902323365
0.99 4A 624369604 624371215 1.13322933987682e-06 223 0.0122699 0.536892721212072
1 4A 625125806 625128167.5 1.05854893612927e-06 163 0 Inf
1.01 4A 625800732.6 625804266.4 9.85271195377878e-07 1351 0.0251060763878608 0.173131087265399
1.02 4A 627516023 627521263 8.08785986336385e-07 738 0.0233437 0.0543709866045228
1.03 4A 628181728.2 628186558.6 7.58782228308758e-07 1525 0.00888627361311476 0.120902989932103
1.04 4A 629461572.5 629467623.375 6.87793608598058e-07 2871 0.0182868051201672 0.0704754651624406
1.05 4A 631386197.454545 631392176.090909 5.90590220273791e-07 4487 0.00966593219077335 0.190611984858631
1.06 4A 634142525 634148429.666667 4.71081665203116e-07 1963 0.0271452832399389 0.178319236028711
1.07 4A 637154398.222222 637158481.666667 3.6452372228653e-07 2832 0.00264010782485876 0.116085945524588
1.08 4A 640754629.4 640758309.333333 2.76792358311272e-07 3733 0.00617940978837396 0.152670682074032
1.13 4A 651623778 651627938 2.49390983008392e-07 332 0.0180586587349398 0.143683251636438
1.23 4A 657492894 657495303 0 73 0.0149124589041096 0.451131181566944
1.24 4A 681295444.194444 681300996.888889 1.23273690036492e-07 12499 0.000862492056324506 0.260611887340142
1.25 4A 687701605.5 687705491.5 2.22724911902276e-07 378 0.005084285 0.30094005351785
1.28 4A 697768120 697770642 3.61432770077555e-07 20 0 Inf
1.3 4A 702043190 702046461 4.26908619957024e-07 194 0.0240964 0
1.31 4A 703268167 703271490 4.58984730407993e-07 73 0.0384615 0
1.32 4A 704644542 704648219 4.90877510219672e-07 224 0.0570175 0.0674556057350813
1.36 4A 713014409.5 713017858 5.8373241726571e-07 339 0.00303139545722714 0.551816016740287
1.37 4A 713833663 713834773 6.00249448358516e-07 147 0.0243112 0.283817746553029
1.47 4A 731337831 731340635 4.26969257913068e-07 187 0.00503778 0.617418783670585
1.5 4A 738743869 738745398.5 3.85037526901368e-07 313 0.00625047450479233 0.878683750997726
1.52 4A 742559752.5 742561724 3.55817701198374e-07 554 0.00863824232851986 0
0 6A 401219.333333333 404455.666666667 NA 992 0.0277586715020161 0.0850025625874124
0.01 6A 1343045.83333333 1348563 2.94582280430463e-07 2911 0.00677665355547922 0.161720449021773
0.02 6A 3090181.5 3094300 4.02261944981156e-07 1816 0.0179420109251101 0.0350349458112789
0.03 6A 6852875.58333333 6858088.58333333 6.62083904132244e-07 3255 0.0260089454869432 0.14974490622366
0.04 6A 9185065.5 9191095.5 8.03491571645627e-07 1558 0.0281814844030809 0.137914168724211
0.05 6A 10704429.3333333 10708092.6666667 9.0887709840453e-07 783 0.0115743688378033 0.0630971119654133
0.06 6A 11432102.8 11437153.4 9.34473563791156e-07 1989 0.0229773385972851 0.069448364328437
0.07 6A 12334617 12340784 9.48354988043472e-07 2212 0.0297596161844485 0.00975897826634396
0.08 6A 12836151 12838286 1.01496916991236e-06 62 0.0365854 0
0.09 6A 13382681 13386524 1.06311635043408e-06 358 0.0436597 0
0.14 6A 16226818 16234941 1.04114270876002e-06 679 0.00849179 0.123783089313325
0.15 6A 17526015.8571429 17531921 9.65760740073995e-07 3366 0.0218391857159834 0.0464572038340315
0.16 6A 22438917.5714286 22443805 6.40233301026749e-07 2667 0.0269328212598425 0.138657433461461
0.17 6A 23755946.9090909 23760057.6363636 5.88779007551059e-07 2049 0.0324514261298194 0.0712820374613503
0.18 6A 24641656.6666667 24645453.6666667 5.50254394565322e-07 819 0.0171801331501832 0.273789368282495
0.2 6A 25661083.5 25667071 5.0809869442474e-07 716 0.0170630597765363 0.0701843591879049
0.21 6A 28979394.4444444 28984233.5555556 3.67762275703508e-07 2776 0.0163398733789625 0.1381609400203
0.22 6A 36123705.6190476 36127893.047619 4.11457852267681e-07 4892 0.00820101638593622 0.166245935689139
0.23 6A 40807396.5 40814769 5.04418507219132e-07 501 0.00283188269461078 0.153547675832592
0.24 6A 42922554 42927225 5.28969439054196e-07 258 0 NA
0.27 6A 46702941 46706410 5.39502964931181e-07 51 0 NA
0.28 6A 47895147.75 47898713.75 5.3499439341432e-07 744 0.0114815608870968 0.0249873859808386
0.29 6A 48675836.8 48680655.6 5.2996820517687e-07 2017 0.00269713966286564 0.352337848059423
0.3 6A 51406171 51409969 5.00086274474512e-07 319 0.00940808 0.142784712715028
0.31 6A 52105660 52112994.2 4.89078495692702e-07 1940 0.00191442559793814 0.117759813859917
0.32 6A 53560456.5714286 53565139.4285714 4.93332479131988e-07 1175 0.000864007455319149 0.707943808522692
0.33 6A 55845877.25 55849878.375 5.03555708301312e-07 1525 0.000899329678688524 0.160110944854111
0.34 6A 57770141 57774917.6 4.53888545415537e-07 777 0.0019305027027027 0
0.35 6A 60209900.6666667 60214719.3333333 3.8708608195745e-07 792 0.000985664166666666 0.543277374295715
0.36 6A 61443011.5 61447096.5 3.59727556532146e-07 834 0.00120552086330935 0.216430015623564
0.37 6A 64276486.5 64283348.25 2.91074034724279e-07 3028 0.00227363371532365 0.178458107454372
0.38 6A 70541232.8571429 70546325.8857143 1.63722321419803e-07 12949 0.00343499716812109 0.146072538307095
0.39 6A 83087746.8333333 83093920.4166667 1.35334155097197e-07 14305 0.00353012111709193 0.175612081138461
0.4 6A 92840639.375 92844584.875 1.32854905084068e-07 2884 0.00555834930998613 0.0444696022924781
0.41 6A 98620212.5714286 98627570.8571429 1.25777416197902e-07 3506 0.00147445155162578 0.250020480605903
0.42 6A 104114066.888889 104119121.111111 1.16036764279814e-07 2636 0.0201302010849772 0.0810462475816526
0.43 6A 107362110.928571 107370108.928571 1.08701014746204e-07 6517 0.00109296424581863 0.191682344045082
0.44 6A 119921230.833333 119926266.708333 8.38668539211798e-08 7817 0.00140912881924012 0.162139034952082
0.45 6A 135018602.478261 135024989 6.47331593719065e-08 9500 0.000380842752631579 0.435041840103008
0.46 6A 149415150.764706 149421021.882353 4.89939553653074e-08 11735 0.000243439163016617 0.931892617563709
0.47 6A 280470896.617391 280479117.647826 8.26808489489664e-09 83750 0.000426356635522388 0.386926336013945
0.48 6A 410677340.25 410686107.5 1.258257496762e-08 3656 0.00113847407002188 0.137620680797255
0.49 6A 422420839.92 422427905.68 2.49377747320869e-08 5782 0.000537671850570737 0.709070228040063
0.5 6A 430593810 430602593 3.52000181673144e-08 2902 0.00127545086147485 0.291474616184156
0.51 6A 432778446.625 432783386 3.82520831903005e-08 2490 0.00118386481526104 0.145019607500977
0.52 6A 437024879.625 437029120.75 4.45210216194615e-08 2330 0.000326918197424893 0.565562465653363
0.53 6A 441575555.428571 441578996.571429 5.16962505250378e-08 2132 0.000443332195121951 1.07776780535401
0.54 6A 444848387.75 444855730.75 5.60460756071941e-08 2523 0.000784327562425684 0.433343773696111
0.55 6A 448140306.181818 448144530.454545 6.01574997617666e-08 2933 0.00162073075349472 0.0907284265811579
0.56 6A 455257969.782609 455263745.956522 6.83934950246183e-08 8089 0.00169107150203981 0.111840676055888
0.57 6A 468924004.1875 468928718.65625 7.78442680380539e-08 7780 0.000195931494858612 0
0.58 6A 486630120.5 486634766.270833 8.82245361245148e-08 10352 0.000439493091190108 0.360390071771248
0.59 6A 498284851.368421 498289343.789474 9.02254587908703e-08 13287 0 Inf
0.6 6A 506138208 506143918.111111 8.23372815299078e-08 7328 0.00321884645742358 0.0702264289291124
0.61 6A 514746598.26087 514751401.304348 8.81052026455469e-08 9908 0.00105128006449334 0.263648146803499
0.62 6A 525373619.644444 525378637.666667 1.10245412565975e-07 13496 0.00159748492738589 0.203843953482862
0.63 6A 539565160.475 539569876.65 1.45592659657057e-07 14598 0.000604481230305521 0.244589863667224
0.64 6A 548385089.631579 548391658.526316 1.29051011126541e-07 10354 0.00123812620958084 0.139360967525917
0.65 6A 553638330.076923 553644465.538462 2.20661191086175e-07 5079 0.000287947783815712 2.15595052203938
0.66 6A 556813194.777778 556818732.555556 2.64767409906229e-07 2907 0.00139469607155143 0.476509422591384
0.67 6A 559431923.5 559436670.5 2.99337573530176e-07 2511 0.000598026694544006 0.427702028887613
0.68 6A 563506638.454545 563513224.909091 3.76419250558829e-07 5759 0.00729668561555826 0.112168008961739
0.69 6A 565144483.5 565149552.75 4.14697202657902e-07 1207 0.0031263774067937 0.303619081800943
0.7 6A 569119357.8 569127879 5.27032409365522e-07 3471 0.00162127554537597 0.115436523124524
0.71 6A 571564133.333333 571567634.777778 6.08092182949206e-07 1968 0.00462716345020325 0.204685897714116
0.72 6A 573426074.714286 573430961.285714 6.76533424846495e-07 2687 0.00437872380721995 0.378037566378283
0.73 6A 574883236 574891222 7.34360518666197e-07 1783 0.00376591871564778 0.200288261916894
0.74 6A 576911102 576914716 8.20115596022706e-07 134 0 NA
0.75 6A 577975172 577982308.166667 8.68055850398779e-07 2447 0.0150959557172047 0.0800883650826034
0.76 6A 579019086.333333 579024683.333333 9.1665693348418e-07 1908 0.00115312878930818 0.297776553811601
0.77 6A 580239460 580243692.166667 9.75810118367907e-07 1157 0.0210591580812446 0.0574519959841983
0.79 6A 581967252 581970830.666667 1.09399589136423e-06 1701 0.0137719531569665 0.0336217863073802
0.8 6A 583039574.5 583043301.5 1.16977608762143e-06 320 0.01727106875 0
0.82 6A 584810760 584817394.5 1.28239494916675e-06 366 0.0136745901639344 0.086845515394913
0.83 6A 585472292.125 585479920.75 1.32198610334871e-06 3836 0.011332880109489 0.0958890606220748
0.84 6A 586212843.75 586217725.75 1.3742219136938e-06 1808 0.0091062213329646 0.34496992789107
0.85 6A 586770093 586782183 1.41026912870965e-06 1874 0.0116428 0.0836726560621156
0.86 6A 587564389 587570511 1.45305007302883e-06 297 0.0479193 0.0301239792734869
0.87 6A 587816939 587822049.5 1.46470961771395e-06 1374 0.0382079352256186 0.165719958833246
0.88 6A 588457554 588461441.5 1.49011345247862e-06 400 0.001771961175 0.71735221568836
0.91 6A 590074286 590079890 1.5271423180115e-06 641 0.00263852 0.127968709731213
0.93 6A 591306651.6 591312220.4 1.52903877105296e-06 2494 0.00645770653568565 0.040208548248001
0.94 6A 591822985.75 591825784.5 1.52331765903899e-06 1152 0.0144652164149306 0
0.95 6A 592511694 592517005 1.50924354367174e-06 388 0.0284944853092783 0.0909231125143649
0.96 6A 593182827.5 593186504 1.48888588128864e-06 420 0.0158601285714286 0.568559973842763
0.97 6A 593430767 593435915 1.47986774932404e-06 473 0.0221367 0.0210567970835761
0.98 6A 594887316 594891867.230769 1.43691403082321e-06 3951 0.022522904186282 0.0810874878393315
0.99 6A 596368658.333333 596374264.666667 1.31477249096283e-06 882 0.0270685563492063 0.0182649985643449
1 6A 596798877.6 596803361.4 1.26055353087397e-06 1665 0.0218097875675676 0.117944018758771
1.01 6A 597319782 597325942 1.19660510656481e-06 1019 0.0280988648675172 0.0579059991782205
1.02 6A 597831273 597837358 1.14135286821226e-06 461 0.041519 0.0457099159420988
1.04 6A 598972922.5 598976912.5 1.04401013267868e-06 1506 0.0383170076361222 0.0462941488149981
1.05 6A 599910153 599916151 9.91025627625267e-07 116 0.0394737 0
1.06 6A 600450493.25 600454774.5 9.77183604094323e-07 2122 0.0141098559377945 0.0452221395781519
1.07 6A 602833256.333333 602837950 7.91798073105993e-07 2947 0.0216369754496098 0.0313507953608612
1.08 6A 605244873.166667 605251311 5.90753751893183e-07 4251 0.0232399568360386 0.0379454266365425
1.09 6A 606599652 606605109.5 5.90166755650834e-07 77 0.0229287896103896 0
1.1 6A 607077763.428571 607082074.571429 5.90853647726094e-07 1802 0.0369450326859046 0.0736213575223638
1.11 6A 608054297.75 608057843.25 5.97762679641896e-07 495 0.0333156353939394 0.0509767054793223
1.12 6A 608967170 608969706 5.7771800481949e-07 299 0.00332502 0.863603827946899
1.13 6A 609239155.571429 609244039.285714 5.71572663745271e-07 2190 0.0307256921004566 0.0385734737182605
1.14 6A 613620990.555556 613625797.888889 4.16925603383425e-07 15506 0.0244991324229331 0.0670108219968427
1.15 6A 617044838 617053409 2.55418019287355e-07 1962 0.0340013038735984 0.0128486863718073
0 7A 3774125 3777453.33333333 2.2411116369821e-08 753 0.0201683439575033 0.037617765286783
0.01 7A 8364237 8367644.75 7.92671302484361e-08 541 0.0341770245841035 0.123508850188366
0.02 7A 11091491 11101081 1.54818473392209e-07 658 0.00462606 0.373909979550633
0.03 7A 16016350 16023391 2.89412501051205e-07 385 0.0381862 0
0.04 7A 20526424.6666667 20529282.3333333 4.1578343402959e-07 865 0.0367449790751445 0.124648036455889
0.05 7A 24849155.5 24853444 5.92384584180897e-07 448 0.0174956276785714 0
0.14 7A 33899079 33904395 1.26139887084576e-06 16 0 NA
0.15 7A 34630159.5 34631921.5 1.30318262887071e-06 317 0.0499273583596214 0.0188311010281271
0.19 7A 36878637.5 36882310.5 1.36700901345882e-06 1075 0.0414546374883721 0.0291641783223679
0.23 7A 40043614 40051845 1.28938065762783e-06 258 0.041365 0.0525973649220355
0.27 7A 42963605 42965380 1.04474363569521e-06 141 0.0223672 0
0.31 7A 47200866.3333333 47204100 9.10434148695804e-07 334 0.00270325679640719 3.09015708563646
0.33 7A 51201317 51202984 7.44039915201851e-07 110 0.0148778 0.534329672397801
0.35 7A 54997683 55001463 6.95186734136148e-07 15 0.0555556 0
0.37 7A 57743591 57747941.5 6.34302877796151e-07 427 0.0053872375175644 0.0922559750700939
0.38 7A 58841366 58844070 6.0034407785054e-07 397 0 Inf
0.41 7A 64157483.5 64161714 5.38230789946184e-07 537 0.0127123659217877 0.199570255973725
0.42 7A 65326904.8 65331496.6 5.47547811689384e-07 1505 0.00434931296345515 0.131685598440743
0.43 7A 67802215.1666667 67806900.0833333 5.8295781058299e-07 2607 0.0155389986267741 0.133664879646904
0.44 7A 70726997.6666667 70730620.3333333 6.12847019197925e-07 569 0.00310822653778559 0.159667448630707
0.46 7A 74283354.5 74290912.5 6.3932895954405e-07 598 0.00128489739130435 0.927431305629548
0.48 7A 76118406 76121640 6.65325433977075e-07 198 0.027668 0
0.49 7A 77316023 77323679 6.75736043597949e-07 707 0.00555483564356436 0.0731383856383856
0.5 7A 78516029.8571429 78521652 6.7194864975533e-07 1546 0.000918349741267788 0.560699858364253
0.51 7A 79717980.75 79725254.25 6.53610368543879e-07 1366 0.00534163616398243 0.110812858596553
0.52 7A 81028668 81034012.6666667 6.17616073381399e-07 1607 0.00360402177971375 0.0748720452139567
0.53 7A 82071564.5 82080939.5 5.76575069038658e-07 465 0.00313116989247312 0.288864617573973
0.54 7A 83285019 83288075 5.20657392035587e-07 352 0.0105411 0.0579280151027881
0.55 7A 83989671.1111111 83995340.1111111 5.09422066393712e-07 3293 0.00554202947767993 0.0710536753004245
0.56 7A 85349417.4444444 85353417.5555556 4.91889303928842e-07 2357 0.00248505533729317 0.124007761745293
0.57 7A 88204421.6666667 88208320.3333333 4.50848821571557e-07 717 0.00103388128312413 0.290043657238418
0.58 7A 92201451.875 92205411.875 3.80386138614656e-07 4196 0.000818858775023832 0.662419196946603
0.59 7A 99657214.6 99664748 1.93959131213553e-07 5861 0.00408619715577547 0.188505077313114
0.6 7A 107643649.35 107649323.1 1.6019329064628e-07 6377 0.00607474036380743 0.135193655443471
0.61 7A 113338519.5 113341521.25 2.20035085351668e-07 516 0.00274365813953488 0
0.62 7A 115870334.6 115874740.8 2.43225986108016e-07 3590 0.00166079516991643 0.0961331289395143
0.63 7A 118861292.428571 118866963.571429 2.47322700008859e-07 1600 0.00425569905 0.159107247609532
0.64 7A 121979541.9 121986511.6 2.33064505788985e-07 4512 0.00164826639184397 0.287869100394645
0.65 7A 126029104.454545 126033994.272727 1.89880574732508e-07 2895 0.000507791191709844 0.195494659895494
0.66 7A 129160291.333333 129165720 1.89303028029569e-07 4981 0.000994898199156796 0.461439798930175
0.67 7A 140831898.259259 140837927.555556 1.09672466092962e-07 7843 0.000795097645671299 0.313192541390522
0.68 7A 187470162.229885 187475611.954023 1.00923427726302e-08 62502 0.000577020847380884 0.333300037568327
0.69 7A 235077126.447368 235082083.105263 1.40696959305504e-08 13727 5.5779361841626e-05 1.40766488964824
0.7 7A 252451876.666667 252458020.333333 1.21841697759231e-08 7949 0.000179102522329853 0.204593664073176
0.71 7A 265755565.259259 265760452.407407 1.11164521659236e-08 9111 0.000448540143782241 0.418496535028055
0.72 7A 275655095.769231 275661113.615385 1.05186942120361e-08 5904 0 Inf
0.73 7A 287437319.578947 287442527.105263 1.00455032916781e-08 5672 0.000170029398801128 0.750961880969829
0.74 7A 294639718.882353 294644376.764706 9.88147100718707e-09 5147 0.000432738018263066 0.288291377097044
0.75 7A 303953480.571429 303961568.571429 9.80901300662088e-09 2129 0 Inf
0.76 7A 310629375.571429 310646722.428571 9.84686607525211e-09 1745 0.000388913810888252 0.434036916569931
0.77 7A 318215836.666667 318225644.333333 9.99268580160083e-09 1150 0.000588546130434783 0
0.78 7A 325489461.166667 325505576.333333 1.02276349378896e-08 2179 0 Inf
0.79 7A 330446800.75 330466110.25 1.04432542641479e-08 2240 0 NA
0.8 7A 346144070.647059 346155472.176471 1.14695246937847e-08 9488 0.000158556229447723 0.846016693750832
0.81 7A 394919534.980392 394927821.529412 1.75675935886665e-08 20311 0.000141672262813254 0.224857121637373
0.82 7A 422694795.75 422701204.5 2.25254646976503e-08 1197 0.000634583333333333 0
0.83 7A 423556015 423563387 2.27105057778797e-08 174 0 NA
0.85 7A 424312931 424317651 2.28738773041016e-08 615 0 NA
0.86 7A 424628142 424634545 2.29425179875405e-08 629 0 NA
0.9 7A 475122463.368159 475128448.039801 3.69173109176982e-08 65427 0.00044714934384887 0.305715877530421
0.91 7A 526403270.478261 526408996.826087 5.46587471649247e-08 6926 0.000141820707479064 0.666250192338975
0.92 7A 541642295.351351 541647316.891892 6.205953385276e-08 11387 0.00108061597699131 0.189205551787698
0.93 7A 553036092.027778 553041313.888889 6.9194456340206e-08 9726 9.65543645897594e-05 1.06855601193818
0.94 7A 562957540.466667 562962431.733333 7.65164840337547e-08 8357 0.000864791032906545 0.271710661811147
0.95 7A 574527804.375 574535198.875 8.2168093053408e-08 5250 0.00118847615619048 0.159346163583991
0.96 7A 592605781.948718 592609930.128205 8.45734894537662e-08 10221 0.00228455174444771 0.209367202888981
0.97 7A 609418370.333333 609423873.259259 1.07867173452439e-07 12150 0.000800934405020576 0.176421302186361
0.98 7A 616475271.75 616479698 1.57102214040677e-07 1141 0.000652097318141981 0.294788387510486
0.99 7A 621349090.571429 621352001.714286 1.84147707373474e-07 1323 0.00179260226001512 0.211466733572473
1 7A 626489933.4 626493633.4 2.27859086744802e-07 2066 0.00275783454017425 0.33671626272936
1.01 7A 633455496 633460164.5 2.93990111372018e-07 667 0.00670579395802099 0.113041583809541
1.02 7A 636120640 636126465.875 3.3352005822774e-07 1747 0.0108374854836863 0.0450003482633313
1.03 7A 638780694.833333 638786832.666667 3.65961049682004e-07 1729 0 NA
1.04 7A 641836658.6 641840105.8 3.98315866061825e-07 1598 0.00120412425531915 0.408119261327215
1.05 7A 644559000.4 644562431.8 4.26467304073737e-07 1635 0.00928652318654434 0.115746587326667
1.06 7A 646853451 646857138.2 4.49668216777695e-07 377 0.00372041564986737 0.934744912774998
1.07 7A 648425798 648431018 4.65299838222688e-07 249 0.00591716 0.341118036355279
1.08 7A 650348424.666667 650353345.666667 4.84087431102263e-07 507 0.0113842287968442 0.0751005751408052
1.09 7A 652561659 652567329.666667 5.0531720446972e-07 1994 0.00274467208625878 0.09037426562334
1.1 7A 654102942 654106615 5.1982078117577e-07 830 0.00380359789156627 0.632893519887836
1.12 7A 657710282.333333 657716025.333333 5.52975291722065e-07 1494 0.00297346773092369 0.0658466387193193
1.13 7A 659442873.333333 659446764.666667 5.68465396404589e-07 1393 0 NA
1.14 7A 660803140 660809119.5 5.80443884889751e-07 1245 0.00117485100401606 0.14667071719596
1.16 7A 663534156.5 663539501 6.03989483841744e-07 953 0.014250202455404 0
1.17 7A 666069189 666076810.75 6.33683648655931e-07 1046 0.0252013606118547 0.0349573112520344
1.18 7A 667098438.5 667105541.333333 6.49685178737284e-07 2378 0.00638559515979815 0.0432180362501655
1.19 7A 669403492.5 669406038 6.78686858943637e-07 320 0 Inf
1.2 7A 671279662.333333 671285693.333333 7.10901118726343e-07 1566 0.017387124265645 0.0598872032719152
1.21 7A 672187016.8 672191002.8 7.23183744925396e-07 2103 0.0165297605135521 0.066274995296341
1.22 7A 674187520.333333 674191324.333333 7.3930046349749e-07 735 0.00907681466666667 0.153813064554376
1.23 7A 675225028.8 675228942.4 7.41278602723506e-07 1231 0.0135046185215272 0.0302102933115748
1.24 7A 676102667 676103960 7.39741953551198e-07 40 0.0164835 0
1.25 7A 678037229.5 678040332.75 7.48519476089567e-07 1333 0.00686056045011253 0.22599693333075
1.26 7A 679970551 679975853.2 7.5789390405321e-07 3177 0.00999639118350645 0.14120725737675
1.28 7A 681997487 682001751.5 7.57546350086986e-07 215 0.00471606497674419 0
1.29 7A 683482195 683492670 7.73598778063299e-07 883 0 Inf
1.3 7A 685581322 685586908 7.83406245346194e-07 354 0.00391645 0
1.31 7A 686171032 686174157 7.83458023338092e-07 489 0.00572229693251534 0
1.33 7A 688960269 688968295 7.67652811711203e-07 910 0.00877814 0.283722975482278
1.34 7A 689959286.666667 689963318 7.55557652654551e-07 1010 0.01892343 0.4323465671921
1.35 7A 691049051 691052206 7.48612052446956e-07 377 0.0103045537665782 0
1.36 7A 691568181 691570712.5 7.49523332228067e-07 583 0.0185347339622642 0.0532189996364806
1.37 7A 692747212.4 692751578.2 7.62485073963902e-07 1629 0.0183924281399632 0.082517350442058
1.38 7A 693848144.5 693853840.75 7.69278868358299e-07 721 0.00708612721220527 0.0554277125864017
1.39 7A 694549294.5 694553479.5 7.69151345975711e-07 1060 0.00278243671698113 0.194699784862116
1.4 7A 696874731 696884105 7.43418979794158e-07 1032 0.00946657228682171 0.257094694872183
1.42 7A 699282670 699287944.25 7.12344227071371e-07 1579 0.00242600734642179 0.300620667593642
1.43 7A 700793800.8 700802289 6.98055763117117e-07 3509 0.0122871256568823 0.131249355085826
1.44 7A 701973247.615385 701978180.384615 6.93016020267374e-07 4482 0.0315129904997769 0.0606489007428622
1.45 7A 704446110.5 704450313 6.95710464959182e-07 515 0.0267588281553398 0
1.46 7A 705443260.7 705447810.8 6.98243123357579e-07 3230 0.0250932573065015 0.157633090120094
1.47 7A 707670109.333333 707675959 7.04775099719355e-07 1296 0.0177802872685185 0.0126315234590388
1.48 7A 709135929.25 709139936.5 7.01407428784412e-07 1113 0.0250438976639712 0.0104594239862332
1.5 7A 712272517.5 712275326 6.94610651332775e-07 630 0.0254682549206349 0.117390401967327
1.51 7A 713979442 713998193 6.91458806843126e-07 856 0 Inf
1.52 7A 715968797.5 715975331 6.88298719789364e-07 1052 0.00870991163498099 0.0617637689251853
1.53 7A 717743923 717746621 6.85914993638534e-07 290 0.0647482 0.109028513533967
1.55 7A 719569416 719572246.333333 6.83905626680833e-07 735 0.0306844797278912 0.0880568068966293
1.57 7A 721250156 721256446 6.82455685852289e-07 2444 0.0101994008674304 0.0739030194278621
1.58 7A 722255299.5 722259004.5 6.81268583221999e-07 460 0.0178349793478261 0.0521467784881213
1.59 7A 723277598 723282444 6.78964303676523e-07 1171 0.0241411368061486 0.0771920784431118
1.6 7A 724327185 724331463.75 6.76820987000964e-07 1335 0.0371572903370787 0.00432831801860162
1.61 7A 726297048.333333 726302373.666667 6.73702404553213e-07 1538 0.017214911443433 0.140993704772639
1.62 7A 727443573 727457990 6.72454329433371e-07 193 0.0415205113989637 0
1.63 7A 729531502 729536613.333333 6.71313423244001e-07 1153 0.0506716514310494 0.0791388783477762
1.64 7A 730715837.25 730721657 6.71284612349777e-07 3613 0.0299398016053141 0.172586350576382
1.65 7A 732914189.444444 732917514.666667 6.71976758704705e-07 1911 0.0420759990476191 0.0600016658849339
1.66 7A 735919403 735929341 6.71327116194227e-07 2062 0.0147860357904947 0.142119828386325
