poscM Chromosome Start End recRate nb_complete_site piSyn f0
0 1D 1585627.27272727 1590820.27272727 6.20213222718213e-07 2259 0.0028648678415228 0.142744964132311
0.01 1D 3961361 3965346 7.90674019502811e-07 90 0.0178771 0.141838441357938
0.02 1D 5445598 5450155 9.07754025682255e-07 20 0 NA
0.03 1D 5511254 5517977 9.13196172291157e-07 41 0 NA
0.04 1D 6331893 6345564 9.81664134084276e-07 62 0 Inf
0.05 1D 6766844 6771905 1.01837485613843e-06 50 0 Inf
0.06 1D 7472890 7478757 9.75567648046246e-07 49 0 NA
0.07 1D 9600084.5 9605716.83333333 9.80450593227368e-07 1269 0.0049204375177305 0.0748680960753263
0.11 1D 12201475.6666667 12206032 1.09296141099887e-06 63 0 NA
0.12 1D 15429533.5 15434868 3.44765211425436e-07 377 0 NA
0.15 1D 18064960 18068880 1.03243324302095e-06 71 0 NA
0.16 1D 19685563.6666667 19693027.3333333 1.34247166612346e-06 952 0.000793092899159664 0
0.2 1D 22943873 22947779 1.02511639374481e-06 198 0 NA
0.21 1D 24328938.5 24333739.5 9.86480612591416e-07 765 0 NA
0.23 1D 25845776 25849781 9.44830902534231e-07 586 0 NA
0.24 1D 27863820.5 27871401.75 8.90417204394331e-07 1219 0.00308695593109106 0.0618548367088712
0.3 1D 34782248.5 34785457 7.20468309871894e-07 839 0 NA
0.32 1D 36782465 36788138.25 6.78629324817066e-07 666 0 Inf
0.36 1D 41611708.5 41616411.5 5.79417109686836e-07 253 0 Inf
0.37 1D 43123433 43127371 5.48870895171306e-07 109 0 NA
0.38 1D 45717473.3333333 45722837.3333333 4.96996221198324e-07 721 0.00101591832177531 0
0.39 1D 47872956 47879800 4.54418729820784e-07 37 0 NA
0.4 1D 49388397.3333333 49397595.3333333 4.24798627943071e-07 227 0.00346707995594714 0
0.41 1D 53257543 53262976 3.50262437302993e-07 29 0 NA
0.42 1D 55589762.3333333 55593790.3333333 3.06110245205249e-07 912 0.000857368651315789 0
0.43 1D 60278706 60284220.8333333 2.19059511512612e-07 1295 0.000631979922779923 0
0.44 1D 70573954.2222222 70579534.1851852 6.72502609289215e-08 5674 0.000224442622488544 0.881892443320839
0.46 1D 85487699 85493537.6 0 1727 0 NA
0.47 1D 86976248.6666667 86983577 0 1245 0 Inf
0.48 1D 91231063 91236459.6666667 0 2006 0.000392119840478564 0.36682571812288
0.49 1D 118470780.710526 118476711.276316 0 16155 0.000327121993809966 0.218813465166807
0.5 1D 149639805 149650681 0 250 0 NA
0.51 1D 153766195 153777481 0 887 0 Inf
0.52 1D 207512175.40404 207520358.707071 3.50852950212018e-08 20503 0.000116930649661025 0.347590901655482
0.53 1D 251232851.571429 251240124.952381 7.77124943824651e-08 3949 0.000199694175740694 0.286572034751037
0.54 1D 264590420.625 264595702.25 8.95761490028261e-08 2027 0.000380363196842625 0
0.55 1D 281583864.391304 281588495.130435 1.03815226121428e-07 4025 0.000191013763975155 0.294115321142348
0.56 1D 294614025.933333 294619234.933333 1.13890117551278e-07 3519 0.000446379150326797 0.145200919911147
0.57 1D 301587942.375 301594915.75 1.19193145350339e-07 2535 0 Inf
0.58 1D 310055884.333333 310061548.333333 1.27011573574723e-07 2835 0.000264109077601411 0.937473791208615
0.59 1D 316468074 316476433.727273 1.34290013255134e-07 3079 0 NA
0.6 1D 325306853.625 325311376.625 1.40317728903343e-07 853 0 NA
0.61 1D 329357996.6 329364524.1 1.42130024620459e-07 2148 0 Inf
0.62 1D 335242670.5 335248477.6875 1.45678643239551e-07 4146 0.00166473082730342 0.0329398023914031
0.63 1D 343400805.235294 343407174.882353 1.52416458985581e-07 2497 0.000610598830596716 0.298137680422552
0.64 1D 350486010 350490248.75 1.59956232698433e-07 1898 0 NA
0.65 1D 356074486.7 356079442.7 1.67041273209051e-07 1879 0.000807688978179883 0.0935367347040033
0.66 1D 362016300.7 362021419.8 1.75730307515975e-07 1763 0.000877507623369257 0.29393549360273
0.67 1D 365739995.666667 365743918 1.81713837410722e-07 1355 0.000564101254612546 0
0.68 1D 371303908.857143 371307524.714286 1.91955596806254e-07 1386 0 Inf
0.69 1D 375603832.857143 375608015.142857 2.14645894662177e-07 969 0 NA
0.7 1D 381326076.538462 381329910.692308 2.51142926208756e-07 2540 0.000311960692913386 0
0.71 1D 386828820 386835225.222222 2.88873581014577e-07 3053 0.000683218021618081 0.216641754055927
0.72 1D 391650568.6 391654730.2 3.27063197875103e-07 517 0 NA
0.73 1D 397072273 397078005 3.86353264668435e-07 12 0 NA
0.74 1D 398822156.5 398825844 3.99445678763011e-07 498 0 Inf
0.75 1D 400777155 400781365 4.09747106533884e-07 295 0.00284698 0
0.76 1D 402252978.5 402256029.5 4.14093956761929e-07 206 0 NA
0.77 1D 403317454.2 403321338.6 4.15861865560585e-07 654 0.00380563669724771 0
0.78 1D 405760358.833333 405763941.333333 4.14325649619796e-07 950 0 NA
0.79 1D 408332052.5 408338420 4.13863704736999e-07 1517 0.00151519190177983 0
0.8 1D 410007265.333333 410015321.666667 4.18727371678738e-07 141 0 NA
0.81 1D 412264647 412266246 4.32244789199845e-07 232 0.00649481896551724 0
0.82 1D 414300825 414304306 4.29400191046945e-07 71 0 NA
0.83 1D 415907837.75 415914350.25 4.34341602822617e-07 1251 0.000649479376498801 0
0.84 1D 418746395.666667 418751939.166667 4.89333883922771e-07 2245 0.000337467897550111 0
0.85 1D 422326081.777778 422331726.666667 5.10337814912279e-07 2476 0.000350484006462036 0.800985970935185
0.86 1D 426703464.2 426707734 5.5654035357714e-07 560 0 Inf
0.87 1D 430413348.5 430418318 6.17892992914589e-07 281 0.00300108185053381 0
0.88 1D 430564939 430573646 6.20568788217035e-07 90 0 Inf
0.9 1D 431769929 431775134.666667 6.41036244932115e-07 1051 0 NA
0.91 1D 431986127.5 431990669.5 6.44612630054726e-07 704 0 NA
0.92 1D 433000020 433005217 6.61009137087298e-07 442 0 Inf
0.93 1D 433905297.5 433911086.5 6.75129360855977e-07 632 0.00116735705696203 0.634931422905084
0.95 1D 435537965 435540616 6.99218103707164e-07 282 0.00297794007092199 0
0.96 1D 436189306 436197416 7.08439141019421e-07 339 0 NA
0.98 1D 438672143 438677427 7.71668894864884e-07 471 0 NA
0.99 1D 440045087.5 440049315.75 7.39841015790141e-07 1038 0.000741206377649326 0
1 1D 443653897.444444 443658900.444444 7.21094957071323e-07 2056 0 Inf
1.01 1D 446086284.25 446090882.75 7.29093677112089e-07 686 0.0011714106122449 0
1.02 1D 446704966 446710961 7.28206479657885e-07 117 0 NA
1.03 1D 447932062.75 447936570.75 7.25583907283558e-07 571 0.00375157197898424 0.10768564220318
1.04 1D 448651423 448656746 7.24154780284398e-07 258 0 NA
1.05 1D 449926610.333333 449931321.666667 7.28355710853478e-07 906 0 Inf
1.07 1D 451947873 451949838.5 7.50257805153854e-07 290 0 NA
1.08 1D 452535069.333333 452540333.666667 7.60039023704992e-07 819 0.00388848437118437 0
1.09 1D 453274017 453278271 7.74903385554547e-07 526 0.0015444 0.280151515151515
1.1 1D 454222465 454228809 7.9780640640576e-07 10 0 NA
1.11 1D 455081339 455086342 8.22166627935877e-07 153 0 NA
1.12 1D 457143495 457152610 8.94988445238112e-07 11 0.0941176 0
1.13 1D 458825611.142857 458830042.714286 9.57683138438085e-07 1320 0.00627282924242424 0.0277786148548841
1.14 1D 461668421 461672972.666667 1.01761404495302e-06 540 0.0030345037962963 0
1.15 1D 462808824.25 462812669 1.05255185400399e-06 811 0.0151220124907522 0.0373642407555614
1.16 1D 463490591 463494658 1.10445679939063e-06 30 0 NA
1.17 1D 464140500 464147926 1.14170428773417e-06 458 0.00164384 0.618247518006619
1.18 1D 464472748 464475962 1.15565656864627e-06 103 0 NA
1.19 1D 465323219.5 465327339 1.17806501853366e-06 372 0.0120832134408602 0.103712032381901
1.2 1D 466124310 466131412 1.18035837954181e-06 1020 0.00467699349019608 0.239435713745853
1.21 1D 467030496 467034813 1.16222084841733e-06 89 0 NA
1.22 1D 468042468.833333 468049557.833333 1.12599828983587e-06 583 0.00405850094339623 0
1.23 1D 469093351.666667 469098675.666667 1.15139589326825e-06 628 0 Inf
1.24 1D 469608095 469608964 1.16198626204078e-06 87 0 NA
1.25 1D 470607651.666667 470612786.666667 1.15571571083561e-06 988 0.00241403697368421 0
1.26 1D 471604847 471610191.5 1.11496855387349e-06 210 0 NA
1.27 1D 472116569.5 472120408.5 1.08015212803411e-06 417 0 NA
1.28 1D 472653724.75 472656604.5 1.05231527086348e-06 705 0.00107095665248227 0
1.29 1D 473733996.8 473739357 1.02285189582967e-06 1412 0.00274871954674221 0
1.3 1D 474873196.5 474875878.5 9.98112233610105e-07 233 0.00605558678111588 0
1.31 1D 476816320.444444 476820720.222222 9.84057509137672e-07 1903 0.000812605538623227 0.298576242498052
1.32 1D 478239598 478244400.5 9.91792775493035e-07 362 0.00460876906077348 0
1.33 1D 479227885 479231447 1.00675012859597e-06 42 0 Inf
1.34 1D 479750606.666667 479756894 1.01795443385136e-06 848 0 NA
1.35 1D 480623104.428571 480628800.714286 1.04108390999774e-06 1086 0.00336604203499079 0.446455492884306
1.36 1D 481330712 481333368 1.0548362859197e-06 26 0 NA
1.38 1D 483066434 483070928.5 1.05837717269826e-06 800 0.02286582325 0.0505949299245108
1.39 1D 483592117.5 483596906 1.05400985289677e-06 178 0.0098571404494382 0
1.4 1D 484628041.166667 484634076.666667 1.0507977128719e-06 1313 0.00377282481340442 0.184193613663567
1.41 1D 485531790 485537575.5 1.05138657111468e-06 432 0 NA
1.43 1D 487229287.333333 487234355 1.0533261036534e-06 431 0 NA
1.44 1D 488262170.5 488269249 1.05306624941941e-06 1056 0.00300363636363636 0
1.46 1D 491035123 491042986.5 1.04846809770525e-06 160 0 NA
1.47 1D 492601707 492608186.8 1.04805968518512e-06 1180 0 NA
1.48 1D 494020208.714286 494024967.142857 NA 1727 0.00408940655471917 0
0 2D 278541 286171 NA 34 0 NA
0.01 2D 674132 677669 1.63664751461928e-06 145 0 NA
0.04 2D 3077076 3080377 1.52307003389834e-06 19 0.0358209 0
0.05 2D 3773856 3790417 1.49011709750458e-06 479 0.00507937 0.280747415525941
0.06 2D 4461128 4465758 1.45761527914681e-06 22 0 NA
0.07 2D 5097757 5100568 1.42676954255926e-06 51 0 NA
0.08 2D 5293241.33333333 5296648.66666667 1.41716802697136e-06 467 0 NA
0.09 2D 5761715 5768783 1.39391323107849e-06 23 0 NA
0.1 2D 6530120.5 6537923.5 1.35530141862115e-06 941 0.00244744823591923 0
0.11 2D 7297165.33333333 7299924.66666667 1.31617448567802e-06 530 0.0217224069811321 0.179442665223946
0.12 2D 8608323.33333333 8614107.66666667 1.24728751429227e-06 183 0 NA
0.14 2D 10331769 10337663 1.1570392402103e-06 459 0.00329218 0
0.15 2D 11616891.5 11626347.5 1.06153500835128e-06 296 0 Inf
0.17 2D 12783898 12786429 9.24673861553743e-07 40 0.0191235 0.302774596700395
0.18 2D 13594221 13595979 8.57818503491807e-07 342 0.00692872175438596 0.0949518953826424
0.19 2D 14462587.5 14468507 8.49862206736574e-07 1192 0.000684299496644295 0.178879591999362
0.21 2D 18391827.3333333 18395383 8.85080570721069e-07 959 0 NA
0.25 2D 22447585 22452904 1.07647190836635e-06 130 0 NA
0.28 2D 25054197 25061602.5 1.15153020987757e-06 148 0.0204016567567568 0.0763412099679769
0.3 2D 27157676 27164783 1.11817969752704e-06 443 0.00943991715575621 0.0539866184214179
0.31 2D 27916184 27921352.5 1.12828653756869e-06 135 0 NA
0.32 2D 28626605 28640397 1.18526565373525e-06 1424 0 Inf
0.33 2D 29017297.3333333 29022323.6666667 1.20254437578848e-06 869 0 Inf
0.34 2D 29492720 29495680 1.21462214582358e-06 26 0 NA
0.35 2D 30467249.6666667 30474380.3333333 1.19476296319527e-06 792 0.000991804722222222 0.876518591109305
0.37 2D 32237684.5 32243746.5 1.02138008620724e-06 535 0.00453019960747664 0
0.38 2D 32798475 32803889 9.61459787968521e-07 255 0.00311891 0
0.39 2D 34092065.5 34095596 9.32371755695829e-07 286 0 Inf
0.4 2D 35659239 35667051 8.93972290466774e-07 400 0.003934281475 0
0.41 2D 36279340 36284266 8.77906572427696e-07 228 0.0305949 0.0330708712890057
0.42 2D 37616463.3333333 37620298.3333333 8.41290420633985e-07 877 0.000899404424173318 0.290962695597573
0.45 2D 42642074 42649751.5 6.74929229755151e-07 579 0 Inf
0.46 2D 43991669 43995409 6.23494640755343e-07 201 0 NA
0.47 2D 46109370 46118144 5.57827526895627e-07 714 0.00109297299719888 0
0.49 2D 49534122.25 49539092.5 4.93568325359354e-07 535 0 NA
0.5 2D 52139486 52148038.5 4.79460702208888e-07 404 0 Inf
0.51 2D 54076594 54078462 4.88814052157956e-07 56 0 NA
0.52 2D 55323202.5 55329617.6666667 5.04285540458205e-07 2071 0 Inf
0.53 2D 57106889 57114296 5.3647458958593e-07 272 0 NA
0.54 2D 60982632 60989632.5 5.13247594260857e-07 458 0.00162282259825327 0.314386176169547
0.55 2D 62283732.5555556 62287307.8888889 5.10446348309364e-07 1089 0 Inf
0.56 2D 63817599.3333333 63825069 5.05458429648612e-07 713 0 NA
0.57 2D 66744367.6666667 66749511.6666667 4.79359021855492e-07 798 0 Inf
0.58 2D 67760014 67768093 4.70184251213731e-07 234 0 NA
0.59 2D 69853863.6666667 69857696 4.51056040915821e-07 791 0 Inf
0.6 2D 72729946.6666667 72734582.6666667 4.24299759391727e-07 711 0 NA
0.61 2D 73570010 73579027 4.16368597833293e-07 735 0.00112623 0
0.62 2D 75127026 75131939.4 4.01409925928444e-07 1274 0 NA
0.63 2D 78224509.2 78233906.8 3.70295818168947e-07 2537 0 NA
0.64 2D 80449729.2857143 80456091.2857143 3.50264706331473e-07 2716 0 Inf
0.65 2D 83310052.25 83317476.25 3.27332335343699e-07 264 0 NA
0.66 2D 86282101.6666667 86290970.3333333 3.07215844692288e-07 1419 0 NA
0.67 2D 88953785.2 88957884.7 2.91790500635125e-07 1034 0 Inf
0.68 2D 94769960.875 94773646.75 2.6558364452518e-07 1826 0.000407063745892662 0.308556531266581
0.69 2D 102194231 102197485 2.08055417227264e-07 931 0 Inf
0.7 2D 108792630.538462 108797921.692308 1.86127888851304e-07 1851 0 Inf
0.71 2D 115295431.933333 115299667.866667 1.66723440735943e-07 2675 0 Inf
0.72 2D 120879864 120884720.461538 1.52678612692106e-07 2552 0 Inf
0.73 2D 127136648.625 127143825 1.40995469309074e-07 1320 0 NA
0.74 2D 130979734.285714 130985699.428571 1.30455026230739e-07 1479 0 NA
0.75 2D 137191224.25 137197250.25 1.16839722339806e-07 1518 0 Inf
0.76 2D 145174094.5 145179662.75 9.97739348665556e-08 1816 0.000436560077092511 0
0.77 2D 169251962.574074 169259028.944444 4.91965635110057e-08 11698 0 Inf
0.78 2D 196437634.090909 196442058.454545 1.79987640092016e-08 2959 0 NA
0.79 2D 207637118.857143 207644572.821429 1.07798944165699e-08 5299 0 Inf
0.8 2D 291918490.0625 291927696.125 8.26724981174402e-09 25278 0.000105845538531529 0.244296769402473
0.81 2D 351991700.142857 351997226.357143 4.55998136154998e-08 6871 0.00010870289331975 0
0.82 2D 371884059.222222 371889397.666667 6.17715750664348e-08 5436 0 Inf
0.83 2D 382037547.357143 382043869.857143 6.76442494147376e-08 2589 0.000316976925453843 0
0.84 2D 395947487.913043 395952848.608696 7.35987923165501e-08 3409 0 NA
0.85 2D 414638876.181818 414642598.272727 7.90129585562478e-08 1290 0 Inf
0.86 2D 422338450.555556 422343633 7.95120262790558e-08 2673 0.000285845491956603 0.299805029676795
0.87 2D 439167711.166667 439172114.694444 8.60027410445887e-08 5917 0.000671383415582221 0.4047893116659
0.88 2D 455896268.1 455901137.8 9.52789480360231e-08 2170 0.000356770368663594 0.787354892851473
0.89 2D 460787608.7 460795093 9.72243432976092e-08 2288 0.000323816756993007 0.315705685009142
0.9 2D 470255016.8 470261956.6 1.00502775299043e-07 1204 0 Inf
0.91 2D 477880998.625 477887228.875 9.70901054332806e-08 1701 0.00046778353909465 0.286759994158601
0.92 2D 490302609.1 490306704.35 8.90378370688801e-08 4083 0.000404493971099682 0.139315282295937
0.93 2D 498037609 498042426.714286 9.05420715777727e-08 1633 0.000528941322718922 0.265601934090161
0.94 2D 510628241.625 510632915.625 1.04730148680959e-07 1297 0 NA
0.95 2D 516911629.692308 516918731.076923 1.17275884726371e-07 1831 0.0028466690715456 0.0850366250680246
0.96 2D 525076835.5 525084776.8 1.36769084665238e-07 1934 0.000402525346432265 0.290930120826372
0.97 2D 534068688.923077 534073318.461538 1.54491917760568e-07 3250 0 Inf
0.98 2D 540164299.454545 540171178.545455 1.69547768287116e-07 1813 0 Inf
0.99 2D 546212670.727273 546217137.454545 1.87244705382166e-07 2101 0 NA
1 2D 551887792 551893117 2.10942862439347e-07 35 0 NA
1.01 2D 554076980.6 554081119.6 2.12479360754295e-07 630 0 NA
1.02 2D 556948770 556952348 2.23286693745251e-07 627 0 NA
1.03 2D 563300273.75 563306107.75 2.59011667020841e-07 274 0 NA
1.04 2D 566033309.166667 566038546.333333 2.72351386308646e-07 1052 0 NA
1.05 2D 571709018.857143 571715084.142857 3.07368886872745e-07 2555 0.000549969847358121 0.103664013716859
1.06 2D 575079460.4 575084275.8 3.34989517398237e-07 1384 0.00117453208092486 0
1.07 2D 578089004.5 578093877.833333 3.72768633079087e-07 1105 0.00140176935746606 0.542117456674697
1.08 2D 580144968.8 580149010.8 4.02459666948196e-07 646 0.014607899752322 0.169392735931791
1.1 2D 585431668 585433529 4.25765755138562e-07 94 0 NA
1.11 2D 587703734.25 587708767 4.20612140331616e-07 1644 0.000458983223844282 0
1.12 2D 589263216 589268107 4.19849756652746e-07 711 0 NA
1.13 2D 590328358.75 590333739.5 4.17850736628555e-07 1669 0 Inf
1.14 2D 593193919.666667 593201392.666667 4.16949299773634e-07 767 0 Inf
1.15 2D 595188829 595193889.6 4.21905825990572e-07 516 0 NA
1.16 2D 598305419 598311069 4.45836206125317e-07 1373 0.000549434697742171 0
1.17 2D 600907334.142857 600912680.571429 4.64132805154316e-07 1292 0.000543683034055728 0
1.18 2D 605538745.5 605542615.5 4.70416465198553e-07 366 0 NA
1.19 2D 606934560 606940384 4.79771410968075e-07 872 0 Inf
1.2 2D 609066404 609073138.833333 4.86023836255333e-07 2064 0.000388976372093023 0.574999167463032
1.21 2D 610652375.6 610656624.2 4.8357713484767e-07 777 0 Inf
1.22 2D 611933543 611936950.5 4.77164991114567e-07 354 0 NA
1.23 2D 613260459 613268590.666667 4.66493634148558e-07 337 0.00237388605341246 0
1.24 2D 614847553 614850955 4.4804229690392e-07 104 0 NA
1.25 2D 617153095 617157738.428571 4.10019874815141e-07 1587 0.0050675213610586 0.0287590858093732
1.26 2D 620278047 620281968.25 3.82666024059553e-07 771 0.00108308625162127 0.270129862602605
1.27 2D 622181749.25 622187644 3.55620463508826e-07 452 0.0473648202212389 0.0108010413243703
1.28 2D 624775168.4 624780281.4 3.31024804426049e-07 689 0.00117083002902758 0.550091749506128
1.29 2D 629171707.333333 629182093.333333 2.89126093652081e-07 693 0 NA
1.3 2D 634280886.625 634285588.375 2.40221134204934e-07 1851 0.000412738622366289 0.185286512843367
1.31 2D 645032418.766667 645037478.6 1.84946191565062e-07 6286 0.0056963528762329 0.0520754615563982
0 3D 2166963 2172463.5 9.06065976297436e-07 1634 0.00943054584455324 0.029465824917228
0.01 3D 3828891.5 3834347.75 9.28225958718266e-07 1557 0.00153824960822094 0.190982244981267
0.02 3D 6439560.5 6444455.16666667 9.69727021987543e-07 882 0.00213198526077097 0.116586607927735
0.03 3D 7412548 7420522.5 9.83660666486165e-07 274 0.0319806697080292 0.052232749858534
0.04 3D 8838316 8847966 1.00170295845392e-06 92 0 NA
0.05 3D 8971249 8975091 1.00320593344541e-06 279 0.00268607 0
0.08 3D 11692665 11697586 1.02743486681109e-06 760 0 NA
0.09 3D 12187146 12191708 1.02878269998627e-06 141 0 NA
0.1 3D 13308046 13314633 1.05379696048797e-06 351 0 Inf
0.12 3D 14698991.5 14702085 1.07044592502468e-06 231 0.00319492554112554 0.317318683659342
0.14 3D 16445959.6666667 16451798.3333333 1.09433544910164e-06 542 0 NA
0.16 3D 18433687 18434946 1.07986416949365e-06 85 0 NA
0.19 3D 21004883 21005972 1.20693226838003e-06 83 0.00930233 0
0.2 3D 22047120 22052398 1.26047788850451e-06 301 0 NA
0.21 3D 22084926 22092885 1.26171583209763e-06 432 0 Inf
0.22 3D 23061692 23065089 1.27462139162698e-06 205 0 NA
0.23 3D 23812818 23816868.6666667 1.26030705082763e-06 459 0 NA
0.25 3D 25121982 25127028 1.18845729508482e-06 590 0.00131507 0.594461891762416
0.26 3D 26215820.5 26219240.5 1.08021369422023e-06 383 0 NA
0.27 3D 26449214 26453950 1.05144118125485e-06 74 0 NA
0.3 3D 29165377 29172091 8.30142756725139e-07 120 0 NA
0.31 3D 30130841.6666667 30140220.3333333 7.83929831075546e-07 727 0 Inf
0.32 3D 31977949.5 31983703 7.17664151534811e-07 553 0 Inf
0.33 3D 33033872 33040943.5 6.93481380837326e-07 1142 0.00195426094570928 0.315975707130586
0.34 3D 36390409 36396069 6.12548382685797e-07 1051 0.00227447010466223 0
0.35 3D 39148530.5 39152143.25 5.69154922251205e-07 789 0 NA
0.36 3D 42321805.8181818 42325076.1818182 5.35448429206508e-07 1305 0.00673046076628353 0.148934127616274
0.37 3D 44647276.1428571 44651776.8571429 5.52793265053686e-07 702 0 NA
0.38 3D 47078959 47088732.3333333 5.26990006919222e-07 234 0 NA
0.39 3D 48846765.8 48850724 5.00725013227735e-07 1008 0 NA
0.42 3D 53380984 53383931 4.37575211237598e-07 51 0 NA
0.45 3D 58717152.3333333 58721804.6666667 3.71137792836259e-07 818 0 NA
0.46 3D 61829989.5 61834165 3.36256003093382e-07 444 0 NA
0.47 3D 64139382 64143914 3.12288063359998e-07 565 0 NA
0.48 3D 66902909.1428571 66909198.4285714 2.85717298348642e-07 2199 0.000347640259208731 0
0.49 3D 70705479.75 70714268 2.52199648417196e-07 187 0 NA
0.5 3D 82419951.6666667 82426461.8333333 1.81481737238391e-07 5166 0.00063599362369338 0.139136494531288
0.53 3D 95052360.5 95057074.5 1.18535892987429e-07 294 0 NA
0.54 3D 96035706 96039045 1.14382688181637e-07 541 0 NA
0.55 3D 110040593.904762 110045984 6.67006394395955e-08 4294 0.000105775037261295 0.508127941819912
0.56 3D 131812995.681818 131818549.363636 2.63121831911556e-08 4294 0.00057158376804844 0.27823571624402
0.57 3D 148405674.411765 148411196 2.62767012516615e-08 2342 0.000694781537147737 0
0.58 3D 166305586.258065 166311404.258065 2.69122047529645e-08 7337 0.000213316943709963 0.238881079380867
0.59 3D 245655184.606061 245665135.464646 1.78356989835791e-08 24500 0.000240407921387755 0.0394524110008468
0.6 3D 309780708.205882 309787223.941176 3.98650666509236e-08 7636 0.000110117875851231 0.729816410601478
0.61 3D 328934086.695652 328940932.304348 3.45404790316902e-08 4472 0.000334840711091234 0.350899284166878
0.62 3D 344520841.25 344528318.7 3.9198687568945e-08 4767 0.000507099970631424 0.0959615500731306
0.63 3D 366809101.675 366814561.6 6.69951579582263e-08 5454 0.00014166437257059 0.598841652373978
0.64 3D 385075065.263158 385080325.789474 1.05878923604095e-07 3882 0.000211954984544049 0
0.65 3D 396504887.5 396509751 1.38824835035759e-07 2893 0 Inf
0.66 3D 402763721.285714 402769404.5 1.60956974124688e-07 2185 0.000336939757437071 0
0.67 3D 409838706.142857 409843702.857143 1.9068980470047e-07 2052 0 NA
0.68 3D 415352280.466667 415357668.933333 2.08266715173388e-07 2613 0.000296643689246077 0.497676557360781
0.69 3D 420434994.714286 420448454.857143 2.19663926322097e-07 2017 0 Inf
0.7 3D 426280305.1 426287997.9 2.2710324552936e-07 2755 0.00028342819600726 0.585887069115973
0.71 3D 430192735.5 430196757.25 2.36657782197563e-07 453 0 NA
0.72 3D 434310561 434314390.4 2.48535821946833e-07 776 0.00096512412371134 0
0.73 3D 438177755.454545 438180752.454545 2.57732122295614e-07 1433 0.00151800145847872 0
0.74 3D 441859639.75 441863568 2.64712071790508e-07 292 0.00282376643835616 0
0.75 3D 444119996.2 444124569 2.68171070696209e-07 1050 0.000799183466666667 0.268804159445407
0.76 3D 447875005.8 447880177.8 2.72453067130702e-07 1191 0.00240667405541562 0
0.77 3D 450434041 450440718.5 2.74434187368496e-07 1137 0 Inf
0.78 3D 454194018.75 454197693.25 2.77824919490041e-07 659 0.00114362497723824 0
0.79 3D 456817395.25 456821071 2.80176412299993e-07 1108 0.00143012736462094 0.439975965383205
0.8 3D 459331969.714286 459336612.142857 2.81707982809242e-07 2264 0.00180332544611307 0.0553077881261479
0.81 3D 462180785.142857 462184152 2.82638751163058e-07 913 0 Inf
0.82 3D 466212290 466219611.666667 2.82461703495732e-07 463 0 NA
0.83 3D 469141040.833333 469145603.166667 2.81240274543856e-07 1870 0 NA
0.84 3D 473120564.375 473124904.75 2.78103920226949e-07 1171 0 Inf
0.85 3D 476626817 476632933.25 2.73885576880395e-07 478 0 NA
0.86 3D 480516362.2 480520282.4 2.67136130267844e-07 657 0 NA
0.87 3D 484378959 484385344.4 2.52469639340391e-07 424 0 Inf
0.88 3D 488053945.375 488060789.5 2.40353544109077e-07 1082 0 Inf
0.89 3D 490835971.5 490841548.5 2.35559783677563e-07 257 0 NA
0.9 3D 497073917.454545 497078594.272727 2.39904339208745e-07 2219 0.000711347579990987 0.147111448234247
0.91 3D 502475213.5 502480355.25 2.44957850907314e-07 663 0.00248565390648567 0
0.92 3D 506451325.25 506457274.25 2.30880774188963e-07 1601 0.0013989617988757 0
0.93 3D 509973716.625 509977461.5 2.3020972643752e-07 1655 0.000469056809667674 0.296357763761749
0.94 3D 514623874.875 514628654.375 2.44749139684636e-07 2103 0.000403964498335711 0.533203743581183
0.95 3D 517984930.666667 517989429.333333 2.54852967909201e-07 811 0 NA
0.96 3D 522634926 522641333.333333 2.60849819881443e-07 715 0 NA
0.97 3D 526178957.444444 526185937 2.66786312050862e-07 2822 0.000848734486180014 0.0951476820836585
0.98 3D 530225634 530231098.428571 2.86705120974846e-07 1591 0.000958626769327467 0.454238592748155
0.99 3D 533798119 533801830 3.034039580881e-07 637 0 NA
1 3D 536258844.666667 536264536.166667 3.17326978883971e-07 1055 0 NA
1.01 3D 539700012.333333 539704809.666667 3.44352132423341e-07 779 0.00088660296534018 0.346622542249976
1.02 3D 542602150 542604949.5 3.73876753054373e-07 181 0 NA
1.03 3D 544181579.666667 544187208.333333 3.95568547963175e-07 1257 0 NA
1.04 3D 546942630.428571 546947126.714286 4.42390086758601e-07 1503 0.000524440159680639 0
1.05 3D 548665294.333333 548670242.666667 4.64228965303537e-07 432 0 NA
1.06 3D 552473900 552478618.5 5.17346880704441e-07 523 0 NA
1.07 3D 553804476 553808584 5.43732896602405e-07 451 0.0155470616407982 0.119270639372498
1.08 3D 556163751 556169478 5.66478806867613e-07 227 0.0068916 0
1.09 3D 559131007 559136000 5.23308547192101e-07 380 0 NA
1.11 3D 561100339 561103456 4.68249845595289e-07 120 0 Inf
1.12 3D 562695667 562700114 4.19091743972534e-07 66 0 NA
1.14 3D 567915722.333333 567918341.333333 4.21650629432786e-07 874 0 NA
1.15 3D 570474217 570477604 4.3110042430928e-07 158 0 NA
1.16 3D 573780557.5 573785733 4.52312590194496e-07 567 0.00258061661375661 0.481497039364736
1.17 3D 576199730.5 576205557.5 6.54667504556716e-07 255 0 Inf
1.2 3D 579657919 579659615 8.37654284417913e-07 123 0 NA
1.22 3D 581725361 581731778 9.13354072446749e-07 353 0.00442396 0.147398484615593
1.25 3D 583930698 583937728 1.08116289286303e-06 37 0 NA
1.27 3D 586106048 586114994.333333 1.17064205812015e-06 870 0.00187642279310345 0
1.28 3D 586951080 586954640 1.17846042519016e-06 234 0 NA
1.3 3D 588393624 588396164 1.15647821665452e-06 181 0.0040404 0
1.32 3D 590220428 590224762 1.11552652287424e-06 11 0.0888889 0
1.33 3D 591530061 591534722.5 1.10857670461484e-06 155 0 Inf
1.36 3D 594502374 594509478 1.08337120591329e-06 512 0.0013586966796875 0
1.37 3D 595065936.333333 595071034.333333 1.06304052272049e-06 218 0 NA
1.39 3D 597485531 597490492 9.40581881270846e-07 24 0 NA
1.4 3D 598359028.5 598362995 9.03134060402496e-07 519 0 NA
1.44 3D 601917967 601925473 8.39242228673895e-07 113 0 NA
1.45 3D 603221783 603224925 8.51293766465317e-07 49 0.0308682 0
1.46 3D 604040123.5 604047001 8.50083349552002e-07 206 0.013482332038835 0
1.47 3D 606597370.571429 606602158.571429 8.36233177455175e-07 1365 0.0036719098021978 0.179991968248209
1.48 3D 609382957.25 609387420.5 8.13381864735285e-07 580 0.000866117034482759 1.20346649019401
1.49 3D 610387482 610394713 8.09284689085161e-07 261 0 NA
1.5 3D 611322012 611325090 8.050619261846e-07 212 0.00357704259433962 0
1.51 3D 611673342 611674917 8.03322383605504e-07 252 0.011310780952381 0.0810426967276059
1.54 3D 613655948 613661845.5 7.9167398967585e-07 304 0 Inf
0 4D 2715516.85714286 2719367.71428571 2.01232103207241e-06 1289 0.0321787276958883 0.0167133055823299
0.01 4D 4540088.25 4543829.25 1.93267387612132e-06 907 0.00862317794928335 0.0584491818056472
0.03 4D 5653252.25 5657722 1.88488486036903e-06 900 0 NA
0.04 4D 6032395 6038324 1.86872691417363e-06 782 0.00158989 0.186270748290762
0.05 4D 6492055 6495568 1.84932295239492e-06 134 0.00597015 0
0.06 4D 6620765.5 6626380.5 1.8438496700169e-06 304 0.0103756049342105 0
0.07 4D 6896320 6899884 1.832296722521e-06 79 0 NA
0.1 4D 7741621.2 7747547.8 1.79622764777881e-06 1377 0.00626233184458969 0.026573557095789
0.14 4D 8671169 8676540 1.75651500167561e-06 251 0 NA
0.15 4D 8890176 8891654 1.74728245487831e-06 43 0 NA
0.16 4D 9320903.66666667 9330279 1.72884860833957e-06 752 0 NA
0.18 4D 10247019.5 10251329.5 1.68988215814243e-06 244 0 NA
0.2 4D 10981861 10987485 1.6590679355463e-06 76 0 NA
0.21 4D 11539748.5 11547543.5 1.63577545979144e-06 176 0 NA
0.22 4D 11901992 11907231.8 1.62079223187722e-06 834 0.0010000278057554 0.266761539328421
0.23 4D 12458543 12464968 1.59775350538049e-06 509 0.00334519273084479 0.136722990637651
0.24 4D 12530059 12534269.3333333 1.59484979421864e-06 331 0.00236437613293051 0
0.25 4D 13118072 13123065 1.57065188621112e-06 190 0 Inf
0.26 4D 13556159 13560697 1.55272146490988e-06 208 0.0452474 0
0.28 4D 14608229 14611486 1.50994040881085e-06 94 0.0712681 0.0659445109382739
0.29 4D 15436036.5 15440181.5 1.47651235826905e-06 97 0 NA
0.3 4D 15878727.625 15883690.125 1.45872856010685e-06 1633 0.00674777933864054 0.146247580091138
0.31 4D 16495708.6666667 16500644.6666667 1.43402599585074e-06 908 0 NA
0.32 4D 17410925 17416671.4 1.39507589099661e-06 887 0 NA
0.33 4D 19343284 19348739.4 1.31289680708587e-06 947 0 Inf
0.34 4D 20538853 20540667 1.26313709059818e-06 92 0 NA
0.35 4D 21478569.75 21488740.25 1.22430760029675e-06 2504 0.000622727396166134 0.443277430380398
0.36 4D 22005673.25 22010299 1.20291579998222e-06 929 0 NA
0.37 4D 23272083.5 23278745.25 1.15179258898008e-06 1724 0 NA
0.39 4D 25619119.3333333 25625496.6666667 1.05923643368942e-06 921 0.00247546074918567 0
0.4 4D 26644034.25 26649329.75 1.01970277824671e-06 1014 0.00152063597633136 0.299700164381549
0.41 4D 28804754.25 28814801 9.37921485088408e-07 2045 0 NA
0.42 4D 30334194 30338978 8.80248289107332e-07 647 0 Inf
0.43 4D 31981123 31987899.3333333 7.67371700000615e-07 349 0.00259326853868195 0
0.44 4D 36469965.75 36479858 4.50496801519231e-07 1042 0.000766147485604607 0
0.45 4D 40425479.25 40429449.25 2.585661058759e-07 852 0 NA
0.46 4D 43628048.5 43634636.75 1.69098646848158e-07 2451 0.000660358906568747 0
0.47 4D 48521101 48524795.5 1.29257093491678e-07 432 0 NA
0.48 4D 52513073 52517230.6 1.55997436661399e-07 671 0.00117099339791356 0
0.49 4D 55253534.5 55259157.5 1.5096023992413e-07 259 0 NA
0.5 4D 59022659.7142857 59030027.5714286 9.90803630947822e-08 1227 0 Inf
0.51 4D 75448556.7446809 75453907.2765957 6.66077190860532e-08 11424 0.000108995833333333 0.368881630789859
0.52 4D 95917419.8421053 95923074.5789474 5.30054378272137e-08 3849 0.000862919781761497 0.137267771104564
0.53 4D 108027540.785714 108033116 5.37361589049128e-08 1879 0.000416502660989888 0
0.54 4D 146634264.688889 146641613.533333 1.69357429184271e-08 11126 0 Inf
0.57 4D 235286801.787879 235300550.666667 8.67311322541179e-09 7499 0.000316419178557141 0.192788219296623
0.58 4D 279261635.875 279279218 1.91937930196914e-08 3051 0 NA
0.59 4D 303780167.914894 303786723.106383 2.26606845646369e-08 10881 7.55191342707472e-05 0.55749165565019
0.6 4D 337372001.822581 337377718.129032 2.81868772460463e-08 12319 0.000268081040668885 0.14009055965929
0.61 4D 366617705.837838 366621990.918919 8.75669105926657e-08 6579 0 Inf
0.62 4D 378509054.125 378515090.875 1.16291618349415e-07 2726 0 NA
0.63 4D 381406334.2 381411879 1.27889017470086e-07 2337 0 NA
0.64 4D 388236386.6 388241128.6 1.18155273922356e-07 1856 0.00128281693426724 0.38579917546843
0.65 4D 395238508.545455 395242964.727273 1.13098852582533e-07 2602 0.000306263443504996 0.285179311898439
0.66 4D 407260436.904762 407267095.952381 1.2681314421275e-07 2943 0 Inf
0.67 4D 418519225.181818 418526175.090909 1.52570211261419e-07 2738 0 Inf
0.68 4D 422272111.818182 422278149.909091 1.62735758359154e-07 1521 0.000629353346482577 0
0.69 4D 428892676.545455 428897577.181818 1.82372783817165e-07 1344 0 NA
0.7 4D 433044446.666667 433049517.666667 1.95845576317894e-07 634 0 NA
0.71 4D 436060585.333333 436066591.222222 2.06212696650645e-07 1488 0 NA
0.72 4D 441013831 441019186 2.16138148982961e-07 828 0 NA
0.73 4D 444891847.833333 444896816.333333 2.00128926898156e-07 2278 0.000436131940298507 0
0.74 4D 449691153 449696347.75 1.97536428472814e-07 2756 0.000617765823657475 0.266383969280284
0.75 4D 455209692 455212433 2.46989424120786e-07 372 0 NA
0.76 4D 459024257 459027832 3.20724126290563e-07 349 0 NA
0.77 4D 460596598.5 460599849 3.62521786853904e-07 461 0 NA
0.78 4D 462930805 462936059.6 3.95367110014475e-07 1095 0 NA
0.79 4D 465862161.25 465867833.5 3.7588688964142e-07 467 0 NA
0.8 4D 468301036.5 468305557.875 4.02708771700534e-07 1812 0 Inf
0.81 4D 470112309 470114971 4.49569591113814e-07 86 0 NA
0.82 4D 473554700.8 473562590.9 6.15192718292889e-07 2449 0.000313052633728052 0.293193893193893
0.83 4D 476093727 476097221.5 7.88980726171464e-07 218 0 NA
0.84 4D 476993346.333333 477003491 8.63526139429555e-07 228 0 NA
0.85 4D 478137569 478147213.5 9.6700679636288e-07 406 0 NA
0.86 4D 479037373 479040288 1.05496061126125e-06 162 0 NA
0.87 4D 479818594 479826531.5 1.1369360031931e-06 398 0 NA
0.88 4D 480851796 480855778.5 1.33176389327082e-06 450 0.00188300311111111 0
0.89 4D 481154524 481158333.5 1.41778948952823e-06 147 0 NA
0.9 4D 481719506 481721188 1.55672682538193e-06 76 0 NA
0.91 4D 482515468.75 482524720.25 1.57650631796025e-06 399 0 NA
0.92 4D 483097462.5 483101071.5 1.48297304492867e-06 735 0 NA
0.94 4D 484658987 484663855 1.36771896295478e-06 491 0 NA
0.97 4D 486184209 486189655 1.20403797515865e-06 219 0 NA
0.98 4D 486844683.5 486848271.5 1.11737536023489e-06 680 0.00103081264705882 0
0.99 4D 487097455 487102364 1.08191985077668e-06 46 0 NA
1 4D 489176918 489181073.5 7.17219210835375e-07 79 0 NA
1.01 4D 492662911.75 492668783 3.81470157803704e-07 1187 0.00343649730412805 0
1.03 4D 497173124 497175062 8.97874788556914e-07 115 0 NA
1.04 4D 498049630.666667 498053056 9.97749766552747e-07 280 0 NA
1.05 4D 498611259 498613783 1.05942393616346e-06 97 0 NA
1.06 4D 498893079 498900058.5 1.08995600170416e-06 159 0 NA
1.07 4D 499389383 499395280 1.12767994364848e-06 370 0.00231884 0
1.08 4D 500215608 500234054 1.20072977848558e-06 897 0 NA
1.09 4D 500770104.5 500774487.5 1.30943024118865e-06 363 0 NA
1.1 4D 501318167.5 501322494.5 1.47447382317567e-06 402 0 NA
1.11 4D 502484801.25 502489050 2.02864414617242e-06 693 0 NA
1.12 4D 504113747 504119151.2 2.59249635612383e-06 1172 0 NA
1.17 4D 505427738 505432457 3.07149578258463e-06 94 0.0102564 0
1.22 4D 506204779 506206379 2.36606427663322e-06 47 0.0172043 0
1.23 4D 506463560 506466966 2.20961466909972e-06 13 0 NA
1.25 4D 508826242.363636 508833620.636364 1.27881652333135e-06 2918 0.00436794393420151 0.198647406375271
0 5D 554527 558722 NA 472 0.00792341 0.187070970705795
0.01 5D 935699 941610 9.27956340645568e-07 362 0.00903529 0.0434084572825001
0.02 5D 1872592.5 1878555 8.97537709056527e-07 489 0.00165285717791411 0
0.03 5D 2660134 2666343 8.7085102128989e-07 403 0 Inf
0.04 5D 3547588 3549314 8.3944834660331e-07 46 0.0190476 0
0.05 5D 5170287 5174463 7.78151973813612e-07 75 0 Inf
0.06 5D 5900671.5 5910466 7.48903276855727e-07 582 0 NA
0.07 5D 7013572 7020162 7.02739513666967e-07 453 0.0118896 0
0.08 5D 7735201 7751604 6.71344195891419e-07 270 0 NA
0.09 5D 8530472 8544251 6.35942686857481e-07 496 0.011148 0.124466271977036
0.1 5D 9121646 9125913 6.09393293871295e-07 165 0.0049896 0.27540885040885
0.12 5D 13795072.8181818 13800865.6363636 4.53552038391775e-07 1786 0.00124996068309071 0
0.13 5D 22379400 22382735 2.2459326544896e-07 441 0 NA
0.14 5D 25300148.3333333 25303774 3.63833066396309e-07 428 0 NA
0.16 5D 28765932.2 28770478.6 4.22865915394629e-07 846 0.00168604293144208 0
0.17 5D 30115396 30119401 4.57036293589867e-07 667 0 NA
0.18 5D 32896784.3333333 32902358.3333333 5.58493190300151e-07 329 0 NA
0.19 5D 35847115.6666667 35851584.3333333 6.46249114220386e-07 456 0 Inf
0.2 5D 37362661.5 37366817 6.8227826048173e-07 306 0.00542660392156863 0.136229931839073
0.21 5D 40091358 40094384 6.75780263502659e-07 246 0.00307102 0
0.23 5D 41384775.6666667 41387501 6.53530735092265e-07 282 0 NA
0.24 5D 42922061 42924129 6.33292826125739e-07 172 0 NA
0.26 5D 44704226 44708506.3333333 5.94788280830077e-07 1180 0 NA
0.27 5D 45685171 45688039 5.89921604793498e-07 371 0 NA
0.28 5D 46174537.5 46184476.5 5.86424330656518e-07 401 0 NA
0.29 5D 47023818 47035761 5.78025927267768e-07 189 0 NA
0.3 5D 50318517 50323684 5.15924272287933e-07 28 0 NA
0.31 5D 53326428.2857143 53332922.1428571 4.45181378870831e-07 1511 0 Inf
0.32 5D 87432178.5492958 87437461.6056338 1.66028411555304e-07 11929 0.000459496636432224 0.170570699996519
0.37 5D 116958786 116968730 4.94930611113363e-08 888 0.000890043 0
0.47 5D 117342860 117345201 4.84124661441701e-08 20 0 NA
0.52 5D 117739586 117745517 4.72853664508308e-08 178 0 NA
0.54 5D 118007705 118009555 4.65358900425839e-08 85 0 NA
0.55 5D 119417825.142857 119422531.857143 4.26036553233936e-08 1409 0 Inf
0.56 5D 136315538.488372 136323438.651163 1.34684527595558e-08 10374 8.04684904569115e-05 1.00137658285394
0.57 5D 183057602.4 183067525.55 0 4427 0 Inf
0.58 5D 214701942.975 214708635.85 0 7979 9.02370973806241e-05 0.944644860610071
0.59 5D 258119973.105769 258127034.653846 9.74935795051165e-09 24365 0.000273596022983788 0.342321346400092
0.6 5D 288753234.5 288758396.357143 6.6515446773615e-08 4832 0 Inf
0.61 5D 299317618.25 299321934.375 9.87261344247654e-08 1705 0.000954481061583578 0.281040673090936
0.62 5D 310627949.411765 310633109.058824 1.40002761447653e-07 2729 0.000285455566141444 0.298969258656365
0.63 5D 320242972.666667 320248972 1.89248237123535e-07 1977 0 Inf
0.64 5D 326695477.818182 326700482.727273 2.20857878493157e-07 2272 0.000232074286971831 1.58306436186598
0.65 5D 331154421 331160575.25 2.40196081057138e-07 770 0.00103508271428571 0
0.66 5D 335231285 335236170 2.61219069879263e-07 833 0 NA
0.67 5D 336896107.75 336900996.5 2.70019443494051e-07 452 0.00166991502212389 0
0.68 5D 338656490 338658304 2.79054659339902e-07 186 0 NA
0.69 5D 342425462 342430087.5 2.97394746965774e-07 740 0.00221323243243243 0
0.7 5D 346371734.285714 346374533.571429 3.15190967290597e-07 1039 0 NA
0.71 5D 350378848.833333 350382818.5 3.31586281351576e-07 599 0 NA
0.72 5D 351790853 351796753.25 3.37095707755298e-07 890 0.000840884 0
0.73 5D 355361679.75 355368898.5 3.52047121826247e-07 1447 0.0016123200552868 0
0.74 5D 358503267 358507527 3.66388088846661e-07 394 0 NA
0.75 5D 361662782.4 361669875.8 3.82027536187087e-07 802 0 Inf
0.76 5D 365041741.5 365046656.5 3.99959386792823e-07 1388 0 NA
0.77 5D 366870541 366873485.5 4.10263861701319e-07 208 0 NA
0.78 5D 369819101.666667 369822513.666667 4.2755412744382e-07 317 0 Inf
0.79 5D 371674502.285714 371678907.571429 4.3915012875569e-07 1443 0.00111726474012474 0
0.8 5D 373214345 373217114 4.49289044026399e-07 176 0 NA
0.81 5D 375495884.666667 375500584.333333 4.63543910515232e-07 761 0.00109939709592641 0
0.82 5D 378123240.5 378127074 4.7882301578685e-07 641 0.00120935257410296 0
0.83 5D 379518861 379524304 4.86531056346983e-07 1351 0 Inf
0.84 5D 381384633 381388503 4.96241425424723e-07 909 0 NA
0.85 5D 384272833.333333 384276808 5.10130790308239e-07 631 0 NA
0.86 5D 384851013.5 384858308.5 5.12748843952214e-07 367 0 NA
0.87 5D 387098045.833333 387100978.166667 5.22314571084557e-07 521 0 Inf
0.88 5D 389483996.5 389487247.5 5.31576379862435e-07 436 0 NA
0.89 5D 390665533.666667 390670757.666667 5.35776772398013e-07 404 0.0172619195544554 0
0.91 5D 393809021 393812692.25 5.45854812877432e-07 888 0.000881595 0
0.92 5D 396280791 396284074.5 5.52587547370427e-07 686 0.00329540303206997 0.308764986553758
0.93 5D 397037600.666667 397044059.5 5.5443426260651e-07 1000 0 NA
0.94 5D 398106344 398115386 5.5689775813404e-07 16 0 NA
0.95 5D 399567127.833333 399571608.5 5.59912873083801e-07 986 0.00396562941176471 0
0.96 5D 400895699 400903146 5.62371298311859e-07 160 0 NA
0.97 5D 402777925.333333 402782636 5.65300365380845e-07 330 0 NA
0.98 5D 404407872.333333 404410657 5.67345881718947e-07 651 0.0037338199078341 0
0.99 5D 406420739.25 406425601.75 5.69297186808994e-07 703 0 NA
1 5D 408141614.5 408146155 5.70393275459746e-07 126 0 NA
1.01 5D 410226773.5 410231122.5 5.71045049305911e-07 704 0 NA
1.02 5D 413194138 413197911.857143 5.67809330722813e-07 928 0 NA
1.03 5D 415277051.6 415282754.2 5.53085182058653e-07 638 0 Inf
1.04 5D 418267491 418271620.5 5.39814583835604e-07 609 0 NA
1.05 5D 420871803 420878697 5.42241888206924e-07 627 0 NA
1.06 5D 421731467.4 421735171.2 5.45973774496694e-07 701 0.00524741363766048 0
1.07 5D 423477076.25 423482318.75 5.57378234458084e-07 769 0.0096616555006502 0.063078076790594
1.08 5D 425844982 425848920 5.78266098505116e-07 808 0.00471928849009901 0.0607932560105724
1.09 5D 428385267 428388064 5.95518489757989e-07 120 0 NA
1.1 5D 429248547 429253005.25 6.07782243073935e-07 791 0.00642522174462705 0.0442709971354986
1.11 5D 431188481 431196445 6.32327928549004e-07 105 0 NA
1.12 5D 432517093 432521964 6.50129150102379e-07 140 0 Inf
1.15 5D 436287694.5 436291613.5 7.1094217432475e-07 384 0 Inf
1.16 5D 438105080 438110433 7.22195990040939e-07 30 0 NA
1.17 5D 438777200 438779483 7.19728721126539e-07 82 0.0106904 0
1.18 5D 440767928.333333 440773912.666667 7.71700261650534e-07 537 0.00145085646182495 0
1.19 5D 443118846.833333 443124419.666667 8.20657016298717e-07 1109 0.00481399799819657 0.0423518305717626
1.2 5D 444309385 444312908 8.40425196439822e-07 91 0 NA
1.21 5D 444987214.2 444992915.4 8.50071176088365e-07 2135 0.01026056935363 0.0842634740699118
1.22 5D 445628528 445641928 8.58314094599284e-07 43 0 Inf
1.23 5D 446817002.5 446820136 8.70494956609702e-07 292 0.00531949993150685 0.303332830788413
1.24 5D 448865035.2 448873275.4 8.83835877165672e-07 837 0.00180628934289128 0.153746058061909
1.25 5D 449921750 449925061.5 8.87096478083648e-07 181 0.00407029011049724 0
1.26 5D 450630168.333333 450637639.333333 8.87565316748952e-07 215 0 NA
1.27 5D 451128219 451137154 8.87169858101877e-07 127 0 Inf
1.28 5D 452059418 452063882.5 8.84781803177747e-07 668 0.00618688922155688 0
1.29 5D 452633173.666667 452638447.666667 8.82287556659915e-07 365 0.00217666454794521 0
1.31 5D 453868056.333333 453873510.333333 8.74223615519818e-07 398 0 NA
1.32 5D 454467089.333333 454471984.333333 8.689017331886e-07 668 0.00107935260479042 0
1.34 5D 456502460.5 456507989 8.44452515966031e-07 1402 0.00104387119828816 0.306758261601434
1.35 5D 457951712 457955970.333333 8.21161901434885e-07 409 0.0166736455745721 0.164242258866907
1.36 5D 459826608.333333 459833181.333333 7.82797326707902e-07 554 0 NA
1.37 5D 461261484.625 461267927.5 7.47828462594353e-07 1281 0.000537794215456674 0.663081605829136
1.38 5D 464292498.166667 464298648.25 6.54676109399503e-07 2502 0.00156756064348521 0.211935036620628
1.39 5D 466536585.5 466541097 6.05718855831816e-07 1446 0 NA
1.4 5D 469504936.857143 469509582.714286 6.1062539240605e-07 1549 0.00155577185926404 0.308055138237167
1.41 5D 473001636 473007297.75 5.45054903364375e-07 726 0.00226116359504132 0.136848359669423
1.42 5D 475594477.666667 475598687 5.2103388694696e-07 970 0 NA
1.43 5D 476986992 476990077.333333 5.16965639839552e-07 211 0.00366915639810427 0
1.44 5D 478162897 478166714 5.18177900425639e-07 276 0 Inf
1.45 5D 479871906 479877134.142857 5.27977561157357e-07 2085 0.00182737576019185 0
1.46 5D 480780021.5 480783551.5 5.36698190759187e-07 644 0 NA
1.47 5D 482102459 482108460 5.54214415441313e-07 425 0 NA
1.48 5D 483677588.333333 483681477.666667 5.82192952848198e-07 598 0.00549365989966555 0
1.51 5D 488402623.142857 488407273.714286 6.20586318647807e-07 1131 0.00670383577365163 0.0295657331594631
1.52 5D 489810541.166667 489815100.833333 6.40996445249677e-07 1371 0.000462338205689278 0.389788764080112
1.53 5D 491211045.4 491219104 6.69876237249778e-07 792 0.00310000002525253 0
1.54 5D 492668604.666667 492673779.333333 6.88850382930405e-07 915 0.0017803568852459 0
1.55 5D 493665943 493668696.5 6.9864786614399e-07 132 0 NA
1.56 5D 494464089 494471137.5 7.06361455591503e-07 678 0.00454358814159292 0.373465347822837
1.57 5D 496007159.2 496010515.8 7.2043862303658e-07 743 0 Inf
1.58 5D 497778776.5 497785307.5 7.35684303193518e-07 612 0.00123257055555556 0
1.59 5D 498442388.5 498448308.5 7.41087531444816e-07 601 0.00138162254575707 0.272423853817249
1.6 5D 499651382.25 499653877.75 7.50520854026363e-07 566 0.00136009250883392 0.600565597569777
1.61 5D 500827362.2 500832172.4 7.59216966593915e-07 575 0 NA
1.62 5D 501897014.5 501906541 7.66734994478805e-07 658 0 NA
1.64 5D 503669584 503673987 7.78243246645378e-07 160 0 NA
1.66 5D 506158853.5 506168811 7.92570604372336e-07 169 0.0144954461538462 0.0927665346358113
1.67 5D 507912766.75 507917414.75 8.01329465132177e-07 1319 0.00148522316906748 0.119126634494488
1.68 5D 509244442 509248383 8.07234668492206e-07 487 0 NA
1.69 5D 509672899 509673907 8.09040978507388e-07 80 0 NA
1.7 5D 511183003 511185744 8.14766795416048e-07 263 0 NA
1.71 5D 512655801 512663962.5 8.19636269333996e-07 310 0 NA
1.72 5D 513511339 513516476 8.22091493524264e-07 237 0 NA
1.73 5D 515260733 515264450.5 8.26308606031111e-07 181 0 NA
1.74 5D 517692391.6 517699098 8.30388605746734e-07 1139 0.000681995706760316 0
1.75 5D 519231579.6 519236694.6 8.31887625931258e-07 1404 0 Inf
1.76 5D 520608706.25 520614574.75 8.3251740778329e-07 918 0.00263057925925926 0.188970672297729
1.77 5D 521597386.2 521601889.6 8.32567467010832e-07 664 0 NA
1.79 5D 524754226.5 524757224 8.30425107614888e-07 393 0.0176133867684478 0.0334729208540636
1.8 5D 526018183.8 526022709 8.43963553637182e-07 597 0.00381036108877722 0.30476103732274
1.81 5D 527339621 527351851 8.88855736020894e-07 609 0.00127812551724138 0.888000777616605
1.82 5D 528585522 528593162.5 9.37635797115896e-07 845 0 NA
1.83 5D 529745494.2 529750226.6 9.77521684346355e-07 782 0.00407490685421995 0
1.84 5D 530645503 530649282 1.00527589240408e-06 345 0 NA
1.85 5D 532219292 532223098 1.04517738841534e-06 365 0.00211702668493151 0.298818037300544
1.86 5D 533199102 533204257 1.06538736692319e-06 14 0 NA
1.87 5D 534167732.666667 534172305.333333 1.08112815889595e-06 207 0 NA
1.88 5D 535066321 535069324.5 1.09279709744951e-06 219 0 NA
1.89 5D 536165543.5 536171696.5 1.10232029593749e-06 376 0 NA
1.9 5D 536536574 536541626 1.10459902969339e-06 397 0 NA
1.91 5D 537676342.5 537680808 1.10770181606549e-06 1223 0.000637545314799673 0
1.92 5D 538673790.4 538680558.6 1.10624887643501e-06 1304 0.00118840663343558 0.290928240289259
1.93 5D 539217461 539223365 1.10382291266413e-06 951 0.000873250788643533 0
1.94 5D 539958024 539964722 1.09853644805143e-06 158 0 NA
1.96 5D 541607250 541611954 1.07890040834517e-06 22 0 NA
1.98 5D 542854897 542859314.5 1.04946092235479e-06 493 0 Inf
2 5D 544611899 544615156 9.74840153618513e-07 232 0 NA
2.01 5D 545503920.333333 545509911 9.23521693161321e-07 395 0.0135257093670886 0
2.02 5D 546838813.6 546843361.4 8.04322264531301e-07 692 0.00116046502890173 0
2.04 5D 549727400 549732319 5.89786967811761e-07 1015 0.00232377343842365 0
2.05 5D 551250013 551253450 6.22684242151296e-07 110 0.0258526436363636 0.23722677490904
2.06 5D 553260590.4 553266554 6.2900250209849e-07 1051 0.00776071617507136 0.0809740834462257
2.07 5D 555564080.5 555568426 7.61312355917526e-07 86 0 NA
2.08 5D 556226556 556234436 7.70262034304654e-07 340 0 Inf
2.09 5D 557328567.5 557332393.75 6.22087363208799e-07 630 0.00232151658730159 0.158774513472293
2.1 5D 558478519.5 558484288.5 4.72818787345751e-07 735 0.00210962971428571 0.297531880115093
2.11 5D 563283292.722222 563288682.777778 1.0239085356102e-07 4695 0.00275345974440895 0.223612518234877
0.02 6D 2360881.16666667 2366086.5 9.37045776139126e-07 1613 0.00680321884686919 0.0419055137096404
0.03 6D 3586682 3592585 1.04275778902838e-06 566 0 NA
0.04 6D 4639986.66666667 4644280 1.14107548088262e-06 427 0 NA
0.05 6D 5976319 5979473 1.25794286888948e-06 161 0.0407643 0.0345814842889489
0.06 6D 6274077 6276905 1.26619979109519e-06 50 0 NA
0.07 6D 7097266.5 7103227.5 1.37572701047825e-06 384 0.00935532135416667 0.328401844827952
0.08 6D 7592031.33333333 7596880.33333333 1.42806980206974e-06 291 0 NA
0.1 6D 8724832 8730605.5 1.4618119923148e-06 656 0.00235639954268293 0
0.11 6D 9356082 9363201.33333333 1.47913847859547e-06 1391 0 NA
0.12 6D 10050674 10053982 1.44181339204918e-06 645 0.00127007751937985 0.27925927734375
0.13 6D 10801364.5 10807649.5 1.33241410739286e-06 455 0.0160655996923077 0.0313935447625034
0.14 6D 12030149.3333333 12033287.6666667 9.47744971853567e-07 643 0.00231657598755832 0.312667709105402
0.15 6D 13571189 13581429.5 9.96928149724479e-07 550 0.00156544821818182 0.260206678884138
0.16 6D 14011245 14013443 9.78018039641642e-07 70 0 NA
0.18 6D 15515266 15523093 8.8920674559036e-07 390 0 NA
0.19 6D 16542418 16551816 8.45694111306442e-07 603 0.00134375800995025 0.281067743382683
0.2 6D 17590810.5 17594139.5 7.55667817294209e-07 647 0.00376051202472952 0.15052193680028
0.22 6D 21980166 21985295 1.15826557640829e-06 29 0 NA
0.23 6D 23075148 23077733 1.61234452382925e-06 232 0 NA
0.24 6D 23784605.5 23788806.5 1.89486028851053e-06 1014 0.00234223510848126 0.0603632010153655
0.26 6D 24643765 24647753 2.09427810017561e-06 345 0 NA
0.29 6D 25675037.5 25679387.5 2.13286652420642e-06 323 0 Inf
0.3 6D 25768796 25772530 2.12521360041817e-06 426 0.0168091664319249 0
0.31 6D 26248306 26251079 2.05725222364537e-06 341 0.00715742815249267 0.0921101675227795
0.4 6D 30281142 30285808 1.67262222065879e-06 204 0 NA
0.41 6D 32296642 32299935 1.28934941715465e-06 173 0 NA
0.42 6D 32693962 32694930 1.25238973706978e-06 125 0 NA
0.44 6D 34358727 34362689.6666667 1.09554427681568e-06 592 0 NA
0.45 6D 35624473 35631668 9.74743357817382e-07 73 0 Inf
0.46 6D 36814745 36818843 8.60256397225814e-07 32 0 NA
0.47 6D 37920912 37926334 7.52901840056245e-07 311 0 NA
0.48 6D 38884490 38888345 6.85789993630703e-07 283 0 Inf
0.49 6D 42563996 42566964 5.05053032806658e-07 200 0 NA
0.5 6D 47918037.125 47923274.125 4.13576423771827e-07 1825 0 Inf
0.51 6D 53752363 53758961.25 3.33010502457743e-07 1486 0 Inf
0.52 6D 55828614.6666667 55832753 3.15870665654708e-07 216 0 NA
0.53 6D 57655698 57661491.5714286 3.05997128293543e-07 1230 0 NA
0.54 6D 59549772.5 59557943.75 3.00098397823175e-07 486 0 NA
0.55 6D 60099401 60105452.5 2.99390135765928e-07 530 0 NA
0.56 6D 61145392 61151221 2.99214720779429e-07 56 0 NA
0.57 6D 62652378.25 62661069.5 3.01739710574248e-07 408 0 NA
0.58 6D 65494306.3333333 65502986.3333333 3.14831600656398e-07 507 0 NA
0.59 6D 67808797.5 67811137.5 3.33597984517566e-07 170 0 NA
0.6 6D 69113033 69118867.3333333 3.35680867709159e-07 1456 0 NA
0.61 6D 72897805.3333333 72902356 3.3259727565408e-07 455 0 NA
0.62 6D 75747383 75750466 3.29505754859099e-07 292 0 NA
0.63 6D 78970278 78975199.75 3.27068955016904e-07 1509 0 NA
0.64 6D 85298082.2 85306203 2.97992833677594e-07 1395 0 NA
0.65 6D 88076702 88081623.5 2.7061088810211e-07 659 0 NA
0.66 6D 91454177.6 91464314 2.38808458447205e-07 1553 0 NA
0.67 6D 95289115 95304852 2.09216563839926e-07 29 0 NA
0.68 6D 99958554.25 99963379.5 1.73196618680384e-07 1173 0 NA
0.69 6D 108388495.25 108394710.666667 1.13440929871563e-07 4353 0 Inf
0.7 6D 145808097.076923 145816415.294872 6.34366733513021e-09 16125 7.62520744186047e-05 0.414925326825014
0.71 6D 219464621.72 219481002.36 3.50818673992316e-08 6615 0 NA
0.72 6D 242597037.5 242609180 6.43102486810857e-08 285 0 NA
0.74 6D 254658229.3 254663108.3 7.71647765052892e-08 1612 0 NA
0.75 6D 262688797.4 262693134.2 8.51063485286579e-08 1089 0 NA
0.76 6D 264666209 264671992 8.69560902087831e-08 791 0 NA
0.77 6D 265173638 265180559 8.74251554173748e-08 197 0 NA
0.78 6D 267237265.8 267241209.6 8.93037504098819e-08 1082 0 NA
0.79 6D 270482475.714286 270486861.142857 9.21836117654159e-08 1655 0 Inf
0.8 6D 273523011.75 273526533.75 9.47931995215179e-08 589 0 NA
0.81 6D 276587653 276593730.285714 9.73424639151456e-08 1444 0 NA
0.82 6D 277641949 277648926 9.82005074517049e-08 31 0 NA
0.83 6D 283795009 283800838 1.02995432509408e-07 362 0 NA
0.84 6D 286200901.75 286205709.25 1.04772155065349e-07 952 0 NA
0.85 6D 290054154.5 290058720.333333 1.07513928312105e-07 1186 0 NA
0.86 6D 293797759.166667 293806329.333333 1.10047527573017e-07 1299 0 NA
0.87 6D 297585608.625 297591156.125 1.12478520591778e-07 1482 0 NA
0.88 6D 303519568 303526860.666667 1.16032677088022e-07 1669 0 NA
0.89 6D 307286954.777778 307292610.555556 1.18121660322951e-07 1227 0 NA
0.9 6D 314517837.714286 314523564.714286 1.21761336740989e-07 858 0 NA
0.91 6D 319027258 319032682.428571 1.23787128408778e-07 682 0 NA
0.92 6D 328938247.333333 328940673.333333 1.27606331436812e-07 699 0 NA
0.93 6D 337365699.9 337372418.9 1.30143497360619e-07 1586 0 NA
0.94 6D 350711180.565217 350716255.782609 1.29783760564287e-07 4673 0 NA
0.95 6D 363552741.25 363559195.625 1.2752834476611e-07 4541 0 Inf
0.96 6D 371249470.153846 371254450 1.4908139969141e-07 2668 0 NA
0.97 6D 375951885.444444 375957394.444444 1.74116250601181e-07 3222 0 NA
0.98 6D 379787080 379790504.555556 1.91752374554766e-07 1728 0 NA
0.99 6D 381833595.8 381837991.6 1.95198927082525e-07 989 0 NA
1 6D 385191499.2 385197260.6 2.10725420817655e-07 970 0 NA
1.01 6D 387730409.714286 387734831.428571 2.28743153653047e-07 1391 0 NA
1.02 6D 392238726.3 392244651.4 2.51422272823427e-07 2090 0 NA
1.03 6D 399767751.95 399774685.9 2.90331828437536e-07 3945 0 NA
1.04 6D 405401284.333333 405406623.833333 3.45096278702886e-07 1297 0 NA
1.05 6D 409783312.714286 409789132.428571 4.56661232563071e-07 997 0 NA
1.06 6D 412155595 412160792 5.14236790189188e-07 339 0 NA
1.07 6D 414524228.5 414527308 5.63925436106725e-07 231 0 Inf
1.09 6D 419110184.5 419121575.5 6.49938996711635e-07 189 0 NA
1.1 6D 420502593 420506214.666667 6.73227980142089e-07 299 0 NA
1.11 6D 422040073.4 422046743.2 6.97601984423013e-07 1089 0 NA
1.13 6D 424824381 424831634 7.37867157825133e-07 507 0 Inf
1.14 6D 426282611 426287827 7.56905625956488e-07 12 0 NA
1.15 6D 427229630 427232724 7.68526755441912e-07 126 0 NA
1.16 6D 428641253 428644718 7.82543046371064e-07 278 0 NA
1.17 6D 429233930.75 429237815.25 7.83642373777679e-07 434 0 Inf
1.18 6D 429836321 429844955 7.85328968806466e-07 283 0 NA
1.19 6D 430844082 430847579 7.89609160835545e-07 56 0 NA
1.2 6D 431585906 431590518.333333 7.93937479065167e-07 1325 0 NA
1.21 6D 432365956 432375641 7.99486516019337e-07 193 0 NA
1.22 6D 433382512 433386678 7.99665199156626e-07 320 0 NA
1.23 6D 434066714.333333 434071701.666667 7.98891067584814e-07 994 0.00217186190140845 0
1.24 6D 434461550.5 434464399 7.99416165745651e-07 273 0 NA
1.27 6D 437571940.857143 437578014.571429 8.291760588238e-07 2831 0 NA
1.28 6D 438657005 438664183.333333 8.24494584047102e-07 1205 0 Inf
1.29 6D 439978166.333333 439981077.666667 8.19899884021422e-07 406 0 NA
1.31 6D 442765453.4 442770069.6 8.62440536459692e-07 888 0 NA
1.32 6D 446557273.5 446561571 1.00783475128065e-06 368 0 NA
1.33 6D 447864308 447868416.666667 1.00361386715386e-06 650 0 NA
1.34 6D 448757816.666667 448764133.666667 1.08368304422042e-06 211 0 NA
1.35 6D 449226044 449229051 1.1641095529513e-06 49 0.0152381 0
1.36 6D 450257576.666667 450261927 1.31312592063047e-06 470 0 NA
1.37 6D 450920760.5 450928356.75 1.38913136138261e-06 1685 0.000883011115133531 0.628013318460844
1.38 6D 451699170.666667 451704376.666667 1.45779735570224e-06 1090 0 NA
1.39 6D 452004349.5 452010387 1.47883718158371e-06 340 0 NA
1.4 6D 452735812 452739910 1.51494267208496e-06 109 0.00695652 0
1.41 6D 452989022.333333 452993256.666667 1.52283977780012e-06 537 0.0102555575418994 0.0412487060656071
1.43 6D 454091898.5 454095812.5 1.52964570119741e-06 621 0.00263968497584541 0
1.44 6D 454480146 454485765 1.52191417268889e-06 259 0 NA
1.45 6D 455558362 455567526 1.59492409707962e-06 681 0 NA
1.46 6D 455891607 455895671 1.65348003181417e-06 433 0 NA
1.47 6D 456554723 456558968 1.74270143212651e-06 338 0 NA
1.49 6D 458360206 458365689 1.79477551608772e-06 260 0 NA
1.5 6D 458762279.5 458766537 1.76841493988568e-06 426 0 NA
1.51 6D 459693961 459700262 1.65390936739069e-06 566 0 NA
1.52 6D 459821952 459835664 1.63174055237172e-06 625 0.00935412 0.077263066969421
1.53 6D 460699725 460703558.666667 1.44723078750173e-06 93 0.0701534731182796 0
1.54 6D 461006875 461010806 1.3979714008677e-06 111 0 NA
1.55 6D 461711745 461716376 1.29758869341775e-06 320 0.0230769 0
1.56 6D 462580860.25 462586234.5 1.14263887323059e-06 1562 0.0272733985915493 0.0108557337013531
1.58 6D 463647171 463651441 9.47987318548914e-07 118 0.0328914576271186 0
1.59 6D 464961940.571429 464966816.428571 7.71124416469828e-07 1053 0.000741204178537512 0.584535623866094
1.6 6D 467626068.428571 467631530 4.16896355159063e-07 1366 0.00477218104685212 0.0364167492678955
1.61 6D 472002318.916667 472008650 1.13518810766203e-09 3082 0.000257398186242699 0.578736119663803
0 7D 272504 275147.5 NA 239 0.00314803761506276 0
0.01 7D 1980115.2 1988398.2 6.70746831479587e-07 1143 0.0262319495188101 0.0308499293083868
0.03 7D 4671900.09090909 4677002.18181818 7.08353907789717e-07 2983 0.00359223409319477 0.129671273216183
0.04 7D 6471816 6478364 7.34416761380169e-07 582 0 Inf
0.05 7D 7373306.5 7376066 7.4802091945909e-07 318 0.00778814264150943 0
0.08 7D 11019293 11024188 8.05133625995854e-07 11 0 NA
0.09 7D 13146806 13160152.5 8.39977898313031e-07 1359 0.0125255897424577 0.121801469966256
0.1 7D 13717950 13720254 8.49400850745641e-07 39 0.0123711 0
0.11 7D 14916521.3333333 14920285 8.67478011544376e-07 246 0 Inf
0.12 7D 15780811 15783788 8.78990382044671e-07 56 0 NA
0.13 7D 16827010 16831866.3333333 8.93839063761741e-07 843 0 NA
0.15 7D 18678820 18684207 9.22499645897967e-07 299 0.0028274745819398 0
0.16 7D 19717528 19721045 9.39902469712971e-07 79 0 NA
0.17 7D 20670847 20676951.6666667 9.5684572305051e-07 333 0.00238941681681682 0.577756882891248
0.19 7D 22582418.2 22586504 9.93439240969203e-07 304 0.0129274026315789 0.0578766127766538
0.23 7D 27465634.5 27469438 1.11462744643713e-06 247 0 NA
0.25 7D 29844372.5 29847977.5 1.14126848172191e-06 140 0 NA
0.27 7D 31428556 31435755 1.17226591832285e-06 14 0 NA
0.28 7D 32686306 32691756 1.22545073973307e-06 23 0 NA
0.29 7D 32938887 32945096 1.23383346811454e-06 763 0.00405491 0.0746093008229529
0.3 7D 34228923 34231035 1.29335506265001e-06 204 0 NA
0.31 7D 34531217 34536789 1.31523631737308e-06 64 0 NA
0.32 7D 35600155 35604233 1.37217619996966e-06 174 0 NA
0.35 7D 37416828 37420008.3333333 1.3973136594599e-06 1130 0.0145526938053097 0.0424463518112755
0.37 7D 39014309 39018176 1.34598925141187e-06 14 0 NA
0.38 7D 39514328 39517510 1.31555310325248e-06 150 0.00529801 0
0.4 7D 40853731 40857241 1.20044097407482e-06 18 0 NA
0.41 7D 41770728 41774203 1.09349379154336e-06 32 0 NA
0.42 7D 42495537 42499291 1.03820806314674e-06 255 0 NA
0.43 7D 42673077 42680766.5 1.03210284097246e-06 447 0 NA
0.45 7D 44370826.3333333 44374117.3333333 9.98107748702632e-07 215 0.00700410046511628 0.154545377272689
0.47 7D 45803241 45807531 9.53660532094149e-07 169 0 NA
0.49 7D 48536356 48543423 8.23675572948769e-07 39 0 NA
0.5 7D 51228494.3333333 51234729.6666667 6.51857441055359e-07 1205 0.00129428942904564 0
0.51 7D 53791340.75 53794692.25 6.26884274872263e-07 247 0 NA
0.52 7D 55406034.3333333 55409099.3333333 5.78001616955779e-07 239 0 Inf
0.53 7D 59090833 59093972 4.92806413772369e-07 162 0 NA
0.54 7D 60589835.5 60595318 5.1202056967633e-07 537 0.00145055433891993 0
0.56 7D 63596647.2857143 63600424.8571429 4.69129030045755e-07 608 0.00126128856907895 0
0.57 7D 64824234.5 64828333.25 4.41505794022122e-07 883 0.000930565413363533 0.275437823052476
0.58 7D 66595264 66601382 4.24840478182016e-07 52 0 NA
0.59 7D 68793538 68799889 4.47438452795223e-07 60 0 NA
0.61 7D 73021902.5 73030984 5.00936505504149e-07 551 0 NA
0.62 7D 75313339.5 75321565.25 5.08200898050299e-07 764 0.00104712102094241 0.872987099282418
0.63 7D 77639564.6666667 77644801.3333333 5.02899270755534e-07 473 0 NA
0.64 7D 78682055.6666667 78684310 4.99060645444089e-07 224 0 Inf
0.65 7D 81127811.6666667 81138537.3333333 4.90148996457557e-07 448 0 NA
0.66 7D 83152302 83158198.3333333 4.88792503153599e-07 474 0 Inf
0.67 7D 84259477 84274298 4.89247100261801e-07 10 0 NA
0.68 7D 87478384 87481357 4.88872676402407e-07 84 0 NA
0.69 7D 89551886 89558129 4.84169401413173e-07 712 0 NA
0.7 7D 90636641.5 90642046.25 4.80284031354669e-07 756 0 NA
0.71 7D 93635075.6666667 93639511.6666667 4.64513787038516e-07 187 0 NA
0.73 7D 97870404.75 97874102.5 4.30235566002806e-07 1008 0 NA
0.74 7D 99459877 99466375 4.13619523376415e-07 39 0 NA
0.75 7D 101529357.25 101536315.5 3.88818611188807e-07 818 0.00394974383863081 0
0.76 7D 104814900 104817932.25 3.42305932712363e-07 497 0 NA
0.77 7D 106915520 106917944 3.15323777893109e-07 276 0 NA
0.78 7D 111231725 111236909.7 2.91771426965878e-07 2638 0.000928981106899166 0.094783904379151
0.79 7D 115985729.777778 115991218.666667 2.76221499071865e-07 2405 0 NA
0.8 7D 122467694.2 122472911 2.54714820608615e-07 2081 0 Inf
0.81 7D 129547764.777778 129553354.666667 2.37921831417107e-07 1016 0 Inf
0.82 7D 136194949 136202904.5 2.281235162913e-07 2226 0 NA
0.83 7D 140122067 140128146.25 2.21899642716851e-07 690 0 NA
0.84 7D 146488664.25 146492457.75 2.07976220259371e-07 644 0.00130220571428571 0
0.85 7D 149274809.5 149278630.833333 2.02908822286497e-07 636 0 NA
0.86 7D 153560552.8 153565791.2 1.96043811464903e-07 901 0 NA
0.87 7D 156253662.4 156257409.4 1.92465429542336e-07 1028 0 NA
0.88 7D 159482359.666667 159488863.333333 1.8888229964118e-07 900 0 NA
0.89 7D 161843163 161849456 1.86753608406996e-07 91 0 NA
0.9 7D 165903868.5 165912091.5 1.84054967839122e-07 1426 0 NA
0.91 7D 170440863.2 170446781.8 1.80987699113107e-07 1257 0 NA
0.92 7D 175866448.75 175872956 1.75505274983148e-07 1013 0 NA
0.93 7D 179094500 179097285.666667 1.69727965387782e-07 275 0 NA
0.94 7D 184063955.642857 184071360.714286 1.60331159754831e-07 3055 0.000503997538461538 0
0.95 7D 190245598.3 190250873.2 1.47734870784255e-07 1285 0 NA
0.96 7D 196574454.6 196580625.9 1.33904897769759e-07 2333 0 Inf
0.97 7D 214139879.916667 214144894.027778 8.81427031414833e-08 5489 0 Inf
0.98 7D 246336429.217391 246341211.73913 2.29170301686873e-08 10235 0 NA
0.99 7D 315392369.74 315401561.58 1.98361202857839e-08 22052 0 Inf
1 7D 386867715.769231 386872098.5 4.19948307710334e-08 4274 0 NA
1.01 7D 395935470.363636 395940898.727273 4.1325280047785e-08 1795 0 NA
1.02 7D 402537910.285714 402546040.571429 4.25563893059823e-08 1117 0 Inf
1.03 7D 408715126 408719198 4.49691574680566e-08 921 0 Inf
1.04 7D 416803447.684211 416807682.473684 4.99884999241442e-08 3062 0 NA
1.05 7D 425998058.75 426005956.75 5.80274736629486e-08 2160 0 NA
1.06 7D 448762890.510204 448768984.489796 9.09175834793493e-08 9473 0.000240319814208804 0.200626699282107
1.07 7D 470562253.125 470568434.25 1.25750743640605e-07 2816 0 Inf
1.08 7D 479996184.285714 480000608.428571 1.3130104165736e-07 1385 0 NA
1.09 7D 485971312.538462 485975466.769231 1.46982275716135e-07 2477 0 Inf
1.1 7D 493186997.333333 493193368.666667 1.79273597671041e-07 364 0 NA
1.11 7D 496768223.333333 496774674.555556 2.00099964397695e-07 1631 0 Inf
1.12 7D 500668754.333333 500673593 2.27188955817918e-07 843 0 NA
1.13 7D 506571467.6 506577388.4 2.61320265118584e-07 1355 0 Inf
1.14 7D 510850444 510857615.333333 2.80248205547241e-07 742 0 NA
1.15 7D 512132491 512139646.5 2.86046630307946e-07 173 0 NA
1.16 7D 516026115 516033172 3.04012240470112e-07 325 0 NA
1.17 7D 518285308.75 518288912.5 3.14675986625903e-07 492 0 NA
1.18 7D 520393215.5 520399927.5 3.24795452666711e-07 551 0 NA
1.19 7D 524729377.666667 524733665.333333 3.46103746768961e-07 592 0 NA
1.2 7D 528258928.333333 528263394.333333 3.63900860859823e-07 1251 0 NA
1.21 7D 531083006.6 531088756.8 3.78469796249376e-07 957 0 NA
1.22 7D 533969308 533975650.5 3.93677754577023e-07 92 0 NA
1.23 7D 535727858 535730430 4.03025310349673e-07 58 0 NA
1.24 7D 539133244 539134556 4.21511605749406e-07 26 0 NA
1.26 7D 543915664.333333 543919630.333333 4.36350989114721e-07 426 0.00333702507042254 0.104230131940915
1.28 7D 549332685 549336595.25 4.45117015418479e-07 938 0 NA
1.3 7D 552961791 552966500 4.64176422699414e-07 50 0 NA
1.34 7D 559850163 559852530 5.34713912610964e-07 317 0 NA
1.35 7D 561732914.888889 561735798.666667 5.61842304083539e-07 1118 0.00750633644007156 0
1.37 7D 566508913.333333 566515899 6.14199412150445e-07 198 0 NA
1.38 7D 567557491 567562430.8 6.23717930694209e-07 318 0 NA
1.39 7D 568949472 568954531 6.36631139292917e-07 210 0 NA
1.4 7D 570640383 570644555 6.52903390044879e-07 205 0 NA
1.41 7D 573691998 573695342 6.83783586469229e-07 339 0 NA
1.43 7D 576051673 576057002 6.93009018481179e-07 1252 0.00177709760383387 0
1.46 7D 579449013.5 579453734 7.39816450379076e-07 652 0 NA
1.47 7D 580315387 580321261 7.46207229924818e-07 505 0 NA
1.48 7D 580852973 580854606 7.49907395181988e-07 223 0 NA
1.49 7D 582210148.5 582214740.5 7.60514764503578e-07 382 0 NA
1.52 7D 585151199.333333 585154837.666667 7.88815183183433e-07 154 0.00608818961038961 0
1.54 7D 587591269 587597090 8.17931463401663e-07 810 0.0132498962962963 0.021565739717879
1.55 7D 588546275 588552145.666667 8.30545648899539e-07 174 0.0235169712643678 0.0555023163755791
1.57 7D 591225815.5 591228829 8.7035384076812e-07 193 0.00400430424870466 0
1.58 7D 593190980 593197390.333333 9.03417774521295e-07 507 0.00141252 0
1.59 7D 593666925 593670309 9.11876899277067e-07 264 0 NA
1.6 7D 595656681 595661639.5 9.49524230400653e-07 196 0 NA
1.61 7D 596896124 596898941 9.49509830158822e-07 52 0 NA
1.62 7D 598357714 598360832 9.35899942694521e-07 83 0 NA
1.63 7D 599197194 599199649.333333 9.51857125768418e-07 463 0.00348927187904968 0
1.65 7D 600970124 600972998 1.03194843339617e-06 191 0 Inf
1.66 7D 602089863 602092678 1.13630015951213e-06 193 0 NA
1.7 7D 606841012 606846139 1.17647644156416e-06 360 0 NA
1.75 7D 610820546 610826303 1.1858847869734e-06 185 0 NA
1.76 7D 611358671.75 611366083.5 1.19153182304554e-06 1220 0.000661738963114754 0
1.77 7D 611779504.25 611784906 1.19437697925205e-06 929 0.00256880963401507 0
1.78 7D 612317820 612321350 1.19580150401806e-06 29 0 NA
1.79 7D 612889580 612893524 1.19466323443351e-06 139 0 NA
1.8 7D 613560592.5 613564211 1.18985297312909e-06 336 0.00706742095238095 0.192736873638286
1.81 7D 613698731.333333 613702865.666667 1.1883335284961e-06 371 0.0148145185444744 0
1.83 7D 614525014 614530406.5 1.17635100411947e-06 733 0 NA
1.87 7D 616636830.333333 616641457.666667 1.11960428754451e-06 714 0.0342272012605042 0.0278111872599961
1.9 7D 618221237 618224964 1.05289236191017e-06 12 0 NA
1.91 7D 619107979 619113346 1.00610215988896e-06 415 0 NA
1.92 7D 620181746 620188866.5 9.40687011210614e-07 534 0 NA
1.93 7D 621482763 621488760 8.89990117361748e-07 210 0.00747082 0.293044137055905
1.94 7D 623530625.5 623534774.5 8.58499478633273e-07 263 0.0160252288973384 0
1.95 7D 632207024.444444 632213618 5.55802872648129e-07 5531 0.00371638559754113 0.142671486362227
