poscM Chromosome Start End recRate nb_complete_site piSyn f0
0 1D 1629443.16666667 1634960.16666667 6.28833766867838e-07 4323 0.0616287546379829 0.0378582701050814
0.01 1D 3960652.33333333 3964612.66666667 7.90619041071356e-07 292 0.0491084883561644 0.0449205088878352
0.02 1D 5438992.66666667 5443623.33333333 9.07219385888456e-07 236 0.0512017322033898 0.040958344745487
0.03 1D 5511254 5517977 9.13196172291157e-07 108 0.0776758277777778 0.00836141716903349
0.04 1D 6328647.5 6336972.5 9.81164112860305e-07 1058 0.0642415966918714 0.0340641439921884
0.05 1D 6773267 6776839.33333333 1.01886324249173e-06 598 0.0665896483277592 0.0391270607541702
0.06 1D 7482658.66666667 7487854.66666667 9.75861546702496e-07 525 0.0539558045714286 0.0657359871539872
0.07 1D 9296318.45454546 9301321.5 9.40432960336914e-07 3130 0.0393908113929712 0.0747181639837202
0.08 1D 10698980 10705499.6666667 1.29617913679913e-06 172 0.0800581081395349 0.0166583202581648
0.1 1D 11568194.6666667 11575455.3333333 1.18327982144706e-06 1145 0.0447762534497817 0.0158601831567373
0.11 1D 12201475.6666667 12206032 1.09296141099887e-06 585 0.0590880996581197 0.050321745698209
0.12 1D 15017124.3333333 15021360.5 3.93231950521025e-07 909 0.0536735609460946 0.0501414467041316
0.13 1D 16965512 16972858 8.249972861905e-07 79 0.0374823 0.174852930583235
0.15 1D 18187983.75 18191296.75 1.06177225725564e-06 719 0.0561256112656467 0.0416514422516086
0.16 1D 19563730.5555556 19569905.3333333 1.32571590805506e-06 2696 0.0335215200667656 0.108344717163793
0.17 1D 20968400 20973809 1.21066412461952e-06 180 0.0123647 0.283548327092449
0.18 1D 21452673 21459650 1.11954868250699e-06 57 0 NA
0.19 1D 21885424 21888853 1.06436469519594e-06 321 0.0100255895950156 0.230406156984712
0.2 1D 23004498 23006751 1.02343644246628e-06 193 0.0509752 0.0702204209105604
0.21 1D 24432632.25 24436658.25 9.83620557099064e-07 769 0.0367105165149545 0.0974654637397251
0.22 1D 24779031 24786455 9.74006980762083e-07 273 0.0260909 0.00754826395409894
0.23 1D 26214452.5 26218359.5 9.34842717200321e-07 537 0.0592843540657976 0.125913614224662
0.24 1D 27802178.8571429 27808555.8571429 8.92075310696178e-07 2273 0.0308947348174219 0.0943222325660884
0.27 1D 31421662 31431937 7.97441065649626e-07 990 0.0228978 0.0546218413996104
0.28 1D 32640925 32643544 7.6654813905423e-07 451 0.0449642944567628 0.0168067983856005
0.3 1D 34626868 34630617 7.23727222804044e-07 814 0.0644173837837838 0.110521987685715
0.32 1D 36792337.8 36797632.2 6.78427112521435e-07 3198 0.0196451198499062 0.0868146674560735
0.33 1D 37530336 37533695 6.63122898946303e-07 115 0.0834139 0.106319210587204
0.34 1D 38655263 38656433 6.39902222117148e-07 105 0.0122623 0.35778361318839
0.35 1D 39943215 39948696 6.1341024634116e-07 317 0.0100927070347003 0.801156557394617
0.36 1D 41222203.6666667 41225287.5 5.87364092245968e-07 843 0.0520742833926453 0.0506367804825504
0.37 1D 43173708.6666667 43178988 5.47845694936579e-07 349 0.0348690223495702 0.0826805786711217
0.38 1D 45436761.6666667 45441451.3333333 5.025965087685e-07 739 0.0137002941813261 0.427672903599336
0.39 1D 47762037.3333333 47770846.6666667 4.56577725395423e-07 379 0.0352655588390501 0.373044678241834
0.4 1D 49592929.3333333 49600252.5555556 4.20820891100625e-07 3528 0.024944209053288 0.0697080525174912
0.41 1D 52707488 52712576 3.60772855782186e-07 586 0.0154787657337884 0.0526973960645714
0.42 1D 55533284.25 55536887.75 3.07189491284418e-07 1901 0.0297358719095213 0.103111103690979
0.43 1D 59777019.8823529 59782760.2941176 2.28277329163481e-07 4175 0.0220776314305389 0.119822574453303
0.44 1D 71812024.34 71817454.38 5.69552945811761e-08 13984 0.0247774452688787 0.0984107881431376
0.45 1D 84666086 84670414.6666667 0 62 0.0323524008064516 0
0.46 1D 85633820 85640605.2 0 2190 0.0123335556164384 0.0254680440746444
0.47 1D 87334470.1666667 87345245.3333333 0 2790 0.0128787000645161 0.105363774111268
0.48 1D 91086667.5454545 91091345.7272727 0 2931 0.0133956494268168 0.0620830153081112
0.49 1D 117955296.864286 117961122.014286 0 36126 0.00830492070762722 0.102325663570916
0.5 1D 150285006.5 150301843 0 447 0.00119142100671141 0.0826030330671819
0.51 1D 153911047.6 153924574.6 0 1544 0.000801304039507772 0.405042017822831
0.52 1D 208700957.321608 208708058.135678 3.60877424632305e-08 62182 0.00829611847482675 0.128487118624011
0.53 1D 251180071.951219 251185845.463415 7.76628764871042e-08 11996 0.0164413881012629 0.117186008481729
0.54 1D 262298508.564103 262304213.820513 8.75902637692127e-08 7409 0.0158362924326388 0.0823873681485749
0.55 1D 281041252.944444 281045764.666667 1.03380060416546e-07 12772 0.0195160463592233 0.0735343315369521
0.56 1D 293680091.793103 293684184.413793 1.13193053096461e-07 9463 0.015998556742048 0.112295783996121
0.57 1D 301672384.538462 301679253.384615 1.1925537459304e-07 12866 0.0158970851453443 0.108581108881423
0.58 1D 310029098.909091 310033811.69697 1.26986024203952e-07 8598 0.0186647495638521 0.115630677265234
0.59 1D 317207942.846154 317214914.230769 1.35230168590526e-07 8630 0.0148752587856315 0.0840103287850864
0.6 1D 324214660.363636 324219175.772727 1.39965483334662e-07 6101 0.0157189729995083 0.133974308875723
0.61 1D 329323875.92 329328857.28 1.42117198490935e-07 6558 0.0260783010064044 0.113072644773583
0.62 1D 335580196.129032 335586120.774194 1.45922297524451e-07 9380 0.0222176136727079 0.0829892817384169
0.63 1D 343347958.822222 343353287.2 1.52356392225174e-07 10047 0.0170262883557281 0.0742773258052748
0.64 1D 349834456.142857 349839292.904762 1.59189115654835e-07 5002 0.0367763047181128 0.071579202243292
0.65 1D 355643387.954545 355647931.090909 1.66460062990312e-07 4734 0.0193602832741867 0.0939741078238521
0.66 1D 361988959.32 361994077.04 1.75700654697465e-07 5694 0.0226843099790715 0.113279858274496
0.67 1D 365756011.5 365760020.541667 1.81744621106462e-07 4629 0.0388931538777274 0.0500613231903643
0.68 1D 371246944.833333 371250521.5 1.91922701828998e-07 3224 0.033632946060794 0.0945281769600655
0.69 1D 376140106.809524 376143605.428571 2.18033996676385e-07 4342 0.0221222067572547 0.138591502406139
0.7 1D 380941415.571429 380945285.857143 2.48645498209526e-07 5049 0.028543356931699 0.0591181286441854
0.71 1D 386224174.142857 386230453.142857 2.84394835564071e-07 5092 0.0198646633837392 0.160799820260955
0.72 1D 392148923.5 392152764.25 3.32954662829486e-07 2905 0.0384552801032702 0.100064086036169
0.73 1D 395709988.4 395713660.2 3.72411667801145e-07 1704 0.0288047055046948 0.0667956038676354
0.74 1D 399063673.333333 399066885.666667 4.00983810255685e-07 1866 0.0255023113076099 0.175784874795904
0.75 1D 400098991.2 400104174.4 4.0667115627301e-07 1700 0.0343699056470588 0.0751097848261905
0.76 1D 402027141.25 402031726.5 4.13705428349472e-07 724 0.0239489701657459 0.0400696213860428
0.77 1D 403562936 403566191.789474 4.1594000068967e-07 2840 0.0410116507711268 0.065714802199751
0.78 1D 405711381.8 405715022.4 4.14359047514175e-07 1131 0.0382350145004421 0.0699250330013772
0.79 1D 408309720 408313491.777778 4.13763930963813e-07 2230 0.0199215389775785 0.0934272267372633
0.8 1D 410409068.571429 410414888.714286 4.20559727404967e-07 2638 0.0240371249810462 0.185015986698122
0.81 1D 412029942.333333 412038037 4.30543173313123e-07 1274 0.0177974926216641 0.0457441335376578
0.82 1D 414008845.571429 414011804.571429 4.33166823561601e-07 751 0.0469999279627164 0.0621276256085374
0.83 1D 416118448.25 416124767.375 4.42938742680208e-07 1550 0.0546454093271889 0.0879728527702119
0.84 1D 418780815.875 418785818.75 4.89474894444732e-07 2172 0.0409237831077348 0.0447710735509392
0.85 1D 422166600.736842 422174866.736842 5.09075905301711e-07 6607 0.0245774845935288 0.0818612451825383
0.86 1D 426238853.761905 426242437.619048 5.47914836188596e-07 2337 0.0541102533748395 0.0656006585645229
0.87 1D 430412297.666667 430417499 6.17876646157934e-07 908 0.0312624494493392 0.0260227561643011
0.88 1D 430564939 430573646 6.20568788217035e-07 1179 0.00659736 0.43590618065408
0.89 1D 430976701 430983376 6.27658063680163e-07 462 0.0511791 0.00767963875879021
0.9 1D 431753107.25 431758011.125 6.40749306675212e-07 1935 0.0350481268217054 0.0480473111101358
0.91 1D 432058408 432062311.333333 6.4579507217574e-07 778 0.01160755218509 0.0330266388928864
0.92 1D 432703810.6 432708947 6.56268769107446e-07 2098 0.0287036963775024 0.127806610240009
0.93 1D 433671969 433677681.2 6.71516997683504e-07 1427 0.0455046160476524 0.0298656064172739
0.95 1D 435644076.25 435646714 7.00735987472747e-07 561 0.0354947936185383 0.0484336681524072
0.96 1D 436609988.75 436614252.75 7.14163159657515e-07 1268 0.0369123024290221 0.0189149721788318
0.97 1D 437443195 437448396 7.34265107184632e-07 357 0.0271066 0.0931614440763504
0.98 1D 438748434.5 438752820.75 7.71897689466386e-07 856 0.0272465488551402 0.0735060975839561
0.99 1D 440040825.555556 440044631.222222 7.4161656271176e-07 1690 0.0331446525443787 0.0583652067265742
1 1D 443720340.235294 443724165.294118 7.206074686092e-07 3225 0.0514012164728682 0.0856457579426349
1.01 1D 446025557.375 446029836.875 7.2913271727608e-07 2182 0.0296003834097159 0.060113529817378
1.02 1D 447061493.333333 447064814.666667 7.2825381456541e-07 881 0.0240727022701476 0.0899138831274107
1.03 1D 447893749.666667 447898250 7.2563519360011e-07 854 0.0495304558548009 0.0559400884360665
1.04 1D 448906574 448910545.666667 7.24499602855866e-07 436 0.0227229364678899 0.138586272450755
1.05 1D 449747312.428571 449751640.857143 7.2727583924426e-07 1708 0.032021799941452 0.0530507709616288
1.06 1D 451128789 451132397 7.38813049530761e-07 121 0.0362638190082645 0.0455681289328268
1.07 1D 451950313.333333 451952514 7.5021698278203e-07 235 0.0300944770212766 0.00703602064765655
1.08 1D 452494071 452500203.5 7.59288875583914e-07 692 0.0394591137283237 0.0105695774942166
1.09 1D 453282482.5 453285928.5 7.75080090646747e-07 319 0.0117759309717868 0.294079328134265
1.1 1D 454394531 454399086.5 8.02456861524297e-07 250 0.0553185624 0.110964516821934
1.11 1D 455642434.4 455646440 8.40140868271919e-07 747 0.0957295769745649 0.0417066690006994
1.12 1D 457124931.25 457131426.5 8.94420307084279e-07 1268 0.0269563434700315 0.101318243798042
1.13 1D 458591544.571429 458596143.142857 9.49861306491707e-07 1913 0.0389930560899111 0.0546309512668696
1.14 1D 461614428.166667 461617633.833333 1.01400954507793e-06 1158 0.0625479355785838 0.0416023073834684
1.15 1D 462662123.333333 462667020.5 1.0429446445131e-06 1076 0.046488719330855 0.0269019377967178
1.16 1D 463490591 463494658 1.10445679939063e-06 52 0.0431011 0.0222589678685695
1.18 1D 464512902.666667 464517485 1.15727490624447e-06 1287 0.0401956686091686 0.103312268189724
1.19 1D 465208804.833333 465214144.833333 1.17590657677916e-06 1367 0.0260086127651792 0.0740185617399294
1.2 1D 466233837.5 466239442.333333 1.17923844185879e-06 1172 0.0288177970989761 0.129598056142911
1.21 1D 467016328 467019324.5 1.16271500100385e-06 207 0.031105952173913 0.0422536588015892
1.22 1D 467967804.333333 467973813.888889 1.1261699491033e-06 1595 0.0393890857680251 0.114726159411999
1.23 1D 469083136.5 469087539.75 1.15110802155529e-06 1591 0.0448853602765556 0.0970258435400487
1.24 1D 469871811.6 469874945 1.16273624066831e-06 851 0.0266884292596945 0.118515898920499
1.25 1D 470539036.833333 470542943.333333 1.15725411833031e-06 799 0.0399759763454318 0.0501576946161573
1.26 1D 471599215.5 471605259.5 1.11527808500786e-06 658 0.0580621835866261 0.0694497782547193
1.27 1D 472023696 472027683 1.08691017508844e-06 224 0.0716250727678571 0.0447632554449599
1.28 1D 472659573 472661757.5 1.05215289393599e-06 817 0.0429319003671971 0.0860973481711063
1.29 1D 473842293.818182 473846665.454545 1.0201989526991e-06 2236 0.0352609004964222 0.045905750544032
1.3 1D 475305162.909091 475310468.636364 9.92772766865038e-07 2048 0.0312423014277344 0.111010611027135
1.31 1D 476792800 476797164.384615 9.84221203607036e-07 2426 0.0535585416975818 0.0405917666782427
1.32 1D 478296957.666667 478301487.666667 9.92460972516178e-07 1070 0.0717544710280374 0.0326347558738858
1.33 1D 479029891.6 479035852.4 1.00321456576516e-06 1117 0.0285743675917637 0.105606443342931
1.34 1D 479779918.25 479786826.75 1.01862278698267e-06 1702 0.0471822107520564 0.097210774958133
1.35 1D 480677706 480682416.857143 1.04262007308549e-06 1899 0.036442651864139 0.0506174971755911
1.36 1D 481553347.5 481559681.5 1.05690333698491e-06 1214 0.0469060668863262 0.045053140240399
1.37 1D 482217137 482218242 1.06049841476365e-06 115 0.0218364 0.191665292813834
1.38 1D 483143600.666667 483148562.5 1.05787157084878e-06 1250 0.07578362792 0.0224517626761831
1.39 1D 483871943.8 483879270.2 1.05198282073773e-06 547 0.0668720899451554 0.0569266425007646
1.4 1D 484763480.5 484769989.9 1.05086898324149e-06 2855 0.0328196772990854 0.0769707877571198
1.41 1D 485640917 485645715 1.05148617834203e-06 2138 0.0258086552385407 0.186540469925129
1.42 1D 486066543 486070919 1.05191293928484e-06 406 0.0430343 0.0383354672900454
1.43 1D 487071693.333333 487076407 1.0532417448463e-06 393 0.0550139435114504 0.0158362425425915
1.44 1D 488070634.75 488076509 1.05333012164481e-06 1768 0.0484655766968326 0.0232707452519514
1.46 1D 491027876 491040580 1.04847231923424e-06 1266 0.0132618 0.233627411060339
1.47 1D 492755732.125 492761211.75 1.04805968518512e-06 3791 0.0273794981798998 0.0677899646372172
1.48 1D 494189410.375 494194540.875 NA 3398 0.0245048663625662 0.155856769672945
0 2D 276051.5 281585.5 NA 616 0.00190991948051948 0.428666571923206
0.01 2D 674132 677669 1.63664751461928e-06 145 0.0618090524137931 0.0385183083214482
0.02 2D 2014157 2015713 1.57271633822152e-06 293 0.0257035 0.355849203415877
0.03 2D 2475035 2480695 1.55104046882513e-06 64 0.0478892046875 0.0148146318597181
0.04 2D 3077076 3080377 1.52307003389834e-06 80 0.0498095 0.0445557574358305
0.05 2D 3773856 3790417 1.49011709750458e-06 1734 0.00946413 0.210009794878135
0.06 2D 4461128 4465758 1.45761527914681e-06 199 0.00878736 0.764115729866536
0.07 2D 5114340.66666667 5118127.66666667 1.42593366066748e-06 945 0.0447029044444444 0.105289566699248
0.08 2D 5440610.25 5445050.5 1.40987266133974e-06 665 0.0658669804511278 0.0371751327841381
0.09 2D 5753283.75 5759658.5 1.39434965206023e-06 692 0.024830985982659 0.166710795561505
0.1 2D 6681345.5 6687921.5 1.3476333092205e-06 1583 0.0303991837650032 0.0472735662668936
0.11 2D 7280667 7283962.66666667 1.31701012238176e-06 580 0.0644913648275862 0.0529180854033396
0.12 2D 8380592.16666667 8388471.16666667 1.25934350946982e-06 1205 0.0468121274688797 0.129270527559997
0.14 2D 10591980.3333333 10596251 1.14097241617685e-06 891 0.0198490741863075 0.131218227159113
0.15 2D 11648625.7142857 11657427.1428571 1.0581092814599e-06 1939 0.0334172561629706 0.0595107011113517
0.16 2D 12686195 12690654 9.3654210619395e-07 142 0.0833965 0.0197049036830083
0.17 2D 12832999 12836243.6666667 9.19146684311065e-07 520 0.0455398355769231 0.123954189389007
0.18 2D 13687442.9166667 13692319.9166667 8.54767802795494e-07 2125 0.0444828062541176 0.0783319022762429
0.19 2D 14548394.1666667 14553277.8333333 8.53479429914672e-07 816 0.0651118057598039 0.0418267549914873
0.2 2D 15592044.75 15598727.875 8.86165671243796e-07 777 0.0286860771299871 0.0644734051637092
0.21 2D 18436287.5 18440525.5 8.74682975882326e-07 991 0.0561096105953582 0.058487585046007
0.23 2D 20778047 20783120 9.60590299907669e-07 107 0.0378683 0.106287316832285
0.24 2D 22197449 22206640 1.062592704677e-06 40 0.0204545 0
0.25 2D 22704955.5 22708829.5 1.08896942947058e-06 216 0.0517561444444444 0.0577067884729235
0.26 2D 23304916 23311445 1.11544418934239e-06 29 0.0297806 0
0.28 2D 25187061.375 25194816.25 1.15168112117572e-06 2173 0.0348426996778647 0.0607089221118819
0.29 2D 26521838 26526177 1.13724219017297e-06 235 0.074110114893617 0.0914698760217473
0.3 2D 27051029.8 27059340.8 1.12143963827688e-06 1307 0.0247476690130069 0.0932896557082711
0.31 2D 27780112.25 27783423 1.11973903982555e-06 885 0.052754419661017 0.0374508668151025
0.32 2D 28626605 28640397 1.18526565373525e-06 2122 0.0262862724787936 0.0598048132769823
0.33 2D 28958792 28963196.5 1.20036964779246e-06 431 0.0541063816705336 0.0514921976022102
0.34 2D 29658956.4 29661651.2 1.21514461094329e-06 399 0.0296265457393484 0.136609925305125
0.35 2D 30473746.2222222 30479651.5555556 1.19472407040371e-06 1836 0.0316830111982571 0.121926908841424
0.36 2D 31805895 31811622 1.08079072254637e-06 243 0.0349143 0.22209524464188
0.37 2D 32292067.3333333 32298604.8333333 1.01253650572813e-06 1080 0.0286396957407407 0.0892296180184565
0.38 2D 32916808.8 32921270.2 9.58897208023672e-07 927 0.0602718370010787 0.046085113888966
0.39 2D 33966455.1428571 33970057.4285714 9.35287347822685e-07 1386 0.0605940894660895 0.0971190917258323
0.4 2D 35555254.8333333 35561359.5 8.96586519904234e-07 2891 0.0201077371497752 0.153737887792997
0.41 2D 36632410.6 36639097.4 8.68426974504577e-07 2049 0.0334319652025378 0.0266733745246078
0.42 2D 37687794.8888889 37691828.3333333 8.3927445254652e-07 2153 0.0525879783093358 0.0670879863822974
0.45 2D 43332037.5 43336681 6.48117626046934e-07 499 0.0490960120240481 0.0990128520003543
0.46 2D 44033364.5 44038002.5 6.21990576391103e-07 971 0.0437461656024717 0.0792980387925975
0.47 2D 46106638.3333333 46114171.8333333 5.58263288124732e-07 1856 0.0268816511853448 0.040926974295772
0.48 2D 48309835 48313658 5.102165793157e-07 136 0.0432299 0.189465624486756
0.49 2D 49683498.1111111 49689280.6666667 4.91846001081468e-07 1716 0.0406785856060606 0.0405736008282646
0.5 2D 51281762.7142857 51287080.8571429 4.81933495466594e-07 1475 0.0297450079322034 0.173236987458419
0.51 2D 53570318 53572100 4.85891334296585e-07 369 0.0267848688346883 0.0343543121654476
0.52 2D 55813768.0666667 55819603.5333333 5.12457933677034e-07 4532 0.0283604795895852 0.0758961097888248
0.53 2D 57998889.4 58003473.8 5.30976274619708e-07 878 0.0361399870842825 0.0214854324313573
0.54 2D 60069485.2857143 60073453.8571429 5.18813090235336e-07 1547 0.042359300258565 0.0559793848107742
0.55 2D 62200923.7857143 62204463.8571429 5.10546517213397e-07 1865 0.0301807168364611 0.0470723913519775
0.56 2D 63836193.25 63840764 5.05307681262852e-07 1643 0.0141672472489349 0.156202154922563
0.57 2D 66615549.5714286 66620714.8571429 4.80527182490641e-07 1706 0.0444398103751465 0.116530500040847
0.58 2D 67965700.25 67971008.75 4.68322155947477e-07 2366 0.0167924438292477 0.0574075058278096
0.59 2D 69853863.6666667 69857696 4.51056040915821e-07 535 0.0518683712149533 0.0224239715121296
0.6 2D 72535333.8333333 72539538.3333333 4.26125256100677e-07 1390 0.0461194726618705 0.0798943670963312
0.61 2D 73570010 73579027 4.16368597833293e-07 861 0.0139994 0.0836492992556824
0.62 2D 75397999.8888889 75402116.1111111 3.98587722794806e-07 4231 0.0213331151099031 0.0939985361043679
0.63 2D 77786054 77793376 3.74500464967569e-07 4309 0.0274199369644929 0.0492275173904353
0.64 2D 79941453.7058824 79946105.2941176 3.5468318006354e-07 5836 0.0224679675548321 0.0864968424910976
0.65 2D 82906450.8 82911861.5 3.3038699944883e-07 2486 0.0266868661383749 0.0936202965175037
0.66 2D 86093193.5555556 86100830.4444444 3.08210720464644e-07 3618 0.0139314759172886 0.120196297301742
0.67 2D 88992029.75 88996405 2.91571416189565e-07 3046 0.0352670716283651 0.129665736776964
0.68 2D 95876821.45 95882944.6 2.58072534387821e-07 3511 0.0299923279407576 0.0683472778342743
0.69 2D 101580059 101584078.611111 2.12974244810818e-07 2879 0.0298149078139877 0.0680304116603006
0.7 2D 108851465.5 108856090.153846 1.85912557055202e-07 5006 0.0286338351057131 0.100055209750629
0.71 2D 115494839.68 115498882.2 1.66132317394149e-07 6171 0.0223519036943634 0.102639798098762
0.72 2D 121006650.12 121011247.48 1.523848533033e-07 7173 0.0159005605520703 0.108187576964131
0.73 2D 126693722.666667 126699771.8 1.42476641359518e-07 4442 0.0131254765252139 0.171860664020685
0.74 2D 131270999.285714 131276125.095238 1.29750727740509e-07 5208 0.0147190066897081 0.167035062580149
0.75 2D 136453565.066667 136459019.733333 1.18207654396983e-07 3186 0.0245384223132454 0.0620439735918515
0.76 2D 145166127.576923 145171326.692308 9.98046227446992e-08 7370 0.0146999075533243 0.131960118315208
0.77 2D 170341483.649635 170346956.160584 4.80837021392698e-08 31384 0.0169707048850702 0.103929172445549
0.78 2D 196089700.52381 196095488.952381 1.82535066162595e-08 5059 0.00627919272138763 0.239292594021378
0.79 2D 207655097.095238 207662695.547619 1.06941956906495e-08 14748 0.00207345204732845 0.289763895015397
0.8 2D 300604191.949239 300613034.680203 1.09337189689223e-08 69430 0.00385492449013291 0.203730549901652
0.81 2D 353171074.387097 353177395.080645 4.66946886572124e-08 16366 0.00842454103742465 0.0962030981316151
0.82 2D 372034211.84 372038554.58 6.18609469902801e-08 12722 0.0162809417379343 0.0980993657705469
0.83 2D 382767792.285714 382772847.238095 6.80549679811134e-08 10243 0.0149763561426602 0.137429861321762
0.84 2D 398637185.222222 398641674 7.43783662163167e-08 16998 0.0155950327632663 0.113267167962395
0.85 2D 414952412.703704 414956155.62963 7.91014284646878e-08 5393 0.0291181745818654 0.0528292657406044
0.86 2D 422843981.878788 422848828.242424 7.95918720550637e-08 7994 0.0241932005854391 0.115509261007934
0.87 2D 438987692.038961 438992613 8.5845210641424e-08 17347 0.0240964918656521 0.0998809786704358
0.88 2D 455592381.55 455596746.7 9.51484658115181e-08 4983 0.0240862959462171 0.0656312989732832
0.89 2D 460741319.909091 460746957.318182 9.72066819403881e-08 5258 0.0226624222841385 0.105386148220686
0.9 2D 470962946.514286 470967698.657143 1.00685025369377e-07 8993 0.0313195485288558 0.0921107474537934
0.91 2D 478258450.911765 478262431.794118 9.68191804233349e-08 5554 0.0291811495081248 0.114291737311338
0.92 2D 489497775.104167 489501603.895833 8.92587257799889e-08 9610 0.0268735981540062 0.0864621618208316
0.93 2D 498405449.086957 498408759.304348 9.08605709095889e-08 4843 0.0230630652818501 0.124971000011904
0.94 2D 509093397.633333 509099497.866667 1.02315999479477e-07 6434 0.0358644659953051 0.0869232552101331
0.95 2D 517704702.594595 517709593.324324 1.19008528048301e-07 6209 0.0341700299612991 0.106354974837793
0.96 2D 525938911.241379 525943659.206897 1.38531069399838e-07 8882 0.024885126031058 0.100376084921997
0.97 2D 535070466.1 535074406.1 1.56771657199861e-07 7977 0.0342585703137592 0.0953930084009953
0.98 2D 540404027.741935 540409511.419355 1.70152926764712e-07 6413 0.0248175844425386 0.120543131133766
0.99 2D 546148869.84 546153065.92 1.87056765082603e-07 4708 0.0359278593351742 0.0662427937196186
1 2D 551714704.571429 551722255.857143 2.09702088835072e-07 1314 0.0225729119863014 0.240379104696862
1.01 2D 554533590.4 554537631.8 2.13633351502522e-07 2643 0.0466820391390255 0.0679706328653706
1.02 2D 557946522.833333 557949647.833333 2.30575251724741e-07 1851 0.0467694460831983 0.0852381875039334
1.03 2D 562388967 562391915.375 2.55548865833675e-07 1149 0.0282494107049608 0.0664108994761134
1.04 2D 565700861.714286 565705151.571429 2.702337377516e-07 4936 0.0366732379011345 0.0880752244000135
1.05 2D 571623809.272727 571628597.272727 3.0676569083903e-07 3568 0.0261855019618834 0.083037140841177
1.06 2D 574975656 574980274 3.34029859058074e-07 2384 0.0373881125419463 0.110490937937788
1.07 2D 578072923.076923 578077343.230769 3.72407519391307e-07 3173 0.0250343707910495 0.106895343977195
1.08 2D 580170159.625 580174396.375 4.02745328990229e-07 1322 0.0453480439485628 0.0628241671353216
1.1 2D 584600905.142857 584603687.571429 4.2666109338312e-07 746 0.0431030077747989 0.0939349109822141
1.11 2D 587779266.333333 587783370.666667 4.20645191038776e-07 2022 0.0499633735905044 0.0465007385716873
1.12 2D 588965171.6 588969611 4.20144305063621e-07 1240 0.0471813797580645 0.0509975261922841
1.13 2D 590375405.333333 590380344.444444 4.17777413392737e-07 2443 0.0323378152271797 0.1765636064496
1.14 2D 593149294.6 593155329.9 4.16928134711755e-07 2650 0.0209350702641509 0.145114393422587
1.15 2D 595414976.222222 595419142.277778 4.22790143733247e-07 3184 0.0406217390766332 0.0564341592304582
1.16 2D 598166789.142857 598171624.857143 4.44125489732726e-07 1831 0.0224452313489896 0.136828536445043
1.17 2D 601172532.6 601177611.4 4.6431005352568e-07 2630 0.0485497152471483 0.0647093196290091
1.18 2D 604804872.2 604808177.2 4.69909350454002e-07 777 0.0394422808236808 0.0705053497164692
1.19 2D 606899951.625 606904190.25 4.79485800640346e-07 1625 0.0450650647208791 0.111071908174368
1.2 2D 609062569.571429 609068135.142857 4.86108079373694e-07 4440 0.0410380914054054 0.0801797278794299
1.21 2D 610677810.571429 610682208.571429 4.83485418524999e-07 1689 0.0505594872350503 0.0912699329995252
1.22 2D 611881854 611886799.5 4.77694175234441e-07 664 0.0649744204819277 0.0278557116703331
1.23 2D 613327444.2 613334370.8 4.65838450143739e-07 1906 0.0342039413955929 0.0569914381825773
1.24 2D 614847553 614850955 4.4804229690392e-07 143 0.0220754 0.379941020321263
1.25 2D 617086343.846154 617090962.923077 4.11429613078416e-07 3808 0.0376354442069328 0.0833775552515858
1.26 2D 620099144.9 620103022.6 3.86130782274164e-07 1511 0.0506458764923891 0.0647816729307487
1.27 2D 622286851.6 622291381.2 3.5462873188336e-07 1751 0.0523070447744146 0.0621736761930597
1.28 2D 624689383 624694015.625 3.3184207800811e-07 2385 0.048886221509434 0.0525792875956595
1.29 2D 628498444.818182 628503207.181818 2.95578539301949e-07 2145 0.0561201242424242 0.0297069421261792
1.3 2D 634145818.37931 634150204.896552 2.41522051218975e-07 5542 0.0474201104114038 0.0573364052250726
1.31 2D 645038499.266667 645043131 1.76452174916241e-07 13367 0.0437262000989028 0.0593841478105806
0 3D 1871131.1875 1875586.4375 9.02694263837714e-07 4369 0.0482391841931792 0.0607465384626857
0.01 3D 3609847.66666667 3614305.66666667 9.24886183334786e-07 698 0.0638863925501433 0.036097166437683
0.02 3D 6260786.25 6265428.58333333 9.66988703519224e-07 3028 0.0437600250660502 0.080021562660472
0.03 3D 7298873.58333333 7303837.08333333 9.82084434131773e-07 3021 0.046402750347567 0.0658546623832967
0.04 3D 8481025.14285714 8485801.28571429 9.97398217468363e-07 1427 0.0437337824807288 0.0625538534195195
0.05 3D 9131314.5 9134069 1.00500054937966e-06 445 0.0480150595505618 0.00998478871434601
0.06 3D 10453763 10456812 1.01960951541152e-06 42 0.0415831 0.10399344926184
0.08 3D 11603558.8 11608743 1.02705732607378e-06 1568 0.0435442762755102 0.0418401993284304
0.09 3D 12230761 12234542.5 1.02924232515376e-06 277 0.0537362906137184 0.0513562001625467
0.1 3D 13305056 13309424.25 1.05369098999514e-06 1219 0.0589222349466776 0.048433705624016
0.11 3D 13892409.75 13895618.75 1.06267072943859e-06 980 0.0460568528571429 0.123827346945498
0.12 3D 14614832 14617981 1.06990658424687e-06 400 0.06609810475 0.0508736723650159
0.13 3D 15497676 15501138.75 1.0785119638374e-06 1039 0.0361584735322425 0.0830801417586055
0.14 3D 16442313.5 16447448 1.09403860667966e-06 1147 0.0519392696076722 0.0918794387346978
0.15 3D 16932632.5 16936101 1.09668442888374e-06 18 0.048583 0.346026387831134
0.18 3D 19746191.5 19749002.25 1.10486340117647e-06 500 0.0304970368 0.130884059660511
0.19 3D 21004883 21005972 1.20693226838003e-06 123 0.0999370894308943 0.0179210701822008
0.2 3D 22047120 22052398 1.26047788850451e-06 351 0.0153213028490028 0.0895348228718954
0.21 3D 22256486.4 22261704.2 1.26630029306036e-06 1094 0.0370162035648995 0.0527819064918768
0.22 3D 23212075.5 23214161.5 1.27354664986884e-06 219 0.0519377205479452 0.0286777163776975
0.23 3D 23798234 23802141.6666667 1.26091221511821e-06 543 0.0266003666666667 0.0894675291138726
0.25 3D 25126814.5 25130889.5 1.18811242126333e-06 771 0.0622543214007782 0.0493205138877029
0.26 3D 26215820.5 26219240.5 1.08021369422023e-06 414 0.0368921958937198 0.110440644035768
0.27 3D 26376617.5 26380103.5 1.06056871797917e-06 315 0.0376124615873016 0.0273296190740701
0.28 3D 27559545 27564411 9.52701594167192e-07 122 0.0222753 0.117136918470234
0.29 3D 28369339 28373793 8.81903070516482e-07 278 0.0284645728057554 0.127475010827671
0.3 3D 29220472.5 29225185.5 8.2732826910849e-07 507 0.0472050763313609 0.0408102558521593
0.31 3D 29936422.75 29943674.75 7.92476382319935e-07 1586 0.031486437074401 0.100712505185383
0.32 3D 31690334 31694647 7.25666031943846e-07 350 0.0279289 0
0.33 3D 33030270.8333333 33035590 6.93319642115804e-07 2900 0.0185402574827586 0.0672079711306022
0.34 3D 36670213.7 36674811.2 6.09436315895947e-07 2112 0.0508552700284091 0.0365211398531507
0.35 3D 39756794.5714286 39761425 5.56923464671669e-07 1817 0.0473094835443038 0.0677153208036158
0.36 3D 42387182.6 42390278.3333333 5.35612250649611e-07 3145 0.0414340277901431 0.067378140960942
0.37 3D 44567528.2142857 44572690.2857143 5.52540754948057e-07 3616 0.034938805005531 0.0878080287071836
0.38 3D 46784942.8 46790861.8 5.31473817165947e-07 2492 0.0415594971348315 0.122909189680529
0.39 3D 49043545.3 49047815.2 4.97863723063966e-07 2980 0.046701861409396 0.0919960360144592
0.4 3D 50558547 50565629 4.76168612763661e-07 141 0.00274501872340426 0
0.41 3D 51688592 51696138 4.60390894673247e-07 301 0.0160033 0.009815225609718
0.42 3D 53899668.5 53904035 4.30766713177234e-07 1337 0.0216044441286462 0.0743878224617197
0.44 3D 57504916 57509084 3.85461310908385e-07 504 0.016638 0.17445967063349
0.45 3D 58799485.3333333 58803934.5555556 3.7020201887808e-07 1871 0.0198918626937467 0.0406033810263447
0.46 3D 61544367 61549750 3.39321718392542e-07 1132 0.0137901505742049 0.199609631379984
0.47 3D 63674133.4545455 63677790 3.17011665322112e-07 2159 0.0360399268179713 0.0343566751054058
0.48 3D 67184601.2 67192002.5 2.83096837319784e-07 3153 0.0198446258801142 0.0653738122358988
0.49 3D 70296242.5833333 70301644.5833333 2.5539064735482e-07 2770 0.0246497125303577 0.100209664753874
0.5 3D 81978791.8979592 81984377.3265306 1.84074439208897e-07 12163 0.0194240092985215 0.0986104662016742
0.51 3D 93256397 93264153 1.26350710440072e-07 606 0.0215367 0.124906322695678
0.53 3D 95076018 95080105 1.18442244149927e-07 1559 0.0253152275817832 0.117580429841559
0.54 3D 96214656.5 96218236.25 1.13637243392696e-07 1380 0.0299669942028986 0.117876038425077
0.55 3D 108847214.428571 108852328.642857 7.02555405625933e-08 13964 0.0166155933447914 0.1288322178271
0.56 3D 131117785.644444 131123468.555556 2.69028039924345e-08 11380 0.0201909979367311 0.0933520365783821
0.57 3D 147437808.305556 147442521.305556 2.55624647822661e-08 9462 0.0138810994244346 0.16420963297741
0.58 3D 166331908.787879 166336799.939394 2.6853464194308e-08 16802 0.00740457401571242 0.112099380758927
0.59 3D 242766549.772727 242775415.909091 1.75663525679387e-08 57393 0.00304437764013033 0.2474773129241
0.6 3D 308295375.188406 308301350.681159 3.97528057391039e-08 19991 0.00996913379820919 0.151034986499063
0.61 3D 327782780.826923 327789404.576923 3.47727186972782e-08 16886 0.0104202060014213 0.163415388908261
0.62 3D 344191658.791667 344197725.541667 3.90638578213138e-08 15309 0.0105885622236877 0.112268200030772
0.63 3D 365772093.079208 365777662.980198 6.51910248826787e-08 27599 0.0198060793425559 0.105015483523217
0.64 3D 385420785.645833 385425712.708333 1.06837781902445e-07 12618 0.0217963488763464 0.0926707326709129
0.65 3D 396308591.25 396313207.916667 1.38213120536602e-07 6364 0.0263059132526713 0.0869886040660697
0.66 3D 402550945.4 402556155.88 1.60101519706151e-07 6316 0.0170702008628879 0.105189276917753
0.67 3D 409654827.411765 409659461.647059 1.8990107556827e-07 4402 0.029016479323035 0.11974625312711
0.68 3D 414964586.566667 414968983.5 2.07192886171167e-07 9794 0.0175942997948744 0.11516720125793
0.69 3D 420350870.84 420357927.36 2.19536533108196e-07 7178 0.0128822995514071 0.110506453905272
0.7 3D 426084215 426093518.05 2.26903145090052e-07 8636 0.0174697266025938 0.135580021634162
0.71 3D 430221959 430226188.117647 2.36746913661221e-07 3232 0.0214591296503713 0.117071255725743
0.72 3D 434740831.818182 434744876.727273 2.49649925996193e-07 1910 0.0319647087486911 0.0281126642080543
0.73 3D 437893681.411765 437896830.647059 2.57110503176194e-07 3049 0.0312957361102001 0.0784413549792112
0.74 3D 441335768.3125 441339815.375 2.63775803898289e-07 3447 0.0232045362257035 0.115683431607951
0.75 3D 444505049.294118 444509876 2.6867915715423e-07 4528 0.0176132407057476 0.111570348424598
0.76 3D 447729055.875 447735059.125 2.72340866128942e-07 3328 0.0148277260516827 0.0254655998921329
0.77 3D 450968367.166667 450973315.333333 2.74745410436818e-07 1463 0.0264847509569378 0.114623701937988
0.78 3D 454243574.916667 454246734 2.77864161880549e-07 2016 0.0273555421130952 0.0837912652812625
0.79 3D 456609419.8125 456613300.625 2.80016359378346e-07 3068 0.0383585025423729 0.0867891937844221
0.8 3D 459634199 459639589.875 2.81846621256759e-07 3455 0.0241936375571635 0.0481334092063627
0.81 3D 462718875.363636 462722521 2.82687870425973e-07 2176 0.0388356714154412 0.0553356068647139
0.82 3D 465857445.333333 465861989.333333 2.82533077099623e-07 3520 0.0251573754261364 0.11651454271755
0.83 3D 469429456.615385 469433696.230769 2.81055723672303e-07 3107 0.0338605345671065 0.0590835788087068
0.84 3D 472567640.214286 472571397.642857 2.78632903404746e-07 2441 0.0377227254813601 0.0661569879829365
0.85 3D 477149613.555556 477156591 2.73170349489245e-07 3028 0.0229571315785997 0.15278192856313
0.86 3D 480725916.833333 480729198.666667 2.66580733628411e-07 2005 0.0263297866968941 0.0898156003157699
0.87 3D 484225404.909091 484229846.090909 2.53152994330022e-07 2145 0.0401786088391608 0.0886925825186885
0.88 3D 487903984.25 487910430.25 2.40679078047047e-07 3198 0.0251186619981238 0.104575916227813
0.89 3D 491648834.666667 491653075.666667 2.35038376549265e-07 2281 0.0289740221394125 0.0573323049993029
0.9 3D 496955279.44 496959381.08 2.39528734517523e-07 5766 0.0316337051230634 0.0625881286971447
0.91 3D 502497942.125 502503819.625 2.42854079917319e-07 3938 0.0363676439478585 0.0650319903850001
0.92 3D 506671118.411765 506675846.882353 2.30700844333963e-07 4605 0.0286672403648208 0.0876494277837264
0.93 3D 509832577.571429 509836148.857143 2.30027290375123e-07 2967 0.046355850016852 0.0679004317554663
0.94 3D 514624119.0625 514629032.875 2.44836431116413e-07 4505 0.0293343958357381 0.0679426191227256
0.95 3D 517615704.285714 517620475.142857 2.53852484776856e-07 2135 0.0442170458079625 0.0552137917229602
0.96 3D 522983574.6 522987753.1 2.60855203684188e-07 3006 0.0159446184031936 0.168855554926104
0.97 3D 526086335.875 526091241.9375 2.66352655574556e-07 4304 0.0237410036976456 0.0922893163406124
0.98 3D 530425515.6 530432394.8 2.87903842131818e-07 2923 0.0346864165279203 0.068040385168796
0.99 3D 533604998.6 533609441.4 3.02408462841799e-07 1674 0.0385186180555556 0.044079076501611
1 3D 536638866.6 536643563 3.19986727426257e-07 2418 0.0284674739040529 0.063497359404934
1.01 3D 539554503.5 539559125.5 3.43038491154207e-07 1428 0.0459685952380952 0.050847350220253
1.02 3D 542528021.333333 542530168.333333 3.73038574086816e-07 659 0.0220485197268589 0.133785285032675
1.03 3D 544269726.6 544273971 3.96810408625082e-07 2223 0.0232227582096266 0.0553372500564973
1.04 3D 546770847.526316 546775201.894737 4.39945193758855e-07 4051 0.0460129390274006 0.035919817145871
1.05 3D 549465521.5 549470658.833333 4.7348260223792e-07 2125 0.0291781329411765 0.0632469030857234
1.06 3D 552231039.2 552235242.8 5.12890029940476e-07 668 0.0556223796407186 0.0661947277737064
1.07 3D 554582086.875 554585620.375 5.55216599842225e-07 2012 0.0296811183499006 0.15043381000847
1.08 3D 556367937 556374911 5.63903942084576e-07 2263 0.0373343247901016 0.0689867491998261
1.09 3D 558972486.714286 558977175.428571 5.2738667537757e-07 2008 0.0320754522908367 0.0935473401841682
1.1 3D 560347108 560351120.333333 4.88915116073309e-07 527 0.0314287641366224 0.145857179490522
1.11 3D 561276693 561280072.5 4.63484099571129e-07 330 0.0371239145454545 0.238514766737226
1.12 3D 562513055 562517011 4.23632749523946e-07 490 0.0382885171428571 0.0426902467065657
1.13 3D 563859404 563862422 4.04488467915164e-07 35 0 Inf
1.14 3D 565382316.333333 565388482.833333 4.21841942917315e-07 668 0.0190822233083832 0.149031529146413
1.15 3D 570595664.333333 570598557.333333 4.25511422886453e-07 497 0.0438311786720322 0.110883282105287
1.16 3D 573806216.142857 573809589.285714 4.41826272889715e-07 1195 0.056713050460251 0.0734893305563772
1.17 3D 576205428.5 576211968.5 6.55075080600482e-07 702 0.0231766615384615 0.0733869032854816
1.18 3D 577267565 577270089 7.20249692205044e-07 118 0.0220671694915254 0.123056983954229
1.19 3D 578724911 578728372.5 7.96265842165019e-07 237 0.0223401561181435 0.0942918817357327
1.2 3D 579726218 579733444 8.40535912502353e-07 105 0.0103352 0
1.21 3D 580659535 580662448.333333 8.75024981779158e-07 500 0.05754018 0.0475701921683248
1.22 3D 581454131.666667 581458846.333333 9.01584525485276e-07 548 0.0395657184306569 0.120405146686168
1.24 3D 583323915 583329114 1.03812073296735e-06 546 0.0348707 0.0423447192055221
1.25 3D 583930698 583937728 1.08116289286303e-06 640 0.0339086 0.107565042496594
1.27 3D 586060681 586068672 1.16977055148923e-06 1287 0.0188021197358197 0.029109771472187
1.28 3D 587001034.333333 587004596.333333 1.17839273398288e-06 562 0.0667225257117438 0.0280439428179529
1.29 3D 587860387.666667 587865126 1.16876637226246e-06 768 0.0450345109895833 0.117900089529834
1.3 3D 588587722.5 588592128 1.14970216947974e-06 592 0.0292846863175676 0.103502839088202
1.31 3D 589663030.666667 589667179 1.11199595136209e-06 157 0.0812476038216561 0.0763684295779094
1.32 3D 590692655 590698167.333333 1.11623734415524e-06 541 0.0505626558225508 0.0276264607669945
1.33 3D 591530061 591534722.5 1.10857670461484e-06 407 0.054572913022113 0.0372786530938957
1.35 3D 593143889.333333 593148369.333333 1.09431260415492e-06 488 0.0429392981557377 0.181518879766292
1.36 3D 594728014.4 594732092.6 1.07531132575397e-06 1196 0.0368709474916388 0.0978499854273424
1.37 3D 595053521.5 595058194.25 1.06336815690203e-06 1236 0.0538196716828479 0.0370638720750712
1.38 3D 596484498 596488436 9.9927244701703e-07 70 0.0628173257142857 0.172959280023928
1.4 3D 598533484.666667 598537001.333333 8.9677321944778e-07 664 0.065431771686747 0.0117689048965297
1.42 3D 600123710 600126996 8.54213563703903e-07 182 0.0307747 0.0770441304058204
1.44 3D 601917967 601925473 8.39242228673895e-07 368 0.0722619 0.0170780175998694
1.45 3D 602752142.5 602757368.75 8.4585754644657e-07 585 0.0306751285470085 0.0973304579023017
1.46 3D 604159810.222222 604164317.888889 8.49711965086515e-07 4513 0.0315114125659207 0.0957700485951795
1.47 3D 607178185.588235 607183014.529412 8.31791391625696e-07 4200 0.0416096283333333 0.0349241161553731
1.48 3D 609424237.5 609428378.166667 8.13235286819343e-07 1263 0.0645802546951702 0.10867201448554
1.49 3D 610213577 610215516.333333 8.10000531420804e-07 194 0.0545836206185567 0.0226600850313617
1.5 3D 611353432.714286 611356248.285714 8.04912967155877e-07 890 0.0442593108426966 0.137142483799571
1.53 3D 612891797.6 612901513.8 7.96496056852253e-07 616 0.044614675487013 0.0433938331856261
1.54 3D 613652161 613658845 7.91690112009291e-07 1366 0.0465905897510981 0.086192948155901
1.55 3D 614204249 614208876 7.87942240021488e-07 11 0 Inf
0 4D 1946312.5 1950088.3125 2.04469261399031e-06 2159 0.0623635498378879 0.0301476024238547
0.01 4D 4614552.16666667 4619214.16666667 1.92943513354509e-06 1990 0.0485454025125628 0.0597252620095547
0.03 4D 5574939.33333333 5580875.66666667 1.88819114497085e-06 1526 0.0321759167103539 0.0720198185397853
0.04 4D 6032395 6038324 1.86872691417363e-06 439 0.0556163059225512 0.0212217387631886
0.05 4D 6492055 6495568 1.84932295239492e-06 155 0.0681657 0.0580222898026427
0.06 4D 6597174.8 6601892.4 1.84486343563107e-06 1222 0.0640592756751227 0.0677207883549076
0.07 4D 6896320 6899884 1.832296722521e-06 174 0.0536885 0
0.08 4D 7107798 7112439 1.82339986465315e-06 437 0.0561311 0.0201161210095651
0.09 4D 7472176 7476683 1.80782886541619e-06 140 0.0679585578571429 0.0476169988514324
0.1 4D 7760155 7765496.28571429 1.79544510279604e-06 2735 0.0432869330895795 0.0318073440336843
0.11 4D 7994323.5 7996551 1.78547808752088e-06 386 0.0184095919689119 0.0677639676601907
0.12 4D 8256254 8259493 1.77425436330342e-06 130 0.0358641 0.0593571287164602
0.14 4D 8662258.5 8670233.5 1.75683893321785e-06 615 0.0250938248780488 0.0176195319338208
0.16 4D 9305533.5 9313342.5 1.72953138873062e-06 2410 0.0220116806639004 0.08399165159206
0.18 4D 10254193.5 10260903 1.68953028703626e-06 537 0.0280017590689013 0.00316680889658022
0.2 4D 10983844.8333333 10989618.6666667 1.65898234740149e-06 1162 0.027124152151463 0.0660853374453533
0.21 4D 11484327.6 11490011 1.63812459993134e-06 2169 0.0202659355002305 0.198229171231042
0.22 4D 11912850.4 11917794.2 1.62034826659809e-06 1344 0.0443193580357143 0.0567293181967949
0.24 4D 12577721.4 12581487.8 1.59289503461414e-06 1053 0.0392160145299145 0.127012948392043
0.25 4D 13150291.2 13154901.4 1.56933835703218e-06 498 0.0550370763052209 0.0667162016083791
0.26 4D 13556159 13560697 1.55272146490988e-06 270 0.0327421 0.0327114021397528
0.28 4D 14608229 14611486 1.50994040881085e-06 196 0.0731489 0.0660463793713918
0.29 4D 15400385.6 15405554.2 1.47792529854487e-06 1359 0.0457124006622517 0.0327581883421
0.3 4D 15901903.3333333 15906320.3333333 1.45781429010174e-06 3794 0.0516137419082762 0.05452334126845
0.31 4D 16506121.3 16510992.5 1.43361683212921e-06 2795 0.0640885307334526 0.0346213515153647
0.32 4D 17191470 17196896.5555556 1.40447418053289e-06 2013 0.030514935668157 0.0225763118076331
0.33 4D 19364812.1428571 19369713 1.31200566943313e-06 1948 0.0452985137833675 0.0498329727884282
0.34 4D 20511640 20513804 1.26425705194704e-06 207 0.0545114502415459 0.0309350979595636
0.35 4D 21573035.4 21582550 1.22045981110329e-06 3335 0.0221619067166417 0.0226374578866123
0.36 4D 22104149.3333333 22108575.3333333 1.19892854379566e-06 1170 0.0356441847008547 0.0278079079422411
0.37 4D 23206982.4 23212969.4 1.15441513696675e-06 2204 0.0422421289019964 0.0163662311637969
0.39 4D 25584155.6666667 25589459 1.06060811277332e-06 1951 0.0312751239876986 0.0297806382848796
0.4 4D 26701259.4285714 26706180.8571429 1.01751040101848e-06 2579 0.0346993029856534 0.0363683927579868
0.41 4D 28837709.5 28844554 9.36745493664583e-07 5535 0.0259540737127371 0.0577259076448832
0.42 4D 30416976.3333333 30421026.5555556 8.7499229950229e-07 1467 0.0451802536042945 0.0759052944343813
0.43 4D 32245810.5 32251401 7.45669652244443e-07 2986 0.0232658147119893 0.0664823793264814
0.44 4D 35838062.5333333 35844169.3333333 4.90139066355106e-07 3690 0.0346553246720867 0.091840519416393
0.45 4D 39448510.4 39452950.5 2.99940724583302e-07 1707 0.027418096420621 0.0880175055764887
0.46 4D 43713028.8333333 43718602.8333333 1.6753290538057e-07 6022 0.0299268580826823 0.0972994840329582
0.47 4D 48961465.4285714 48966969.0714286 1.32290187397124e-07 2534 0.0393026510128913 0.112494947634379
0.48 4D 51863752.8 51867412.5333333 1.55103235689483e-07 2491 0.0392246412685668 0.0915959918030291
0.49 4D 55312624.125 55318269.5 1.52892795451687e-07 2286 0.0300313077427822 0.116830180990982
0.5 4D 58732551.3333333 58740305.9166667 1.03052069321956e-07 4073 0.0201272617677388 0.107545291918301
0.51 4D 74976919.5294118 74982309.3627451 6.70347429072269e-08 28865 0.0190225382965529 0.0978176063932666
0.52 4D 95989378.3666667 95994686.6666667 5.35961369340817e-08 10083 0.0180150159436676 0.147765149019864
0.53 4D 107748255.674419 107753918.139535 5.38134583362802e-08 10117 0.0158917193324108 0.137211115817602
0.54 4D 141294532.075472 141301020.745283 2.08714990796589e-08 29326 0.00315896391973649 0.171519491178534
0.56 4D 201896944 201905027 0 940 0.000643558 0.0795620596744971
0.57 4D 234615870.574468 234628922.382979 8.49600007543069e-09 20898 0.000944404505981434 0.315004203699577
0.58 4D 280618762.230769 280632472.461538 1.94165219511649e-08 7403 0.000758893567202486 0.424762925056632
0.59 4D 303965097.275862 303971129.114943 2.26843849830457e-08 27287 0.00427569147683794 0.184369093021816
0.6 4D 338097358.133803 338101900.43662 2.88918894817107e-08 35914 0.0145223997345206 0.115691832783466
0.61 4D 366955920.070175 366960283.245614 8.92801232382574e-08 17388 0.018760244400161 0.0816424174875566
0.62 4D 378842483.3125 378847892.9375 1.1667271433686e-07 4790 0.0169950180417537 0.103699188550681
0.63 4D 381335655.142857 381339555.642857 1.27958216211383e-07 4088 0.0110658632705479 0.138527432516368
0.64 4D 387530569.4 387534548.48 1.1918426701311e-07 5667 0.0224477200247044 0.110732297122306
0.65 4D 395937707.225 395941976.425 1.11159351822926e-07 7679 0.0168223108334419 0.118176799061604
0.66 4D 406294314.325581 406299804.232558 1.24775578625204e-07 12593 0.0191225072153804 0.0863256721739655
0.67 4D 418202724.782609 418208237.347826 1.51739508038985e-07 10371 0.0188538282152155 0.140181781856111
0.68 4D 423115058.8 423120061.066667 1.65116761868255e-07 3799 0.0233694217557252 0.0667764280255976
0.69 4D 428362337.090909 428367779.909091 1.80729776925776e-07 6486 0.0210413109898242 0.115517026065251
0.7 4D 432501475.3 432504854.2 1.94041699958816e-07 1508 0.0194094199602122 0.126296807950519
0.71 4D 435566716.235294 435571717.411765 2.04481199691248e-07 5040 0.0223330782380952 0.0578993616475771
0.72 4D 440829173 440833997.25 2.14794220529829e-07 3678 0.0164558347172376 0.0914852494221574
0.73 4D 444987329.222222 444992691.666667 1.99227910154039e-07 5012 0.023691997745411 0.142956733229167
0.74 4D 449059113.785714 449063419.642857 1.9698662191294e-07 4278 0.0247607791725105 0.0838116487766536
0.75 4D 454925586.25 454928500.15 2.4290201549178e-07 2854 0.0295480992396636 0.0673397530781425
0.76 4D 459326640.333333 459330617 3.28363068375273e-07 1970 0.0221689778172589 0.125612976191134
0.77 4D 460731435.833333 460734649 3.66452144602195e-07 1355 0.0327257333579336 0.082946748021875
0.78 4D 463347737.555556 463352364.333333 3.92455610428058e-07 2154 0.033276410538533 0.0953299506868333
0.79 4D 465724027.555556 465728296.222222 3.74580688568758e-07 1706 0.0356328289214537 0.0868602731499783
0.8 4D 468681840.666667 468686503.733333 4.102892182821e-07 4633 0.0335225412182788 0.0741289577693112
0.81 4D 470826703.6 470829811.8 4.79163115162495e-07 499 0.0341355903807615 0.0622852974002134
0.82 4D 473695238.733333 473700606.533333 6.23913617500609e-07 3803 0.0314439280830923 0.0859397026917893
0.83 4D 476129838.333333 476135062.333333 7.91867254770627e-07 1094 0.012695561142596 0.159170857014673
0.84 4D 477082561.125 477089464.125 8.711759497532e-07 2343 0.025327282373026 0.044486323866298
0.85 4D 478084921.333333 478090743.833333 9.6199744347917e-07 1652 0.0286958222457627 0.0981697446916514
0.86 4D 479248278.666667 479251112 1.07662590969723e-06 191 0.0512713539267016 0.0768362186998759
0.87 4D 479818594 479826531.5 1.1369360031931e-06 1116 0.0158831491935484 0.152023561184365
0.88 4D 480875024 480878641.5 1.33722898017811e-06 490 0.0627605469387755 0.0282351768633538
0.89 4D 481136064.333333 481140327 1.41128481308678e-06 1459 0.0319618361891707 0.0792005630043833
0.9 4D 481803823.5 481807099.25 1.56431386931098e-06 1281 0.0268317345042935 0.0538461687735688
0.91 4D 482516396.714286 482523669 1.5791139872976e-06 2510 0.0358082657370518 0.054343503464729
0.92 4D 483069974.333333 483074039.666667 1.48887027925454e-06 2258 0.0385259054472985 0.0620299601819118
0.93 4D 483914179.5 483920299 1.42863488554877e-06 951 0.0275927390115668 0.111213738136233
0.94 4D 484606028.666667 484610488.5 1.37226569586378e-06 1766 0.0375946934767837 0.0743422620709048
0.95 4D 485520708 485526115 1.28143772180179e-06 331 0.0506962 0.0526295856494175
0.97 4D 486181976 486186469 1.20437339667996e-06 281 0.0823813338078292 0.00308557960828877
0.98 4D 486854786 486857975.166667 1.11612395670229e-06 1315 0.0459184698098859 0.0382271516950398
0.99 4D 487453618.333333 487456352 1.02885541089098e-06 313 0.0165674476038339 0.0772679867952304
1 4D 488997737.222222 489000810.444444 7.30747591039075e-07 1269 0.0416118826635146 0.0960670906780959
1.01 4D 494014689.636364 494021389 4.51278502646357e-07 2381 0.036374811448131 0.0827147420344823
1.02 4D 496058066.5 496060058 7.64661084161776e-07 611 0.0223038585924714 0.303655617235349
1.03 4D 497154836.857143 497158905.428571 8.95861138182601e-07 732 0.0443025567622951 0.127807141525869
1.04 4D 498027895.4 498031321.2 9.95332318069393e-07 858 0.0498554555944056 0.0241539136043517
1.05 4D 498585442 498593011 1.05683436446447e-06 628 0.034864247611465 0.0971586861186684
1.06 4D 498922999.75 498928584.75 1.0930692100857e-06 1934 0.0313790885211996 0.0502188102164061
1.07 4D 499488065.5 499492654.75 1.13008952919617e-06 1191 0.0296244633081444 0.241697229442168
1.08 4D 500014700 500017879 1.1681206600704e-06 347 0.0208484221902017 0.119291579366783
1.09 4D 500821807 500826460 1.32253621577868e-06 390 0.0353128015384615 0.0654542516963014
1.1 4D 501318167.5 501322494.5 1.47447382317567e-06 542 0.0491202357933579 0.0247771626936145
1.11 4D 502471388.5 502474927.5 1.96181573262424e-06 2068 0.0592050198742747 0.0645340980732338
1.12 4D 504105755.833333 504110587.333333 2.58176564456629e-06 2065 0.0459401089588378 0.0694564989209817
1.13 4D 504339499 504344372 2.77226059342016e-06 356 0.00232085 0.402365512635457
1.16 4D 505352502 505354843 3.09963171254712e-06 30 0.115385 0
1.17 4D 505427738 505432457 3.07149578258463e-06 34 0.0142045 0.264463374282798
1.21 4D 505983762 505988144 2.64345342213718e-06 51 0.021978 0.111111111111111
1.22 4D 506167612.5 506170110.5 2.41585076838613e-06 339 0.0230237230088496 0.198100412552547
1.23 4D 506463560 506466966 2.20961466909972e-06 337 0.0813655 0.0336018337010158
1.24 4D 506733369.5 506734864 2.03603026814085e-06 87 0.139281 0.184855077146201
1.25 4D 508935573.818182 508941373.954545 1.222873447856e-06 8860 0.0297526017539503 0.0684331090405358
0 5D 554527 558722 NA 507 0.014499 0.00661194565142424
0.01 5D 935699 941610 9.27956340645568e-07 450 0.0142677 0.0242634762435431
0.02 5D 1869527.33333333 1874195 8.97682055260103e-07 679 0.0559807751104566 0.0320569288221062
0.03 5D 2663968 2669672.5 8.70726806700462e-07 802 0.0433506426433915 0.0328645376644113
0.04 5D 3603096.5 3605654.75 8.37410080846522e-07 410 0.0433688058536585 0.083440045228867
0.05 5D 5194822.5 5198704.5 7.77194484988952e-07 260 0.0457990673076923 0.0675261962632343
0.06 5D 5795798 5811501 7.53035378564527e-07 1106 0.03012143960217 0.0855744360827596
0.07 5D 6769382.5 6773841 7.13033041420908e-07 918 0.0809104650689906 0.00942917519063255
0.08 5D 7572760.5 7583453.5 6.78546249895723e-07 980 0.0286515619387755 0.120366269378903
0.09 5D 8418582.28571429 8424199.42857143 6.41161900699737e-07 2176 0.0238872671415441 0.110113405255611
0.1 5D 9116808.33333333 9120892.33333333 6.09606129640193e-07 626 0.0474204400958466 0.0995522438112291
0.11 5D 10326563 10332534.75 5.64903959129927e-07 836 0.0141937733971292 0.122866681813143
0.12 5D 14067144.75 14072663.9166667 4.45461671578856e-07 3533 0.0336886528677663 0.0817735787284211
0.13 5D 22726508.6666667 22731916.6666667 2.43137536047664e-07 1274 0.0409407386970173 0.0692418825662918
0.14 5D 25300148.3333333 25303774 3.63833066396309e-07 700 0.0453191992857143 0.0113001468519831
0.16 5D 28498272.375 28504136.75 4.17503055286269e-07 1580 0.0440594676582278 0.0466192961480891
0.17 5D 30115396 30119401 4.57036293589867e-07 686 0.0265209 0.0581722339739602
0.18 5D 33191592.25 33196955 5.68049880110395e-07 2180 0.0260154072477064 0.0673808760517175
0.19 5D 35920784.5555556 35924524.5555556 6.47693024546452e-07 1599 0.0390775237023139 0.136969493062206
0.2 5D 37349102 37355164.6666667 6.82085520398193e-07 1531 0.027410999085565 0.0157112416619763
0.21 5D 40137040.5 40139470 6.74854011714632e-07 245 0.0590491591836735 0.0228442313440119
0.22 5D 40863961 40867858.25 6.57932028463912e-07 1011 0.0181772708615232 0.271746333202809
0.23 5D 41409671.6 41412857.2 6.53402603816419e-07 1032 0.0371363804263566 0.0620669615108146
0.24 5D 42481560 42483718 6.40608703814872e-07 250 0.057948556 0.0705633182645656
0.25 5D 43617441 43621964 6.15589712806876e-07 636 0.0559439433962264 0.0971180888955892
0.26 5D 44677421.6 44681649.4 5.94384346804183e-07 1746 0.046995706930126 0.0611756952262766
0.27 5D 45331884.6666667 45334925.3333333 5.91620127720717e-07 416 0.0420853735576923 0.219625319307159
0.28 5D 46309145 46312912 5.85361100772254e-07 237 0.0345745 0.0312814357402132
0.29 5D 47023818 47035761 5.78025927267768e-07 496 0.0211708 0.0467462731687041
0.3 5D 49244989.5 49249842.8333333 5.40629724432054e-07 2272 0.0148380667473592 0.207212736467835
0.31 5D 53145640.2 53150044.8 4.50218297376502e-07 2382 0.0445731020151134 0.0272717422032462
0.32 5D 86326971.1870968 86332476.7354839 1.69661121050986e-07 42705 0.0183040655150763 0.104422256574975
0.33 5D 116741713 116747451 5.0118143789295e-08 94 0.00210084 0
0.37 5D 116958786 116968730 4.94930611113363e-08 1244 0.00383565 0.0668582899899626
0.46 5D 117264378.5 117267745 4.86336184033483e-08 514 0.0078353326848249 0.116246142324962
0.52 5D 117739586 117745517 4.72853664508308e-08 490 0.00553176 0.150502914081594
0.54 5D 118007705 118009555 4.65358900425839e-08 164 0.00694939 0.0995280161280343
0.55 5D 119423227.1 119427615 4.25892292924522e-08 3099 0.00698287020974508 0.277027848073624
0.56 5D 136422895.467532 136430621.818182 1.35448167857038e-08 27683 0.00375868668604568 0.175309560871897
0.57 5D 185025317.361111 185035823.111111 0 12753 0.00346498195804909 0.209665994054397
0.58 5D 213124129.012048 213129835.301205 0 26252 0.00280623742690457 0.261666714077992
0.59 5D 256440316.994595 256446100.178378 8.27035722387931e-09 62292 0.0103988978149996 0.131238683616542
0.6 5D 288639563.54 288644701.62 6.61671718119242e-08 11603 0.0189005096720676 0.0820821353139537
0.61 5D 299627805.846154 299632092.923077 9.97637770070845e-08 6614 0.0226343641630128 0.140334505074758
0.62 5D 310382930.709677 310387390.290323 1.39253508400808e-07 8356 0.0220290541596458 0.0708690862910066
0.63 5D 319658073.75 319662973.25 1.85979077194428e-07 7920 0.0122683411182192 0.111963501188019
0.64 5D 326759842.571429 326763991.428571 2.2125116344387e-07 4445 0.0259398035995501 0.0886377986388786
0.65 5D 330769517.6 330775165.5 2.39464952205903e-07 2062 0.0334359716585839 0.0896686798294277
0.66 5D 333781999 333788414 2.53288397247682e-07 1387 0.0185581740230714 0.0771685574563865
0.67 5D 336849050.529412 336854756.882353 2.69769277089905e-07 3388 0.0355587746458087 0.0870115129864831
0.68 5D 339852593 339856141 2.84984447643539e-07 2175 0.0309376296045977 0.0770876745199924
0.69 5D 342712106.75 342716194.75 2.98747651559649e-07 1513 0.0333364481031064 0.0789266083301191
0.7 5D 346556716.1 346558949.4 3.15997089518625e-07 2093 0.0303407050406116 0.0592873914486088
0.71 5D 350026592.866667 350030129.2 3.30205002219148e-07 2632 0.0252535289209726 0.0917231510783654
0.72 5D 353066910.692308 353070450.307692 3.42323185686292e-07 2346 0.0258048284910486 0.0919666691891761
0.73 5D 355829238.117647 355834110.117647 3.54118895777671e-07 3084 0.0178000752748054 0.0922336705084684
0.74 5D 358425619.5 358428715.5 3.66015653287839e-07 587 0.0383170981260647 0.042863753548429
0.75 5D 361660093 361665403 3.82004472660075e-07 2569 0.0215759931257299 0.110780405061712
0.76 5D 364556913.333333 364562219.5 3.97325369322823e-07 2846 0.019892267547435 0.101373426026518
0.77 5D 366909001.111111 366912799.222222 4.10486761739857e-07 2093 0.0321848668848543 0.075007866652748
0.78 5D 369508675.375 369511436.375 4.25712607427091e-07 1874 0.033591584701174 0.101374451492719
0.79 5D 371496076.888889 371500406.111111 4.37982539578924e-07 2570 0.0375360641634241 0.0422464322039514
0.8 5D 374063699 374068128.5 4.54701843215768e-07 585 0.0169487098461538 0
0.81 5D 375860050.888889 375864787.555556 4.65716784584098e-07 2334 0.0313679901028278 0.133260214923714
0.82 5D 377760246.8 377763336.2 4.76796693708012e-07 1284 0.0303911363239875 0.0382308689946814
0.83 5D 379439314 379442313.2 4.8609830886988e-07 804 0.0279263048507463 0.184825870164825
0.84 5D 381600968.8 381604871.9 4.9731916356229e-07 1735 0.028928641556196 0.124482400897539
0.85 5D 384063348.846154 384069511.692308 5.09169670262971e-07 2017 0.0155480008973723 0.0918157815059464
0.86 5D 385535277.333333 385540301.833333 5.15734207293579e-07 1465 0.0288140170648464 0.089588706411496
0.87 5D 387353490.642857 387356956.785714 5.23343170499499e-07 2952 0.0326739468157182 0.167519892939904
0.88 5D 389113464.2 389117451.4 5.30194339845936e-07 1851 0.0247126317341977 0.144737942964294
0.89 5D 390729635.2 390734514.2 5.36000482353485e-07 2183 0.0184578000274851 0.0837448285726306
0.9 5D 391853198.5 391860546 5.39800550536347e-07 622 0.0181075370418006 0.0431843257495437
0.91 5D 393861399.166667 393864517 5.46008474044352e-07 1138 0.0305732702987698 0.0279956215759602
0.92 5D 396212723.75 396217876.25 5.52416879873429e-07 827 0.0249238136638452 0.0568507494076058
0.93 5D 396950340.375 396956567.625 5.54225922062212e-07 3270 0.0224849379266055 0.0943736229991995
0.94 5D 398106344 398115386 5.5689775813404e-07 555 0.0221338 0.014994985045496
0.95 5D 399531619.4 399536624.5 5.59841789660276e-07 1879 0.0404575384513039 0.0462471338725985
0.96 5D 400895699 400903146 5.62371298311859e-07 256 0.00308753 0
0.97 5D 402813982.857143 402818989 5.65357550785705e-07 2880 0.0145431118993056 0.133350656842444
0.98 5D 405323199.5 405327256 5.6833657868968e-07 532 0.0393874434210526 0.0042527876821016
0.99 5D 406665514.375 406669750.75 5.6947187270645e-07 2637 0.0304468723549488 0.113213974849249
1 5D 408439089.571429 408443976.142857 5.70522119036927e-07 1375 0.0446836546181818 0.057442906057667
1.01 5D 410148027 410151039.571429 5.71033707002333e-07 1283 0.0434824445830086 0.0602106494043759
1.02 5D 413051727.176471 413055857 5.68286285755219e-07 2420 0.0366742231404959 0.081903719053241
1.03 5D 415224449.7 415227799.3 5.52845137828309e-07 2223 0.0248594993207377 0.0978384868934825
1.04 5D 417845252.75 417848604.5 5.41043949414817e-07 1218 0.0329628419950739 0.0505945578012768
1.05 5D 420452255.166667 420457164 5.41433316989274e-07 1877 0.0359079434736281 0.0496740999630027
1.06 5D 421849248.153846 421852589.076923 5.46617908838455e-07 1733 0.0283552079803808 0.0534121908875434
1.07 5D 423524273.111111 423528346.555556 5.57688852216376e-07 2079 0.0228028139105339 0.0810740115504154
1.08 5D 425590708.625 425593620.75 5.76232719888205e-07 1029 0.0378693846786061 0.0690567935937201
1.09 5D 427410465.25 427414220 5.88503920668055e-07 580 0.0360321684482759 0.13031087766943
1.1 5D 429354925.222222 429358714.666667 6.09475973295406e-07 2003 0.0352533038442336 0.0544118704214076
1.11 5D 431333702.333333 431343831.666667 6.34228008981314e-07 509 0.00789590092337918 0.112044038209107
1.12 5D 432671449 432675277.75 6.52310381392177e-07 559 0.0643268271914132 0.0891353183203827
1.14 5D 435211051.25 435213782.25 6.93991372843291e-07 572 0.0369118272727273 0.201109726998325
1.15 5D 436190704.2 436194282 7.10142792471965e-07 1261 0.0390862059080095 0.0967077728033786
1.16 5D 437656027.666667 437659581.666667 7.22792454483217e-07 155 0.0647269509677419 0.105452658130919
1.17 5D 439226557.8 439231666.4 7.34535409829084e-07 721 0.0374123889042996 0.120481872982332
1.18 5D 441034833 441038490.5 7.77889306572348e-07 1259 0.0375129153296267 0.100592202203977
1.19 5D 442953397.583333 442958867.166667 8.17542013389853e-07 3383 0.0412946309515492 0.0949442231029714
1.2 5D 444194048 444197531.5 8.38649460170478e-07 472 0.0519694436440678 0.0820139755037117
1.21 5D 444888337.25 444892975 8.4871247220237e-07 4155 0.0263833864981949 0.0409753189237822
1.22 5D 445469952.5 445479078 8.56337958316823e-07 1463 0.0115762021872864 0.220777508065401
1.23 5D 446820305.222222 446826204.444444 8.70526032633751e-07 2220 0.0293974879054054 0.211216452912996
1.24 5D 448530355.222222 448537123.111111 8.82216073325048e-07 2891 0.0258807272570045 0.169510245176892
1.25 5D 450086108.8 450088321.6 8.87294248276275e-07 692 0.0355011580924855 0.102496734963633
1.26 5D 450668957.125 450674725.875 8.87542486189818e-07 2366 0.0163721046322908 0.154902807286099
1.27 5D 451492328.666667 451500220 8.86417398607958e-07 807 0.0435855381660471 0.118880225931721
1.28 5D 452119416.333333 452123483.333333 8.84564644666712e-07 691 0.0358344613314038 0.0707783107090491
1.29 5D 452590561.333333 452594810.833333 8.82509880859653e-07 1427 0.0228228254379818 0.0383606642655924
1.3 5D 453406278 453410936 8.77689869556267e-07 42 0.00700935 0.385933075106822
1.31 5D 453917921.75 453924567.25 8.7380082286476e-07 1725 0.0231248310144928 0.0611213286045854
1.32 5D 454462047 454466388.6 8.68948141381691e-07 1717 0.0599126511939429 0.0229920986864452
1.34 5D 456375066.888889 456379653.333333 8.46259312583891e-07 2742 0.0519070535740336 0.106000545788442
1.35 5D 457845686.428571 457850436.142857 8.23042313004635e-07 1491 0.033536847954393 0.056418212088499
1.36 5D 459605212.625 459609971.5 7.87710838978676e-07 1981 0.0334886356890459 0.0581311940619853
1.37 5D 461551948.176471 461556791.058824 7.40181630465546e-07 5730 0.0198698649611693 0.0536876179284226
1.38 5D 464208245.7 464214472 6.57466942092306e-07 3933 0.0270447440884821 0.0986130014777095
1.39 5D 466453832 466458302.714286 6.06948582812627e-07 4091 0.0313451290637986 0.0574201096156874
1.4 5D 469680770.307692 469685835 6.064669225714e-07 3875 0.0270828456309677 0.162696449835927
1.41 5D 473211954.071429 473216159 5.42430509435729e-07 2670 0.0408475423595506 0.0715057137361312
1.42 5D 475583933.714286 475588266.142857 5.21125555337133e-07 1582 0.0493418750948167 0.0522685951326076
1.43 5D 476990780.8 476993890.7 5.17073047322395e-07 1631 0.0529304959534028 0.0476606717278879
1.44 5D 478625072.333333 478629441.333333 5.19977846520606e-07 1001 0.0240719285514486 0.223944644443334
1.45 5D 479861244.181818 479865881.636364 5.28026853241536e-07 3204 0.0598904991573034 0.0300105003378375
1.46 5D 480845112.8 480848698.4 5.37677469440433e-07 1200 0.05128622 0.0616572325860631
1.47 5D 482274464.25 482278081.75 5.57050045899187e-07 796 0.0348134417085427 0.0543752621023801
1.48 5D 483955779.222222 483958888.333333 5.88159157133347e-07 1556 0.0536452979434447 0.0462147244159603
1.49 5D 486166559 486170950 6.42262515187996e-07 96 0.0407216 0.0321524694511021
1.5 5D 487194048.5 487198164 6.29127671975155e-07 861 0.0475149699186992 0.0941136929934504
1.51 5D 488441456.285714 488444940 6.20666568974184e-07 1947 0.0358929372573189 0.105265388608733
1.52 5D 489875448.625 489880166.25 6.42702775410245e-07 2936 0.0293732094346049 0.126099698518466
1.53 5D 491171684 491178393.333333 6.69450355719819e-07 1820 0.0524624977472527 0.0370329861029489
1.54 5D 492723252 492727574.5 6.89396559813169e-07 1014 0.027384398816568 0.164945137638729
1.55 5D 493571727 493575727.666667 6.97752290298613e-07 698 0.0449589031518625 0.049887288022582
1.56 5D 494604514.6 494609769 7.07668846117899e-07 1251 0.034418704636291 0.081323269202366
1.57 5D 495913043.571429 495916268.428571 7.19608030116442e-07 856 0.0342944607359813 0.0655027294350603
1.58 5D 497160438.142857 497166250.285714 7.30473673216408e-07 1108 0.0279723797743682 0.0771121430217394
1.59 5D 498565997.714286 498577267.428571 7.42095217337856e-07 1400 0.0394170485 0.0614749305928953
1.6 5D 499668065.5 499670189.166667 7.50643838771837e-07 667 0.0387144697151424 0.055202365383625
1.61 5D 500870021 500874183.428571 7.59524030729134e-07 1234 0.0299035078606159 0.0619972206824161
1.62 5D 501726459.25 501733653.75 7.65552036669486e-07 1509 0.011713172100729 0.133330185151699
1.63 5D 502969563.833333 502975082.333333 7.73820517833357e-07 757 0.0434587521532365 0.0543900079664298
1.64 5D 503666583.5 503670731.5 7.78223885266417e-07 339 0.0282393392330383 0.0306234383382833
1.65 5D 505461427 505463398 7.88760017923422e-07 38 0.0191761 0.184704397661673
1.66 5D 506387780 506394110.25 7.93735290892875e-07 2280 0.0225898297368421 0.153774677805929
1.67 5D 507843249.428571 507848291.428571 8.00995666577071e-07 2542 0.0311321769079465 0.0333759535276164
1.68 5D 509095867.6 509099027.8 8.06619672424359e-07 822 0.0485046109489051 0.0309171043216495
1.69 5D 510238390.333333 510240343.333333 8.11246917709118e-07 545 0.0482499605504587 0.0504583701042908
1.7 5D 511183003 511185744 8.14766795416048e-07 981 0.037744354841998 0.0545281245465413
1.71 5D 512487769 512492822.714286 8.19112962596432e-07 1252 0.0198201461341853 0.113576851809222
1.72 5D 513968849.2 513972023 8.23281509197839e-07 518 0.0432397436293436 0.111708314412159
1.73 5D 515120933.5 515123203.5 8.26007318069427e-07 1072 0.0492600765858209 0.0419555351184578
1.74 5D 517276617.818182 517281491.090909 8.29806904638842e-07 2974 0.0338474676193679 0.0529286649798456
1.75 5D 519286218.2 519291279.7 8.31921311179736e-07 2034 0.0450889930678466 0.0255274398515278
1.76 5D 520401132.625 520405563.5 8.32464745852155e-07 2601 0.0306830752018454 0.305412924426603
1.77 5D 521559049.333333 521563173.888889 8.32577714725519e-07 1686 0.0517127590154211 0.0306274141841023
1.79 5D 524700150.5 524702981.166667 8.3046957374627e-07 938 0.0258854131130064 0.182657684293591
1.8 5D 526249602.555556 526254347 8.50391244823901e-07 1397 0.0442288027881174 0.0277778798147751
1.81 5D 527170821.2 527177795.6 8.81589728650838e-07 993 0.02567969612286 0.114326974889831
1.82 5D 528642254.875 528648060.125 9.39710855941378e-07 2398 0.0225459854628857 0.0518463237343038
1.83 5D 529899272.111111 529903473.555556 9.82494529080898e-07 2207 0.0407139460806525 0.0517857016694515
1.84 5D 531016125 531020335.5 1.01534751578499e-06 338 0.0390368836094675 0.0150489147546946
1.85 5D 532252695.8 532256361.6 1.04598882473752e-06 872 0.0376430621559633 0.0614789518794266
1.86 5D 532924664.5 532929134.5 1.06002263176868e-06 278 0.0206073071942446 0.255000630669634
1.87 5D 533997131.8 534001397.2 1.07879914146077e-06 1597 0.0200089892924233 0.106605919726894
1.88 5D 535066321 535069324.5 1.09279709744951e-06 209 0.0367259401913876 0.0634977167944408
1.89 5D 536050560.666667 536055912.333333 1.1015254927341e-06 1037 0.0375457111861138 0.0745668812192351
1.9 5D 536536574 536541626 1.10459902969339e-06 266 0.0407354 0
1.91 5D 537789455.6 537794860 1.10767930364239e-06 2363 0.0311816528480745 0.136326008081028
1.92 5D 538660489.2 538666438.7 1.10630947422455e-06 3530 0.0184324945609065 0.115045853604594
1.93 5D 539182370.625 539187327.75 1.1039879159358e-06 1777 0.0289775702870006 0.0597914628725397
1.94 5D 540085927.4 540090695 1.09733712095804e-06 1365 0.0338416317216117 0.0967225263882822
1.96 5D 541607250 541611954 1.07890040834517e-06 414 0.0558875 0.0454042496085887
1.98 5D 542960074.285714 542964095 1.04553841733185e-06 775 0.0628902403870968 0.0696810381346354
1.99 5D 543651966.25 543655796.5 1.0238163090501e-06 780 0.044702237948718 0.14125687667057
2 5D 544421588 544424130 9.84860370231688e-07 267 0.0354429970037453 0.00664976400043613
2.01 5D 545764803.333333 545768932.333333 8.99652769834758e-07 400 0.0662979552 0.00384984000230523
2.02 5D 546783459.727273 546787863.818182 8.09220843787915e-07 1874 0.0435453630149413 0.0301170428667177
2.03 5D 548154858 548159540.25 7.1799778895583e-07 1443 0.0279914862092862 0.101368194456395
2.04 5D 549721133.333333 549725365 5.89703052611698e-07 1623 0.0483292634011091 0.0697972205690671
2.05 5D 550662865 550666016.9 6.10481896701321e-07 1235 0.0358399899595142 0.0770188499727475
2.06 5D 553476132.5 553481033.333333 6.36468150115807e-07 1687 0.0353746435210433 0.0447506482730313
2.07 5D 555928153 555932166 7.81212906644104e-07 629 0.0156460864864865 0.508224541772988
2.08 5D 556726660 556731172.6 7.18930712641577e-07 1148 0.0412435472125436 0.0718084253500857
2.09 5D 557414049.142857 557418055.714286 6.05699873370473e-07 1938 0.0617400912280702 0.0727807107752904
2.1 5D 558566712.166667 558571498.833333 4.68844950984958e-07 1846 0.051605241928494 0.0766398326152053
2.11 5D 563189857.310345 563194615.344828 1.01834961734534e-07 7904 0.0387110420129049 0.0870682103797774
0.01 6D 1678027 1681714.5 8.88949760267612e-07 152 0.0815446842105263 0.0334677984108164
0.02 6D 2429996.4 2434878.6 9.42758422588648e-07 2867 0.053881322811301 0.0529026536685274
0.03 6D 3702598 3706734.5 1.05318451893776e-06 198 0.0493583333333333 0.0971678234310009
0.04 6D 4549970 4554131.25 1.13241564799674e-06 1174 0.0516370519591141 0.0324869857343136
0.05 6D 5988493.66666667 5993076.33333333 1.25845067307258e-06 321 0.0321854517133956 0.037071337933491
0.06 6D 6310476 6312650 1.26662372880091e-06 169 0.0662810680473373 0.118763874536273
0.07 6D 7130949.28571429 7134860.42857143 1.37796510341836e-06 1344 0.0338932044345238 0.101794185470363
0.08 6D 7573296.75 7577379 1.42677506587344e-06 1019 0.0349990743866536 0.0839549055451258
0.1 6D 8731587.57142857 8736141.71428571 1.46112605815279e-06 1975 0.0236666457721519 0.145711308319201
0.11 6D 9382794.5 9388691.75 1.47879581739633e-06 1320 0.0288175737878788 0.0499335735721911
0.12 6D 10120246.8333333 10123528.6666667 1.43364312748925e-06 498 0.0802377787951807 0.097948347991783
0.13 6D 11003482.6666667 11008335.3333333 1.28653172966467e-06 2245 0.0454790601336303 0.013971028532772
0.14 6D 12203357.5 12206603.75 9.0563151603529e-07 635 0.047058762519685 0.0144671485985513
0.15 6D 13298289 13307986.75 1.00692939355612e-06 3082 0.0131680417683323 0.188959180271563
0.16 6D 14011245 14013443 9.78018039641642e-07 35 0.0346667 0
0.17 6D 14687614 14689323 9.42577650258429e-07 2 NA NA
0.18 6D 15515266 15523093 8.8920674559036e-07 364 0.00517450549450549 0.0252774751529052
0.19 6D 16507477.6 16512425.2 8.47663234386008e-07 2455 0.0355746246435845 0.0534133613522676
0.2 6D 17731472.6666667 17734864.6666667 7.37281161907468e-07 833 0.0647102298919568 0.0788139978683992
0.21 6D 20547817 20553543 8.71333847783441e-07 194 0.0132835 0.333628185342718
0.22 6D 21980166 21985295 1.15826557640829e-06 480 0.037317 0.107769381247153
0.23 6D 23075148 23077733 1.61234452382925e-06 182 0.0523604 0.0607023628543709
0.24 6D 23760642.75 23764916.75 1.88711466747013e-06 977 0.0704853705220061 0.0538287684340865
0.25 6D 24334758 24339167.5 2.0403632794893e-06 423 0.049930690070922 0.168481548884082
0.26 6D 24643765 24647753 2.09427810017561e-06 700 0.045132532 0.0706781551719722
0.29 6D 25661048.3333333 25665296.6666667 2.13382479994004e-06 411 0.0591361496350365 0.0781154955732797
0.3 6D 25768796 25772530 2.12521360041817e-06 561 0.0574696577540107 0.0254962647265962
0.31 6D 26242125 26245428 2.05838839354612e-06 101 0.0587218 0.0261037638492008
0.34 6D 27421302 27423375 1.85287195635347e-06 124 0.0776743 0.0570698416335905
0.35 6D 27596639 27601969 1.86711127250899e-06 362 0.0625922143646409 0.108668761232267
0.37 6D 28698748 28701929 1.88180498240244e-06 158 0.0561299 0
0.38 6D 29287689.6666667 29289333.6666667 1.83471034432845e-06 232 0.0248985409482759 0.1364274980453
0.4 6D 30721313 30725654.4 1.56862509924954e-06 1163 0.0159048219948409 0.231827325610654
0.41 6D 32296642 32299935 1.28934941715465e-06 110 0.0503289 0.0397171406488121
0.42 6D 32663412.5 32667084.5 1.25510874447479e-06 451 0.0242663523281596 0.212765992829632
0.44 6D 34407380 34410415 1.09097152866107e-06 763 0.0490931672346003 0.0313093854879389
0.45 6D 35215540 35219656.2 1.01397847334297e-06 652 0.0389345743865031 0.0989135261814963
0.46 6D 36801708 36806276.3333333 8.6149526207337e-07 828 0.0399875428743961 0.155050252893523
0.47 6D 37920912 37926334 7.52901840056245e-07 290 0.0328338 0.017650865876018
0.48 6D 39279728 39284940.5 6.62956198315778e-07 1132 0.0247610335689046 0.139352077758104
0.49 6D 41966001.3333333 41975013.6666667 5.26524236329869e-07 1430 0.0355177288811189 0.0542361242885098
0.5 6D 48855593.1052632 48860920.6315789 3.9904744457993e-07 4208 0.0250268300380228 0.054390629538143
0.51 6D 53396959.8571429 53402103.4285714 3.36724968842076e-07 1970 0.0205742603045685 0.184516508933068
0.52 6D 56208102.1666667 56212066 3.13420286154415e-07 1885 0.0225524499734748 0.126930433610462
0.53 6D 57655746.3333333 57660697.5 3.05986600634916e-07 3403 0.0206461759476932 0.130622226018813
0.54 6D 59195580.2 59201590.8 3.00884987160771e-07 3120 0.018612639801282 0.0487645632049185
0.55 6D 60262765 60267201 2.99289660054957e-07 1912 0.0278721913702929 0.0672458238324589
0.56 6D 61143342 61147557.5 2.99213135360742e-07 462 0.0259197333333333 0.0327458338583196
0.57 6D 62649772.375 62655701 3.01758730958118e-07 2355 0.0340459346496815 0.0579402725525456
0.58 6D 65359077.1428571 65365096.4285714 3.13934176285198e-07 2886 0.0213508358627859 0.115409509489245
0.59 6D 67175469 67178299 3.28267559827723e-07 730 0.043754798630137 0.102014022540244
0.6 6D 69199371 69203421.3333333 3.35612310305356e-07 1934 0.0350990982936918 0.0407473756374662
0.61 6D 72519259.7 72524347.4 3.32979612447367e-07 1757 0.0252276603699488 0.10738511378209
0.62 6D 75465460 75470477 3.29844679548737e-07 915 0.0162368085245902 0.217792060107535
0.63 6D 78711788.8571429 78716492 3.27267448844238e-07 1969 0.0301017732351447 0.0629089085061974
0.64 6D 84317356.9285714 84323880 3.0491904609248e-07 4248 0.0179887927919021 0.0752814389426017
0.65 6D 88035601.1 88038588.7 2.71432379720992e-07 2273 0.0384863122745271 0.0857318736745892
0.66 6D 91466496.5454545 91472517.8181818 2.38729660719769e-07 4000 0.0128454385425 0.125122538493512
0.67 6D 95526597.5714286 95532430 2.07420044471666e-07 1280 0.0235032347083333 0.109124471291968
0.68 6D 99856510.6 99860318.2 1.73988700611087e-07 2941 0.015620339816389 0.0891624020829484
0.69 6D 110055077.958333 110061601.645833 1.02590104108982e-07 14438 0.016833573825101 0.0978588224625449
0.7 6D 147293146.437909 147301282.058824 4.55867294141676e-09 48454 0.00972337079975628 0.137228044140432
0.71 6D 218846560.645161 218863406.483871 3.42744628428758e-08 11458 0.00266064585302845 0.153298661955156
0.72 6D 243718369.285714 243724175.428571 6.55607860789247e-08 1795 0.00109673807799443 1.07882449188334
0.73 6D 247350667 247356069.5 6.95569282291163e-08 566 0.00114642603180212 1.64958193764923
0.74 6D 254391274.25 254398032.5625 7.69024971024686e-08 4377 0.00240717028329906 0.193121354493235
0.75 6D 262850274.571429 262855553.714286 8.52589317902066e-08 2750 0.00224704458872727 0.474304378730653
0.76 6D 264595771.666667 264603157.333333 8.68915544266923e-08 653 0.00540661359877488 0.363057487065895
0.77 6D 265892083.333333 265896173 8.80820570832687e-08 459 0.00333554156862745 0.307370036521818
0.78 6D 267255581.8 267259712.3 8.93204446316988e-08 2413 0.00277658815789474 0.432382326309003
0.79 6D 270184914.133333 270190728.866667 9.19235711461252e-08 5449 0.00443483266287392 0.244459361923214
0.8 6D 273143378.454545 273147415.636364 9.44714038502166e-08 1681 0.00585780264723379 0.315661188541192
0.81 6D 276620436.454545 276624993.454545 9.73685406252002e-08 3108 0.0156095926061776 0.0961018161929172
0.82 6D 277653193 277659017.5 9.82091194448666e-08 996 0.0125064266566265 0.215724074777795
0.83 6D 283719925.333333 283724794.333333 1.0293857005017e-07 915 0.0131263594754098 0.0517198184487898
0.84 6D 285904179.769231 285907857.769231 1.04554237451699e-07 1993 0.00718247954340191 0.201389809034895
0.85 6D 290419634.538462 290423866.230769 1.0776799222378e-07 2972 0.00760797631090175 0.197779647834677
0.86 6D 293734892.5 293741622.285714 1.10004129466695e-07 3801 0.00779298072078198 0.209944098267713
0.87 6D 298241756.461538 298248232.846154 1.12885421171586e-07 2565 0.00493798615594542 0.129110583296567
0.88 6D 304048997.761905 304055772.047619 1.16334894526432e-07 6779 0.0136386166455229 0.110645346283552
0.89 6D 307285853.826087 307291608 1.18118455066818e-07 3731 0.0217397747402597 0.155168144454163
0.9 6D 313793114.529412 313797539.411765 1.21414856466787e-07 3619 0.0228421036363636 0.0837826805721535
0.91 6D 319449967.904762 319456703.619048 1.23973338722853e-07 6339 0.0199315576841773 0.143728831946018
0.92 6D 327718981.588235 327722371.941176 1.27178792584539e-07 3206 0.0225293727448534 0.109013494033411
0.93 6D 336510460.88 336515820.36 1.29905077484063e-07 5641 0.0144830088424038 0.0864200483130414
0.94 6D 350337772.013333 350341828.226667 1.30129662875982e-07 15488 0.0184430790844259 0.0797387726875456
0.95 6D 363653673.807692 363659135.692308 1.27575420475893e-07 10947 0.0183620595907555 0.0983947596156779
0.96 6D 371522918.105263 371527398 1.50622957025903e-07 5046 0.021057450776853 0.102977660299941
0.97 6D 375617446.181818 375622540.909091 1.72472421990611e-07 4877 0.0178837278654911 0.13226430536978
0.98 6D 379154662.266667 379158123.733333 1.9021684389245e-07 3313 0.0291774365055409 0.0993141297428066
0.99 6D 382044930.090909 382048978.636364 1.95838820600438e-07 2467 0.0339002657032833 0.0728689076357743
1 6D 385166979.285714 385171411.571429 2.10333522246947e-07 3555 0.0231770143853727 0.0617284093020482
1.01 6D 387845515.571429 387850895.214286 2.29859199811067e-07 3210 0.0209020833146417 0.110355749326234
1.02 6D 391975311.48 391980093.92 2.50806915436842e-07 6240 0.0222833190404647 0.0996935756729387
1.03 6D 400272703.2 400277473.114286 2.92179399042139e-07 11917 0.017943264569103 0.0906614558972776
1.04 6D 405796152 405800687.142857 3.55086187308465e-07 3210 0.0142484078224299 0.0990604064456621
1.05 6D 409980437.125 409985991.0625 4.61948084890612e-07 4061 0.0196923215956661 0.106010334083368
1.06 6D 412432416.4 412438236 5.20123792020216e-07 1520 0.0290413145394737 0.0420521299486903
1.07 6D 414397794.428571 414405335.571429 5.61387085226639e-07 2348 0.0264037948793299 0.0511091926022811
1.08 6D 417754195 417758589 6.2590170990756e-07 202 0.0287497 0.0733245912131257
1.09 6D 419161176 419169650.333333 6.50793496164525e-07 1464 0.0235349100409836 0.0803664718128313
1.1 6D 420549733.222222 420553152.777778 6.7398442310077e-07 1645 0.0476300383085106 0.0805222845482169
1.11 6D 422117185.333333 422123378.833333 6.98773600546101e-07 2867 0.027173891349843 0.0902674234517192
1.12 6D 423787812 423791388 7.23459289174813e-07 434 0.00881791 0.104794106539985
1.13 6D 424730045.5 424738741 7.36594123931798e-07 1591 0.020935116530484 0.069144630587462
1.14 6D 426116221.857143 426122916 7.54804696498248e-07 2690 0.0174972856840149 0.190428585156002
1.15 6D 427275677.6 427278538.2 7.6904293707628e-07 756 0.0483379436177249 0.103391104426092
1.16 6D 428473479 428479541 7.82354972945499e-07 672 0.0399500089285714 0.0950238914661426
1.17 6D 429032300.571429 429037187 7.83209073366184e-07 2516 0.0214595846422893 0.14336546035736
1.18 6D 429836321 429844955 7.85328968806466e-07 715 0.0150954 0.111993719941174
1.19 6D 430844082 430847579 7.89609160835545e-07 223 0.0100435 0.832971573654603
1.2 6D 431466908 431472379.2 7.93192868675893e-07 1353 0.0499838787878788 0.0566283241242542
1.21 6D 432542485 432550743 8.00914646001848e-07 1939 0.0242437789582259 0.051310414380981
1.22 6D 433268376.25 433272440 8.00115703777031e-07 957 0.0380156852664577 0.0810313886789167
1.23 6D 434023597.6 434028082.2 7.9886671509407e-07 1051 0.0396085948620362 0.0352699485458965
1.24 6D 434510186.625 434513580.125 7.99566211142938e-07 1797 0.0396898436783528 0.0423620417714353
1.25 6D 435514908.333333 435521613.666667 8.04858763475047e-07 210 0.0400804157142857 0.0402346019293855
1.26 6D 436621325.666667 436624621.333333 8.16072340431447e-07 1055 0.0577508963033175 0.052990568730526
1.27 6D 437549534.5 437554685.416667 8.29312633935178e-07 3550 0.0325074676901408 0.121518991939917
1.28 6D 438759274.8 438767188.2 8.23591952430828e-07 3437 0.0294296271748618 0.153865041181179
1.29 6D 440130250.6 440132818.8 8.20284891228975e-07 838 0.022602033902148 0.214884698522134
1.3 6D 440462801 440467846.666667 8.21778463115085e-07 499 0.0336788426853707 0.0360905761825162
1.31 6D 443059389.909091 443063735.636364 8.69585122877146e-07 3379 0.0345815058301273 0.0491101641775686
1.32 6D 446154910.2 446159753.2 9.87127166201595e-07 974 0.0351309436344969 0.103650072135082
1.33 6D 447854842.25 447858737 1.00396842160164e-06 909 0.0533207062706271 0.0649800621112399
1.34 6D 448653683.571429 448658357.714286 1.06815060999011e-06 1529 0.0429063054283846 0.0583972363252882
1.35 6D 449662856 449666033 1.23112796244871e-06 266 0.0736385744360902 0.10988795366567
1.36 6D 450346791.25 450350405.75 1.32398596950445e-06 830 0.0591887887951807 0.0341585461885348
1.37 6D 451026702.4 451031473.2 1.39982616839595e-06 2909 0.0442285635269852 0.0741963233236206
1.38 6D 451626620.5 451631343.5 1.45260187045343e-06 1073 0.0339494589934762 0.0810080556812571
1.39 6D 451907708 451913442 1.4727848302703e-06 420 0.0597472 0.0412191701033689
1.4 6D 452735812 452739910 1.51494267208496e-06 256 0.0342798 0.142856434401601
1.41 6D 452989022.333333 452993256.666667 1.52283977780012e-06 1113 0.05341539344115 0.0842105208039835
1.42 6D 453809467 453815198 1.53239052768754e-06 571 0.0396758 0.0791139687164468
1.43 6D 454169979.75 454174321 1.52852589686662e-06 1383 0.0532576313087491 0.0206472865814969
1.44 6D 454521579.5 454525849.25 1.52067326166919e-06 870 0.0647163404597701 0.0383315804257733
1.45 6D 455328405 455334026.5 1.56817492430672e-06 877 0.0184197805017104 0.096677887892258
1.46 6D 455968318 455971110.285714 1.66502068751796e-06 858 0.0532201920745921 0.0971903849663173
1.47 6D 456644125.285714 456647883.428571 1.74998140607731e-06 883 0.0504026476783692 0.0310119689621817
1.48 6D 457471571 457473456 1.80400226957593e-06 51 0.0585893 0.0599227162638912
1.49 6D 458360206 458365689 1.79477551608772e-06 442 0.0581817 0.0768138435281197
1.5 6D 458762279.5 458766537 1.76841493988568e-06 723 0.0584064745504841 0.0389637276874875
1.51 6D 459693961 459700262 1.65390936739069e-06 448 0.0546768 0.0253626766745676
1.52 6D 459829226 459838904.5 1.63082388342559e-06 1760 0.0212511891477273 0.0902496862147519
1.53 6D 460682886 460687532.166667 1.45090081983058e-06 1452 0.0412046568181818 0.0520078248397052
1.54 6D 461286733.5 461291143.75 1.36018451724836e-06 315 0.0700010624338624 0.0702281598023818
1.55 6D 461580628.5 461586443.5 1.31748049456506e-06 351 0.0411556723646724 0
1.56 6D 462468203.428571 462473103.714286 1.16462279753223e-06 1930 0.0452252906735751 0.0292380376065659
1.58 6D 463720431 463725607 9.38096086802099e-07 609 0.0473106513957307 0.013426125237485
1.59 6D 465195380.538462 465200256.846154 7.409737761771e-07 5060 0.0269343628063241 0.0847838043052103
1.6 6D 468123178.705882 468127739.941176 3.48761685911614e-07 3637 0.0507394862551553 0.0773386615268385
1.61 6D 471741064.388889 471746746.388889 9.41357555663089e-10 6050 0.0607910065950413 0.0231765930044123
0 7D 303645 306695 NA 510 0.033807102745098 0.0294424728846863
0.01 7D 1962340.72727273 1969327.63636364 6.70202249186776e-07 2350 0.0628752003574468 0.0491007014012995
0.03 7D 4822209.33333333 4827336.44444444 7.10512362963757e-07 5682 0.0472483039422738 0.0541775512685994
0.04 7D 6475179.5 6480588 7.3445871209108e-07 968 0.0303197388429752 0.19338794894655
0.05 7D 7226669 7230035 7.45796520201828e-07 824 0.0606659122572815 0.0493496211465678
0.07 7D 10712165 10714174 8.0017939348012e-07 156 0.0665444 0.02756054604144
0.08 7D 11387248 11391562.75 8.11072601104664e-07 1180 0.0592039894915254 0.031318985065648
0.09 7D 12911091.8 12920398.2 8.36044944221155e-07 2673 0.0126481272128694 0.048437523834652
0.1 7D 13600940.3333333 13604875.3333333 8.47459609840158e-07 628 0.0451398038216561 0.106415781843053
0.11 7D 14769344 14774114 8.65556385834361e-07 913 0.0615589995618839 0.0121034342095799
0.12 7D 15886069.75 15889248 8.80450583698851e-07 1399 0.070139065189421 0.0363081572972518
0.13 7D 16805783 16809453.2 8.9352162267149e-07 1091 0.0792251240834097 0.0066452597374828
0.15 7D 18678820 18684207 9.22499645897967e-07 569 0.116001991212654 0.00343880756970825
0.16 7D 19630168.5 19634300 9.38408433292353e-07 525 0.0530928 0.145454749850397
0.17 7D 20402581.2 20407350.2 9.51990902114235e-07 1283 0.0435405883865939 0.0785081226178853
0.19 7D 22584427 22588108.7142857 9.93347736299109e-07 1586 0.0718850282471627 0.0243390329693376
0.21 7D 25172501 25176018.5 1.0586031327322e-06 385 0.0799603818181818 0.020848745321831
0.22 7D 25817624 25819847 1.07763910546458e-06 35 0.0478602 0
0.23 7D 27578167.2 27583147.2 1.11683229818854e-06 545 0.0382431920733945 0.108005991811071
0.24 7D 28337386 28338864 1.1284291105378e-06 38 0.0805189 0.0153927835576492
0.25 7D 29703518.75 29707379.25 1.14046499502352e-06 1270 0.042523667007874 0.0582152251811988
0.26 7D 30807417.6666667 30811614 1.14594456794848e-06 710 0.0182449857746479 0.189779407576223
0.27 7D 31773718.3333333 31777739.6666667 1.18835270295057e-06 675 0.0343057922962963 0.0498694611977371
0.28 7D 32668677 32672253 1.22480276247091e-06 412 0.0315824111650485 0.194115420056761
0.29 7D 33021583.5 33026823 1.23634840860377e-06 832 0.0878514525641026 0.0238020344598888
0.3 7D 33991643 33994423 1.27444334568577e-06 262 0.0645617610687023 0
0.31 7D 34416613 34420072 1.30702638215247e-06 123 0.0328368731707317 0.0364530489890975
0.32 7D 35459161.3333333 35462577.3333333 1.36589920780591e-06 791 0.0402078285714286 0.0417076928657188
0.35 7D 37383910.75 37387187.25 1.39770706220139e-06 1079 0.0398318154772938 0.0245458296735699
0.36 7D 38076015 38077527 1.38482128365829e-06 11 0 NA
0.37 7D 39014309 39018176 1.34598925141187e-06 236 0.0708209 0.0330162423804272
0.38 7D 39507720.5 39514239 1.31588682282261e-06 364 0.065913289010989 0.0475977205016921
0.39 7D 40235823.25 40246926.5 1.25921660318045e-06 751 0.0236659776298269 0.12100796858218
0.4 7D 41052790.3333333 41062170.3333333 1.17856894464043e-06 626 0.0413193412140575 0.0429052564542525
0.41 7D 41731899 41734712.5 1.09850776232589e-06 179 0.0375426441340782 0.0452050556794759
0.42 7D 42495537 42499291 1.03820806314674e-06 261 0.0626889 0.00558848536184237
0.43 7D 42806540.25 42812699.75 1.02999654175469e-06 1317 0.0471050048139711 0.0201743057597524
0.44 7D 43302165.5 43305247 1.0219000799741e-06 411 0.031120000729927 0.0550529981645573
0.45 7D 44418938.75 44423066.25 9.96822907048219e-07 1132 0.030666288869258 0.100786870309904
0.46 7D 45510112 45511759 9.63983062310652e-07 81 0.0772994 0.106806003668851
0.47 7D 45830023 45832807.5 9.52716261898816e-07 214 0.0599579588785047 0
0.48 7D 46838388 46843665 9.12502432994739e-07 378 0.0588339915343915 0.177480683610141
0.49 7D 48224549.3333333 48229748.3333333 8.41733312608241e-07 970 0.0184756265051546 0.116789226065841
0.5 7D 50559347.2857143 50564689.2857143 6.82979547049767e-07 2130 0.0371758799061033 0.0546653984499178
0.51 7D 54047456.625 54050240.5 6.24692822356885e-07 1098 0.0501491419125683 0.105905857298426
0.52 7D 55714209.8 55718186.8 5.6626068799588e-07 1253 0.0438243552274541 0.0111670992816239
0.53 7D 58820850.5 58824371 4.92999640446479e-07 1387 0.0427526613554434 0.0742431444243074
0.54 7D 60542235.8333333 60547843.6666667 5.11073559650965e-07 1210 0.0541943585123967 0.0600183155290394
0.56 7D 63511445.2 63514884.8 4.71585260363631e-07 751 0.0491688308921438 0.0670963144135135
0.57 7D 64738118.2857143 64742189.2857143 4.42741888732052e-07 925 0.0402415362162162 0.0771588570540037
0.58 7D 66553158.3333333 66557351.3333333 4.24946125244318e-07 497 0.0155657704225352 0.237681520119231
0.59 7D 68763755 68766898.75 4.47038662579898e-07 481 0.0280117027027027 0.0871582897228356
0.6 7D 69591793 69595157.5 4.65773106570887e-07 195 0.0536159866666667 0.0258448288682057
0.61 7D 72597418.4 72603726.2 4.95683474223486e-07 1591 0.0205745033312382 0.0789058542211851
0.62 7D 75103082.8333333 75109375.1666667 5.08421771033826e-07 2138 0.03441177797942 0.115234474240068
0.63 7D 77639564.6666667 77644801.3333333 5.02899270755534e-07 1251 0.0313863037010392 0.0669971875875587
0.64 7D 79314387.5 79319586 4.9615744827001e-07 1599 0.0381114914446529 0.0762998933650034
0.65 7D 81512034.7142857 81518499.8571429 4.90099568548212e-07 1902 0.0300171621451104 0.0659889971216326
0.66 7D 83253558.1428571 83258380.4285714 4.88715911908832e-07 1714 0.043379328529755 0.0468604186827954
0.67 7D 84772239.1666667 84779324.6666667 4.89598150286724e-07 700 0.0459999017142857 0.0431944857571621
0.68 7D 87378408.3333333 87385172.3333333 4.89003147347654e-07 257 0.0339810256809339 0.0532020146834977
0.69 7D 89334128.6 89337727 4.84694114557532e-07 1085 0.0471262361290323 0.0665775819510731
0.7 7D 91001049.1111111 91006094.8888889 4.78687136881329e-07 1620 0.0403272467283951 0.0302779191669171
0.71 7D 93580885.375 93586582.375 4.64871621751082e-07 2842 0.0241614786488388 0.0761402083221503
0.72 7D 95060669 95065742 4.54783083395734e-07 195 0.0231897 0.164457927441925
0.73 7D 97941857.6 97948959 4.29404756548611e-07 2183 0.0209482031149794 0.124785934385717
0.74 7D 99882796 99891547.4 4.08715710726505e-07 599 0.0169123768781302 0.121322837649769
0.75 7D 101523922.714286 101530608.857143 3.88892112564258e-07 2872 0.0212320546518106 0.0710157196791278
0.76 7D 104566012.111111 104570744.777778 3.46019057033497e-07 2111 0.0209472060018948 0.109391430904159
0.77 7D 106494522 106498065 3.19774515124836e-07 666 0.0267008202702703 0.139732845989036
0.78 7D 111211466.714286 111216099.285714 2.9166831356937e-07 3937 0.0364991983820168 0.0752714482930308
0.79 7D 115982574.333333 115987478.6 2.76156825983228e-07 4540 0.0332176681762114 0.0334087791002963
0.8 7D 122876650.384615 122881532.384615 2.53498524347625e-07 2177 0.0242982336793753 0.0941158649225266
0.81 7D 130183288.8125 130188441.625 2.36764373488048e-07 4292 0.0205356050745573 0.0759730885373633
0.82 7D 136831441.5 136836597 2.27555053770527e-07 3065 0.0237707243523654 0.0890175476453831
0.83 7D 140550762.363636 140555679.545455 2.20894532852579e-07 2868 0.017649252262901 0.133915859832647
0.84 7D 145903554.909091 145909915.545455 2.09156413517547e-07 2449 0.0188774099632503 0.0603942403131143
0.85 7D 149210248.1 149213467 2.03008551543761e-07 2171 0.038149045508982 0.0412792716682584
0.86 7D 153235021.7 153240023.8 1.96519112639088e-07 2231 0.0190949644105782 0.134474866069388
0.87 7D 156272111.181818 156277318.818182 1.92450446395739e-07 3525 0.0341305620411348 0.107035054401385
0.88 7D 159521059.5 159527972 1.88843943309375e-07 1237 0.0408389403395311 0.050447883593403
0.89 7D 162236413.142857 162240365.571429 1.86484211127344e-07 1157 0.0257809694036301 0.0880194698899126
0.9 7D 166188904.625 166195194.9375 1.83895851305659e-07 8003 0.01747431530676 0.230570629753633
0.91 7D 170430453.2 170435552.266667 1.80996250748191e-07 4674 0.0192239628583654 0.107255532800166
0.92 7D 175563963.333333 175571661.266667 1.75996214224911e-07 4194 0.0148624852416718 0.166199373426273
0.93 7D 180279012.444444 180282492.111111 1.67544737896902e-07 1757 0.0108067873420603 0.201806471372634
0.94 7D 184294738.04 184301586.52 1.59873818171162e-07 7269 0.0156504687948824 0.155985347997639
0.95 7D 190093468.185185 190098907.666667 1.48063511399929e-07 6764 0.0175615631697221 0.151665824723014
0.96 7D 197748364 197753690.36 1.31240505998944e-07 7519 0.0185465526878574 0.14281242988554
0.97 7D 214186731.635135 214191022.040541 8.76637323782365e-08 20609 0.01721247951649 0.107887030025559
0.98 7D 244362113.634146 244366629.804878 2.4406819551154e-08 21511 0.0108992074641811 0.132696644899768
0.99 7D 318719438.150685 318727662.30137 2.18959774642528e-08 50942 0.00217960722062345 0.224128550879218
1 7D 386833316.068182 386837968.227273 4.19985682305282e-08 9474 0.0102333087496257 0.0974113294635854
1.01 7D 395789291.041667 395794350.416667 4.13242956677034e-08 6349 0.0121004309403056 0.0906974030435896
1.02 7D 401990526.916667 401995891.583333 4.23974146189136e-08 3400 0.0210936869235294 0.106170615959568
1.03 7D 409048407 409054145.409091 4.51492170308595e-08 6284 0.0143486793586887 0.124151376263349
1.04 7D 416780535.911765 416785250.676471 4.9938838916659e-08 10576 0.0158409713303706 0.111476332425564
1.05 7D 426285260.166667 426291613.416667 5.83033358383222e-08 8092 0.0122789036585517 0.159381301145885
1.06 7D 447788352.833333 447794267.843137 8.93686557665225e-08 23173 0.0203521253031545 0.104629470750847
1.07 7D 470736863.157895 470742760.421053 1.25496744093371e-07 3751 0.0228494629449924 0.113060143373254
1.08 7D 479918436.269231 479924149.153846 1.31324077668979e-07 5126 0.0310953030940304 0.0670096521871936
1.09 7D 486570613.695652 486575387.826087 1.49223672312718e-07 6450 0.0222195355503876 0.103091279910879
1.1 7D 492317748.272727 492322513.090909 1.74382235126758e-07 2566 0.0147378572720187 0.0585337622101549
1.11 7D 497182384.933333 497188191.6 2.02918840728881e-07 4133 0.015037682978466 0.0777126246216482
1.12 7D 501363238.357143 501367576.857143 2.32011034950689e-07 2282 0.029901262138475 0.0810564905087662
1.13 7D 506374413.75 506380945.833333 2.6046641938499e-07 4317 0.017963058019458 0.136745887281383
1.14 7D 509978350.9 509983720.6 2.76343979453349e-07 2489 0.0132505286179188 0.115640115703982
1.15 7D 512323018 512327816.5 2.86909012430497e-07 530 0.0688507618867925 0.0512188495040783
1.16 7D 515748652.5 515754496.5 3.02712955614702e-07 1117 0.0218653657117278 0.0918440299589576
1.17 7D 518124998.285714 518128319.857143 3.13913792493014e-07 1219 0.0265928690730107 0.0418270533237438
1.18 7D 520348938.357143 520353003.857143 3.24582779224601e-07 2941 0.024153891700102 0.0822280372631636
1.19 7D 524643274.142857 524646544.428571 3.45675412937691e-07 1145 0.0298125974672489 0.0573679313391041
1.2 7D 527880263.333333 527885363.833333 3.61977439573665e-07 2629 0.0334912762267022 0.138316135218521
1.21 7D 531065208.818182 531071561.545455 3.78385907672012e-07 3573 0.0267981717660229 0.0505496609055785
1.22 7D 533644679.125 533648549.5 3.91936976275732e-07 1683 0.0247165862745098 0.105118316620048
1.23 7D 536091151.5 536094482 4.04989473845265e-07 1094 0.0552882595978062 0.0570510060650052
1.24 7D 539750758.2 539752997.2 4.24385011317972e-07 1076 0.0331447128996283 0.0637251458464877
1.25 7D 541308108.5 541311221 4.29886218382142e-07 490 0.00544745655102041 0.349748132409639
1.26 7D 544842029.625 544846524.5 4.37866324764107e-07 1738 0.0475392055630446 0.0390804301072692
1.28 7D 549165441.8 549168924.6 4.44521874122841e-07 2054 0.0324653584712756 0.0400029808418534
1.29 7D 551356111.5 551360314.5 4.54222301673206e-07 287 0.0200380313240418 0.271675507065703
1.3 7D 552779897 552783306.5 4.63048821911017e-07 1109 0.0316078136802782 0.077145084864997
1.31 7D 554566216.666667 554570381 4.76606739029812e-07 402 0.0425071888059702 0.100128498018939
1.32 7D 556379675 556383836 4.9360241543301e-07 628 0.0240760012738854 0.160309684919745
1.33 7D 557488979.5 557493070 5.05474134612119e-07 417 0.0313969220623501 0.0413103897940476
1.34 7D 559974159 559976410.333333 5.36379805517211e-07 545 0.0336224854495413 0.0997866512394779
1.35 7D 561460697 561464998.875 5.57674753649552e-07 1694 0.0354850137249115 0.120952675646249
1.36 7D 562815135 562819185 5.78712556194592e-07 240 0.0543268 0.0729089510149687
1.37 7D 565952727.166667 565959177.833333 6.09299896301136e-07 1938 0.0300015726006192 0.0588664588354559
1.38 7D 567737452.428571 567741926.285714 6.25350791992476e-07 1207 0.0334124792543496 0.0939471820153095
1.39 7D 569050014.5 569054087 6.3758443624755e-07 1473 0.0412823382892057 0.0251115036491469
1.4 7D 571064366.75 571069439.625 6.57103436784454e-07 1386 0.0465985620531849 0.101643226387961
1.41 7D 573310274.333333 573313603.333333 6.79844582037478e-07 381 0.0901982590551181 0.0221833075285567
1.42 7D 574076269.25 574079929.75 6.85801318591666e-07 866 0.0316272383371824 0.151560993315158
1.43 7D 576043056.1 576048544.9 6.9296331787239e-07 3118 0.0270803957023733 0.0772064606126159
1.44 7D 577458592 577460763.5 7.07511084235169e-07 93 0.062911235483871 0.0627160825282265
1.45 7D 577707630 577710350 7.11016761603515e-07 137 0.035386 0.091330752274911
1.46 7D 579477776.333333 579481289 7.40247725279672e-07 1171 0.04632778676345 0.0541435451614978
1.47 7D 580217226.8 580223101.8 7.45541780235861e-07 1365 0.055298501025641 0.0576655230600552
1.48 7D 580852973 580854606 7.49907395181988e-07 250 0.0668215 0.033542198244577
1.49 7D 582239742.333333 582243572.333333 7.60759330466487e-07 754 0.0433509167108753 0.0728125629692459
1.5 7D 583106408 583109148 7.68350282087498e-07 14 0.152156 0
1.52 7D 585273906.75 585277270.25 7.90167019470739e-07 832 0.0619667401442308 0.0592869676804251
1.53 7D 586487116 586491091 8.04058951511862e-07 197 0.018871307106599 0.251039602329161
1.54 7D 587633498.4 587637887.2 8.1844834791497e-07 2488 0.0410540707395498 0.0420541009813268
1.55 7D 588548206.5 588553435 8.30567756008977e-07 850 0.0352499911764706 0.0827983853479479
1.57 7D 591493858 591499209.75 8.74729080704479e-07 916 0.0270763073144105 0.283443010318061
1.58 7D 593093325 593098677.5 9.01695508011082e-07 736 0.052184736548913 0.0613567045925923
1.59 7D 593666925 593670309 9.11876899277067e-07 182 0.0892055 0.037082691089675
1.6 7D 595656681 595661639.5 9.49524230400653e-07 1163 0.0123932217368874 0.259995783149673
1.61 7D 596758641 596762263.333333 9.53373355279517e-07 662 0.0349063622356495 0.106963433349121
1.62 7D 598357714 598360832 9.35899942694521e-07 115 0.0777008 0.0150194077795853
1.63 7D 599053590.5 599056473 9.48546807646849e-07 422 0.0449931265402844 0.0529771003358207
1.64 7D 600856559 600861221 1.02462037986834e-06 243 0.0419619 0.00869493516737803
1.65 7D 601002844.666667 601006053 1.0341809550066e-06 311 0.0781301199356913 0.0300230401775177
1.66 7D 602432792.8 602436476.4 1.15985690352129e-06 1361 0.0269721720793534 0.125615118782097
1.67 7D 603155990 603158677 1.20486879925704e-06 125 0.0488246 0.0259488044960942
1.7 7D 606692618 606696567.8 1.18529470072795e-06 1299 0.03982755765204 0.0411265717747865
1.75 7D 610810186.5 610820564.5 1.18577819649102e-06 2461 0.0248909208858188 0.144222999685668
1.76 7D 611396974.666667 611402673 1.19183783287607e-06 401 0.0601795705735661 0.0296402170896033
1.77 7D 611777656.666667 611782860.333333 1.19436519051672e-06 1996 0.0519789428857715 0.0266664297445098
1.78 7D 612377157 612380615.5 1.19579552328872e-06 757 0.0236395585204756 0.120892797084671
1.79 7D 612926318 612929640.5 1.19449285966302e-06 454 0.0341654480176211 0.0469938463605069
1.8 7D 613522680 613527897 1.19020585794885e-06 1008 0.0275571595238095 0.123018932135315
1.81 7D 613698515.75 613702814 1.18835037016579e-06 1382 0.0536888302460203 0.0690008572391625
1.83 7D 614525014 614530406.5 1.17635100411947e-06 695 0.0253136730935252 0.0587179242647537
1.84 7D 615472198 615477189.666667 1.15555959397556e-06 1413 0.0126632069285209 0.253497157712603
1.85 7D 615900270.5 615902538 1.14374828093892e-06 270 0.0390466185185185 0.00862475737691328
1.86 7D 616273716 616277431 1.13214243043596e-06 159 0.0344495 0.462035733464927
1.87 7D 616702473.5 616706924.5 1.11723424608966e-06 766 0.0472372434725849 0.0119870622232864
1.88 7D 617021823 617023610 1.10547653767064e-06 16 0.0571429 0
1.89 7D 618029401 618033856 1.06208500991408e-06 147 0.0579569 0.0219288816344559
1.9 7D 618221237 618224964 1.05289236191017e-06 70 0.0370064 0.0347442604522461
1.91 7D 619013080.8 619017464 1.0114436284144e-06 1404 0.0397867541310541 0.100409122688522
1.92 7D 619922674 619928073.333333 9.56909669223705e-07 992 0.0238591972782258 0.017625280788263
1.93 7D 621742229.5 621746731 8.86898580048216e-07 831 0.0329436584837545 0.076462824057536
1.94 7D 623542407 623546209.2 8.58266986937621e-07 1270 0.053203274992126 0.0507393594640125
1.95 7D 631882368.225 631887608.175 5.6047181660281e-07 13230 0.0351882998390023 0.0976963043396081
