poscM Chromosome Start End recRate nb_complete_site piSyn f0
0.03 1A 1216735.41666667 1221949.41666667 1.28132986431483e-06 2094 0.0525505667144222 0.034410642021844
0.07 1A 3187498 3192426.5 1.22937490207059e-06 545 0.0415941064220183 0.0561619394914276
0.08 1A 3403685.33333333 3408569 1.22348203918487e-06 1097 0.0742638938924339 0.0514741105272965
0.09 1A 4045713 4048684 1.19607758843423e-06 172 0.0391745 0.012041481065489
0.12 1A 5491027 5495112 1.15658401937862e-06 252 0.0468101 0.0299920316341986
0.14 1A 6788571 6793542 1.1196995099135e-06 10 0.0583072 0.236831814938807
0.15 1A 7416252.25 7423510.25 1.10132096228266e-06 1166 0.0654859337049743 0.0312402897799585
0.16 1A 8247277.25 8250462 1.0766597604853e-06 650 0.0638151084615385 0.0375619613638396
0.17 1A 9109608.33333333 9114826.66666667 1.05036593112958e-06 525 0.0539558045714286 0.0657359871539872
0.18 1A 9592430.5 9595286.25 1.03543670960753e-06 860 0.050768343255814 0.107476244764431
0.19 1A 10058824.5 10062930.6666667 1.0217042139203e-06 426 0.0453951725352113 0.0130965638292649
0.2 1A 11564200 11572148 9.80895544252246e-07 86 0.0196805 0.46605065928203
0.21 1A 12076028.6363636 12080949.1818182 9.67429628296648e-07 1195 0.0428730656117155 0.0551024675025095
0.22 1A 13470021.625 13474645.625 9.3100440556173e-07 1482 0.0438311744939271 0.0558430666755056
0.23 1A 15315758.9090909 15319968.7272727 8.7762315731206e-07 1678 0.0439900352920143 0.0657136882398424
0.24 1A 16931434 16934477 8.31349589658753e-07 152 0.0722791085526316 0.0320864171960586
0.26 1A 19912616.5 19915713 7.52694120028994e-07 58 0.0505857310344828 0.0220540077336788
0.27 1A 20476745.1428571 20481303.8571429 7.38762734140936e-07 1703 0.0373510267175573 0.0575328872152805
0.28 1A 21848708.5 21855396.1666667 7.05986822812856e-07 1681 0.0388548678167757 0.0781772818768301
0.3 1A 24427682.4 24430956.8 6.4260983269748e-07 955 0.0412336943455497 0.0503518155401913
0.31 1A 25581287.75 25586405.25 6.07984767577668e-07 873 0.0304284305841924 0.0924218104881031
0.32 1A 27837242.8 27843311 5.33785763176381e-07 2515 0.0446388394963552 0.0782276349306732
0.33 1A 30204059.4 30210896.6 4.69630087006015e-07 2209 0.0287293354006338 0.0653522578605632
0.34 1A 33329996.8333333 33335283.5 4.23656797571217e-07 1880 0.0360183192515957 0.0864403583979578
0.35 1A 36288704.5714286 36293624.7142857 3.33566986056065e-07 3571 0.0226490207728927 0.0895498281240281
0.36 1A 41054574.3333333 41060637.25 2.28413606358423e-07 1343 0.0389551828220402 0.106472184438802
0.37 1A 45944365.2 45950470.4 2.23258621181125e-07 858 0.0184915064102564 0.423350778762693
0.38 1A 49170577.9090909 49178285.8181818 2.22597567942815e-07 3962 0.0236806427965674 0.0888836334186358
0.39 1A 53360038.5714286 53363964.3571429 1.79405024887886e-07 2228 0.027875756454219 0.0692594496865606
0.4 1A 58902793.8421053 58908248.7368421 1.49118907488436e-07 4825 0.024488854100403 0.124085950992924
0.41 1A 65347573.2 65351866.45 1.27428650685524e-07 4427 0.0329784553083352 0.0864184329119571
0.42 1A 80144257.0606061 80150695.7878788 4.929195421881e-08 11324 0.0140641116690215 0.107637483229997
0.43 1A 154085726.6 154093768.277273 5.76898133068765e-09 60263 0.00737323523102577 0.117999520105096
0.44 1A 281895740.607407 281901755.925926 1.12807155524507e-08 42160 0.0113538631861496 0.118011506635701
0.45 1A 329760446.282609 329767296.369565 3.09152759589694e-08 24239 0.0170064700965386 0.103497270775769
0.46 1A 354635203.509434 354640184.811321 2.39934543357875e-08 13176 0.0185715552003643 0.0871084722644005
0.47 1A 368248929.181818 368253452.515152 1.51419645046715e-08 11116 0.0152234887315581 0.105682474513382
0.48 1A 379066684.0625 379073741.78125 1.41888351715594e-08 10510 0.0148475298306375 0.0960617488117492
0.49 1A 394915000.25 394921329.083333 2.24969811479732e-08 17984 0.0156537465702847 0.105897597437668
0.5 1A 427411890.077922 427417293.87013 7.52831162389479e-08 22703 0.0211252347214025 0.106375602788835
0.51 1A 446944374.551724 446949797.431035 1.29273644990889e-07 13000 0.0235114142353846 0.0716437275469372
0.52 1A 459214413.115385 459219316.884615 1.82845422950445e-07 7331 0.0187943695894148 0.10682471676453
0.53 1A 464573632.851852 464577562.777778 2.09408446962396e-07 4870 0.0424936285247196 0.0498719146804007
0.54 1A 470402674.636364 470406475.636364 2.3925604051035e-07 3045 0.0315517695566502 0.0962822274906889
0.55 1A 473954144.090909 473958345.272727 2.5789962405627e-07 3558 0.023294634232715 0.169639596139338
0.56 1A 478453596.083333 478457311.416667 2.82978678803099e-07 1662 0.0182694447292419 0.0542995710453024
0.57 1A 481755297.76 481759342.08 3.02976885361859e-07 4311 0.0304419403198214 0.0598230335370012
0.58 1A 485521432.8 485528021.2 3.27117145343079e-07 3956 0.0161692122724975 0.209891133533258
0.59 1A 488064502 488069547.5 3.4419022660133e-07 1397 0.0321669988117394 0.0840185992369251
0.6 1A 490935520.5 490939402.5 3.64619792035287e-07 536 0.0444306638059702 0.0596117206905117
0.61 1A 493266589.833333 493270414 3.78243345295305e-07 2749 0.036247752018916 0.103770661457399
0.62 1A 494911483.571429 494915074.857143 3.84378339962299e-07 1843 0.0324421196418882 0.0905491978455926
0.63 1A 496302988.555556 496306146.777778 3.87928945609455e-07 2360 0.0300339828813559 0.0978737154967041
0.64 1A 498382108.25 498385551.75 3.9020580588854e-07 2714 0.0398611144804716 0.044640016072682
0.65 1A 500053696.727273 500056780.090909 3.89558862917898e-07 1890 0.0365169842328042 0.089222992449051
0.66 1A 502912413.6 502916940.4 3.89798339682121e-07 1774 0.0183629805073281 0.0709603019492484
0.67 1A 506473854.235294 506479103.352941 3.96053210416636e-07 4928 0.0236131751826299 0.129458977652091
0.68 1A 510668072.375 510670896.75 3.79921099910115e-07 863 0.0436730571263036 0.07045631329856
0.69 1A 513775674.818182 513781100.090909 3.28480434130049e-07 1903 0.0519426205780347 0.0798071433171563
0.7 1A 516608874.5 516613949 3.29933812547431e-07 3375 0.04055002504 0.0473539225875326
0.71 1A 518689825.666667 518700535.555556 3.44973013559262e-07 3366 0.0205555143582888 0.0645738169941639
0.72 1A 520533038 520537577.9 3.45237086806734e-07 1866 0.0342601312111468 0.0584699007812631
0.73 1A 521296585.4 521300086.8 3.47033138074748e-07 1132 0.0493386098939929 0.0347749203947
0.74 1A 522589764.5 522594360 3.52534191717825e-07 526 0.0326001422053232 0.181841114691538
0.75 1A 529648755.35 529653500.3 4.34047038649638e-07 6831 0.0276396115268628 0.138812651704133
0.76 1A 532552292.363636 532557382.545455 4.59805945372473e-07 3201 0.040019570921587 0.0348999448446368
0.77 1A 534434146.555556 534438147.555556 4.6853357185364e-07 1781 0.0328747226726558 0.0566742839574013
0.78 1A 536566142.333333 536569526.5 4.41660084239278e-07 1275 0.0534457174588235 0.0933225544935886
0.79 1A 537601456.222222 537605834.888889 4.34823607651334e-07 2257 0.0335246327868852 0.0491515213457166
0.8 1A 539067279.5 539071754 4.5914706177824e-07 306 0.00178426797385621 1.00181902100054
0.81 1A 540140997.8 540146103.3 5.03069301436429e-07 2442 0.0448431622440622 0.0797735994913392
0.82 1A 541812610.625 541816103.75 6.15214330439863e-07 1861 0.0298184951531435 0.0624995701469463
0.83 1A 542546793 542551914.666667 6.80320024994663e-07 1088 0.0251878917279412 0.0617747943213641
0.84 1A 544502137.538462 544505688.846154 8.45803773670966e-07 1655 0.0469212074924471 0.0665778569656475
0.85 1A 546861477.666667 546867237 1.06097196012708e-06 1821 0.038806275343218 0.0390624468655306
0.86 1A 549786679.666667 549791007.571429 1.28086450296842e-06 3849 0.0482342411318957 0.0648722422646173
0.87 1A 551574351.428571 551578098.714286 1.40300452162293e-06 1101 0.0513490693914623 0.0377331815268901
0.88 1A 552559199.5 552561246 1.5080591175425e-06 160 0.06615061375 0.0633433937716111
0.89 1A 553704158 553707207 1.60887420646116e-06 312 0.0924934 0.0212606521113939
0.9 1A 554305522.75 554311165.75 1.65134937791842e-06 766 0.0401273233681462 0.00465191254455299
0.91 1A 554859001.5 554862757.5 1.68465670496429e-06 310 0.0622075235483871 0.0623665212406654
0.92 1A 555636929.5 555640137.5 1.72168811259233e-06 113 0.0458613230088496 0.00962657276037735
0.94 1A 556794147 556798215 1.75594225505569e-06 782 0.0286162498721228 0.200970418708588
0.95 1A 557016652.666667 557021536.333333 1.75958576642677e-06 986 0.0437955215010142 0.0888015997967986
0.96 1A 557487151 557491334 1.76450617803736e-06 499 0.00733035 0.132872236659914
0.98 1A 557943068 557947079 1.7652612809824e-06 336 0.0779072794642857 0.06031617506676
0.99 1A 558184883 558189224 1.76409132394855e-06 60 0.0571681783333333 0.0323695230566352
1 1A 558538272.5 558545294.25 1.76039362202248e-06 1112 0.0272881002697842 0.140588652243287
1.02 1A 558965290.5 558967725 1.75290492590564e-06 207 0.031105952173913 0.0422536588015892
1.06 1A 560177974 560181992 1.71297405283141e-06 38 0.017623 0.0757260398343074
1.07 1A 560429261 560435391.5 1.70121871292714e-06 394 0.0689159279187817 0.0820195382915539
1.08 1A 560951375 560955680.333333 1.6732063546214e-06 169 0.0619847514792899 0.00458054724854548
1.09 1A 561335324 561346990 1.64908765145755e-06 913 0.0263269125958379 0.191467864883594
1.1 1A 562017139.666667 562021447 1.60015284812152e-06 1093 0.0458219284537969 0.0824137627182491
1.11 1A 562550399 562553736 1.55521278214336e-06 580 0.0407822034482759 0.123287309483117
1.12 1A 563179574 563181574 1.49649211409297e-06 31 0 Inf
1.13 1A 563682958 563686462 1.44366825689267e-06 684 0.0205128080409357 0.17824528929497
1.14 1A 564265533.142857 564269082 1.37647661143586e-06 1027 0.0369626336319377 0.0537802661042296
1.16 1A 566033888.5 566039474.166667 1.22568667779458e-06 754 0.0552631324933687 0.0636771001289589
1.17 1A 566532066.833333 566534705.166667 1.21262860671812e-06 990 0.0508980032727273 0.0668988983958722
1.18 1A 568221525.555556 568226613.444444 1.15221365722044e-06 1927 0.0297716287558381 0.0615073515488245
1.19 1A 570957271.333333 570963427.888889 1.05329432641896e-06 1204 0.0427276260859635 0.0895060283095435
1.2 1A 572189416.5 572192972.5 1.00466345184917e-06 1476 0.0493515828590786 0.0373692090855486
1.21 1A 573390242.333333 573394785.555556 9.53384847739025e-07 1919 0.0721328575755602 0.0312857985950568
1.22 1A 575232480 575238687 8.88622300893117e-07 1959 0.0355718307299643 0.0683538022276989
1.23 1A 576507766.142857 576513915.571429 8.43287051849435e-07 3109 0.0270876942393052 0.125962265392894
1.24 1A 577539455.5 577545219 8.05667659030128e-07 1420 0.0470924357042254 0.0264224613735288
1.25 1A 578516213 578522072 7.69298887934663e-07 561 0.0744532 0.0399151413236772
1.26 1A 578922141 578922999 7.54053147887011e-07 115 0.0218364 0.191665292813834
1.27 1A 579715148.5 579718985 7.23635421070639e-07 648 0.0705483851851852 0.00316132447021038
1.28 1A 580453254.2 580458297.8 6.94923182440942e-07 896 0.07153170546875 0.0495891579708019
1.29 1A 581933958.363636 581940034.454545 6.36074493483005e-07 3254 0.0322146043700061 0.0750484979285063
1.3 1A 583148994.75 583153665.5 5.86857793015996e-07 2083 0.0277040401824292 0.0890107783655639
1.31 1A 584591839 584596044.25 5.29902807784263e-07 543 0.0564044287292818 0.041476216318424
1.32 1A 586972662.5 586977589.5 4.36257269328613e-07 731 0.0466330456908345 0.0540815291812757
1.33 1A 591025525.785714 591031794.785714 3.00685441710597e-07 8255 0.0258815574439734 0.0788461483355818
0 2A 1360042.76923077 1367055.76923077 6.08782854145226e-07 3644 0.0154997779967069 0.13655289062989
0.01 2A 4004018.66666667 4008996.46666667 5.29692322211599e-07 4122 0.0374518675254731 0.0811094102414834
0.02 2A 5675975 5678969 4.57788804178607e-07 330 0.0715484 0.0488490308658195
0.03 2A 7764532.66666667 7769152.66666667 3.7729693404575e-07 247 0.063171967611336 0.0693242326261149
0.05 2A 15623241.173913 15628328.3695652 1.11219092453856e-07 9170 0.0462284880720223 0.0719307358183788
0.06 2A 21351227.6666667 21356691 5.785670888781e-07 429 0.0215272967365967 0.202094906274089
0.07 2A 24289015.3333333 24295027 8.39826860391726e-07 256 0.0468652625 0.0537714259508842
0.08 2A 25478724 25485824 9.15060658895483e-07 29 0.0297806 0
0.1 2A 27144889.75 27155229.75 9.89701050573668e-07 2128 0.0281503335526316 0.0476406979699345
0.11 2A 27939210.6666667 27941374.6666667 1.01357533769968e-06 206 0.0419943553398058 0.138673845347592
0.12 2A 28802715.3333333 28808923 1.03018434813217e-06 681 0.0291549342143906 0.178680433526887
0.13 2A 29337773.6 29346845.8 1.05184411432255e-06 2411 0.0176428746992949 0.0952808226172964
0.14 2A 29957869.6666667 29961402.3333333 1.11224195280364e-06 844 0.0530976963270142 0.0373794029813465
0.15 2A 30752591.4285714 30760058.7142857 1.1525675560624e-06 3058 0.0325947639633748 0.0518679406634546
0.16 2A 31860934 31863937.2 1.1292373054552e-06 399 0.0296265457393484 0.136609925305125
0.17 2A 32260677 32268629.6 1.09455747300829e-06 1245 0.0316739554216867 0.0793847912165404
0.18 2A 33230822 33234478 1.05733119081941e-06 773 0.0460297103492885 0.15281946152665
0.19 2A 34360845.5 34368497.75 1.10561150982518e-06 763 0.0321408318479686 0.0950849159926884
0.21 2A 36074582.6 36078876.6 9.99280580574977e-07 1149 0.0605424129677981 0.0727030957913004
0.22 2A 36906947.5 36911014.625 9.13646982257276e-07 1674 0.0543660998805257 0.0901378804021207
0.24 2A 38870384.8 38876973.4 8.47635358712497e-07 2821 0.0199589564338887 0.158727174251521
0.25 2A 39704200 39709256 8.33632639584544e-07 83 0.0405311 0
0.26 2A 40538576.5 40543787.5 8.28123092672388e-07 809 0.0526500934487021 0.0148788722352466
0.27 2A 41231826 41242893 8.29957531551943e-07 874 0.0148348 0.0147562488203414
0.28 2A 42374538 42378857.75 8.45919536451959e-07 1449 0.050968487715666 0.0714684285491889
0.29 2A 44126185.5 44132419.5 8.72132878525724e-07 749 0.0510158224299065 0.0594227317784679
0.3 2A 48525943 48532877.4 9.38837910001632e-07 2122 0.0340951619227144 0.0696999377481115
0.31 2A 50021233.5 50026261.75 9.56307166061452e-07 1063 0.0359815317654437 0.063194500128253
0.32 2A 51498120.75 51504467.5 9.60085321972341e-07 1444 0.0444035078254848 0.0579869783409231
0.33 2A 52126850 52131904 9.58200033736231e-07 148 0.0628930824324324 0.09792544322485
0.34 2A 53158845.6666667 53161325 9.49968116099393e-07 259 0.040244944015444 0.0499666257029049
0.35 2A 53768904.3333333 53775203.6666667 9.42656880780007e-07 1334 0.0286048991754123 0.180927304169688
0.36 2A 54705404 54707580 9.27272103490306e-07 246 0.0142180983739837 0.136251637598501
0.37 2A 55172843 55177658 9.17721035634455e-07 376 0.029695 0.0287678060279508
0.38 2A 55887411.6 55892406 9.0082871416726e-07 772 0.0381396471502591 0.0205006603493768
0.39 2A 56926278.5 56933168 8.71248829860462e-07 579 0.0180212331606218 0.180459659273546
0.4 2A 57616580.2 57623155.8 8.57830828809532e-07 2903 0.0218382102307957 0.116302980833859
0.41 2A 58178717.875 58184627.125 8.68475907715004e-07 1511 0.0453450376307081 0.0391407924852699
0.42 2A 58964528.5 58968182.5 8.76072319762109e-07 341 0.0521109693059629 0.056540306750755
0.43 2A 59554058 59558659 8.73803503636968e-07 118 0.0897595 0
0.44 2A 61436327 61438994 7.91165515370013e-07 323 0.0373018486068111 0.0155598659686775
0.45 2A 62400318.8333333 62404689.1666667 7.58032636716586e-07 339 0.0458974244837758 0.114884900868693
0.46 2A 63539830.4285714 63543803.5714286 7.34264254684343e-07 1269 0.0275629613869188 0.0448008938229196
0.47 2A 65442794.5714286 65447575 6.92136817810445e-07 1485 0.0152188428215488 0.152556367856758
0.48 2A 66890305.5 66896310.1666667 6.57927356335647e-07 2965 0.024517174232715 0.03991738798549
0.49 2A 69002431 69007467.4 6.04879062457566e-07 1556 0.0432507906812339 0.123962020885414
0.5 2A 70910995.7142857 70915110 5.53583399590399e-07 1547 0.0483496542340013 0.0735782195380943
0.51 2A 73322811 73327187.3333333 4.84484539237681e-07 1103 0.0161734168631006 0.0878021363733606
0.52 2A 74756100.5625 74760336.0625 4.40827879869931e-07 3876 0.0185263072316821 0.118153274428255
0.53 2A 78438658.1052632 78445193.368421 3.20914948492939e-07 5242 0.0300313145326211 0.0539302026972001
0.54 2A 81463959.6666667 81469066.952381 2.22642391525156e-07 7261 0.0220622256121746 0.0839505651824047
0.55 2A 115037539.629032 115042517.806452 2.23785284825311e-08 44633 0.0216104136157834 0.108611904167819
0.56 2A 181700730.858639 181705980.361257 4.35635434235197e-08 46316 0.0145107314240744 0.11013638487824
0.57 2A 231347815 231369634 1.68898999431179e-08 222 0.0153318036036036 0
0.6 2A 266345359.514286 266356368.285714 4.29154059626502e-09 13522 0.00178564792434551 0.313735694108346
0.61 2A 408130126.5625 408138337.895833 3.70940100175918e-09 77928 0.00479552810940377 0.181541419491493
0.62 2A 505743065.597701 505747714.344828 3.13451003880611e-08 22402 0.0149027394134016 0.0968319548446965
0.63 2A 533110362.179105 533115515.910448 4.56314335281006e-08 17342 0.0146810064456233 0.117595859655335
0.64 2A 553185604.577778 553191185.111111 5.27268524627947e-08 10205 0.0256934076328293 0.100658812368518
0.65 2A 568773060.923077 568777524.807692 5.21035369881144e-08 10597 0.023985789066717 0.110760113792481
0.66 2A 583555841.853659 583561258.268293 4.74206318457844e-08 8651 0.0233132294691943 0.0802857966168012
0.67 2A 599164198.52381 599168476.833333 5.23745474751597e-08 11028 0.0244343341787269 0.0690278976857639
0.68 2A 609828128.242424 609833546.272727 6.20448046086607e-08 7137 0.029637138100042 0.0982405180455716
0.69 2A 620590702.45098 620595441.509804 7.77624743308503e-08 10477 0.0271138947739947 0.111709173729954
0.7 2A 633713449.407407 633717357.814815 1.03620603350414e-07 4559 0.0311774276157052 0.0702343832908596
0.71 2A 639294058.421053 639298654.421053 1.17113852776727e-07 5515 0.0182326652402539 0.103736142631866
0.72 2A 646897272.916667 646901468.166667 1.38334234073685e-07 5680 0.0335179272042254 0.101611828353626
0.73 2A 654291100.227273 654297246.772727 1.60999300746906e-07 4490 0.0336847678001909 0.0776742231685319
0.74 2A 661525020.484848 661529635.393939 1.88781046290577e-07 4584 0.0379938034853839 0.103224921904197
0.75 2A 667399129.5 667405383.625 2.13864257642688e-07 4546 0.0181636065816102 0.115844494885217
0.76 2A 670927615.722222 670931961.888889 2.29293334605656e-07 3928 0.0287564399338086 0.101585590496836
0.77 2A 675017878.090909 675023270.727273 2.47521605354746e-07 3208 0.0312671027930175 0.0962428350813836
0.78 2A 678751206.928571 678755458.107143 2.64467492535127e-07 6680 0.0349391788636573 0.0969293898748219
0.79 2A 681820661.181818 681825873.909091 2.78647885442791e-07 1723 0.0296236854614045 0.122826928869576
0.8 2A 685601395.444444 685606827 2.9637063700472e-07 4658 0.023953844310863 0.108326700093912
0.81 2A 689086125.4 689091113.6 3.12983720312247e-07 2297 0.0500985245638123 0.0467617683456902
0.82 2A 691986991.588235 691993469.529412 3.26740211355127e-07 2911 0.0193492141909997 0.143146533504544
0.83 2A 695214542.307692 695218614.076923 3.38317060375228e-07 3247 0.0459388853916436 0.071506121201416
0.84 2A 698571500.8 698574526.6 3.47068362837331e-07 1470 0.041474983537415 0.106160001624978
0.85 2A 702360096.625 702362479.625 3.59471942559559e-07 617 0.0409243575364668 0.153178331508921
0.86 2A 705172225.882353 705176300.882353 3.71060270884207e-07 4187 0.0365544498877478 0.0934324229676681
0.87 2A 707139834.6 707144140.2 3.80365825386312e-07 1310 0.0358551357251908 0.0677537285437649
0.88 2A 710075179.111111 710079186.888889 3.96165632495023e-07 1841 0.0308456025529604 0.120684852559006
0.89 2A 712766863.666667 712770547.222222 4.12593903228879e-07 2731 0.0380898059099231 0.106668599949666
0.9 2A 715248043.4 715252211.4 4.29356003693627e-07 1723 0.0355042219907139 0.0960029463272702
0.91 2A 717789978 717794312.25 4.48208337925379e-07 3799 0.0293148766596473 0.100413800474478
0.92 2A 719955968 719958737 4.76472163542793e-07 356 0.0525994334269663 0.0345772415425738
0.93 2A 722058385 722064771 5.11247461219842e-07 1294 0.0530100176970634 0.0548096730583697
0.94 2A 722961452.1 722966008.1 5.17920387913596e-07 1951 0.0462733003587904 0.0465216012692357
0.95 2A 724965363.6 724970181.6 5.25792214830963e-07 2713 0.03313210932547 0.155180252346033
0.96 2A 727190264.333333 727195019.666667 5.4177719829218e-07 696 0.0313498020114943 0.12662593306264
0.97 2A 729147891.380952 729152571.952381 5.63510793828884e-07 5205 0.0328689894755043 0.0772324827194134
0.98 2A 730457031.666667 730462001.666667 5.72375180174538e-07 1279 0.0283314643471462 0.00975484639589715
0.99 2A 732581817 732588435 5.72369990708213e-07 492 0.0261351 0.374503254244292
1 2A 734060688.555556 734064599.555556 5.60189095526682e-07 1659 0.0345252269439421 0.0751923522511337
1.01 2A 734913175 734919242.75 5.50841351273789e-07 979 0.0721572696629213 0.0349623227507241
1.02 2A 737384029.5 737386685.5 5.41622572856845e-07 242 0.0680928657024793 0.0156339117212526
1.03 2A 738968110 738973444.2 5.25213591100243e-07 1363 0.0434506927732942 0.139645079773657
1.04 2A 740497931.111111 740504008.777778 5.14957205792764e-07 3122 0.0439436055861627 0.0933272131262189
1.05 2A 743195524.846154 743201566.384615 4.8656871391693e-07 3669 0.0449658615535568 0.0578995015769028
1.06 2A 746172162.615385 746177130.846154 4.42086936420217e-07 4273 0.0321857656915516 0.102283595671479
1.07 2A 748157990.75 748163832.5 4.20569577752518e-07 1236 0.0431974216019417 0.0316910426439793
1.08 2A 751474725.428571 751478247.285714 3.61321485389466e-07 981 0.0326253174311927 0.0976423164784593
1.09 2A 753691823.714286 753696485.642857 3.16699696852429e-07 2371 0.0822370910943127 0.0441642694167632
1.1 2A 757194555.578947 757199010.315789 2.38399941539805e-07 4440 0.0515535886261261 0.0430347940471905
1.11 2A 770524164.929412 770528834 5.08955276568557e-08 18387 0.0456153485542543 0.0496182595637837
0.02 3A 1259540 1262844.75 3.85852206954566e-08 818 0.0531588701711491 0.0219105245479989
0.03 3A 1924585 1928794 7.4069899133783e-08 316 0.0618018 0.0199070253617209
0.07 3A 8636655.63636364 8641046.27272727 4.01010506445261e-07 2228 0.0503667213824057 0.0494064388531891
0.08 3A 12236211.6666667 12240308.1111111 5.74191257273889e-07 2396 0.0356155175709516 0.0437211864919307
0.09 3A 13055722.7857143 13061214.7142857 6.30336968886376e-07 3903 0.0412323967717141 0.0702361177994727
0.1 3A 14592368.8 14596142.2 6.77260420758338e-07 1137 0.0502872497801231 0.0802296301163607
0.11 3A 15748921.25 15753279 7.40503943469668e-07 561 0.045738937254902 0.150833973127769
0.14 3A 20010606.6 20015508 1.15322577110282e-06 976 0.052392981045082 0.111502198191886
0.15 3A 20595748.25 20599570.75 1.20556991683135e-06 1186 0.037432107925801 0.0576549152056742
0.16 3A 21315635.6666667 21317915 1.25747428102506e-06 310 0.0490939935483871 0.0943759226048151
0.17 3A 21786689 21788782 1.28334387652264e-06 135 0.0832227 0.0498284722797987
0.18 3A 22570938 22574123 1.27304465893113e-06 576 0.0512419666666667 0.107637819163849
0.19 3A 23513722.5 23518382 1.21321832425632e-06 680 0.0353537567647059 0.05150030607031
0.2 3A 23885075.6666667 23888737 1.18284967429235e-06 616 0.0817376943181818 0.0487554017350127
0.21 3A 24888911 24891748 1.11203886539958e-06 95 0.0297435 0.270535747306134
0.22 3A 25304859.25 25309722.5 1.10469630507612e-06 1677 0.0467171629099583 0.0344441195525074
0.23 3A 25906101 25909271 1.0929662599047e-06 58 0.0251505 0.108469414126956
0.24 3A 27007424 27010880 1.10378797369014e-06 343 0.0189612609329446 0.174481908909719
0.25 3A 27585200.3333333 27587831 1.11418528679896e-06 413 0.0642855658595642 0.0450800340265946
0.26 3A 28476216 28477243 1.12541959669079e-06 103 0.097334 0.0129680276162492
0.28 3A 30612335.6666667 30615897.3333333 1.12859603542336e-06 393 0.0485046450381679 0.0456431866091049
0.29 3A 31895635.625 31900965.25 1.11431073008679e-06 1526 0.0332954563564875 0.0582548426626578
0.3 3A 32467917.5 32470915 1.10417899113685e-06 372 0.0569071268817204 0.0205447425108498
0.31 3A 34525419 34529494.5 1.04756655795829e-06 771 0.0622543214007782 0.0493205138877029
0.32 3A 36140947.25 36144310.5 9.81067217997611e-07 803 0.0319951184308842 0.0831743818204895
0.34 3A 38285535.6666667 38291137.6666667 8.99971846318386e-07 704 0.0357007196590909 0.0664362148569242
0.37 3A 40349096 40361359 8.48398860185471e-07 471 0.0223608 0.0582783263568388
0.38 3A 40854088.6666667 40857535 8.36612807770259e-07 177 0.0768346923728813 0.168860061084033
0.39 3A 42024195 42032399 8.1007654332416e-07 965 0.0194825 0.101973566020788
0.41 3A 44660720.6666667 44664525.3333333 7.55989151135707e-07 83 0.0293156873493976 0.337788982628878
0.42 3A 45724214 45731383.75 7.36241040209762e-07 2824 0.0184661510269122 0.0621804714450501
0.43 3A 47062034.7 47066674.4 7.12735698580349e-07 1858 0.0531457038751346 0.038755006295638
0.44 3A 50371186.6666667 50375468.6666667 6.62316964004103e-07 937 0.0738511140875133 0.0401572558792353
0.45 3A 52840743.6153846 52844434.4615385 6.27511180425927e-07 2510 0.0387791641832669 0.0837287470493317
0.46 3A 54712690 54715606 5.93747036644513e-07 1173 0.0375394141517476 0.0600899358684395
0.47 3A 56391320.9 56396250.5 5.61474482447337e-07 2200 0.0387098635 0.0804584560916179
0.48 3A 57938154.7777778 57942601.8888889 5.29049041219439e-07 2349 0.0416887421711366 0.0610966196760349
0.49 3A 60299323.5 60304150.1666667 4.79808024415042e-07 2180 0.044603964266055 0.109435136181034
0.5 3A 61332641.8 61336646.4 4.59306131731629e-07 1128 0.0357863986702128 0.105091845348937
0.51 3A 63053698.1111111 63057613.7777778 4.26778759415786e-07 2125 0.0367141077082353 0.138676350227122
0.52 3A 64326503 64332825.25 4.03858593070292e-07 2770 0.0171182615523466 0.0775595949220062
0.53 3A 66400430 66403866.8333333 3.6889803383534e-07 1186 0.0216691623102867 0.0911313414613244
0.54 3A 68331152 68335529.5 3.37908200822318e-07 1617 0.0209670792826221 0.0847965178925603
0.55 3A 71354270.4444444 71358697.3333333 2.8705320869627e-07 2145 0.0268314202983683 0.0476091150953295
0.56 3A 76684196.25 76689793.875 2.29432157974238e-07 3927 0.0222252504583652 0.0669012740243062
0.57 3A 84351332.15 84357397.9 2.01410847976693e-07 4963 0.0211621506516644 0.109523260107509
0.58 3A 96506825.4666667 96514491.9 1.45205173894011e-07 9799 0.0173605515828146 0.0799083193075429
0.59 3A 109831828.125 109835778.25 7.82843027326071e-08 7552 0.0212781351377119 0.108528930876787
0.6 3A 120168282.4 120172782.8 2.89660779525001e-08 5635 0.0156135114986223 0.155026572144352
0.61 3A 132833777.47619 132839414.428571 1.12533258300436e-09 3279 0.0212579855626715 0.0856890728487773
0.62 3A 145834060.181818 145839248.272727 0 5458 0.0183565980414071 0.0839793314323871
0.63 3A 166616916.816327 166621688.020408 4.1715240501939e-09 13660 0.0137249418761378 0.14952045229816
0.64 3A 292873074.233871 292881820.189516 1.00574073133742e-08 79015 0.0037916888071632 0.190053111855538
0.65 3A 432771175.875 432776797.076923 2.46557666722203e-08 30613 0.011369456093653 0.144358023552599
0.66 3A 468687240.771429 468692681.314286 3.85473470243867e-08 20899 0.0112711742945624 0.155025698473756
0.67 3A 491491863.036145 491497976.855422 3.90579964745258e-08 23302 0.021431490707382 0.0895614169405446
0.68 3A 508023731 508028422.4375 3.84167524275422e-08 12802 0.0230785332860889 0.100109239094399
0.69 3A 516415032.684211 516420070.263158 3.41005182531807e-08 5609 0.0258697164984846 0.0865505809508326
0.7 3A 520166430 520170649.5 3.14684334422267e-08 1442 0.0154313632108183 0.142165517672026
0.71 3A 535826091.789474 535831040.610526 3.79018236512317e-08 27449 0.0203849295104011 0.112748554646676
0.72 3A 556488881 556493173.909091 7.91346578038424e-08 2307 0.0168218211313394 0.140255185940184
0.73 3A 560496550.846154 560506238.923077 8.6654586682745e-08 5484 0.0214226767833698 0.0895663918236853
0.74 3A 566155606.933333 566162430.066667 1.06872221802152e-07 5797 0.0132281897895463 0.152738025816621
0.75 3A 570751742.230769 570755556.461538 1.3389171377446e-07 2501 0.0195638039664134 0.102730528453585
0.76 3A 575105238.388889 575108974.277778 1.59105235665723e-07 2835 0.0337403627760141 0.0736100033592274
0.77 3A 577807971.285714 577811288.285714 1.68717357696472e-07 1313 0.0361276568164509 0.0782197154216625
0.78 3A 579424385.333333 579428021.333333 1.7436535393778e-07 939 0.0319411897763578 0.111558348121227
0.79 3A 581264794.8 581268378.8 1.80686792602354e-07 709 0.0343621885754584 0.0326512904512499
0.8 3A 583512706.833333 583516446.666667 1.8826105157976e-07 740 0.0235112461891892 0.20504372508407
0.81 3A 585041917.142857 585046259.857143 1.93328682274201e-07 1313 0.0307483374409749 0.105821226250424
0.82 3A 587860742 587868413.2 2.02464396960597e-07 4650 0.0137340110473118 0.0712069960289528
0.83 3A 596311028.030303 596314915.030303 2.28033482830278e-07 7174 0.0276305400195149 0.0885384303780202
0.84 3A 601631185.631579 601635825.526316 2.42706467988401e-07 4218 0.0246710241014699 0.064633342029803
0.85 3A 605227978.181818 605231714.454545 2.52198607318975e-07 2366 0.0356788546069315 0.044080339927765
0.86 3A 609635013 609640061.692308 2.63595325733858e-07 4581 0.0200090646714691 0.125878594407758
0.87 3A 614431926.086957 614435904.652174 2.75673930101316e-07 4128 0.0397610709544574 0.0545450358452254
0.88 3A 620980103.461538 620986590.153846 2.91671392078314e-07 2799 0.0234370538007622 0.172925619477285
0.89 3A 624264798.5 624267692.785714 2.99452951268828e-07 2747 0.0330618163484641 0.118852028391253
0.9 3A 628310978.555556 628317482 3.08839550593563e-07 2222 0.0387895741044104 0.0326435605962816
0.91 3A 632306185.947368 632312707.947368 3.17876129645314e-07 5631 0.0273722137755283 0.0866352749027379
0.92 3A 635694484.583333 635698558.916667 3.25366089824914e-07 1966 0.0396556312031814 0.0518115579756061
0.93 3A 639081205.666667 639086708.6 3.32694642343676e-07 4708 0.0336109933031921 0.051271997713859
0.94 3A 642391408.176471 642397094.882353 3.39576776862345e-07 4873 0.0290354608249538 0.0974294312349183
0.95 3A 645676223.923077 645680339.076923 3.48628146797518e-07 3465 0.0384616952150072 0.0667538037270199
0.96 3A 647826371.133333 647830625.2 3.59517732746267e-07 3354 0.0428429437090042 0.0532314053268122
0.97 3A 649812604.777778 649817195.444444 3.72280118978167e-07 2749 0.0296587146744271 0.102007287618716
0.98 3A 652657431.25 652662006.75 3.54618733487176e-07 2200 0.0405586728636364 0.0636484000608936
0.99 3A 653851435 653857638 3.44164741459042e-07 613 0.0321394 0.0263827576121521
1 3A 656658279 656661667 3.28468204682707e-07 403 0.0336294962779156 0.0962428975892382
1.01 3A 658663819.666667 658669575.333333 3.23663127709879e-07 2241 0.0146265266220437 0.121597708434004
1.02 3A 659965417.363636 659970509.181818 3.23487103246006e-07 2973 0.0229588858257652 0.0963582403930644
1.03 3A 661867273.8 661871915 3.2752150126319e-07 1343 0.0262922479337305 0.0869171888181138
1.04 3A 663640775 663645620.285714 3.35789406251221e-07 2192 0.0332471967609489 0.0421870672695276
1.05 3A 669873501.842105 669877764.210526 4.02105906698348e-07 5782 0.0299090418328913 0.0696527387530285
1.06 3A 674718813.5 674723771.5 4.83994839656695e-07 1983 0.0384379683812405 0.0744871085183226
1.08 3A 678499131 678501364 5.73069879074752e-07 539 0.023207047309833 0.139050588281333
1.09 3A 679928392 679932970 6.13029778657194e-07 1425 0.0125744736842105 0.120482715610154
1.1 3A 681867824.714286 681871628.571429 7.07152327164734e-07 1226 0.0427302552202284 0.0265581021080018
1.11 3A 683412765.583333 683417035.833333 7.89805348674002e-07 2614 0.0480947411247131 0.0320233377465097
1.12 3A 684742177.333333 684746416.833333 8.49237975369812e-07 1523 0.0340043867367039 0.0374955439780364
1.13 3A 686768952 686774353.5 9.18526890520346e-07 945 0.0293109592592593 0.0180243478643243
1.14 3A 687557466.5 687562469 9.38307187629206e-07 686 0.0251124565597668 0.178568440927752
1.15 3A 688826820 688831065.333333 9.61714741368466e-07 1145 0.0481953939737991 0.0774406685089719
1.16 3A 689843111 689846909.5 9.73077430203867e-07 823 0.0372462037667072 0.0755201584522512
1.17 3A 691272836 691275710.75 9.78029518775368e-07 528 0.0554221946969697 0.0991429450298034
1.18 3A 692924214.2 692931739.6 9.68426416758255e-07 2434 0.0366539881265407 0.0558903807417329
1.21 3A 695336153.166667 695340869.833333 9.22752288673913e-07 1554 0.0309824494208494 0.0700186121065128
1.22 3A 695728816 695732219 9.19616449717503e-07 454 0.0358167 0.163213808083939
1.23 3A 696342921 696344839 9.32986627645249e-07 121 0.020982 0.668558764655419
1.24 3A 697398735.333333 697401961.666667 9.23230196331287e-07 407 0.0366463226044226 0.232423184166563
1.25 3A 697737854 697741865.5 9.11753133376619e-07 589 0.0438437010186757 0.0163057937956245
1.26 3A 698863040 698867798 8.42359439404854e-07 65 0.0160428 0.212801381305009
1.27 3A 699811101.333333 699824500.333333 7.44702714141935e-07 116 0.0116273543103448 0.142320683886712
1.28 3A 701477175.75 701483017 5.68478686491134e-07 1299 0.034611989530408 0.125830745785616
1.29 3A 705669498.666667 705673861.5 1.74242638450859e-07 1481 0.0369612810263336 0.0716545179424324
1.3 3A 708637073.25 708639605.5 1.52051127267004e-07 181 0.0526996390423573 0.132735457876851
1.31 3A 711465187.4 711469934.4 5.75409849337839e-07 1300 0.0441584461538462 0.0350303217887753
1.32 3A 714151974 714157914 8.36791426569715e-07 17 0.107345 0
1.33 3A 714715314 714721446.666667 8.77724714547773e-07 652 0.0242851688650307 0.12879230848695
1.35 3A 716330245.666667 716335006.333333 9.62274058222475e-07 691 0.0337088989869754 0.0918111117123448
1.36 3A 716756231 716759651 9.7652028002176e-07 6 NA NA
1.38 3A 717903102 717905777 9.96376550632402e-07 77 0.0817821 0
1.39 3A 718629683 718638179.5 9.95210783984728e-07 216 0.044421412037037 0.0886490915865253
1.4 3A 719685637 719689233.666667 9.75803804875124e-07 178 0.0742408612359551 0.0737158826940853
1.41 3A 721427857.666667 721431290.666667 9.85670296028023e-07 318 0.0581783433962264 0.0454707270420256
1.42 3A 722274947 722281449 1.02888011959703e-06 256 0.0636016 0.027259848808835
1.43 3A 724334996.888889 724340426.555556 1.11866594840203e-06 1943 0.0458059541430777 0.0715967194375117
1.44 3A 725953496.555556 725957944.888889 1.22493371765207e-06 2291 0.0456144991706678 0.0548778699436713
1.45 3A 727071777 727074292 1.28149355180831e-06 68 0.0927362 0.0306581464411956
1.46 3A 727989884 727993508 1.3153957337639e-06 498 0.0771101 0.00584191954101992
1.47 3A 728617165.5 728619914 1.33189586191207e-06 259 0.0410261478764479 0.0325507104081272
1.49 3A 729873561 729877104 1.34971102145524e-06 182 0.0307747 0.0770441304058204
1.51 3A 731010610.5 731015160.5 1.34748105046253e-06 403 0.0718055017369727 0.0173254527674103
1.53 3A 732331880.666667 732337687.166667 1.32303781241903e-06 393 0.0405838888040712 0.106289278621282
1.54 3A 732752557.25 732757710.25 1.31065679261971e-06 819 0.0248136035409035 0.0576602672252139
1.56 3A 734027349.571429 734032182.285714 1.25809233428602e-06 1730 0.0429486331213873 0.0793393537150973
1.57 3A 734360779.666667 734364371.666667 1.24074196619373e-06 253 0.0203128932806324 0.276096239036637
1.58 3A 734783072 734791156 1.21662274415416e-06 1066 0.0160599 0.0576414548035791
1.59 3A 735890842 735894915 1.14229104407113e-06 605 0.0400687818181818 0.0703832867887133
1.61 3A 737846077.333333 737851079.333333 1.02157830585839e-06 1088 0.0381899258272059 0.0235703912502737
1.62 3A 739130422.5 739135117 1.00712031883394e-06 856 0.0451111543224299 0.0377031251888427
1.63 3A 739742426.571429 739747195.857143 9.9471633370379e-07 924 0.054631949025974 0.042581899786614
1.65 3A 742258213.6 742262037.4 9.14567212588654e-07 803 0.0679931866749689 0.100330729423737
1.66 3A 743811360.333333 743814830.666667 8.3838070142202e-07 730 0.0573399575068493 0.0909591865286603
1.67 3A 745357952 745361441.5 7.62719726795039e-07 171 0.0616030122807018 0.0380543857926899
1.68 3A 747069930 747075388.555556 6.91748234726231e-07 1480 0.0435424715540541 0.0889177351335314
1.69 3A 749544851.833333 749550533.5 5.95510837463512e-07 1468 0.0584122419618529 0.058669396701994
0 4A 197589.333333333 200641.333333333 NA 535 0.039240931588785 0.00456865843458593
0.01 4A 731622 737622 NA 91 0.0557793 0.0216465606416717
0.02 4A 1730832.4 1734553.6 NA 1099 0.0293530954504095 0.0514605466132748
0.03 4A 2332848 2337265.33333333 NA 1316 0.0257421896656535 0.154767701016264
0.04 4A 3055012.875 3060634 1.08764662452025e-06 2221 0.0430882463240497 0.0562306367708483
0.05 4A 3868310 3876671 1.07592406483305e-06 181 0.0137026 0
0.06 4A 4788694 4792379 1.06266736909897e-06 1315 0.0381911827376426 0.0870601856694759
0.07 4A 5676200.75 5679889.5 1.04980952386625e-06 569 0.0478994592267135 0.0969734684054077
0.08 4A 6094809 6102666.75 1.0436989772608e-06 1543 0.0343117657161374 0.112404980147113
0.09 4A 7043928 7046252.5 1.02991588402417e-06 987 0.034850974366768 0.0520833819106525
0.1 4A 7749195.66666667 7753194.66666667 1.01960285910574e-06 861 0.0293761926829268 0.0899033329188692
0.11 4A 8586922.33333333 8590301.33333333 1.00733357973733e-06 580 0.0219265601724138 0.0638655608897064
0.12 4A 9766573.8 9769747.8 9.89983137958081e-07 1500 0.0232366802666667 0.142680364920974
0.13 4A 10636377 10639773 9.77142184670035e-07 233 0.0245052 0.0360747922889836
0.14 4A 11409954.8571429 11413459.7142857 9.65683488101381e-07 1587 0.0318931795589162 0.0644765875592402
0.15 4A 12441404.75 12444125.75 9.50362926354976e-07 430 0.0251166795348837 0.0743727123165684
0.16 4A 13656187 13659029 9.32236068802801e-07 61 0.00258398 0
0.17 4A 14104123.25 14107607.5 9.25526037711133e-07 269 0.0357726651672862 0.0665378130461439
0.18 4A 15236932.5 15239707.5 9.08521877592616e-07 311 0.00934236006430868 0.0669740019492448
0.19 4A 16122123.1428571 16126600.1428571 8.95173233753006e-07 3135 0.0235708107814992 0.0741954538213632
0.2 4A 17116136 17120063 8.80149901083398e-07 528 0.0373153549242424 0.0613224498522457
0.22 4A 19634904.6666667 19637288.3333333 8.41833607616832e-07 425 0.0319706671529412 0.0526716575817924
0.23 4A 20264810 20267038 8.32194442962212e-07 148 0.0292308 0.228382733281333
0.24 4A 21431142.6666667 21437003.3333333 8.14256095008574e-07 4413 0.0246078414457285 0.146884512759374
0.26 4A 24006425 24010878 7.73728421141769e-07 283 0.0161412791519435 0.072313689064449
0.27 4A 24873791 24878265 7.59355320245242e-07 1951 0.02415690702204 0.0816056411697744
0.28 4A 25885947 25893930.5 7.42586730837752e-07 664 0.00674676759036145 0.0948364599265215
0.29 4A 27568052 27571146 7.15201825875894e-07 100 0.0136416 0.161375498475252
0.3 4A 28980517 28985523.5 6.92552129482233e-07 1836 0.00857698683551198 0.128436348255857
0.31 4A 30413523 30417839 6.69950468345724e-07 800 0.02445298175 0.0632734998156206
0.32 4A 31649899.4 31656985.6 6.5072927899537e-07 1882 0.00783803151965994 0.132408192339212
0.33 4A 32911919.5 32914316 6.31441470514061e-07 284 0.0220735806338028 0.188447130148208
0.34 4A 34475211.6666667 34479195.1666667 6.07877786015466e-07 1171 0.0190998526046114 0.166990002390869
0.35 4A 36234860.5454545 36239738.8181818 5.81893737424866e-07 2721 0.0313889173465638 0.0606525107040492
0.36 4A 37628748.3529412 37633345.8235294 5.61689648691197e-07 4448 0.0207986520638489 0.0941857525852362
0.37 4A 39009991.375 39017039 5.41994028178785e-07 2207 0.0231963487086543 0.137661449639583
0.38 4A 40514295.3333333 40518625.1111111 5.20969027850693e-07 1916 0.0250204503235908 0.0676529428375433
0.39 4A 42495444.4444444 42500354.5555556 4.93902890530402e-07 3200 0.01737633029375 0.112750270914779
0.4 4A 45389738.25 45393749 4.55539982482865e-07 1653 0.0339291294010889 0.193140638910034
0.41 4A 47082356.6875 47088798.125 4.33855417151462e-07 6969 0.0150400096340938 0.120157684550321
0.42 4A 48987202.25 48991748.5 4.09969185457029e-07 1597 0.0254279710081403 0.0572372012826674
0.43 4A 52622147.5 52626149.5 3.66448966165907e-07 508 0.0296181196850394 0.0648442302769968
0.44 4A 57745218.7619048 57749066.4761905 3.08784384187181e-07 5064 0.0223869231768365 0.0861334785163317
0.45 4A 70366589.2045455 70371555.2045455 1.24913212908797e-07 24073 0.0181651701123107 0.108105231782726
0.46 4A 87100164.5625 87105572.25 1.86196374338263e-08 9283 0.0153628812065065 0.116196650451289
0.47 4A 96294414.5769231 96298517.3461538 2.0080904533001e-08 6072 0.0197453278689065 0.0747423602631038
0.48 4A 122472356.492857 122476700.135714 2.41627393465067e-08 37004 0.0162145496706947 0.115676136397351
0.49 4A 163803445.550562 163809021.876404 4.44190949930533e-08 25548 0.00799915318865558 0.134209319046162
0.5 4A 216681131.352941 216691347.843137 5.86588590692671e-08 20478 0.000907409954048247 0.293456575884898
0.51 4A 327547721.855263 327561919.236842 3.19351830511108e-08 29303 0.00126632597778384 0.32309963515566
0.52 4A 404895152 404899405.5 0 505 0.000518323223762376 0.803892023062272
0.53 4A 463506809.741722 463511999.066225 0 39605 0.0123262688135426 0.116237354861632
0.54 4A 519204108.026316 519209684.302632 0 22291 0.0190555028378449 0.1171135414427
0.55 4A 547559601.881579 547565002.605263 4.645811094786e-08 16407 0.030627309809328 0.103696696257494
0.56 4A 565498618.68 565505220.88 1.86627203380868e-07 5694 0.0307129881161456 0.0934138963070707
0.57 4A 572250453.366667 572255743.666667 2.72055631464959e-07 10270 0.0305448460188698 0.0712200214293469
0.58 4A 577837204.35 577842292.95 3.63726070411498e-07 7411 0.038346743529888 0.0230583801767227
0.59 4A 582233759.285714 582239277.057143 4.30904720783583e-07 10213 0.0378876139567218 0.0351889536345022
0.6 4A 584880229.086957 584885049.347826 4.71092980068174e-07 6261 0.0514275283501038 0.0436686787048781
0.61 4A 589189319.5 589192908 5.45156167171143e-07 586 0.0531523030716723 0.0716774726074048
0.62 4A 590446594.588235 590452882 5.68788415055752e-07 6445 0.0291611288130334 0.106479132482275
0.63 4A 591807348.285714 591812730.142857 5.95299234023944e-07 1359 0.0261321285504047 0.064107830583835
0.64 4A 593588193 593595602 6.42813611407194e-07 2237 0.0185532083594099 0.0653414521485332
0.65 4A 594736855.625 594740886.75 6.72434690499317e-07 1632 0.0288012454044118 0.0665685924805918
0.66 4A 596310858.375 596315707.375 7.11614853216848e-07 4795 0.051361758053528 0.040386322533935
0.67 4A 597816957.166667 597822450.5 7.47465388806353e-07 1965 0.0374127263104326 0.0551491596785197
0.68 4A 599036347.8 599040673.8 7.75111607813405e-07 1735 0.0422578412103746 0.0751250469627897
0.69 4A 600682432.25 600686383.25 8.10815222240294e-07 1306 0.0394279565084227 0.0632290982802308
0.7 4A 601719654 601722011.714286 8.38078145020841e-07 733 0.0479208282401091 0.0904757768220992
0.71 4A 603433625.833333 603437356.166667 8.98880019747064e-07 800 0.09376062975 0.0212693387972898
0.73 4A 605592912.714286 605598993.142857 9.62701977004024e-07 1260 0.0661893688888889 0.0237126087629706
0.74 4A 606536663.8 606542424.6 1.01884029028312e-06 1718 0.036781896798603 0.0323630221038644
0.75 4A 607530309.5 607532375 1.07245853208005e-06 235 0.0532354991489362 0.0244751034510063
0.76 4A 608742051.75 608747563.5 1.12270398741207e-06 1116 0.0308496941756272 0.112094356081971
0.77 4A 609925870 609929741 1.15622903227137e-06 406 0.0787490689655172 0.0811309821725314
0.78 4A 610467581.5 610472515.5 1.18199136519502e-06 762 0.0505096232283465 0.117242803727672
0.79 4A 611633480 611636794.5 1.27433164376121e-06 130 0.0683819284615385 0.0573648872390453
0.8 4A 612073372.2 612077232.2 1.30461102711628e-06 877 0.0525587281641961 0.0449796498696926
0.81 4A 613319681 613322187 1.37662027848229e-06 5 NA NA
0.82 4A 614055581.5 614059392.25 1.40951715845098e-06 708 0.0322125737288136 0.0839763372394737
0.83 4A 614624189.5 614627959.25 1.43028017053264e-06 749 0.022114317917223 0.0229654160975974
0.84 4A 615308045.4 615311729.4 1.44973005253274e-06 474 0.0531356417721519 0.084404734063656
0.85 4A 616230264 616234476 1.46633539849033e-06 58 0.0127115 0.318563505487157
0.86 4A 616408351.5 616411617.5 1.46818345222892e-06 325 0.0180186061538462 0.0760953472538728
0.87 4A 617061976 617064937.166667 1.47169586107012e-06 687 0.0435118848617176 0.0593849021470147
0.88 4A 617647339 617650560 1.46990941491404e-06 171 0.0459134988304094 0.00899888747060755
0.89 4A 617914392 617918888 1.46796432602955e-06 846 0.0458971115839243 0.107674642010209
0.9 4A 618546493 618549076 1.45909894843079e-06 374 0.0676940245989305 0.0604976769251097
0.91 4A 619230628 619237168 1.44357042385492e-06 1069 0.0141011687558466 0.170011669116136
0.93 4A 620188580 620195028 1.41169772934462e-06 442 0.0495603 0.0209316731335363
0.95 4A 621191853 621195985.5 1.36555979853528e-06 939 0.0543521394036209 0.0349873792776823
0.96 4A 621783323.8 621788585.8 1.33218663377715e-06 1154 0.0384546351819757 0.0406275856025091
0.97 4A 622241664.25 622246408 1.30325544881296e-06 597 0.0603961412060302 0.0147129836350738
0.98 4A 623319765.666667 623322715 1.22446662079087e-06 316 0.0559125708860759 0.00481531847268513
1 4A 625163231.5 625165660 1.05462562836462e-06 331 0.0363777205438066 0.233947326994698
1.01 4A 625851618.833333 625855529.333333 9.7949238708233e-07 682 0.0416291491202346 0.1159553706582
1.02 4A 627516023 627521263 8.08785986336385e-07 414 0.0558875 0.0454042496085887
1.03 4A 628181728.2 628186558.6 7.58782228308758e-07 1365 0.0338416317216117 0.0967225263882822
1.04 4A 629435132.727273 629441102.909091 6.8915451555713e-07 3054 0.0295164098886706 0.0613454314611122
1.05 4A 631222775.25 631228360.375 5.98422660046282e-07 3017 0.0198208488233344 0.153652232739621
1.06 4A 633795823 633801482.5 4.85083714617921e-07 1158 0.0323697803108808 0.0959446823650973
1.07 4A 637085843.444444 637090629.444444 3.66779985348957e-07 2111 0.0257021836949313 0.0765544289763347
1.08 4A 640428877.545455 640433356.363636 2.82763142433692e-07 2573 0.0326030465604353 0.0876407809680775
1.09 4A 647178286 647182770 1.7075895931823e-07 253 0.031468 0.0949647260709292
1.1 4A 648880646 648882928 2.49166773265642e-07 65 0.0354809 0.131721574142708
1.11 4A 650041359 650046207 2.68276002627431e-07 15 0 NA
1.13 4A 651595959 651598776.5 2.50277701360502e-07 411 0.031120000729927 0.0550529981645573
1.23 4A 657491499 657494063.333333 0 142 0.0699809794366197 0.0949118631136138
1.24 4A 680065481.98 680070209.68 1.10998875887547e-07 11387 0.0303530784120094 0.0677540501434235
1.25 4A 688092001 688096031 2.3023283364882e-07 171 0.0267447 0.0533384184530019
1.28 4A 700252021.333333 700254083.333333 3.86207203578312e-07 379 0.0406190094986807 0.103581356029112
1.31 4A 703264707 703269135.5 4.58908197720237e-07 173 0.0615909687861272 0.0842410590637603
1.36 4A 713126835.666667 713129848 5.8578769215433e-07 175 0.0493760017142857 0.126007905772339
1.37 4A 713931056 713935335 6.02593051238403e-07 53 0.0872274 0
1.4 4A 718848586 718850423 6.46974461580342e-07 207 0.0508278 0.245450324428757
1.44 4A 726430580 726432556 5.31296607608441e-07 12 0.0559441 0.240134348394201
1.47 4A 732517958 732521891 4.29559500890613e-07 249 0.0602099 0.0838264139286064
1.52 4A 742368570 742371125 3.57418316634597e-07 291 0.0859868 0.0348581410169933
1.53 4A 743948594 743955168 NA 782 0.0361658 0.0672942393089604
1.54 4A 744521033 744525004 NA 50 0 Inf
0 6A 452953 456478.5 NA 642 0.0436905764174455 0.101418973128249
0.01 6A 1474742.8 1479992 2.82502739303604e-07 2548 0.0472487905612245 0.0370127270378699
0.02 6A 3090181.5 3094300 4.02261944981156e-07 1372 0.0513081989795918 0.0414666568572368
0.03 6A 6950666.3125 6954980.4375 6.65469425408248e-07 2844 0.0324280178340366 0.100164919396845
0.04 6A 9152009 9158929.6 8.00490172943153e-07 1598 0.0269579397997497 0.123039089553954
0.05 6A 10489920 10493409 8.99673795682809e-07 449 0.045617559688196 0.0259752307021732
0.06 6A 11496410.3333333 11500617.7777778 9.35981173423502e-07 1434 0.0401288867416318 0.118198531869815
0.07 6A 12211068.6666667 12215994 9.4633696347416e-07 2023 0.0460550598121602 0.00916996425199153
0.08 6A 12836151 12838286 1.01496916991236e-06 275 0.0399588 0.0801775829103977
0.09 6A 13593283.25 13596890.5 1.07331721588145e-06 635 0.047058762519685 0.0144671485985513
0.11 6A 14301530 14303492 1.08891671678967e-06 200 0.0394511 0.0554955375135294
0.14 6A 16285618.5 16291975.5 1.03270824903192e-06 422 0.0160563355450237 0.170331669582348
0.15 6A 17839808.6666667 17845099.5 9.54165004389754e-07 3124 0.0431370877080666 0.056761485815455
0.16 6A 22389066.4285714 22394258.5714286 6.41776964182319e-07 1787 0.054014616340235 0.0736924379752487
0.17 6A 23724854.4444444 23728868.6666667 5.90164606015173e-07 1657 0.0513112908267954 0.054049570949896
0.18 6A 24577300.5 24581179.5 5.53005225781583e-07 391 0.0647182698209719 0.0796944924792757
0.2 6A 25676857.3333333 25680915.6666667 5.07505843083727e-07 276 0.0891517798913044 0.0636875699432346
0.21 6A 29564245.2 29568925.5 3.41086934895762e-07 2790 0.0520834892473118 0.0739417414484739
0.22 6A 35229968.6206897 35234086.3793103 3.84840014945262e-07 5171 0.0244854566718236 0.139075063928138
0.23 6A 41246199.6666667 41252371.3333333 5.1025394851377e-07 467 0.040639834261242 0.0487938000893692
0.28 6A 47756223.75 47760431 5.35558491320781e-07 651 0.0379414694316436 0.0201915574010945
0.29 6A 48703930 48708977.75 5.29742229014184e-07 1118 0.0381319208407871 0.124361908788662
0.3 6A 51402516 51405554.5 5.00145026652952e-07 318 0.0363479179245283 0.0424209369860094
0.31 6A 52152303.6666667 52158908.3333333 4.88325386588466e-07 2112 0.0293854847064394 0.0978875737738979
0.32 6A 53337594.4 53341859.4 4.8911240969406e-07 877 0.00523645378791334 0.306366652856426
0.33 6A 55845877.25 55849878.375 5.03555708301312e-07 1571 0.0217062875238701 0.0680151187585306
0.34 6A 57693311 57697632.3333333 4.570350394092e-07 695 0.0100784395395683 0.00842405162333941
0.35 6A 60024026.4 60028544.4 3.90689907522027e-07 709 0.0358077174894217 0.0325648125503372
0.36 6A 61365950.6666667 61370051.3333333 3.61648337403828e-07 1051 0.0273591776403425 0.107621417265892
0.37 6A 64120137.7272727 64126907.4545455 2.94410018704389e-07 2545 0.0205128526915521 0.103098278307666
0.38 6A 71374191.5 71379348.7666667 1.47641429266615e-07 10451 0.0221701599492872 0.0834685636626439
0.39 6A 83055754.8947368 83061393.2105263 1.34887599137742e-07 12020 0.0321646908735441 0.0600378030580796
0.4 6A 92360510.9166667 92364759.0833333 1.33255716502214e-07 3404 0.0268686824236193 0.0934959679676006
0.41 6A 98818280.7142857 98824105.4285714 1.25480832278863e-07 1320 0.0242599631742424 0.0775306433699497
0.42 6A 104216220.125 104220651.75 1.1583276334899e-07 2235 0.0335699955749441 0.0952179895454476
0.43 6A 107620213.6 107625717.4 1.08081921707966e-07 5308 0.0154447093707611 0.104421676658817
0.44 6A 120050242.269231 120055197.615385 8.36862999429198e-08 7002 0.0215179429207655 0.0750791116633843
0.45 6A 134569342.791667 134576295.541667 6.52508676105731e-08 8706 0.0141644974959798 0.10403425248349
0.46 6A 149767250.390244 149773056.463415 4.8636347522759e-08 10333 0.016960204012795 0.0926654069214528
0.47 6A 281406787.355102 281415225.061224 8.26278717898286e-09 73991 0.00663128428687273 0.160100673663559
0.48 6A 410310486.823529 410317083.588235 1.2249375617346e-08 6023 0.0162781885339532 0.107127555191849
0.49 6A 422290347.826087 422296390.434783 2.47833027278347e-08 5731 0.00453179693317048 0.146371372948801
0.5 6A 430956877.875 430965686.625 3.56985419526655e-08 2035 0.0137812367112671 0.260567427494164
0.51 6A 432911070.666667 432916041.666667 3.84433427276477e-08 1542 0.00497049534370947 0.164009698412545
0.52 6A 436835520.666667 436841534.444444 4.42354094240267e-08 2503 0.00326330182021574 0.234373759387874
0.53 6A 441341451 441345243.818182 5.13177885638298e-08 1211 0.0255419229562345 0.144172191359225
0.54 6A 444588118.375 444595160.125 5.57272750167307e-08 1381 0.0139940249022448 0.225328590237327
0.55 6A 448334410.769231 448338548.615385 6.04016447562671e-08 2329 0.0305943158175898 0.0815027306389837
0.56 6A 455275509.391304 455281921.217391 6.84433853879542e-08 7325 0.0194958697679181 0.117836677895939
0.57 6A 468632362.588235 468636401.764706 7.76448942808294e-08 6610 0.0196150782375189 0.107784018101055
0.58 6A 486200982.518519 486205082.407407 8.80104358204921e-08 10835 0.0154902996835753 0.0767090735146106
0.59 6A 498248667.575 498253206.7 9.02495061650612e-08 11489 0.0169734101104512 0.109008909551152
0.6 6A 505920931.526316 505926537.157895 8.23074657554803e-08 6667 0.0193141180875956 0.0957118180363332
0.61 6A 514383420.28 514387957.48 8.82647229616956e-08 7628 0.0215874185264814 0.0935554298616322
0.62 6A 525457016.944444 525461738.685185 1.10799057746564e-07 12678 0.0253837857292234 0.0851860646368085
0.63 6A 539492796.657895 539497149.5 1.46508283363532e-07 12354 0.0174877419224324 0.100740902008974
0.64 6A 548337540 548342546.65 1.28043865173001e-07 6646 0.0213762187225399 0.0864935704690282
0.65 6A 553358428.277778 553362919.055556 2.15058459396994e-07 4655 0.0192429703974221 0.0922439258391223
0.66 6A 556616922.4375 556622018.3125 2.62616880626292e-07 2432 0.0302946038240132 0.0546318106295433
0.67 6A 559351955.555556 559356292.888889 2.9817189547358e-07 2674 0.0235140724532536 0.0595287272946637
0.68 6A 563507583.066667 563512572.666667 3.76408387450599e-07 4779 0.0304948891265357 0.0963890988821721
0.69 6A 565054561 565060297.25 4.12466420377646e-07 1251 0.0397719083932854 0.0483970785014389
0.7 6A 569415907 569425662.5 5.36212146759729e-07 3442 0.0138014086374201 0.0856584824772831
0.71 6A 571545059.833333 571549472.916667 6.07467097076415e-07 2982 0.0319029434058899 0.129880819289108
0.72 6A 573456316.857143 573461509.428571 6.77693751763898e-07 2070 0.0345685039613527 0.106389986829372
0.73 6A 574751924.333333 574758605.666667 7.28979582798415e-07 1796 0.0127863926280624 0.120278783318003
0.75 6A 578020773 578027274 8.70133244821394e-07 1897 0.0322941686874012 0.0950760643973353
0.76 6A 579124412.75 579129660.25 9.21684692040034e-07 1924 0.0300145462058212 0.0742306712340132
0.77 6A 580322038.25 580325996 9.79884009441801e-07 1032 0.0391087474806202 0.0363783815301298
0.79 6A 581871830 581875716.888889 1.08708793597448e-06 1968 0.039008576925813 0.0437680369532355
0.8 6A 583039574.5 583043301.5 1.16977608762143e-06 99 0.0445873515151515 0
0.82 6A 584810760 584817394.5 1.28239494916675e-06 329 0.0493906876595745 0.119010206902988
0.83 6A 585424321 585429485.6 1.31888810089061e-06 2591 0.037945757468159 0.0732389965706355
0.84 6A 586175431 586180423 1.37167277428978e-06 1081 0.0276512594819611 0.246836146043435
0.85 6A 586823368 586830124.5 1.41326485670272e-06 1819 0.0232159699835074 0.235619764724996
0.86 6A 587564389 587570511 1.45305007302883e-06 335 0.0720068 0.0436949010371243
0.87 6A 587954714 587958944.666667 1.47039508995808e-06 1112 0.0323293805755396 0.0877236052672671
0.88 6A 588442200.857143 588445487.714286 1.48952567999146e-06 886 0.0277812631038375 0.129951187349439
0.91 6A 590074286 590079890 1.5271423180115e-06 621 0.0123277 0.187923132457798
0.93 6A 591334297.714286 591339249.428571 1.5288651891581e-06 2082 0.035856431364073 0.0436167104621969
0.94 6A 591822985.75 591825784.5 1.52331765903899e-06 1058 0.0476467415879017 0.0588548237110004
0.95 6A 592511694 592517005 1.50924354367174e-06 255 0.0583424294117647 0.132921827752641
0.96 6A 593182827.5 593186504 1.48888588128864e-06 184 0.0204500625 0.151910485018981
0.97 6A 593430767 593435915 1.47986774932404e-06 258 0.0266533 0.0361449426525046
0.98 6A 594919406.923077 594924074.076923 1.43472124440186e-06 2788 0.0490144224533716 0.0546547865119119
0.99 6A 596256241.333333 596260310.666667 1.32743222888957e-06 759 0.0540635583662714 0.0480438765666161
1 6A 596816308.666667 596820478.777778 1.25821978965076e-06 2244 0.0399484598841355 0.0896855637851922
1.01 6A 597316096.75 597320352 1.19713702607737e-06 1042 0.0371331289827255 0.0726000035913732
1.02 6A 597831273 597837358 1.14135286821226e-06 420 0.0597472 0.0412191701033689
1.04 6A 598956928.4 598960832.2 1.04518008635281e-06 1412 0.0504012601274788 0.0906924584472757
1.05 6A 599910153 599916151 9.91025627625267e-07 571 0.0396758 0.0791139687164468
1.06 6A 600557609.875 600562036.875 9.74465463322928e-07 2253 0.0576824324456281 0.028308828259258
1.07 6A 602889703.444444 602893516.888889 7.85444487602836e-07 2672 0.0418749004491018 0.0634300271461902
1.08 6A 605193880.571429 605200054.714286 5.92138441838927e-07 3546 0.0369748882036097 0.0596666628657963
1.09 6A 606761359 606768258 5.89785674507852e-07 411 0.0654231 0.0263518543144547
1.1 6A 607087687.428571 607091932.571429 5.90887309080082e-07 1667 0.0516945669466107 0.0463061335124148
1.11 6A 608054297.75 608057843.25 5.97762679641896e-07 233 0.0564147731044349 0.0527290936973499
1.13 6A 609241168.75 609245655.625 5.71597322727864e-07 2113 0.0424335151916706 0.0495202350487817
1.14 6A 613668203.957447 613673313.510638 4.15729004238718e-07 13454 0.0401140487802884 0.0669072225442959
1.15 6A 617259945.333333 617266973.333333 2.45910833171012e-07 2018 0.0703336565906839 0.0167095830260969
0 7A 4260696 4265869 1.49407442465474e-08 353 0.0784527648725212 0.0593255424512308
0.01 7A 8367615 8370807.4 7.91095236302292e-08 511 0.0364461726027397 0.0859255975283755
0.02 7A 13100401 13106973 1.89388597574018e-07 273 0.0404081 0.162208072143951
0.03 7A 16016350 16023391 2.89412501051205e-07 425 0.0758672 0.00303929761477951
0.04 7A 20994295.25 20997494.25 4.28672984665263e-07 703 0.0610313177809388 0.100417285238469
0.05 7A 24586444 24591932 5.78564665581568e-07 354 0.0224905 0.0286483181787866
0.06 7A 26416518 26418526 7.15785952964909e-07 70 0.0425293 0.15389390373225
0.08 7A 30062542 30064125 1.0148909300664e-06 11 0.0326087 0
0.1 7A 31591617 31593821 1.09639430990978e-06 13 0 NA
0.12 7A 32700574 32702532 1.1699091250191e-06 90 0.0386135 0.236121563701814
0.15 7A 34538999 34540876 1.29860125393025e-06 216 0.0716094 0
0.19 7A 36872224.6666667 36875846.3333333 1.3669678573392e-06 971 0.0411945414006179 0.0263736573819459
0.23 7A 40043614 40051845 1.28938065762783e-06 543 0.0182243 0.163000499333308
0.31 7A 46713895 46715532 9.21230384569486e-07 74 0.0670325 0
0.32 7A 48055953 48061026 8.87663204287728e-07 204 0.0576683 0
0.35 7A 54997683 55001463 6.95186734136148e-07 82 0.0643143 0.0576823505814415
0.37 7A 57615247 57621248 6.38661797122666e-07 106 0.0315163 0.0627856061783902
0.41 7A 64157483.5 64161714 5.38230789946184e-07 504 0.0491168476190476 0.125416216735382
0.42 7A 65159771.375 65165152.25 5.45529159613056e-07 1501 0.0477568698201199 0.0543067167488281
0.43 7A 68250096.2857143 68255181.1428571 5.88288273256115e-07 1112 0.0389173306654676 0.0678472540288355
0.44 7A 70728806.25 70732228.25 6.12888067632324e-07 528 0.0300524846590909 0.0832405540461067
0.46 7A 74440069.75 74445074 6.40297113749175e-07 660 0.0134404636060606 0.409274971821352
0.47 7A 74883399 74885755 6.42992646238881e-07 44 0.0397639 0.238098627146734
0.48 7A 76118406 76121640 6.65325433977075e-07 169 0.0550176 0.0290612458558716
0.49 7A 77515726.3333333 77521662 6.75722216940841e-07 673 0.0205922416047548 0.0793503958623866
0.5 7A 78524903.2 78529984.4 6.71857751768453e-07 322 0.0265186736024845 0.143726042386
0.51 7A 79789075.8 79795787.8 6.52044960292845e-07 1519 0.027477493238973 0.14297470640681
0.52 7A 81363402.25 81367752.5 6.05446294681049e-07 1292 0.0371735206656347 0.0825570960996911
0.53 7A 82144920.25 82153782.25 5.73310096738889e-07 1174 0.0187737980124929 0.201371570390055
0.54 7A 83285019 83288075 5.20657392035587e-07 186 0.0505411 0.0336320341266811
0.55 7A 83998979.8181818 84004007.1818182 5.09317470363297e-07 3318 0.0319498084990958 0.0682172132675784
0.56 7A 85460275.8333333 85464848.6666667 4.90399863563658e-07 1685 0.0406116623728082 0.0677019528718098
0.57 7A 87979125.75 87983644 4.54258730542867e-07 426 0.0156321427230047 0.0911902951616724
0.58 7A 92457189.3888889 92461723.6111111 3.74743739272316e-07 3119 0.0410540664315486 0.050566909572523
0.59 7A 100401758.785714 100410007.785714 1.86518221241669e-07 4538 0.0186563567731747 0.113620304536793
0.6 7A 107644953.047619 107650326.571429 1.59491313262822e-07 5468 0.0266572757263168 0.0691750712196948
0.61 7A 112817229.5 112818963 2.11030403828471e-07 345 0.0206573684057971 0.0716229746620503
0.62 7A 116004387.4 116009391.8 2.43631978877262e-07 2807 0.0369803809155682 0.0784337024753682
0.63 7A 118807738.125 118813138.125 2.47496586682947e-07 1942 0.0291148610195675 0.0794541845705507
0.64 7A 121890993.625 121897211.25 2.33695430306746e-07 3175 0.0366996713637795 0.0293412819179161
0.65 7A 126066313.307692 126070871.230769 1.89901056364498e-07 2398 0.027580407589658 0.0914122451824363
0.66 7A 129306101 129311687.857143 1.89271294265994e-07 3937 0.0209070375361951 0.0677798082449843
0.67 7A 140428759.733333 140433196 1.13828600111867e-07 6415 0.0218103953951676 0.109684794749421
0.68 7A 187724422.611374 187729918.156398 9.70419414971181e-09 59833 0.0198660537476104 0.127988451731021
0.69 7A 234666643.068182 234671747.022727 1.41212180777907e-08 12917 0.0137999280126964 0.128416963291817
0.7 7A 252213130.241379 252218648.344828 1.22088637095895e-08 7867 0.0113471042534638 0.1732519487087
0.71 7A 265776255.04 265781393.6 1.11143475443378e-08 7528 0.0104307289718385 0.132640613529307
0.72 7A 275291310.153846 275297767.692308 1.05372813673612e-08 4490 0.00629515806458797 0.168471879432804
0.73 7A 287440312.142857 287445152.142857 1.00449783605421e-08 5704 0.00375434126437588 0.144910503656832
0.74 7A 294713943.375 294718646.25 9.88015095696304e-09 4772 0.00153829003625314 0.319241178532926
0.75 7A 304429376 304435461.666667 9.80920693562134e-09 2037 0.00180688841188022 0.580026795916618
0.76 7A 310636959.166667 310655276.833333 9.8474714352997e-09 1812 0.00176933267108168 0.311358985072757
0.77 7A 320979827 320984261 1.0067836800698e-08 203 0.00238474 0
0.78 7A 325005522 325023369.8 1.02080323357617e-08 1940 0.00301941546391753 0.110875058308207
0.79 7A 331982132.666667 332002772 1.05189636081435e-08 2275 0.000987519267252747 0.210634409798043
0.8 7A 346802794.333333 346812941.444444 1.1515367566638e-08 8108 0.00144721546373952 0.29152393696778
0.81 7A 395277280.24 395285459.14 1.76485092396592e-08 17999 0.00128668469104293 0.257187184059945
0.82 7A 422650249.333333 422656598.333333 2.25159271321739e-08 624 0.00327865041666667 0.358789880056672
0.83 7A 423556015 423563387 2.27105057778797e-08 232 0.00635152 0.154338803939844
0.85 7A 424312931 424317651 2.28738773041016e-08 602 0.00422177943521595 0.214353411353423
0.86 7A 424628142 424634545 2.29425179875405e-08 578 0.00304468 0.753386234349751
0.9 7A 471712644.478261 471718196.628019 3.59102539905845e-08 57136 0.014889601720397 0.115548868061157
0.91 7A 526896435.227273 526901921.227273 5.48833214332349e-08 5158 0.0246096675222955 0.0949236043376916
0.92 7A 541006157.625 541010688.4 6.17158101483668e-08 9352 0.026932752064799 0.0871725594689359
0.93 7A 552323320.114286 552328400.142857 6.87143224927604e-08 7928 0.0189678817053481 0.100296295201451
0.94 7A 563349583.69697 563354328.060606 7.68205552715044e-08 7772 0.01813157248456 0.088431794569723
0.95 7A 574433311.222222 574439702.555556 8.22375847053201e-08 5539 0.0205108906300776 0.111797334563584
0.96 7A 592051421.543478 592055562.73913 8.48683739382413e-08 9779 0.0246896017159219 0.0786838111253487
0.97 7A 610008712.074074 610014467.111111 1.11197915264259e-07 9327 0.0289832870076123 0.0816003232037121
0.98 7A 616926246.166667 616930612.166667 1.5943680405784e-07 1326 0.0376590460030166 0.0718395681102742
0.99 7A 621394641.375 621397551.125 1.84752286011871e-07 1147 0.0274009082650392 0.0390288610883707
1 7A 626881942.857143 626886600.285714 2.29289682249738e-07 1493 0.0443930449899531 0.0446592652581672
1.01 7A 632847241.333333 632849404.5 2.84658846429086e-07 967 0.0278865842812823 0.0412926758990945
1.02 7A 635823471.666667 635829721.666667 3.29912138325963e-07 1445 0.0353811817923875 0.0638819793479531
1.03 7A 638781660.5 638786181.125 3.65941244905094e-07 1225 0.0298017915335277 0.0733756558351099
1.04 7A 642248704.5 642252635 4.02615167408475e-07 832 0.0404552425480769 0.0750056542483984
1.05 7A 644599303.666667 644602730.166667 4.26881618712216e-07 1379 0.0280835048005801 0.162787139954893
1.06 7A 646621205.166667 646625922.833333 4.47343026205511e-07 954 0.0422600982180293 0.092221194315565
1.07 7A 648425798 648431018 4.65299838222688e-07 240 0.0543268 0.0729089510149687
1.08 7A 650540340.666667 650544196.666667 4.85932057573804e-07 966 0.0289307253623188 0.0252713140804005
1.09 7A 652647814.857143 652652897.714286 5.061335080048e-07 1630 0.0290389818404908 0.0688663411706258
1.1 7A 654323214 654326980.333333 5.21885235467922e-07 327 0.0425291062996942 0.0865815188259312
1.12 7A 657537219.75 657542191.75 5.514051012552e-07 1603 0.0417600995633188 0.0346609789670553
1.13 7A 659431075.666667 659434288 5.68357721530829e-07 799 0.036134637922403 0.148240010675967
1.14 7A 660709870 660715155.714286 5.79625985798776e-07 806 0.0489946749193548 0.0731583374693656
1.16 7A 663846646.333333 663851374.333333 6.06628598075077e-07 977 0.0540747514841351 0.0550012126963516
1.17 7A 666284093 666290648.5 6.37163217202385e-07 713 0.025025537026648 0.270128771519834
1.18 7A 667097363.5 667103229.333333 6.49661022547645e-07 2561 0.0323603723155018 0.0286284968490495
1.19 7A 669685816.666667 669688101.333333 6.81646076671746e-07 230 0.0465157691304348 0.0756822831161632
1.2 7A 671304866.4 671310649.4 7.11315191986617e-07 1608 0.0410290300995025 0.0619446527853131
1.21 7A 672227524.75 672231373.5 7.23619119749555e-07 1178 0.068304742614601 0.046773929674706
1.22 7A 674166591 674170527.25 7.39220850677902e-07 961 0.0373860174817898 0.0771086622812914
1.23 7A 675191169.666667 675194720.666667 7.41280345211437e-07 977 0.0571316193346981 0.067185312364484
1.24 7A 676102667 676103960 7.39741953551198e-07 71 0.0343506 0.0306492463013746
1.25 7A 678024206.666667 678027219.166667 7.48473491567192e-07 1037 0.0512753380906461 0.0301199687042889
1.26 7A 679932977 679939396.111111 7.57860636374626e-07 2492 0.0368966564606742 0.0595445160107124
1.27 7A 681818477 681819235 7.55081832898751e-07 122 0.0282353 0.347790531710306
1.28 7A 681997487 682001751.5 7.57546350086986e-07 186 0.038931102688172 0.0623126301522109
1.29 7A 683482195 683492670 7.73598778063299e-07 624 0.0195049 0.540520587134515
1.3 7A 685546528.666667 685550361.333333 7.8326047820664e-07 560 0.0497736108928571 0.0574312759485384
1.31 7A 686165730.333333 686170120.666667 7.83464359879174e-07 434 0.0767375414746544 0.0458478734130367
1.33 7A 688652805 688658424.5 7.7054541056031e-07 993 0.0160358271903323 0.240312055148616
1.34 7A 690052934 690056735 7.54257314923966e-07 329 0.0339303 0.0485383270999667
1.35 7A 691049051 691052206 7.48612052446956e-07 351 0.043326966951567 0.048581570702031
1.36 7A 691568181 691570712.5 7.49523332228067e-07 186 0.0683598172043011 0.03155910148435
1.37 7A 692569451.6 692573754 7.61017620354603e-07 1123 0.0434630330365093 0.0255730560852605
1.38 7A 693846860.8 693852226.2 7.69314190186572e-07 651 0.0326391806451613 0.0927260106083993
1.39 7A 694549294.5 694553479.5 7.69151345975711e-07 929 0.0212707400430571 0.203135426488704
1.4 7A 696932702.5 696942075.5 7.42306029129785e-07 924 0.0349566632034632 0.157108316627841
1.42 7A 699163619.4 699168560.4 7.13813171004036e-07 1494 0.0397378828580991 0.05467032924178
1.43 7A 700648922.25 700656044.75 6.98986543208158e-07 1502 0.0286726515978695 0.190888862679701
1.44 7A 701876111.3 701880729.1 6.9300024095049e-07 2974 0.0447600567921991 0.0370355206900417
1.45 7A 704394427 704398372.666667 6.95645416372987e-07 547 0.0354462606946984 0.0151939373208601
1.46 7A 705273582 705279018.285714 6.97594782610913e-07 2390 0.0426676067782427 0.0837150994312264
1.47 7A 707462851 707468262.25 7.05019314654548e-07 2001 0.0144248045927036 0.175793089689332
1.48 7A 709350979.5 709354196.25 7.00902641964404e-07 877 0.0455278584948689 0.0131402713597596
1.49 7A 711607430 711611179 6.95936901398978e-07 147 0.0579569 0.0219288816344559
1.5 7A 712305937.25 712309418.25 6.94545122758879e-07 1106 0.0381398723327306 0.118150284400485
1.51 7A 714025312.333333 714029647 6.91396694517766e-07 569 0.0243714133567663 0.059859257592566
1.52 7A 715691664 715701737 6.88700769488257e-07 681 0.0245285 0.00567507185518886
1.53 7A 717743923 717746621 6.85914993638534e-07 315 0.037889 0.0587661326506374
1.55 7A 719574479.333333 719577931.333333 6.83900369836476e-07 756 0.0410918152645503 0.0751098264675408
1.57 7A 721250156 721256446 6.82455685852289e-07 1885 0.0225076099734748 0.104649048519394
1.58 7A 722255299.5 722259004.5 6.81268583221999e-07 440 0.0475670254545454 0.0178901128757492
1.59 7A 723286624.666667 723291067.666667 6.78944625558225e-07 1359 0.0485367860191317 0.0323338769919459
1.6 7A 724327185 724331463.75 6.76820987000964e-07 740 0.0625941635135135 0.0154194032553894
1.61 7A 726112142.666667 726119297.333333 6.73939697283123e-07 1440 0.020637956875 0.238384632436581
1.62 7A 727443573 727457990 6.72454329433371e-07 1428 0.0301835 0.0237440654662316
1.63 7A 729531502 729536613.333333 6.71313423244001e-07 1120 0.0469893380357143 0.0574304382567515
1.64 7A 730820633.25 730826780.75 6.71306014739578e-07 2483 0.0402103249697946 0.127907605924242
1.65 7A 732890790.090909 732893956.272727 6.71938419328279e-07 1094 0.0613897543875686 0.0351574482264817
1.66 7A 736044123.2 736049836.2 6.71331533262713e-07 2192 0.0257523605839416 0.248589101384625
