poscM Chromosome Start End recRate nb_complete_site piSyn f0
0.03 1A 1202498.625 1207674 1.28208489835028e-06 2838 0.00827896817829457 0.0602049956887261
0.07 1A 3187498 3192426.5 1.22937490207059e-06 597 0.00728509591289782 0.0377934062786034
0.08 1A 3403685.33333333 3408569 1.22348203918487e-06 1590 0.00812744840880503 0.0868570474016586
0.09 1A 4045713 4048684 1.19607758843423e-06 170 0.00632644 0.0720294510024595
0.12 1A 5491027 5495112 1.15658401937862e-06 307 0.00490326 0.112973409527539
0.14 1A 6678979.5 6684971.5 1.12284653739583e-06 228 0.0281931175438596 0.0786995108984232
0.15 1A 7450477.5 7458712.5 1.10030359054488e-06 1691 0.0136079797811946 0.113550477068782
0.16 1A 8264166 8266341 1.07616639320979e-06 109 0.0160171 0.219430483670577
0.17 1A 8950705.66666667 8955935 1.05522935705312e-06 782 0.0107037328644501 0.0114929625562304
0.18 1A 9592430.5 9595286.25 1.03543670960753e-06 742 0.022206574393531 0.0688905131188475
0.19 1A 10062443.6666667 10066600.6666667 1.02160377026859e-06 721 0.00606214565880721 0.0843614125063797
0.2 1A 11564200 11572148 9.80895544252246e-07 470 0.000338868 1.7895139110214
0.21 1A 12036055 12040665.1111111 9.68480843754429e-07 2478 0.00635621961097659 0.184822342302673
0.22 1A 13764553 13769248.6666667 9.23129490935055e-07 987 0.0128090256534954 0
0.23 1A 15034309 15038709.75 8.85966648331271e-07 1164 0.0119438154587629 0.149887986494163
0.24 1A 16931434 16934477 8.31349589658753e-07 114 0.0295131052631579 0
0.25 1A 18375225 18378213.5 7.92252993844505e-07 123 0.00233632512195122 0.513359013994565
0.26 1A 19895297 19897721 7.53136045557493e-07 63 0 Inf
0.27 1A 20580507.3333333 20584832.6666667 7.36251850723982e-07 1489 0.00622009356615178 0.15800205204232
0.28 1A 21760904.8 21768164.8 7.08024633342341e-07 1880 0.00971797445744681 0.117098459377204
0.29 1A 22832335 22835273.5 6.8352601306342e-07 237 0.00521679898734177 0.329292665816314
0.3 1A 24409602.3333333 24412719.6666667 6.43139171862687e-07 799 0.00186869098873592 0.329700436834067
0.31 1A 25620304.5 25627185 6.06857316574939e-07 778 0.00938280491002571 0.0502607889538439
0.32 1A 27865601.8 27871574 5.32740176997297e-07 2265 0.00441742957174393 0.133266324274095
0.33 1A 30210080.75 30216107.25 4.69875701118892e-07 2129 0.00265428284311884 0.337041945325428
0.34 1A 33273166.2222222 33277826.4444444 4.24882087473e-07 2209 0.00560714169760072 0.271409960046256
0.35 1A 36738789.4166667 36742632.75 3.19302591452499e-07 3427 0.00414726138284214 0.137747378496371
0.36 1A 41325124.6 41331577.7 2.26322743512962e-07 1410 0.00383285989361702 0.131929956677628
0.37 1A 46347853.8333333 46354707 2.25448522679896e-07 1110 0.000539260720720721 1.32341782727571
0.38 1A 48837431.6470588 48845378.2941176 2.25056168128025e-07 4046 0.00300033821691176 0.0874770898662158
0.39 1A 53539997.6153846 53544923.4615385 1.77681627464841e-07 2608 0.00268269896472393 0.174509360558495
0.4 1A 58673318.9444444 58678717.7777778 1.49756437186151e-07 5190 0.00181605201541426 0.501178168786717
0.41 1A 65243977.9 65248139.75 1.28062421741068e-07 4565 0.00335632557502738 0.0674845593495664
0.42 1A 80483283.8205128 80490382.5897436 4.79650218819537e-08 13516 0.00532404196096718 0.138084528744437
0.43 1A 152549469.098131 152557936.5 5.55825455195885e-09 56746 0.00173810702286268 0.2643579800861
0.44 1A 280822306.635659 280828248.914729 1.1252150863124e-08 37702 0.00142962188135701 0.26949585419262
0.45 1A 329275479.836957 329282277.25 3.05756207841714e-08 24159 0.00207820722615784 0.288205638712041
0.46 1A 354384354.403226 354389628.83871 2.42349883203937e-08 13649 0.00259810139045351 0.249042925864468
0.47 1A 368368505.114286 368373129.342857 1.50841490994569e-08 8804 0.00298753838107678 0.145356979382105
0.48 1A 379052023.709677 379058134.612903 1.41652090769343e-08 8458 0.00180860213194609 0.332784862605127
0.49 1A 394283356.09375 394289136.8125 2.19806187577542e-08 19338 0.0024905182510384 0.191290913306551
0.5 1A 426501455.014706 426507106.985294 7.31430497430075e-08 18528 0.0031611928263709 0.237214518692381
0.51 1A 447433955.571429 447439318.375 1.30956828181221e-07 12813 0.00250849269882151 0.279923865814092
0.52 1A 459704105.68 459708696.16 1.85228782704786e-07 8209 0.00277796154342794 0.281423185437984
0.53 1A 464512511.928571 464516105.214286 2.09096115933719e-07 4818 0.0036641296886675 0.115903731283373
0.54 1A 470415863.875 470419624.625 2.39324458624585e-07 2915 0.000909616610977702 0.408409162725452
0.55 1A 474117840.272727 474122105.454545 2.58767855566732e-07 3468 0.00241077421683968 0.187935621815867
0.56 1A 478656309.416667 478660490.25 2.84157165970703e-07 1473 0.000771695573659199 1.36264070659228
0.57 1A 481906776.272727 481910950.454545 3.03919254355204e-07 3417 0.00503380739362014 0.0700612591438126
0.58 1A 485806092.6875 485810974.4375 3.28983254591217e-07 5925 0.00109582779769339 0.186106121504763
0.59 1A 487820261.166667 487823987.5 3.42490676680493e-07 1061 0.00193603370405278 0.128229759029674
0.6 1A 490694347.8 490703301.8 3.62927552230957e-07 1024 0.00146440803222656 0.511678542949267
0.61 1A 493477286.833333 493481294.833333 3.79228242022364e-07 1724 0.00502982668793503 0.192347377160797
0.62 1A 494977237.333333 494980940.666667 3.84571905255547e-07 1586 0.00524085472651324 0.140942487764735
0.63 1A 496453677.307692 496458885.307692 3.88201740964094e-07 1741 0.00460864946927054 0.278259677566451
0.64 1A 498519246.384615 498523028.923077 3.90276908937991e-07 1544 0.00416767251187392 0.0979445850819823
0.65 1A 500098876.545455 500102236.272727 3.8948473787675e-07 1158 0.0081782558238342 0.0736563333017812
0.66 1A 502795622.75 502800824.25 3.89433184669804e-07 1638 0.00375769866300366 0.0134449684713292
0.67 1A 506085265.9375 506089491.875 3.96188887612033e-07 4169 0.00303143928687935 0.330943036581143
0.68 1A 510804394.714286 510807519.428571 3.76614167538546e-07 845 0.00446070235502959 0.0916301640921042
0.69 1A 513518034.5 513522588.75 3.31359870519594e-07 1927 0.0138531084172289 0.0841146383819994
0.7 1A 516762820 516768505.928571 3.32463440693181e-07 4263 0.002545986272578 0.25789885009936
0.71 1A 518755842.833333 518766001.166667 3.44917023453299e-07 3122 0.00156180960057655 0.519604636589474
0.72 1A 520451444.555556 520456124.666667 3.45111758058318e-07 2098 0.00543404398474738 0.158870385561026
0.73 1A 521338736.125 521342158.125 3.47159662970313e-07 1428 0.00151767240196078 0.336704383844753
0.74 1A 522664744.25 522668271 3.52905258970584e-07 943 0.00208416928950159 0.517818777521385
0.75 1A 529741446.333333 529746093.75 4.3577741958642e-07 7028 0.0035079184580436 0.207127824050504
0.76 1A 532419873.571429 532424593.428571 4.64967991409919e-07 2838 0.00584866166140836 0.0383788408516588
0.77 1A 534691723.375 534695796.875 4.64639619451902e-07 1909 0.00298195066526977 0.121393213447411
0.78 1A 536493099.666667 536496968.111111 4.43008139560515e-07 1148 0.00551547831010453 0.307664289925702
0.79 1A 537724578.8 537728760.7 4.35456892832148e-07 2315 0.00354186797408207 0.37621554081877
0.8 1A 539067279.5 539071754 4.5914706177824e-07 99 0.0219935555555556 0.363725370425313
0.81 1A 540044718 540048702.285714 4.97901187302525e-07 1614 0.00675847148451053 0.181805171256756
0.82 1A 541861181.25 541864963.5 6.1904421849427e-07 1698 0.00597717933215548 0.103690508316635
0.83 1A 542670392.5 542677916.5 6.91754221250997e-07 1139 0.00305382029850746 0.0817467205515133
0.84 1A 544459877.75 544463998.333333 8.42101141395035e-07 2133 0.00397318083450539 0.238361918222368
0.85 1A 546288079.833333 546294394.166667 1.00716468555326e-06 1772 0.00999401157562077 0.0372871908339779
0.86 1A 549595706 549599882.571429 1.26841527456024e-06 5305 0.00453801040452403 0.23227981444297
0.87 1A 551653293.6 551656412.4 1.41241282301362e-06 1493 0.00698130588077696 0.0588085921563327
0.88 1A 552689500.333333 552691599.333333 1.52069224956108e-06 505 0.00393606259009901 0.261262477871488
0.89 1A 553704158 553707207 1.60887420646116e-06 209 0.00889203 0
0.9 1A 554320456 554324674.5 1.65215811741132e-06 920 0.0120875556521739 0.0353310724382079
0.91 1A 554887656 554890251 1.68619660190251e-06 59 0.00248242 0.595076578500012
0.92 1A 555636929.5 555640137.5 1.72168811259233e-06 321 0.00621232554517134 0
0.93 1A 556192280.5 556198588 1.74117651153816e-06 518 0.0197941181467181 0.166165302878672
0.94 1A 556794147 556798215 1.75594225505569e-06 909 0.0116796662266227 0.122518848069769
0.95 1A 557016652.666667 557021536.333333 1.75958576642677e-06 1168 0.018610992380137 0.103032666275152
0.96 1A 557487151 557491334 1.76450617803736e-06 479 0.00156797 0.530321370944597
0.98 1A 557944696 557948983.666667 1.76525695115885e-06 451 0.010179220886918 0.113039662979186
0.99 1A 558184883 558189224 1.76409132394855e-06 338 0.00554187 0.118670051805618
1 1A 558549030.666667 558554506 1.76025625955242e-06 1077 0.00144844363974002 0.290278293135436
1.02 1A 558954431 558955874 1.75315029310633e-06 87 0.00330477 0
1.06 1A 560207506.666667 560209778 1.71169139188369e-06 124 0.00449377524193548 0.926913067005429
1.07 1A 560429261 560435391.5 1.70121871292714e-06 529 0.00370488724007561 0.256319042846052
1.08 1A 560960167 560962803 1.67273967333727e-06 163 0.00256937190184049 0
1.09 1A 561335324 561346990 1.64908765145755e-06 1577 0.00198582 0.319126104077912
1.1 1A 562013685.666667 562018644.333333 1.60039940003043e-06 1247 0.00291908342421812 0.214546047142046
1.11 1A 562661504.25 562664108.25 1.54544513456946e-06 625 0.009960389128 0.0954541592082265
1.12 1A 562908419 562912709 1.52283757750218e-06 139 0.00598995 0.263549779213516
1.13 1A 563684156.25 563686745 1.44355883176437e-06 665 0.00714070931328321 0.299495890240703
1.14 1A 564237246.6 564241252.8 1.37997805503794e-06 1045 0.0111180858660287 0.0648245204591528
1.16 1A 566020293.8 566026983.6 1.22643863520647e-06 1603 0.00778300027448534 0.0908189870960699
1.17 1A 566487366.8 566490999.4 1.2136670932361e-06 1206 0.0040825557960199 0.350019751248034
1.18 1A 568108075.142857 568112862 1.15753729174161e-06 2198 0.00419665289808917 0.131266515508248
1.19 1A 570922403 570929203 1.05450401963796e-06 1179 0.00899996185750636 0.108635459931829
1.2 1A 572157178.8 572160685.4 1.00599114407938e-06 1014 0.00507499946745562 0.113421090204601
1.21 1A 573586039.9 573590723.4 9.46522495145294e-07 1547 0.00398724944408533 0.16184633642357
1.22 1A 575176215.777778 575180803.333333 8.906137234997e-07 2222 0.00369251593159316 0.24618977125795
1.23 1A 576544856.166667 576550035.833333 8.41963925625931e-07 2941 0.00688367429989799 0.152122089467623
1.24 1A 577599689.8 577605574 8.03441428340146e-07 1918 0.00491103564129301 0.0640075033667127
1.25 1A 578516213 578522072 7.69298887934663e-07 720 0.00486307 0.342368092583491
1.26 1A 578922141 578922999 7.54053147887011e-07 111 0 NA
1.27 1A 579580153 579584504 7.28816037104827e-07 516 0.0123624247093023 0
1.28 1A 580365073.333333 580370594.333333 6.98389221397727e-07 1348 0.00598700372403561 0.176603398541912
1.29 1A 581856231.125 581861106.625 6.39239905925046e-07 2323 0.00570229098148945 0.0579351188492074
1.3 1A 583295122.142857 583299829.857143 5.80936697858509e-07 2620 0.00528737470992366 0.249277318230197
1.31 1A 584517287.75 584521134.5 5.32827910182846e-07 707 0.011746274738331 0.120150271146063
1.32 1A 586599222.857143 586603501.857143 4.50987222459994e-07 1227 0.0061216493398533 0.321248333639261
1.33 1A 591470697.6 591476693.15 2.99681703031061e-07 10439 0.00260181521141872 0.282208951809039
0 2A 1340845.2 1347809.7 6.03792249151259e-07 3575 0.00619756178399378 0.186244306044622
0.01 2A 4098487.9 4103304.7 5.2553415518188e-07 2658 0.00509175412151994 0.135017764346321
0.02 2A 5492190 5495623.5 4.65407960947583e-07 425 0.00647128517647059 0.0716087889006282
0.03 2A 7843447.33333333 7847763 3.74469297029094e-07 797 0.00372941631116688 0.239519102898156
0.04 2A 9776430 9779655 2.96058615606847e-07 25 0.0174927 0
0.05 2A 15701747.6904762 15706769.7619048 1.16978264851875e-07 8559 0.0108140130588854 0.0948499270031517
0.06 2A 21348306.3333333 21352544 5.78183175732107e-07 321 0.00117371 0.501191251502179
0.07 2A 24113004.6666667 24118606.3333333 8.27349097077957e-07 223 0.0136450930493274 0.0823975188439347
0.08 2A 25345655 25348025.5 9.07424400052672e-07 78 0 Inf
0.09 2A 26371659 26374700 9.59545088172232e-07 31 0 NA
0.1 2A 27276344.4 27285687 9.94339817004074e-07 1578 0.00495783595532319 0.10204378570991
0.11 2A 27811461.8 27814630.2 1.01013751407337e-06 508 0.0230660255905512 0.123378399102679
0.12 2A 28760867 28766747.6666667 1.02957149325036e-06 789 0.00201924673003802 0.453812667672312
0.13 2A 29320007 29329639.3333333 1.04954338348074e-06 1794 0.00204972492753623 0.0989671257299957
0.14 2A 30071592.25 30075637.625 1.1218206109891e-06 1281 0.0135927010505186 0.0567623960457726
0.15 2A 30715655 30721809.3333333 1.1522416587173e-06 3181 0.0120221576516819 0.0798090084917756
0.16 2A 31591312 31594783.3333333 1.14116366172515e-06 1325 0.00154513621132075 0.548274542302305
0.17 2A 32206449 32213575.6666667 1.10060494069192e-06 1081 0.00370481783533765 0.158049055148352
0.18 2A 33374801.5 33378012.5 1.06958659798915e-06 566 0.00875013542402827 0.148520808860172
0.19 2A 34419601.5 34425665 1.106107273661e-06 543 0.00226403020257827 0.181688911964876
0.21 2A 36052425 36056490.1666667 1.00225839885412e-06 1029 0.0104129954324587 0.0120607798491462
0.22 2A 36962118.375 36966002.75 9.11222810226718e-07 1623 0.00462258373998768 0.165965071951043
0.23 2A 38419405.5 38422846.5 8.58650758333189e-07 461 0.0028393951626898 0.285967754872362
0.24 2A 38952193.3333333 38958283.5 8.4604579753143e-07 2939 0.00317409250085063 0.188863790423117
0.26 2A 40538576.5 40543787.5 8.28123092672388e-07 772 0.0103541360103627 0.0457431406162565
0.27 2A 41231826 41242893 8.29957531551943e-07 252 0.00297235 0.115871953168368
0.28 2A 42230033.4 42234187.2 8.43505762548288e-07 1313 0.00711715843869002 0.315642441989118
0.29 2A 43954608.4 43959082.8 8.71598344798756e-07 1368 0.00766363855994152 0.255583850431085
0.3 2A 48620063 48627885 9.40296584611806e-07 2020 0.00198383418316832 0.258116133024282
0.31 2A 50012441.6666667 50019158.1666667 9.56268502736082e-07 1185 0.00557066826160338 0.0496892829358204
0.32 2A 51440103.375 51446051.625 9.60069260888056e-07 1744 0.00284717846616972 0.136004965619386
0.33 2A 52210981.3333333 52217655 9.57567686957384e-07 197 0.00153140406091371 0.850992346030616
0.34 2A 53017718 53020105 9.51449464789131e-07 148 0.0313432851351351 0.0697090068130029
0.35 2A 53701700.8 53708731.2 9.43578263429286e-07 997 0.00463514348044132 0.382075913617997
0.36 2A 54705404 54707580 9.27272103490306e-07 272 0.00249252 0
0.37 2A 55362377.5 55366716.5 9.13423075064561e-07 570 0.0124909236842105 0.0983306257533101
0.38 2A 55881259 55886122 9.00988183020208e-07 919 0.00269382386289445 0.0181465608836185
0.39 2A 56918400 56923605 8.71521894277281e-07 505 0 Inf
0.4 2A 57589226 57595443.5 8.572014615054e-07 2495 0.0036744213747495 0.100888623056011
0.41 2A 58206853.6 58214006 8.69025275832683e-07 1394 0.00348537620516499 0.0955966925739361
0.42 2A 58933193 58936219.3333333 8.76032415855751e-07 511 0.00376500536203523 0.0870094685025359
0.43 2A 59608503.6666667 59612187.3333333 8.72959756503256e-07 223 0.00366141165919282 0.225933588309442
0.44 2A 61226087.6666667 61228340.6666667 8.04745220001102e-07 383 0.015641391227154 0.031313699025831
0.45 2A 62452933 62456843 7.56960392263731e-07 657 0.000931533455098935 0.340846617648895
0.46 2A 63495000.3333333 63499445 7.35213245251918e-07 1494 0.00276206070950469 0.0391734080836711
0.47 2A 65459811.5714286 65464761.4285714 6.91743863903628e-07 1601 0.0046683834353529 0.142053286951681
0.48 2A 66699678 66704472.5714286 6.62526709516501e-07 2720 0.00647582967647059 0.0649394031313971
0.49 2A 68936622.8571429 68941366.2857143 6.06575985694447e-07 1579 0.00295207304623179 0.084736923656534
0.5 2A 70873951 70877476.6 5.54648397550043e-07 1790 0.00415994619553073 0.15038982502203
0.51 2A 73344263.25 73349000.5 4.83837166164736e-07 1154 0.00172701064471404 0.242677922437101
0.52 2A 74840774.0769231 74845154.5384615 4.38193768821185e-07 3949 0.00530653544365662 0.21290926092421
0.53 2A 78454373.5294118 78460089.6470588 3.20383347984341e-07 4095 0.00361331003907204 0.0984868602693593
0.54 2A 81986392.1578947 81991616.2105263 2.06788398551288e-07 5770 0.00206841142093995 0.213457685452085
0.55 2A 115329078.95977 115334142.206897 2.13240371244969e-08 38961 0.00270828885748023 0.216124138748917
0.56 2A 183035229.197605 183040518.08982 4.26575658343349e-08 45087 0.00191463674096746 0.310541278544692
0.57 2A 231347815 231369634 1.68898999431179e-08 638 0.00088838 0.302335712195232
0.6 2A 264872116.763158 264882917.421053 5.02525211435572e-09 10132 0.00153191635511251 0.368653658154189
0.61 2A 405786677.538136 405794760.368644 3.33484136313876e-09 71350 0.00134763236456999 0.333238514902309
0.62 2A 506855285.204545 506859668.647727 3.19164990538111e-08 22576 0.00172971419448868 0.289838297078758
0.63 2A 533014229.523077 533019421.938462 4.5582329004614e-08 14714 0.00164581120592852 0.266553808109162
0.64 2A 552516875.809524 552522264.642857 5.30850722099722e-08 10483 0.0016644034335591 0.329173740221857
0.65 2A 569500033.066667 569504994.266667 5.19233663126249e-08 9801 0.00175713208031691 0.328718382393702
0.66 2A 583759066.511628 583765359.139535 4.74110220384724e-08 8816 0.00201198913167854 0.212988238984184
0.67 2A 598568726 598572785.348837 5.19977083931102e-08 10376 0.00187785939514264 0.217762331641762
0.68 2A 609497230.48 609503031.92 6.162699328046e-08 6728 0.00315997778902844 0.251177117971495
0.69 2A 619993226.318182 619997881.954545 7.66784558399713e-08 9312 0.00225420057710481 0.241417594355649
0.7 2A 633502095.769231 633505805.461538 1.03132021508197e-07 4993 0.00151094248948528 0.571316855329428
0.71 2A 639606630.266667 639611694.866667 1.17920146232864e-07 4064 0.00234293615649606 0.174013086648143
0.72 2A 645979714.916667 645984167.791667 1.35651041292564e-07 4990 0.00237301129659319 0.27775750285312
0.73 2A 654610321.3 654616157.4 1.62130321747532e-07 4392 0.00146686364202857 0.289283198308142
0.74 2A 661373920.346154 661378646.692308 1.8815018274719e-07 5884 0.00218239573164514 0.210026685427381
0.75 2A 667106761.272727 667114140.363636 2.12604973944109e-07 4525 0.0019701592201105 0.312116916466677
0.76 2A 671224723.052632 671229163.052632 2.30607101322961e-07 4311 0.00202865141730457 0.548373152530163
0.77 2A 675385732.125 675390882.25 2.49176883181776e-07 2642 0.00382883929598789 0.0751710179743864
0.78 2A 678771519.5 678775600.272727 2.64559842966182e-07 5384 0.00444787538172363 0.108480531613144
0.79 2A 681726704.25 681731920.375 2.78210728995288e-07 2446 0.000956624103025348 0.588728626526617
0.8 2A 685380290.529412 685384720.764706 2.95322312166232e-07 3978 0.0035842615892094 0.224699940002647
0.81 2A 688863269.384615 688867958.384615 3.11911735748865e-07 2583 0.0038968102303523 0.166298312228541
0.82 2A 691837953.666667 691845725.5 3.26071120723462e-07 2601 0.00345514616378316 0.541999081587251
0.83 2A 695520950.066667 695525274.733333 3.39059404074828e-07 3630 0.00438201885123967 0.124468346002937
0.84 2A 698799011.857143 698801883.285714 3.47702989235838e-07 1580 0.00335977352848101 0.116815453490364
0.85 2A 703396604.333333 703398109.333333 3.63425573270176e-07 196 0 NA
0.86 2A 704997505.75 705001701.1875 3.70284553836948e-07 3794 0.003427526128097 0.247492330597259
0.87 2A 707447678 707451153.714286 3.81948510412673e-07 1333 0.00302502697674419 0.327291198157022
0.88 2A 709868481.727273 709872266.545455 3.9498873165227e-07 3426 0.00426852065732633 0.15588203486589
0.89 2A 712853017.111111 712856725.444444 4.13135554960706e-07 2295 0.0074292468627451 0.177873085426772
0.9 2A 715304120.7 715309196.4 4.2978288138689e-07 1853 0.0106146708148948 0.077071291551576
0.91 2A 717481131.8 717485465.4 4.45840633283394e-07 2624 0.00247236872798103 0.286942024784655
0.92 2A 719148334.75 719151349.25 4.61326321642891e-07 318 0.00393403333333333 0.305017191535948
0.93 2A 722132281 722142129 5.1204088553919e-07 610 0.00102712 0.130411246981852
0.94 2A 722862821.454545 722867793.818182 5.17462406680521e-07 1788 0.00435973748322148 0.0426621055172977
0.95 2A 724644041.375 724649583.125 5.22742238701415e-07 2418 0.00284741041770058 0.279080283240076
0.96 2A 727191801.5 727197280.25 5.41779487296503e-07 1070 0.00463221720747664 0.145503341096777
0.97 2A 729036943.294118 729041927.058824 5.622989141214e-07 5478 0.00305622042351223 0.193718210486831
0.98 2A 730433323.25 730437517 5.7240455600327e-07 1127 0.00319268228926353 0
0.99 2A 732581817 732588435 5.72369990708213e-07 531 0.0089162 0.368632377021601
1 2A 734218280.333333 734222270 5.58568522124525e-07 1795 0.00333861289916435 0.144742249080097
1.01 2A 735331034.625 735335938.125 5.5006693461758e-07 1793 0.00492113673731177 0.116210819355569
1.02 2A 737271371.333333 737274229 5.42435249525245e-07 597 0.00114943417085427 0.536120229281846
1.03 2A 738909094.8 738914195.4 5.25958209918366e-07 2103 0.00660414816642891 0.160476435303955
1.04 2A 740441283.888889 740447709 5.15420777050795e-07 2735 0.0121539200541133 0.0562770788920569
1.05 2A 743318104.6 743323259 4.84723572038457e-07 3006 0.00428518005622089 0.133960454356789
1.06 2A 745885763.882353 745890672.411765 4.4553851166583e-07 5085 0.00677417724995084 0.118991199340418
1.07 2A 747977031.166667 747982094.166667 4.21529650552798e-07 1353 0.00478507569844789 0.166964025999649
1.08 2A 751186159.571429 751189150.857143 3.69011421936125e-07 1104 0.00429268820652174 0.118235186939821
1.09 2A 753573932 753577299.933333 3.18885255909198e-07 2053 0.0186048015781783 0.0468848745027132
1.1 2A 757296400.238095 757300356.619048 2.36963637928972e-07 4028 0.00616761731777557 0.165943550914951
1.11 2A 771047811.891566 771052814.722892 4.30656742514107e-08 19885 0.0110173858337698 0.095243197599341
0.01 3A 430147 432865 NA 21 0 NA
0.02 3A 1283815.6 1286974 3.98865303206293e-08 877 0.0162180886202965 0.0325637109820811
0.03 3A 1924585 1928794 7.4069899133783e-08 338 0.00249849 0.0490160056674231
0.07 3A 8669252.27777778 8672897.55555556 4.03715517783108e-07 3383 0.00828986648536802 0.231551673975501
0.08 3A 12171978.6 12177185.8 5.69900506892379e-07 2091 0.0114635120181731 0.0345521800642292
0.09 3A 13064017.9230769 13070033.3846154 6.30591582533537e-07 3655 0.00749672372093023 0.16687463333732
0.1 3A 14736149.5 14739682.375 6.82370538180228e-07 1447 0.00550360471319972 0.251590174859098
0.11 3A 15751977.5 15755386.25 7.40652561066118e-07 253 0.00778250592885375 0.159376761704319
0.12 3A 17604492 17607584 9.11249083668113e-07 30 0 NA
0.14 3A 19900718 19904888.8 1.14188172908098e-06 729 0.0106806216735254 0.0845499472064146
0.15 3A 20587889.2 20591426.6 1.2049994763589e-06 446 0.0294321275784753 0.0795682799543457
0.16 3A 21326548 21328513 1.25814732299053e-06 434 0.0153830513824885 0.254416704014261
0.17 3A 21786689 21788782 1.28334387652264e-06 158 0.0158409 0.0688590926020617
0.18 3A 22544771.5 22547467.5 1.27429299026521e-06 182 0.0098190989010989 0.129030366923399
0.19 3A 23423579.75 23427671.25 1.22005170237728e-06 1058 0.00651119283553875 0.103329038600888
0.2 3A 23916451 23918446 1.18014519547267e-06 148 0.0157388716216216 0
0.21 3A 24798575 24799737 1.1135257868518e-06 56 0 NA
0.22 3A 25241502.8333333 25246007.3333333 1.10586061026642e-06 1723 0.00981920000580383 0.10069241491465
0.23 3A 25906101 25909271 1.0929662599047e-06 64 0 Inf
0.24 3A 27007424 27010880 1.10378797369014e-06 236 0 NA
0.25 3A 27585200.3333333 27587831 1.11418528679896e-06 441 0.00238692732426304 0.31849517251921
0.28 3A 30551550.3333333 30556090.6666667 1.12889922857122e-06 484 0 NA
0.29 3A 32003369.9166667 32007747.0833333 1.11254505180247e-06 2109 0.00102996416311048 0.432794193348494
0.3 3A 32499369.6666667 32502591.6666667 1.10354507338442e-06 309 0.0117595446925566 0.128408543248451
0.31 3A 34525419 34529494.5 1.04756655795829e-06 495 0.011556188 0.073758647747856
0.32 3A 36140947.25 36144310.5 9.81067217997611e-07 672 0.00302423071428571 0.0201794854323047
0.34 3A 38464755 38469691.5 8.95323266658111e-07 580 0.00301481379310345 0
0.37 3A 40250684 40257279 8.5082176201962e-07 641 0.00771616056162246 0.0667748025937386
0.38 3A 40824494.5 40828473.5 8.372948784036e-07 258 0 Inf
0.39 3A 42200894.5 42208173 8.06234950451026e-07 1552 0.0100828051481959 0.119650882189636
0.41 3A 44768345.5 44772387 7.53941866003859e-07 42 0.01406925 0.473139123908355
0.42 3A 45775723 45784143.6666667 7.35312932344385e-07 2778 0.00298104959323254 0.178487378281057
0.43 3A 47133736.2 47137612.5 7.11447500533212e-07 1764 0.00508134427437642 0.158135636836062
0.44 3A 50606973.25 50610487.75 6.59029744467646e-07 979 0.0135302927477017 0.0447753845066274
0.45 3A 52675112.8333333 52679129 6.30100837413745e-07 2360 0.00415415793644068 0.285647828056789
0.46 3A 54650209.3333333 54653133.6666667 5.94925420678108e-07 2265 0.00743021038852097 0.138915536832615
0.47 3A 56269617.9285714 56274004.5 5.63950926183083e-07 3856 0.00247483539419087 0.205916004129065
0.48 3A 58030139 58034925.3 5.27071604080562e-07 1873 0.00321377899412707 0.324066391853199
0.49 3A 60131323.2857143 60137080.8571429 4.83199729209624e-07 2251 0.00738921465126611 0.082947763208218
0.5 3A 61300124 61304650.3333333 4.59933704460874e-07 888 0.00891150938063063 0.0473778288483761
0.51 3A 63065911.9090909 63070020.7272727 4.26545941268853e-07 1827 0.00195756474767378 0.195521036876109
0.52 3A 64251914 64256259.4285714 4.05185770261971e-07 1313 0.000453350940594059 0.646699541437046
0.53 3A 66392268.6666667 66396496.1666667 3.6894050042042e-07 948 0.00302372339240506 0.166717718654092
0.54 3A 67982767 67988437.75 3.43415077581395e-07 2680 0.00236638936567164 0.195232715752563
0.55 3A 71362728.8333333 71367137.75 2.86629566073497e-07 2868 0.00313860537273361 0.192596783070778
0.56 3A 76227503.7 76232996.2 2.3176724198585e-07 3929 0.00266726291253075 0.18473836169183
0.57 3A 83684533.56 83690966.64 2.04628391451174e-07 6809 0.00238534891643413 0.290967610096701
0.58 3A 97454028.1875 97460547.625 1.40630137878373e-07 9560 0.00217582468708508 0.198453136326956
0.59 3A 110492857.2 110496711.342857 7.48708489945493e-08 6975 0.00178685864788109 0.263117411412382
0.6 3A 119685838.294118 119690594.117647 3.11083678752276e-08 4195 0.00239328285659118 0.365143372420885
0.61 3A 133257343.68 133262972.72 1.04602753102144e-09 3901 0.00240278702139312 0.347306524617893
0.62 3A 145548635.32 145553987.84 0 6355 0.00180773790464201 0.329524662097086
0.63 3A 165698427.44 165703110.06 3.79391266832754e-09 11691 0.00135195787229493 0.391825068031608
0.64 3A 297216684.579832 297225462.42437 9.87811267412732e-09 70647 0.00168263170978076 0.265385073827786
0.65 3A 432455306.12381 432460897.047619 2.45212321546668e-08 24032 0.00155271758081428 0.361879611168547
0.66 3A 467659790.873016 467665385.015873 3.85308365593236e-08 18985 0.00224885471036755 0.245315627290089
0.67 3A 492237600.723684 492243634.486842 3.91176830768906e-08 21257 0.00237942326654812 0.217027702927101
0.68 3A 508058958.716981 508063845 3.84294975920542e-08 12060 0.00251925065223881 0.237116556851914
0.69 3A 515555709.086957 515561462.478261 3.52076360780787e-08 5925 0.00184948011814346 0.246492613451679
0.7 3A 520321228.285714 520325597.142857 3.14499973405668e-08 972 0.00549636527777778 0.160860074934856
0.71 3A 536317938.505882 536323124.376471 3.89053534675299e-08 25616 0.00213905000577764 0.254841526813096
0.72 3A 556199908.714286 556205033.428571 7.83453907614837e-08 1147 0.00371805733217088 0.150725441651927
0.73 3A 560744965.785714 560752789.928571 8.73175957716601e-08 5024 0.00293199849124204 0.196658656027644
0.74 3A 566610579.571429 566617537.928571 1.09202895589764e-07 4137 0.00354308248972686 0.272055947281984
0.75 3A 570708800.384615 570712571.769231 1.33491268355365e-07 2562 0.00631564926229508 0.224626834147524
0.76 3A 575185813.235294 575190551.235294 1.59394261312568e-07 2428 0.00545310908088962 0.131084897146737
0.77 3A 577796799.714286 577800086.142857 1.68678432883544e-07 1508 0.00477522279177719 0.148805773844788
0.78 3A 579405528.4 579410018.4 1.7430156012046e-07 988 0.0025574491763664 0.720257505245865
0.79 3A 581260575.8 581264125.2 1.80672363122549e-07 779 0.00991420318356868 0.022551041734412
0.8 3A 583792867.833333 583796531.333333 1.89193755535156e-07 718 0.00948847235097493 0.00798819321110625
0.81 3A 585056783.857143 585060394.428571 1.93376404243954e-07 1695 0.00124796583539823 0.490316900083847
0.82 3A 587505473.272727 587512143.090909 2.01325437266562e-07 3424 0.00304482273656542 0.119692114709366
0.83 3A 595875371.529412 595879362.411765 2.26732027436725e-07 8396 0.00332805731515007 0.180687887795413
0.84 3A 601404951.666667 601409877.111111 2.42104009386216e-07 5140 0.00183412764552529 0.234716400867193
0.85 3A 604921139.833333 604924576 2.51397730446667e-07 1804 0.00275241597560976 0.150627870283733
0.86 3A 609690441.615385 609695247.076923 2.63738476947818e-07 3838 0.000925673664408546 0.548859053048198
0.87 3A 614469271.681818 614473534.636364 2.75763133170392e-07 3708 0.000944231203856526 0.729493954918654
0.88 3A 621014271.6 621020717.466667 2.91753303338526e-07 2839 0.00434703338851708 0.286530305750073
0.89 3A 624217828.692308 624220848.307692 2.99341428530649e-07 3247 0.00353489544410225 0.296313759622935
0.9 3A 628644230.666667 628651305.333333 3.0959953628309e-07 2147 0.00356592425244527 0.0451699066955033
0.91 3A 632182958.647059 632189311.470588 3.17602694105305e-07 5470 0.0024188821559415 0.119657161717455
0.92 3A 635654607.909091 635659451.363636 3.25280280840305e-07 2122 0.00486074151178134 0.0578207401743817
0.93 3A 638952192.066667 638957745.533333 3.32418154182397e-07 4325 0.00465192571791907 0.089018425238171
0.94 3A 642518476.368421 642523922.631579 3.39825573952105e-07 5133 0.00322723571893515 0.245498850122166
0.95 3A 645617972.076923 645622031.230769 3.48416438099942e-07 3728 0.00246588393079399 0.179920890511041
0.96 3A 647856685.705882 647860828 3.59638371953011e-07 3650 0.00457428428130137 0.182586241399078
0.97 3A 649813099.25 649817929.5 3.72257098592369e-07 2533 0.00651983492301619 0.121597429376955
0.98 3A 652733484.25 652739511.5 3.53908002230825e-07 2200 0.00165729708099174 0.481008124795581
0.99 3A 654360119 654366058.5 3.40569446262843e-07 718 0.00291328183844011 0
1 3A 656318868.25 656322402.25 3.29913601753358e-07 873 0.000857320504009164 0.348371617367733
1.01 3A 658536528.3 658541997.6 3.23791529523669e-07 3624 0.00408384478476821 0.223818301835067
1.02 3A 660024193.181818 660029131.545455 3.23531273593832e-07 2952 0.00305844803794038 0.159585303819083
1.03 3A 661955110.833333 661959621.666667 3.27816030596942e-07 1692 0.00195726335106383 0.302121767094723
1.04 3A 663718251.833333 663723457.5 3.36268420456653e-07 2116 0.00188935304820416 0.325271767582399
1.05 3A 669347749.73913 669351948.826087 3.95208573176072e-07 5445 0.00479389197263545 0.111276060616104
1.06 3A 674825468 674830720 4.86223134094563e-07 1967 0.00210738118149466 0.230171176412386
1.08 3A 678500286 678503878 5.73117883370475e-07 375 0.00299827 0
1.09 3A 679507507.5 679509237 6.00145864588225e-07 163 0 Inf
1.1 3A 681793321 681797353 7.02866190328072e-07 1049 0.00734301851572927 0.150645978148377
1.11 3A 683345276.25 683349596.083333 7.86598088549362e-07 2880 0.00501249894097222 0.0345738909289531
1.12 3A 684720765 684724844.428571 8.48412259547387e-07 1443 0.00291576957449757 0.104620569467338
1.13 3A 686762258 686767701 9.1834279118879e-07 244 0.00938233 0.169123234846781
1.14 3A 687632816.5 687636999.5 9.39981857828418e-07 962 0.00505977118503118 0.157970317607897
1.15 3A 688902167.5 688906492 9.62753975125019e-07 1010 0.0166189874455446 0.0675267915489617
1.16 3A 689492814 689498441 9.70225661015953e-07 727 0.00337549 0.222577462827619
1.17 3A 691272836 691275710.75 9.78029518775368e-07 546 0.0066620877032967 0.160319963787347
1.18 3A 692898687.142857 692907654 9.68534999939465e-07 1793 0.0034227572392638 0.24859492402492
1.19 3A 693442867 693444202 9.61911764398053e-07 44 0 Inf
1.21 3A 695320715.666667 695326417.666667 9.23124438120564e-07 1396 0.00229753516475645 0.0645641517489082
1.22 3A 695728816 695732219 9.19616449717503e-07 379 0.00232988 1.06435953783027
1.24 3A 697398735.333333 697401961.666667 9.23230196331287e-07 506 0.00391211561264822 0.137580289871765
1.25 3A 697819814.4 697823128 9.07715183179085e-07 815 0.00559089450552147 0.248131896657799
1.26 3A 698863040 698867798 8.42359439404854e-07 124 0 Inf
1.27 3A 699840224 699858359 7.41012730893915e-07 308 0.00723053 0.555031235607902
1.28 3A 702344358.6 702350068 4.70559447491827e-07 1642 0.00427730163580999 0.323241822439592
1.29 3A 705324255.25 705328868.75 1.81268554224168e-07 700 0.00667983378571428 0.110398006160825
1.3 3A 708823609 708826540.5 1.59761061778119e-07 385 0.0187464553246753 0.150427583518369
1.31 3A 711277222.5 711282068 5.5402845326842e-07 895 0.00458015169608939 0.143146084589883
1.32 3A 713589607.75 713593080.25 7.86896625179392e-07 220 0.00614733224242424 0.235519311052317
1.33 3A 714735526.6 714740391.2 8.79110084218135e-07 499 0 Inf
1.35 3A 716461844 716467090 9.67249345257251e-07 339 0.0164888020058997 0.0229644472687165
1.36 3A 716756231 716759651 9.7652028002176e-07 11 0 NA
1.38 3A 717851327 717854634 9.96031780079668e-07 22 0 NA
1.39 3A 718399151 718401813 9.97066259864105e-07 203 0.0103022 0.126789423618256
1.4 3A 719732165 719736425.5 9.74605944828316e-07 627 0.00589725390749601 0.273729484612388
1.41 3A 721713370.333333 721721717.666667 1.00047518267541e-06 807 0.00597849592317224 0.182032886510864
1.42 3A 722727817 722731339 1.04869546822986e-06 269 0.0106735568773234 0.0200451440498403
1.43 3A 724336017.666667 724340924.555556 1.11869212617512e-06 1570 0.0088154999044586 0.109504485579697
1.44 3A 725977462.333333 725981636.166667 1.22632843785685e-06 1488 0.00808229908602151 0.0206708358488143
1.45 3A 727147972.5 727150024 1.28468529427744e-06 112 0.00431855285714286 0
1.46 3A 727989884 727993508 1.3153957337639e-06 507 0.038527 0.0130308095621253
1.47 3A 728740673.666667 728743416 1.33441706699817e-06 504 0.0265366698412698 0.0917839611817179
1.49 3A 729873561 729877104 1.34971102145524e-06 218 0 Inf
1.51 3A 731010610.5 731015160.5 1.34748105046253e-06 533 0.00314459662288931 0
1.53 3A 732467879 732473098 1.31948272231124e-06 435 0.0160542 0.0591980914651618
1.54 3A 732752557.25 732757710.25 1.31065679261971e-06 913 0.0121747277327492 0.0966099864481272
1.56 3A 734036164.75 734040143.25 1.25766525141607e-06 1420 0.00877242426559356 0.0720322500621036
1.57 3A 734280335 734283310 1.24516120024032e-06 108 0.0063013 0.169487248662974
1.58 3A 734783072 734791156 1.21662274415416e-06 1088 0.00840127 0.10435517487237
1.59 3A 735890842 735894915 1.14229104407113e-06 630 0.00878893888888889 0.0712220419912728
1.6 3A 737295044 737301603 1.02826395407725e-06 113 0.0029327 0.602393698639479
1.61 3A 737921970.333333 737928315 1.02127784416746e-06 888 0.0263735084346847 0.0201555418733942
1.62 3A 739153825.571429 739158467.857143 1.00671575614657e-06 761 0.0075073732194481 0.233560684420237
1.63 3A 739698312.444444 739702497.222222 9.95782302463254e-07 1162 0.00489092258175559 0.106159768342774
1.65 3A 742388436.2 742392254.6 9.09023860990436e-07 643 0.00357056597200622 0.284037498452877
1.66 3A 743743561.142857 743748308.571429 8.42060667452036e-07 2409 0.00984822838107098 0.152503679213831
1.67 3A 745357952 745361441.5 7.62719726795039e-07 417 0.00975369992805755 0.0680002160749246
1.68 3A 746500011.571429 746503540.571429 7.1486061573186e-07 1084 0.015405963302583 0.152595987442257
1.69 3A 749572158.4 749577695.2 5.94515758973658e-07 1635 0.00641313204892966 0.111703243461388
0 4A 197589.333333333 200641.333333333 NA 693 0.00201021210678211 0.160453593451429
0.01 4A 731622 737622 NA 335 0.00130559 0
0.02 4A 1757361.83333333 1762131.5 NA 1721 0.00424011188262638 0.197670529357051
0.03 4A 2332848 2337265.33333333 NA 1383 0.00341945433984093 0.19079798816882
0.04 4A 3102423.22222222 3107187 1.08697142749324e-06 2371 0.00834847998365668 0.057931255962482
0.05 4A 3868310 3876671 1.07592406483305e-06 776 0.00472136 0.045861573783825
0.06 4A 4730893.66666667 4735021.66666667 1.06350069890445e-06 1472 0.00317405653532609 0.335005638507927
0.07 4A 5449604 5454972.33333333 1.05308418512282e-06 1082 0.00238385711645102 0.238016825199875
0.08 4A 6012839.66666667 6021383.66666667 1.04488590497846e-06 1483 0.00217848405933918 0.220135231343295
0.09 4A 7094918 7097482.85714286 1.0291700393109e-06 974 0.00118065920431211 0.187746958128281
0.1 4A 7749195.66666667 7753194.66666667 1.01960285910574e-06 1055 0.00251423953933649 0.211062884794584
0.11 4A 8586922.33333333 8590301.33333333 1.00733357973733e-06 548 0 Inf
0.12 4A 9766573.8 9769747.8 9.89983137958081e-07 1398 0.00105748372389127 0
0.13 4A 10636377 10639773 9.77142184670035e-07 92 0 NA
0.14 4A 11513646.7 11517076.8 9.64146057733633e-07 1968 0.00131304848272358 0.518484885077917
0.15 4A 12565545 12568657.4285714 9.4851191019262e-07 609 0.00188625458128079 0.116828497693416
0.16 4A 13656187 13659029 9.32236068802801e-07 43 0 Inf
0.18 4A 15375503 15378182.3333333 9.06437950181741e-07 258 0 NA
0.19 4A 16173434.8888889 16177689.1111111 8.94400649323031e-07 3113 0.0048123911082557 0.208398301274082
0.2 4A 17157538.1666667 17161363.1666667 8.7952306431985e-07 815 0.00420176473619632 0.189680602388784
0.22 4A 19625981 19629035 8.41964905664125e-07 187 0.00164052 0.128807938946188
0.23 4A 20264810 20267038 8.32194442962212e-07 151 0.00384999 0.398190644651025
0.24 4A 21434331 21439774 8.14210568042207e-07 4863 0.00286199777297964 0.241208322091422
0.26 4A 23901706 23906871.5 7.75428676020535e-07 237 0.00248400379746835 0.287837112705447
0.27 4A 24885646.25 24890784 7.59152780167367e-07 1657 0.0020848351961376 0.440120586634074
0.28 4A 25885947 25893930.5 7.42586730837752e-07 639 0.00526240816901408 0.0658520982387488
0.3 4A 29007846.2857143 29013021 6.92116193687026e-07 1414 0.00275777835219236 0.238567227690676
0.31 4A 30409906.25 30413544.5 6.70012100997092e-07 964 0.00310142423236515 0.0273943155870939
0.32 4A 31670248.2 31678427.6 6.50407876706206e-07 2102 0.0027652627659372 0.215032602409585
0.33 4A 33213836.25 33217343 6.26861423416179e-07 498 0.00121730855421687 0.277217822331925
0.34 4A 34306759 34311791.2 6.10389505162446e-07 1310 0.00356663545038168 0.115737841101402
0.35 4A 36196388.8571429 36200850.7857143 5.82463099236628e-07 2655 0.0025296963126177 0.154698996040511
0.36 4A 37616274.5 37620957.6875 5.61869035833803e-07 3999 0.00279739595898975 0.155789409795866
0.37 4A 38987517.8888889 38994741 5.4230929311965e-07 2025 0.00169490433580247 0.525519108069956
0.38 4A 40488705.8888889 40492825.1111111 5.21325840149112e-07 1687 0.00271755710729105 0.0601831734210956
0.39 4A 42864244.5 42869158.375 4.88937486809348e-07 3510 0.00340537714245014 0.127307136449413
0.4 4A 45306061.7142857 45309783.7142857 4.56628542871407e-07 1622 0.00168225924845869 0.770756964994356
0.41 4A 47001266.9411765 47007283.9411765 4.34880178269875e-07 6199 0.0035343086041297 0.18519696910814
0.42 4A 48987202.25 48991748.5 4.09969185457029e-07 1537 0.00462003324007807 0.0840584312013268
0.43 4A 52989096 52994969.5 3.62094923202442e-07 777 0.00243621728442728 0.329178629423932
0.44 4A 57826344.4 57830766.9 3.07910325829141e-07 4351 0.00127895942856452 0.342923032099305
0.45 4A 69376384.0114942 69381130.2528736 1.3681822850083e-07 20290 0.0024885307992308 0.255914014721706
0.46 4A 87853504.3030303 87858877.9393939 2.31797591412181e-08 8638 0.00275412366304411 0.231318991378538
0.47 4A 96519522.1851852 96523941.8518519 1.9609047364295e-08 6561 0.0014506919304984 0.384014898702314
0.48 4A 121167522.679389 121172043.221374 2.32218349352496e-08 33511 0.00188488252835946 0.350700471479147
0.49 4A 163695470.272727 163700850 4.43143661917343e-08 26037 0.0016050734412346 0.198477857108577
0.5 4A 216198908.338983 216207858.152542 5.847994206823e-08 21347 0.00146417384883122 0.304478833733554
0.51 4A 330061429.202899 330076938 3.02970495729589e-08 27463 0.00157352284102247 0.272566553563851
0.52 4A 406209500 406212933.5 0 355 0.00173541154929577 0.657736582676902
0.53 4A 464225216.305882 464230502.852941 0 40461 0.00227613229919325 0.214318146012514
0.54 4A 517434650.702381 517440637.416667 0 22178 0.00234877831974996 0.246078065746662
0.55 4A 548298797.518519 548303683.345679 5.16469748381206e-08 17235 0.00295225234868448 0.224075501510012
0.56 4A 565635163.214286 565641006.107143 1.88038231189294e-07 5368 0.00500549774706077 0.11252986558386
0.57 4A 572352192.535714 572358051.428571 2.7369110133099e-07 7345 0.00349242856364874 0.259254652743335
0.58 4A 577443694.3 577448628.05 3.57059028941162e-07 7107 0.00665448980767664 0.0789474887506592
0.59 4A 582075996.441176 582081489.029412 4.28589369233225e-07 9795 0.00637391565523536 0.0823441403033415
0.6 4A 585034665.695652 585039625.565217 4.73597739537793e-07 7566 0.00575687673082931 0.0858370137497732
0.61 4A 589127355.6 589131117.2 5.44015456534629e-07 1320 0.00238020068181818 0.536934481173904
0.62 4A 590395828.315789 590402142.526316 5.67822183314399e-07 5049 0.00704061282828283 0.0861189184465564
0.63 4A 591814794.8 591819789.2 5.9546023596264e-07 1615 0.0104714990959752 0.164310239093192
0.64 4A 593340090 593346794.8 6.36194769258878e-07 3167 0.00313036001263025 0.168397612335912
0.65 4A 594533096.230769 594537735.230769 6.67244984004943e-07 3053 0.00759256694207883 0.100398368011565
0.66 4A 596286224.1875 596291139.125 7.11022077841489e-07 5500 0.00645757747272727 0.0948072217546281
0.67 4A 597839486.5 597844174.5 7.47981310443718e-07 2554 0.014081746844166 0.0777749574167856
0.68 4A 599147868.5 599152746.25 7.77601758964915e-07 1798 0.00428051304226919 0.1382582923963
0.69 4A 600757904.4 600761685 8.12409895624993e-07 1308 0.0084549752293578 0.101762067583102
0.7 4A 601320216.5 601324064.5 8.24188850158074e-07 451 0.0229181980044346 0.0396418775567471
0.71 4A 603454434.714286 603458253.857143 8.99811671545892e-07 1964 0.0113731576934827 0.0821088913310093
0.72 4A 604101159 604103952 9.25003023042105e-07 106 0 NA
0.73 4A 605424805.142857 605428371.285714 9.58807887316015e-07 1149 0.017140707667537 0.0307168101557792
0.74 4A 606536663.8 606542424.6 1.01884029028312e-06 1707 0.00632918685413005 0.0658025282515091
0.75 4A 607633229 607636147 1.07744277740027e-06 87 0 NA
0.76 4A 608795163.625 608799188 1.12449994743892e-06 1310 0.00453925084885496 0.20867744687464
0.77 4A 609923005.333333 609927472.333333 1.15617339408269e-06 759 0.0112311063241107 0.171561461903925
0.78 4A 610464178.25 610470030.5 1.18173685655542e-06 2132 0.00399321259380863 0.503447199526565
0.79 4A 611633480 611636794.5 1.27433164376121e-06 502 0.0144798292828685 0.132905173501212
0.8 4A 612076171 612080080 1.30479668193502e-06 786 0.0113898781933842 0.174890238300127
0.81 4A 613369222.75 613372037.75 1.37905999594198e-06 289 0.00421247058823529 0.0868101413609068
0.82 4A 613938490.888889 613942416.111111 1.40453556069495e-06 1457 0.0044981145024022 0.129052746562003
0.83 4A 614445404 614450997.75 1.42400480335484e-06 1928 0.00177797287863071 0.197446267679586
0.84 4A 615290892.333333 615294760 1.44932660262074e-06 485 0.00329714251546392 0
0.86 4A 616408351.5 616411617.5 1.46818345222892e-06 270 0.00532251562962963 0.209746850281504
0.87 4A 617114567 617118900.5 1.47170438088924e-06 72 0 NA
0.88 4A 617647339 617650560 1.46990941491404e-06 250 0.00167017536 0.494179293843731
0.89 4A 617914392 617918888 1.46796432602955e-06 601 0.00560867770382695 0.0238217154763716
0.9 4A 618546493 618549076 1.45909894843079e-06 423 0.00546802330969267 0.429405631069259
0.91 4A 619244539 619251561.25 1.44315416261316e-06 1094 0.0029305973308958 0.656394294493837
0.93 4A 620188580 620195028 1.41169772934462e-06 313 0 NA
0.95 4A 621209721.333333 621213157.333333 1.36464126694314e-06 377 0.0149693549071618 0.0226275966666329
0.96 4A 621780526.166667 621785450.333333 1.33236936208828e-06 1340 0.0078839578358209 0.05498310980729
0.97 4A 622201175.25 622207245.75 1.30587254564103e-06 1051 0.00354011971455756 0.155783098252022
0.98 4A 623316419 623319706 1.22472137949293e-06 371 0.00814681622641509 0.0388620253822834
0.99 4A 623949861 623952269 1.17141115438045e-06 32 0 Inf
1 4A 625163231.5 625165660 1.05462562836462e-06 373 0.00563138069705094 0.0947123877353303
1.01 4A 625888260.6 625892047.2 9.75475622965508e-07 620 0.00250764893145161 0.723007872679096
1.02 4A 627516023 627521263 8.08785986336385e-07 636 0.0116636 0.0459517644638019
1.03 4A 628317368.285714 628321569 7.51034830445512e-07 1408 0.00396531313210227 0.0866677417207656
1.04 4A 629461572.5 629467623.375 6.87793608598058e-07 2815 0.00633538841918295 0.0755142122977046
1.05 4A 631382395.3 631387430.8 5.9081702741496e-07 3020 0.00623849040066225 0.28618927805319
1.06 4A 634205268.75 634210991 4.68317744434871e-07 1833 0.00155927069830878 0.260131312385367
1.07 4A 637134452.583333 637138990.083333 3.65079885247015e-07 2473 0.00268962496967246 0.205966043110453
1.08 4A 640297032.866667 640301270.2 2.8806801891401e-07 2734 0.00415910737381127 0.300211902039683
1.09 4A 647178286 647182770 1.7075895931823e-07 212 0.00444021 0.0443350652334011
1.11 4A 650367950 650370241 2.69536218955919e-07 95 0 NA
1.13 4A 651623778 651627938 2.49390983008392e-07 296 0 Inf
1.23 4A 657492894 657495303 0 71 0.0328785464788732 0
1.24 4A 681094938.395349 681100301.790698 1.23058111132218e-07 11132 0.00503531306488373 0.103593394033773
1.25 4A 688092001 688096031 2.3023283364882e-07 165 0.0144227 0.0170468081565865
1.26 4A 691123893 691125373 2.9904472927494e-07 111 0 Inf
1.28 4A 699891474.5 699893965.5 3.80441618717015e-07 474 0.00240427265822785 0.405901417206239
1.3 4A 702043190 702046461 4.26908619957024e-07 90 0.0137216 0.30356736823694
1.31 4A 703264707 703269135.5 4.58908197720237e-07 122 0.00185792442622951 0
1.32 4A 704644542 704648219 4.90877510219672e-07 65 0 Inf
1.36 4A 712988851.5 712996230 5.83349416233722e-07 225 0.00745917333333333 0.026906779661017
1.41 4A 720515613 720517426 6.56922878365345e-07 107 0.012959 0.168307739794737
1.42 4A 722907610 722916249 6.42998749204802e-07 791 0.000187383 0.870425812373588
1.48 4A 736515307 736524203 4.08239083009289e-07 10 0 NA
1.52 4A 742368570 742371125 3.57418316634597e-07 236 0.0108279 0.224947589098532
0 6A 421320.4 424478.6 NA 1233 0.00546233316301703 0.0549251570601827
0.01 6A 1420222.125 1425037.375 2.91065023790398e-07 2498 0.0162265808967174 0.111928017614195
0.02 6A 2992710.42857143 2996799.57142857 3.93827825991589e-07 1862 0.00403525763157895 0.118957687208977
0.03 6A 6847887 6852112.23529412 6.61708018987629e-07 2996 0.00448933884929906 0.320036112691442
0.04 6A 9185065.5 9191095.5 8.03491571645627e-07 1495 0.00992641873578595 0.139668099007797
0.05 6A 10495677.6666667 10499397.3333333 8.99981116603194e-07 635 0.00509390074015748 0.213547761892309
0.06 6A 11398553.1666667 11403152.5 9.33731514114789e-07 1682 0.011708936117717 0.161097584159396
0.07 6A 12348224 12355056.5714286 9.56640114902057e-07 2286 0.0125707718868475 0.0364743422186822
0.08 6A 12836151 12838286 1.01496916991236e-06 196 0.00292540408163265 0.301440442904103
0.09 6A 13591965.5 13596201 1.0732819265069e-06 623 0.00528619730337079 0.0784926389295759
0.11 6A 14301530 14303492 1.08891671678967e-06 40 0.0192 0
0.14 6A 16210240.3333333 16215263.6666667 1.04117078289353e-06 412 0.00102688689320388 0.911049580998654
0.15 6A 17665963.4 17671414.2 9.65893609393648e-07 2765 0.00589199960578662 0.0931330980257705
0.16 6A 22299507.25 22303780.5 6.43282593948906e-07 2254 0.0142745072670807 0.0936124180658398
0.17 6A 23790999.9 23795009.5 5.8723557934701e-07 1645 0.0129653993069909 0.0807324441692667
0.18 6A 24577300.5 24581179.5 5.53005225781583e-07 287 0.00253601299303136 0.883921020041048
0.2 6A 25674719.6666667 25679738.3333333 5.07572324008885e-07 601 0.00394532088186356 0.176517868836685
0.21 6A 28821198.1538462 28825330.4615385 3.75136236288743e-07 3036 0.00987322709486166 0.139723679401388
0.22 6A 36041139.08 36045160.2 4.09267532409802e-07 4019 0.00847313896665837 0.154665759015235
0.23 6A 41246199.6666667 41252371.3333333 5.1025394851377e-07 622 0.022427554437299 0.0611372643679099
0.28 6A 47744070.8 47747778.4 5.35654367950918e-07 648 0.0109228692283951 0.0474855447059069
0.29 6A 48666480 48671674.2 5.30032640913847e-07 926 0.00299518332613391 0.264822177995386
0.3 6A 51406171 51409969 5.00086274474512e-07 299 0.00129434 0
0.31 6A 52204437.2857143 52209333.2857143 4.87568271326765e-07 1038 0.00650514602890173 0.122958634632035
0.32 6A 53263310.2857143 53267727.8571429 4.87539099546387e-07 1253 0.00229009770151636 0.475341854361825
0.33 6A 55837706.2857143 55841930.5714286 5.03483070801178e-07 1420 0.00374154564929577 0.157873929507097
0.34 6A 57773526.5 57778382.5 4.53723319157219e-07 754 0.0032790525198939 0
0.35 6A 59947124.2 59951427.8 3.92173697906095e-07 841 0.00168845519143876 0.401395303108777
0.36 6A 61167032 61176353.2857143 3.66322833522498e-07 3054 0.00590918489631085 0.421980184846865
0.37 6A 64576311.3 64582227.1 2.84556032933452e-07 2315 0.00178592508941685 0.313069844639086
0.38 6A 71209671.2121212 71214989.7272727 1.50747027035359e-07 9246 0.00375186103017521 0.202709745587628
0.39 6A 82520653.2631579 82526711.7894737 1.35072792667759e-07 11578 0.00256556239937813 0.142707292683273
0.4 6A 92783572.1818182 92787497.4545455 1.32833994361416e-07 2758 0.00150725092422045 0.244867285238411
0.41 6A 98806603.7272727 98811444.9090909 1.25511878790195e-07 1588 0.00315788814003463 0.18650398183163
0.42 6A 104316469.875 104321544.625 1.15620326036693e-07 1857 0.00390808114470344 0.179772697257299
0.43 6A 107777130.882353 107782835.176471 1.07681235578553e-07 5689 0.00311492557215679 0.201254309764519
0.44 6A 119405656.542857 119410826.8 8.45604465538436e-08 7757 0.00128325503077865 0.402783354973628
0.45 6A 133363308.608696 133369392.173913 6.66969520378768e-08 7492 0.00338622356486919 0.224805234223556
0.46 6A 149628080.977778 149634085.4 4.87761440961601e-08 10641 0.00237363811248943 0.266975580273473
0.47 6A 278680301.036585 278689247.373984 8.98728645280123e-09 68581 0.00170092338264696 0.261577826658501
0.48 6A 410164553.133333 410171413.133333 1.21188386895079e-08 4772 0.00212982232900251 0.210967336567422
0.49 6A 423063422.789474 423068944.684211 2.56166322309971e-08 4361 0.00248689490942444 0.217871667602536
0.5 6A 430555386.25 430567644.375 3.51465282349866e-08 2059 0.00075477568417401 0.984756690442231
0.51 6A 432851412 432856522 3.83586076025875e-08 1355 0.000475630757933579 1.89411951620004
0.52 6A 437024879.625 437029120.75 4.45210216194615e-08 2007 0.00140061156950673 0.0947344384139803
0.53 6A 441095873.583333 441099489.75 5.09199997062926e-08 2501 0.00300534517792883 0.181571839130836
0.54 6A 444732181.142857 444739785.714286 5.59040818438289e-08 1889 0.00214737126521969 0.433547570758779
0.55 6A 448245017.9375 448249119.75 6.02889934002865e-08 3223 0.00190343995656221 0.230559245269833
0.56 6A 455016364.185185 455021555.296296 6.8222796877476e-08 5885 0.00132395749330109 0.33423120742193
0.57 6A 468623650.428571 468628360.571429 7.76411778621622e-08 5828 0.00247895150112035 0.227200997889458
0.58 6A 486543852.458333 486548610.645833 8.81766222021087e-08 8927 0.00262081204211941 0.254293079278277
0.59 6A 498400810.627907 498405583.813953 9.0159374516716e-08 11520 0.00304924236736111 0.148769530335041
0.6 6A 506056367.727273 506061853.636364 8.2331794194872e-08 6765 0.00166853901714708 0.281583748102197
0.61 6A 514599863.740741 514605454.814815 8.81609768132361e-08 7601 0.0030008363583739 0.191869243280331
0.62 6A 525670371.2 525675106.709091 1.11855080652885e-07 13291 0.00357787704108461 0.200963568596523
0.63 6A 539420238.94 539424376.6 1.46259193605347e-07 14879 0.00178471203888236 0.300694206325601
0.64 6A 548602003.210526 548608715.052632 1.31036213510095e-07 8222 0.0041099158002919 0.139927054827704
0.65 6A 553403636.166667 553408566.722222 2.15325853128876e-07 4183 0.00172186845350227 0.555247477681471
0.66 6A 556990975.909091 556996619.363636 2.66835180006789e-07 2712 0.00229159953539823 0.178719057890858
0.67 6A 559374673.2 559379041.6 2.98483830390832e-07 1979 0.00765013337095054 0.15571971754609
0.68 6A 563695371.428571 563700825 3.8071519712933e-07 4969 0.00314692600900971 0.240063752572058
0.69 6A 565269170.25 565274176.25 4.17796640915767e-07 950 0.00177452990526316 0.290179809874747
0.7 6A 569387083.5 569394465.666667 5.35657699609163e-07 3162 0.00269837221821632 0.176105635299476
0.71 6A 571594969 571600780.1 6.09370136157844e-07 1737 0.00242004559009787 0.512856799476167
0.72 6A 573426457.333333 573432044.833333 6.7655189739614e-07 1992 0.00218712765863454 0.192566096854688
0.73 6A 574751924.333333 574758605.666667 7.28979582798415e-07 1485 0.00310427428821549 0.106452221982247
0.75 6A 577969630.333333 577978224 8.67837127150611e-07 1628 0.0031099776965602 0.26230779256815
0.76 6A 579124412.75 579129660.25 9.21684692040034e-07 1847 0.0042502935408771 0.144488443925011
0.77 6A 580261063 580264003.25 9.76858302741984e-07 891 0.00382083953984287 0.0462863464265348
0.79 6A 581855861.4 581859501.6 1.0859420218624e-06 927 0.00900542145631068 0.0943436219827924
0.8 6A 583039574.5 583043301.5 1.16977608762143e-06 340 0.0354081120588235 0.0192992082796314
0.82 6A 584810760 584817394.5 1.28239494916675e-06 663 0.00181787414781297 0.157059921216714
0.83 6A 585463241.3 585469797.6 1.32113594554774e-06 3480 0.00285565294396552 0.272941630507558
0.84 6A 586212843.75 586217725.75 1.3742219136938e-06 1720 0.000387587346511628 2.80763038685852
0.85 6A 586770093 586782183 1.41026912870965e-06 1857 0.000762809 0.56702005351274
0.86 6A 587564389 587570511 1.45305007302883e-06 155 0.00750883 0.159790539937647
0.87 6A 587917892 587924074.5 1.46890938489213e-06 1662 0.00291128714199759 0.32268461866075
0.88 6A 588455427.2 588459061.6 1.48998425789221e-06 742 0.00240031986522911 0.0683368053361531
0.91 6A 590074286 590079890 1.5271423180115e-06 510 0.0457546 0.0748840553736673
0.93 6A 591312343.166667 591317386.5 1.52903091719119e-06 2448 0.00249728017156863 0.212539605825348
0.94 6A 591848464.4 591851112.2 1.52293237209603e-06 1168 0.00671974819349315 0.105516856317603
0.95 6A 592511694 592517005 1.50924354367174e-06 267 0.0164336202247191 0.156547960987804
0.96 6A 593182827.5 593186504 1.48888588128864e-06 380 0.0159775036842105 0.30865805826923
0.97 6A 593430767 593435915 1.47986774932404e-06 423 0.0100921021276596 0.249822914681405
0.98 6A 594875955.833333 594880385.166667 1.43720924896897e-06 2606 0.00929730419033001 0.0672021043910222
0.99 6A 596444883.666667 596450370.833333 1.30592768524818e-06 835 0.00304594576047904 0.110489328917362
1 6A 596794070 596798788.666667 1.26103352290138e-06 1569 0.00190807537922243 0.426614470989452
1.01 6A 597316096.75 597320352 1.19713702607737e-06 1148 0.00542195338850174 0.0618778698226502
1.02 6A 597826150.666667 597831461.333333 1.1419205078891e-06 1510 0.00257800964238411 0.202159203592804
1.04 6A 598972922.5 598976912.5 1.04401013267868e-06 1493 0.00640774795713329 0.122775770545782
1.06 6A 600551831 600555920 9.74618509826023e-07 2020 0.00504388568316832 0.128871813887224
1.07 6A 602872684.888889 602876605.888889 7.86655981587459e-07 2444 0.0121650559420429 0.0837998892383727
1.08 6A 605193880.571429 605200054.714286 5.92138441838927e-07 4407 0.00605461575221239 0.114189679414359
1.09 6A 606761359 606768258 5.89785674507852e-07 20 0 Inf
1.1 6A 607115253.6 607119685 5.91155022555151e-07 1401 0.0107751030906495 0.0840045138608692
1.11 6A 608020955.666667 608025220 5.98149942160941e-07 1273 0.00439132948153967 0.160888924295533
1.12 6A 608709536 608711951 5.8525967484465e-07 29 0 Inf
1.13 6A 609273704.363636 609277978.181818 5.70665012148959e-07 2383 0.00659817848132606 0.107095408944201
1.14 6A 613680018.883333 613685028.5 4.13311807596294e-07 15403 0.0101343383280167 0.117087970947039
1.15 6A 617169483.6 617175241.8 2.49959347211433e-07 2099 0.00643297893282515 0.0425432547889812
0 7A 2893235 2896586.75 2.2411116369821e-08 676 0.00579963560650888 0.10310454339476
0.01 7A 8429086.4 8432129.4 8.07334153779187e-08 459 0.00435022431372549 0.529995598454002
0.02 7A 12095946 12104027 1.72103535483113e-07 974 0.00387655266940452 0.17697703136662
0.03 7A 15510843 15515228 2.73954626753022e-07 394 0.0233181573096447 0.0531713833018111
0.04 7A 20860235.2857143 20864732.2857143 4.22175830162487e-07 1172 0.00505984160409556 0.326365998223352
0.05 7A 24849155.5 24853444 5.92384584180897e-07 421 0 NA
0.06 7A 26940059 26942691.5 7.68741602990467e-07 363 0.00445798220385675 0.158688824578717
0.08 7A 29649462 29652591 9.88827969269455e-07 70 0 NA
0.12 7A 32614712 32615983.5 1.16218321881606e-06 70 0 Inf
0.15 7A 34538999 34540876 1.29860125393025e-06 215 0.0322692 0.0125039976200216
0.17 7A 35593876 35602526 1.34277325200658e-06 62 0 Inf
0.19 7A 36872224.6666667 36875846.3333333 1.3669678573392e-06 981 0.0179147177166157 0.00683149234147429
0.23 7A 40043614 40051845 1.28938065762783e-06 481 0.000874336 0
0.27 7A 42963605 42965380 1.04474363569521e-06 89 0.0523362 0
0.31 7A 47079123.5 47081958 9.13133207664224e-07 462 0.00710571744588745 0.26388876848168
0.32 7A 48055953 48061026 8.87663204287728e-07 169 0.000828157 0
0.35 7A 54997683 55001463 6.95186734136148e-07 103 0.0118652 0.0735716212116104
0.36 7A 56151832 56157135 6.96195316903044e-07 438 0.000660611 0.140558967380198
0.37 7A 57743591 57747941.5 6.34302877796151e-07 169 0.000984115621301775 0.247472545259451
0.38 7A 59400338 59403948 5.8581209405526e-07 20 0 NA
0.4 7A 62320218 62323854.5 5.40997917454828e-07 108 0.0111785 0.0636128778955634
0.41 7A 64157483.5 64161714 5.38230789946184e-07 477 0.0100377679245283 0.134181425861359
0.42 7A 65192685.8571429 65197895.7142857 5.45957924559384e-07 1270 0.00398201748818898 0.162374301219023
0.43 7A 67673883.4615385 67678385.6923077 5.80229159562004e-07 1817 0.00471207958117776 0.221626415727747
0.44 7A 70726997.6666667 70730620.3333333 6.12847019197925e-07 618 0.00543359367313916 0.0556052497681115
0.46 7A 74283354.5 74290912.5 6.3932895954405e-07 586 0.00199419672354949 0.524578048687485
0.48 7A 76120090.5 76123166 6.65348996006367e-07 224 0.00268637571428571 0
0.49 7A 77316023 77323679 6.75736043597949e-07 627 0.000850895311004785 0.420124257522839
0.5 7A 78527321.2 78532229.2 6.71833088826721e-07 807 0.00160323037174721 1.15249751139449
0.51 7A 79786886.4 79793654 6.52088935667378e-07 1531 0.00519234866100588 0.0818620369131297
0.52 7A 81194576.6666667 81198252 6.11448434725956e-07 1677 0.0027240447346452 0.213131208948726
0.53 7A 82206321 82217253.5 5.70533636717911e-07 553 0.000617388481012658 0.274479130039167
0.54 7A 83285019 83288075 5.20657392035587e-07 329 0.00175934 0.274586492662021
0.55 7A 83890964.2222222 83895263.7777778 5.10677807174762e-07 1067 0.000557340487347704 1.42005465775591
0.56 7A 85431809.25 85437001.3125 4.90783958384603e-07 2170 0.0040759868562212 0.220466995988619
0.57 7A 88056502.5 88061310.5 4.53048942981324e-07 352 0.00150352698863636 0.428432615356128
0.58 7A 92402537 92406668.3181818 3.77816628974565e-07 3652 0.00317727654435925 0.146341796024903
0.59 7A 99946546.8888889 99955173.0555556 1.90433832266958e-07 4449 0.00336472047741065 0.514888329769907
0.6 7A 107647866.583333 107653128.666667 1.56781270644913e-07 6142 0.00393095886356236 0.16704666099171
0.61 7A 112263526 112266127 1.97914842611358e-07 286 0.00479838 0.266835890446359
0.62 7A 116025385.333333 116030625.555556 2.43681922510984e-07 2910 0.00543084871408935 0.085344001504277
0.63 7A 118771391.375 118779201.875 2.47468808097761e-07 1484 0.00171926040816327 0.190806774450803
0.64 7A 121889725.571429 121897313.428571 2.33615915988847e-07 2736 0.00274206281834795 0.229409961765495
0.65 7A 126012238.875 126018572.75 1.90566907403815e-07 2893 0.00194425914690633 0.317407664460593
0.66 7A 129368817.375 129374169.875 1.89450629013225e-07 3822 0.00368885660020931 0.337447051912259
0.67 7A 140446788.542857 140452023.6 1.14174544459716e-07 7356 0.00195938243198708 0.244348393470128
0.68 7A 187352752.961353 187358149.004831 9.64247601087039e-09 54719 0.00246123131713901 0.271259064693562
0.69 7A 236067860.8 236072672.275 1.39489825000859e-08 12485 0.00221442201537845 0.329664517462552
0.7 7A 252167588.266667 252173384.9 1.2211650069492e-08 6140 0.0021035923601595 0.383052374946165
0.71 7A 265506859.75 265511673.0625 1.11324660830905e-08 6844 0.00179641068819404 0.394851960526928
0.72 7A 275465126.571429 275471623.214286 1.05283183328271e-08 4450 0.00154568343752809 0.361788487946907
0.73 7A 287370244.666667 287374281.166667 1.00482765421727e-08 4110 0.00263414089241511 0.133634269339097
0.74 7A 294757155.8125 294761768.8125 9.8794502036922e-09 3992 0.00258561977204409 0.150472020894685
0.75 7A 305095629.6 305098912 9.80947843622199e-09 1244 0.00391935723472669 0.151633017619449
0.76 7A 310636959.166667 310655276.833333 9.8474714352997e-09 1299 0.00243796625866051 0.609579766944215
0.77 7A 318215836.666667 318225644.333333 9.99268580160083e-09 650 0.00111165646153846 0.228154420146678
0.78 7A 325269369.75 325283049.875 1.02179327605294e-08 2234 0.00250704587287377 0.330251497030621
0.79 7A 331354644.5 331372558 1.04881691838376e-08 2659 0.00150714744866491 0.405809842586984
0.8 7A 346562108.952381 346572794.857143 1.14977783511297e-08 9734 0.00217807608855558 0.181559740120479
0.81 7A 394055186.962963 394064910.703704 1.74181790724979e-08 15625 0.001670812184064 0.258691799944071
0.82 7A 422605809.5 422612214.25 2.25064294681203e-08 731 0.00194934571819425 0.243450049661336
0.85 7A 424312931 424317651 2.28738773041016e-08 482 0.00217409614107884 0.658695328093325
0.86 7A 424628142 424634545 2.29425179875405e-08 516 0.0030012 0.232069505531121
0.9 7A 472332441.633027 472337693.541284 3.60578189691703e-08 55179 0.00253597999779225 0.201428804102617
0.91 7A 526675378.909091 526681303.681818 5.47785498448716e-08 6017 0.00219824505235167 0.154380726756901
0.92 7A 540806030.404255 540811312.765957 6.15988659069201e-08 8627 0.00345222320991226 0.1975521459872
0.93 7A 553193664.317073 553199293.95122 6.92991600619387e-08 7283 0.00284979220335027 0.208792464015724
0.94 7A 563235677.114286 563240291.885714 7.67297161085554e-08 7377 0.00362584175952284 0.181639330837706
0.95 7A 574101385.05 574108013.65 8.20896875361244e-08 3995 0.00305952643860381 0.0932592734047764
0.96 7A 593038986.738095 593042862.190476 8.49588382562133e-08 8201 0.00266342263919034 0.344211308461982
0.97 7A 609633796.558824 609639369.705882 1.09062674876449e-07 9417 0.002736279364901 0.257650479189131
0.98 7A 617035180.857143 617039214.428571 1.60048223007991e-07 1523 0.00384966096651346 0.0940425177010395
0.99 7A 621026691.444444 621029606.111111 1.81702008461905e-07 1172 0.00197394191979522 0.214847395260483
1 7A 626608821.428571 626612887.857143 2.28103892708561e-07 1402 0.00126240784771755 0.228729773674534
1.01 7A 633455496 633460164.5 2.93990111372018e-07 675 0 NA
1.02 7A 636436888 636440497 3.37343090088029e-07 1539 0.00456357734243015 0.00575719064757448
1.03 7A 638533735 638538917.8 3.63300764483802e-07 958 0.00294812044885177 0.428628036137486
1.04 7A 642043304.636364 642047280.181818 4.00469790938086e-07 1149 0.00181829242819843 0.623501223902915
1.05 7A 644529571.714286 644533030.714286 4.26169118833212e-07 1193 0.00551929265018162 0.0862195111452025
1.06 7A 646531392.666667 646536097 4.46439111810097e-07 549 0.00528935224043716 0.20829240755523
1.07 7A 648788110 648792632 4.6885806375261e-07 315 0.0160168755238095 0.0420251502235502
1.08 7A 650704707.75 650708350.5 4.87519595229832e-07 367 0.00153850355313351 0.274053485753498
1.09 7A 652649837.444444 652654962.666667 5.06152580015064e-07 1998 0.00274914176176176 0.207832371942508
1.1 7A 654382974.5 654386775 5.22442612676397e-07 223 0.00860612825112108 0.090412382124616
1.11 7A 654773271 654803669 5.26199891807727e-07 167 0.00139665 0.312663158271578
1.12 7A 657749686.4 657755501 5.53331283937386e-07 1343 0.00286892121370067 0.0442547857586907
1.13 7A 659431075.666667 659434288 5.68357721530829e-07 983 0.00261428391759919 0.282638162158642
1.14 7A 660942507.642857 660947951 5.81656731045746e-07 1547 0.00630573138763198 0.149706171089424
1.16 7A 663846646.333333 663851374.333333 6.06628598075077e-07 945 0.00484874412698413 0.0727788198120008
1.17 7A 666177956.666667 666185156.666667 6.35459762422104e-07 756 0.0028488582010582 0.275258225610483
1.18 7A 667115342.285714 667123094 6.49935941211097e-07 1811 0.0039038564356709 0.0935801657470051
1.2 7A 671237156.5 671243255.25 7.10148914581821e-07 1533 0.00526792609980431 0.102481873853557
1.21 7A 672187016.8 672191002.8 7.23183744925396e-07 1402 0.00547045639800285 0.260743780480377
1.22 7A 674146185 674150725.5 7.39128767175736e-07 599 0.0103663537896494 0.108905541446442
1.23 7A 675108966.4 675112979 7.4123479464329e-07 1124 0.00582008717081851 0.116326745317028
1.24 7A 676102667 676103960 7.39741953551198e-07 36 0 NA
1.25 7A 678022671.166667 678025555.833333 7.48461248177519e-07 1280 0.00097170181875 0.802306835177466
1.26 7A 679974895.909091 679980593.454545 7.57914927423558e-07 3246 0.00448495777264325 0.235626244982378
1.27 7A 681414906.5 681417427 7.56283659738381e-07 61 0 NA
1.28 7A 682057980.666667 682060994.666667 7.58325839641775e-07 161 0.0158745791304348 0
1.29 7A 683482195 683492670 7.73598778063299e-07 515 0.00868687 0.495776959940692
1.3 7A 685748437.333333 685753451.666667 7.83519022878701e-07 484 0.00523408979338843 0.068474873475874
1.31 7A 686171032 686174157 7.83458023338092e-07 384 0.00502194401041667 0.155837010121983
1.33 7A 688960269 688968295 7.67652811711203e-07 907 0.00346132 0.331798273491038
1.34 7A 689942010.2 689946390.8 7.55795818222158e-07 498 0.0136446651606426 0.0672775555917175
1.35 7A 691149254 691153759 7.4896894195065e-07 177 0.00751476 0.152654243116214
1.36 7A 691568181 691570712.5 7.49523332228067e-07 417 0 Inf
1.37 7A 692747212.4 692751578.2 7.62485073963902e-07 1111 0.00547058844284428 0.203812867880855
1.38 7A 693972189.333333 693977586.666667 7.69631748208545e-07 559 0.00409228821109123 0.29891743102414
1.39 7A 694524637 694527772.333333 7.69221671560237e-07 812 0.00434671615763547 0.16217953243861
1.4 7A 696891503.5 696900715 7.43136761156264e-07 261 0.00233847969348659 0.247189063464621
1.42 7A 699163619.4 699168560.4 7.13813171004036e-07 1129 0.00372147736935341 0.0895830323678681
1.43 7A 700866363 700876145.5 6.97554478319776e-07 1843 0.00316677722734672 0.302685819755276
1.44 7A 701863103.166667 701867952.666667 6.93156870532509e-07 3879 0.0142870127532869 0.0596334641909237
1.45 7A 704368585.25 704372402.5 6.9561289207989e-07 751 0.00620897906790945 0.0757214402573646
1.46 7A 705377255.818182 705381732.090909 6.98047408632544e-07 3107 0.00395744324042485 0.12644148871016
1.47 7A 707089378.333333 707093949.333333 7.04430107642225e-07 755 0.00894939854304636 0.0865299132389066
1.48 7A 709088734.6 709091446.6 7.01523394377771e-07 1119 0.0224797727256479 0.0189634435368609
1.49 7A 711607430 711611179 6.95936901398978e-07 109 0.0040912 0.0999019847477513
1.5 7A 712443829.333333 712447196.666667 6.94282935208972e-07 908 0.00769476620044053 0.0797418289513569
1.51 7A 714165965.5 714171468.5 6.91156488150192e-07 682 0.00361422709677419 0.15349259927028
1.52 7A 715968797.5 715975331 6.88298719789364e-07 1033 0.00687903758954501 0.0640968105042464
1.53 7A 717390148.5 717394748.5 6.86363087355819e-07 737 0.00229498998643148 0.317569574387988
1.55 7A 719569416 719572246.333333 6.83905626680833e-07 666 0.0207210197597598 0.0329794956379456
1.57 7A 721250156 721256446 6.82455685852289e-07 1780 0.00641222484269663 0.190742032076787
1.58 7A 722255299.5 722259004.5 6.81268583221999e-07 322 0.0135956422360248 0.0366279563272558
1.59 7A 723300047.5 723303989 6.78915233827339e-07 316 0.0013312960443038 0.19391452675732
1.6 7A 724324086.5 724328356 6.76827064173126e-07 943 0.00220986651113468 0.181659501685711
1.61 7A 726204595.5 726210835.5 6.73821050918168e-07 1433 0.00309526787857641 0.331000920755862
1.62 7A 727443573 727457990 6.72454329433371e-07 1780 0.0150963 0.00300775024343713
1.63 7A 729531502 729536613.333333 6.71313423244001e-07 508 0.00470449171259843 0
1.64 7A 730656737 730662710 6.71273945894069e-07 3325 0.00344710824300752 0.295217777844089
1.65 7A 733115864.666667 733119432.333333 6.72016285991294e-07 1658 0.0197248088781665 0.0740525296948118
1.66 7A 735917304 735923669 6.71331533262713e-07 1934 0.0116245660289555 0.0986023663905043
