poscM Chromosome Start End recRate nb_complete_site piSyn f0
0 1D 1441870.28571429 1447217.14285714 6.17622067730665e-07 7108 0.00675321255149128 0.0379660639637163
0.01 1D 3963719.5 3967548.5 7.9084805232784e-07 479 0.00638464538622129 0.0760542936724817
0.02 1D 5425602.66666667 5430557.33333333 9.06143155659198e-07 406 0.00489334068965517 0
0.03 1D 5511254 5517977 9.13196172291157e-07 631 0.00376963 0.252894315887766
0.04 1D 6279143 6293353.5 9.77238917052491e-07 1036 0.00303423777027027 0.438530345536934
0.05 1D 6757560.33333333 6761052 1.01750991396221e-06 655 0.0197521219847328 0.0711787162973983
0.06 1D 7487543 7492403.5 9.76008496030621e-07 663 0.00101827352941176 0
0.07 1D 9130710.33333333 9136307.22222222 9.07755073440066e-07 3205 0.0198369852199688 0.0433325049333151
0.08 1D 10772096.6666667 10776924.3333333 1.31709003626508e-06 789 0.00894931307984791 0.0970021651384557
0.1 1D 11580304.5 11587739.5 1.17433541115337e-06 1345 0.00925680172490706 0.128870139152303
0.11 1D 12085699.2 12090497.4 1.10965272371213e-06 559 0.00668814454382826 0.257052807616649
0.12 1D 14703452.4 14707503.2 3.62972892156522e-07 1448 0.0016743739640884 0.375174858171408
0.13 1D 17108881 17113137.3333333 8.55367213054208e-07 199 0.00766602010050251 0.302676013314647
0.15 1D 18107199.3333333 18110586.6666667 1.0389592380295e-06 868 0.0391306176267281 0.0442604652918888
0.16 1D 19582041.9 19587482.9 1.33719054563335e-06 3608 0.00852551078159645 0.0852922861170652
0.18 1D 21828436 21832490 1.07349020733297e-06 933 0.00460299 0.313200767327324
0.19 1D 22436448 22437772 1.03944558410579e-06 19 0 NA
0.2 1D 22883248 22888807 1.02679634502334e-06 312 0 Inf
0.21 1D 24286944.3333333 24292081.6666667 9.87637307737847e-07 911 0.0141759554335895 0.0176545117591162
0.22 1D 24779031 24786455 9.74006980762083e-07 230 0 NA
0.23 1D 25806653 25810798.6666667 9.45894765317149e-07 1238 0.00249343264135703 0.228706242632646
0.24 1D 27862652.8 27869461.8 8.90457296975697e-07 2332 0.000332493692109777 0.597685609764531
0.27 1D 31421662 31431937 7.97441065649626e-07 1016 0.00235294 0.251266925633463
0.28 1D 32737866 32740293 7.64103826208086e-07 151 0 NA
0.29 1D 33469805 33474180 7.48121521024002e-07 199 0 NA
0.3 1D 34733574 34736854.6666667 7.214901644776e-07 1052 0.00161599049429658 0.479332138054684
0.31 1D 35639168 35645648 7.0246643381053e-07 262 0.00299625 0
0.32 1D 36792337.8 36797632.2 6.78427112521435e-07 3235 0.000974289171561051 0.146084222423648
0.33 1D 37530336 37533695 6.63122898946303e-07 176 0.00448179 0.290952945140223
0.35 1D 39287710 39292333 6.26857713432907e-07 82 0 NA
0.36 1D 41486068.8333333 41489175.6666667 5.81991628846337e-07 1512 0.00259056831349206 0.117510174634338
0.37 1D 43173708.6666667 43178988 5.47845694936579e-07 511 0.0127970454011742 0
0.38 1D 45436761.6666667 45441451.3333333 5.025965087685e-07 868 0.000852692580645161 0
0.39 1D 47867028.3333333 47873481 4.54539786346725e-07 1014 0 NA
0.4 1D 49744518.25 49750067.375 4.17882107031281e-07 3997 0.00158315708781586 0.434515102792233
0.41 1D 52751592 52757766.3333333 3.59920902121984e-07 454 0.00168883114537445 0
0.42 1D 55509563 55514464.25 3.0761932074991e-07 2464 0.00386484113230519 0.0963463005451173
0.43 1D 59820843 59826961.8571429 2.2745639822204e-07 5030 0.000308269145129225 0.148762983574422
0.44 1D 71551374.4897959 71556650.8979592 5.73970384468747e-08 17830 0.000934591897924846 0.256895068498392
0.45 1D 84740712.3333333 84743071 0 702 0 NA
0.46 1D 85557991.6666667 85564106.1666667 0 2600 0 NA
0.47 1D 87171325.75 87179454 0 2681 0.000317591052219321 0
0.48 1D 91236406.7 91240987.8 0 4872 0 NA
0.49 1D 116939648.896552 116945573.87069 0 36726 5.82618756466808e-05 0.84463987858593
0.5 1D 150285006.5 150301843 0 613 0 NA
0.51 1D 154007616 154022637 0 892 0 Inf
0.52 1D 207666079.111732 207673229.111732 3.54187092085792e-08 67830 0.000106274575807165 0.642477951422774
0.53 1D 251146043.457143 251152377.485714 7.7633388899607e-08 13314 0.00175081965900556 0.219617532524072
0.54 1D 262337404.333333 262342903.2 8.76201959574457e-08 9803 0.000550889229827604 0.296722039149072
0.55 1D 281201599.707317 281206180.463415 1.03509492895671e-07 13839 0.000232300576631259 0.472213998816875
0.56 1D 293460267.607143 293464710.285714 1.13031136404362e-07 8970 0.000614842250167224 0.051807298430395
0.57 1D 301482800.030303 301489345.878788 1.19116170673943e-07 12536 0.000267691391193363 0.247821784750992
0.58 1D 310041596.25 310046030.892857 1.27002282038674e-07 9016 0.000267187436335404 0.377675341889152
0.59 1D 317017233.304348 317024165.913043 1.34970155949227e-07 9532 0.000256608158833403 0.0926260235752412
0.6 1D 324483387.4375 324488765.0625 1.40052391958624e-07 5830 0.000141591612349914 1.66791523371094
0.61 1D 329234769.52381 329239815.285714 1.42064984571392e-07 6905 0.0015782376929761 0.190767681868155
0.62 1D 335173347.73913 335179187.347826 1.45641928982726e-07 9100 0.00103217601978022 0.195141751836266
0.63 1D 343363251.515152 343368547.121212 1.52360870396512e-07 9716 0.00152665855496089 0.309226392033492
0.64 1D 349628111.434783 349632944.913043 1.58954357900788e-07 7489 0.00107009014287622 0.256592959421476
0.65 1D 355855111.75 355859570.75 1.66745313690862e-07 5230 0.000767453684512428 0.28037918429751
0.66 1D 361797506 361802586.529412 1.75399699661738e-07 5449 0.00144852262616994 0.0862717995840717
0.67 1D 365914177.043478 365917771.347826 1.82008844678249e-07 5323 0.0030940364230697 0.056051705202387
0.68 1D 371237241.111111 371240945.555556 1.91734891887771e-07 3414 0.000681797355008787 0.100277439171783
0.69 1D 376241537.933333 376245812.733333 2.18674674429817e-07 4678 0.00238255343138093 0.246011002994327
0.7 1D 381231239.2 381235306.5 2.50513407883934e-07 4242 0.00382321037010844 0.057247244563657
0.71 1D 386662919.9375 386668441.875 2.87585849920794e-07 7195 0.000565911245031272 0.616112963903045
0.72 1D 392210215.8 392214910.1 3.3366812137052e-07 2882 0.00213567786259542 0
0.73 1D 397069847.5 397074266.5 3.86326675240538e-07 1176 0.00329488724489796 0.295099106082569
0.74 1D 399063673.333333 399066885.666667 4.00983810255685e-07 1360 0 Inf
0.75 1D 400098991.2 400104174.4 4.0667115627301e-07 1352 0 Inf
0.76 1D 402249154.75 402252678.75 4.14086662607393e-07 1111 0.0169672520252025 0.0854716023353506
0.77 1D 403454267 403458202.1 4.15933138113445e-07 2165 0.000356178203233256 0.306057658736646
0.78 1D 406038975.2 406042703.8 4.13860956226628e-07 1062 0.00304318781544256 0.212361253429157
0.79 1D 408598871.4 408603038.2 4.14182639049971e-07 3107 0.00421080218538783 0.15092327464835
0.8 1D 410255273.6 410261550.2 4.19833672880058e-07 3056 0.00220017304319372 0.101983723519653
0.81 1D 412040903 412049208 4.30597484824584e-07 1656 0.00149079106280193 0.461131641518987
0.82 1D 414248673.25 414252050 4.32434516589218e-07 751 0.00413799386151798 0.0741152543093251
0.83 1D 416154494.6 416160570.4 4.3948138613262e-07 1918 0.00124179627737226 0.191855225900809
0.84 1D 418894368.5 418901013.75 4.89876034656581e-07 3704 0 Inf
0.85 1D 422178438.25 422185965.625 5.09195522027946e-07 7482 0.00288371989708634 0.0419074870664106
0.86 1D 426216120.692308 426220182.153846 5.47962276954707e-07 2552 0.00252598354231975 0.139879843817626
0.87 1D 430413348.5 430418318 6.17892992914589e-07 897 0.00628326722408027 0
0.89 1D 430976701 430983376 6.27658063680163e-07 474 0.0032967 0
0.9 1D 431796768 431801512.666667 6.41478746530212e-07 2367 0.00265942433882552 0.146520588621244
0.91 1D 432058408 432062311.333333 6.4579507217574e-07 1055 0.00143688437914692 0
0.92 1D 432873260.25 432878408.25 6.58994652736807e-07 1996 0.00325538544088176 0.197875715839786
0.93 1D 433694969.666667 433700850 6.7187181695893e-07 1155 0.00756218060606061 0.157490132086549
0.94 1D 434267438 434269267 6.80596758915021e-07 85 0 NA
0.95 1D 435767140.666667 435769610.666667 7.02492175702492e-07 553 0.00547217772151899 0.150568314293801
0.96 1D 436594306 436599601 7.13930569382346e-07 1044 0.00551352210727969 0.235984192315977
0.97 1D 437432659 437437008.5 7.33534519686398e-07 768 0.003061313203125 0.391145023402649
0.98 1D 438672143 438677427 7.71668894864884e-07 784 0.00309901637755102 0.0953990750290896
0.99 1D 439981355.777778 439985114.555556 7.42548789856351e-07 2373 0.00236571405815424 0.446528730980134
1 1D 443585459.071429 443589973.357143 7.21379312484028e-07 4290 0.0037824548997669 0.163061843769262
1.01 1D 446153839.2 446158836.6 7.29021767905843e-07 2148 0.00586432442271881 0.0183847987951221
1.02 1D 446981946.5 446985864 7.2825582144251e-07 739 0 Inf
1.03 1D 447968115 447972004.285714 7.2531057627782e-07 1008 0 Inf
1.04 1D 449163163.5 449166746.75 7.24921650200236e-07 308 0.00240136590909091 0.313429302343755
1.05 1D 449742046.4 449747452 7.27326287955261e-07 2044 0.00079048310665362 0.422423181637413
1.06 1D 451128789 451132397 7.38813049530761e-07 248 0.00349345 0
1.07 1D 451737271 451739395.666667 7.46887581545128e-07 332 0 Inf
1.08 1D 452494071 452500203.5 7.59288875583914e-07 974 0.00320265737166324 0.0742927129289593
1.09 1D 453274017 453278271 7.74903385554547e-07 656 0.00120907 0.28889477036069
1.1 1D 454394531 454399086.5 8.02456861524297e-07 454 0 Inf
1.11 1D 455637271 455640157.8 8.39948598392818e-07 1482 0.00103989553306343 0
1.12 1D 457224174.5 457229064.75 8.98235245533771e-07 1377 0 Inf
1.13 1D 458842059.615385 458846759.846154 9.57738667521297e-07 3532 0.00276900159682899 0.185062818656573
1.14 1D 461474354 461478506.571429 1.01208564627624e-06 1988 0.00511904823943662 0.180207012552704
1.15 1D 462658451.166667 462662406.333333 1.04338501748841e-06 1543 0.0115398213869086 0.0129089092292122
1.16 1D 463490591 463494658 1.10445679939063e-06 230 0.0115942 0
1.17 1D 464140500 464147926 1.14170428773417e-06 460 0 NA
1.18 1D 464512902.666667 464517485 1.15727490624447e-06 1547 0 Inf
1.19 1D 465292942.75 465296845 1.1772453245853e-06 1674 0.000282265770609319 0
1.2 1D 466124310 466131412 1.18035837954181e-06 1458 0 Inf
1.21 1D 467016328 467019324.5 1.16271500100385e-06 240 0 NA
1.22 1D 467985840.166667 467993116.333333 1.12908086304713e-06 2347 0.00434748335066042 0.112544331540643
1.23 1D 469078805.75 469084527 1.15099376049844e-06 1822 0.00210658383644347 0.717771660030628
1.24 1D 469783173.5 469785860.5 1.16261532394141e-06 1240 0.000592850322580645 0
1.25 1D 470584075 470587839.142857 1.15623796882182e-06 1297 0.0121733837316885 0.0300699859072323
1.26 1D 471561390 471567662.4 1.11734273442656e-06 1746 0.00556746380297824 0.281165463290758
1.27 1D 472116569.5 472120408.5 1.08015212803411e-06 811 0.00100409854500617 0
1.28 1D 472526935.666667 472530229.333333 1.05595047701203e-06 994 0 Inf
1.29 1D 473807556.75 473812095.75 1.02103484422738e-06 2836 0.00835177602961918 0.0571150407430759
1.3 1D 475327230.777778 475332210 9.92542353190174e-07 3340 0.00639977649550898 0.145842279565443
1.31 1D 476786196 476790483.923077 9.84242882683813e-07 2972 0.00616446986877524 0.0505229199692702
1.32 1D 478258399.5 478263063.25 9.92015451560388e-07 1325 0.00119905858113208 0.287995441354489
1.33 1D 478961323 478965638.4 1.00201238005677e-06 1522 0.0110705990998686 0.164944694820971
1.34 1D 479750606.666667 479756894 1.01795443385136e-06 1933 0.00489269722193482 0.0477441704869791
1.35 1D 480596972.571429 480602579.857143 1.0402902619383e-06 2651 0.00198015356167484 0.0886560771464632
1.36 1D 481637538.666667 481642496.333333 1.05754506026353e-06 1148 0.00427704136759582 0
1.37 1D 482217137 482218242 1.06049841476365e-06 166 0.00469667 0.295375233942346
1.38 1D 483066434 483070928.5 1.05837717269826e-06 1403 0.0055608006129722 0.0586084350965805
1.39 1D 483879050.8 483886553.6 1.05198520622478e-06 1902 0.00691309400630915 0.0518383228133618
1.4 1D 484678218.125 484683325.625 1.05082224899672e-06 3499 0.00330250038868248 0.135516170680366
1.41 1D 485630303.25 485635274.25 1.05147613424436e-06 2195 0.00525044387471526 0.13622948961294
1.42 1D 486153883 486157901.666667 1.05201162733837e-06 1134 0.017958681984127 0.156685462442147
1.43 1D 487213038.25 487217736.25 1.05333978273969e-06 882 0.00178795756235828 0.427480431772767
1.44 1D 488158308.333333 488164652.666667 1.05323772916889e-06 1869 0.000899329502407705 0.132129124269288
1.46 1D 490598491 490599939 1.04891394947515e-06 165 0 NA
1.47 1D 492813999 492820976.428571 1.04805968518512e-06 4067 0.00158129206540448 0.178017648924487
1.48 1D 494161954.285714 494166795 NA 2466 0.00201208142741281 0.137021624522491
0 2D 276881.333333333 283114 NA 962 0.00104953777546778 0.595390878633891
0.01 2D 672180 675387 1.63675003794495e-06 246 0.0533516 0
0.03 2D 2472602 2477802 1.55116453599258e-06 256 0.0545190984375 0.0628757158866032
0.04 2D 3055410 3058091.5 1.52408936685445e-06 350 0.0404879565714286 0.0813630265558757
0.05 2D 3773856 3790417 1.49011709750458e-06 1781 0.000455192 2.52796622084747
0.06 2D 4551240 4553710 1.4533230545736e-06 525 0.0146507268380952 0.090986202577599
0.07 2D 5128180 5132372.5 1.42524642028195e-06 881 0.0189640087627696 0.0273962688071146
0.08 2D 5293241.33333333 5296648.66666667 1.41716802697136e-06 901 0.0182910498335183 0.0139118585068312
0.09 2D 5750473.33333333 5756617 1.39449512572081e-06 747 0.00114201410977242 0.265987471769211
0.1 2D 6544777 6551864.5 1.35457445229177e-06 1101 0.00144596571662125 0.141308583944063
0.11 2D 7171466.33333333 7174692.66666667 1.32265975285021e-06 1010 0.0154381188118812 0.0892677012666346
0.12 2D 8424253 8431177 1.25707849912081e-06 639 0.0270776791862285 0.03940680544821
0.14 2D 10604162 10609282.5 1.13966163442667e-06 1290 0.0117363508527132 0.174597945298502
0.15 2D 11633154.6 11640131 1.05963835090182e-06 2114 0.00710537108798486 0.0615026957021403
0.16 2D 12598533.3333333 12605249.6666667 9.48011033153969e-07 846 0.0273658613475177 0.0807245289701016
0.17 2D 12786575.25 12790057 9.24668499210806e-07 1180 0.0142099211016949 0.0674277179189004
0.18 2D 13785665.6 13791672.4 8.51516721872853e-07 3090 0.00134713595469256 0.219889991474422
0.19 2D 14559687.75 14564423.75 8.53716800297913e-07 1060 0.0169272262075472 0.013014597052154
0.2 2D 15603333.3333333 15612279.6666667 8.85750226229152e-07 566 0 NA
0.21 2D 18174100 18178256.8 8.80538765586072e-07 1149 0.0175797158398607 0.0223494452362429
0.24 2D 22144303 22146318 1.05925612354944e-06 238 0 NA
0.25 2D 22704955.5 22708829.5 1.08896942947058e-06 343 0.0131945064139942 0.0513950776890382
0.27 2D 24630220.5 24635012.5 1.14813834901622e-06 1321 0.00123372311127933 1.1139721256209
0.28 2D 25167098.375 25174340 1.15167104441735e-06 2752 0.000541448869186047 0.152126818584316
0.29 2D 26516591.5 26521336.5 1.13736138041395e-06 335 0 Inf
0.3 2D 26979932.3333333 26989046 1.1236129321101e-06 1622 0.00301233235511714 0.0935619197358345
0.31 2D 27748884.1666667 27752142.6666667 1.11838023936849e-06 1272 0.0235561254716981 0.0765475060573583
0.32 2D 28309274 28318688 1.16049440489281e-06 2590 0 NA
0.33 2D 28994680 28999303.2 1.20172331774466e-06 2188 0.00775664729890311 0.0135389187968822
0.34 2D 29586502.5 29589142.75 1.2148430056502e-06 972 0 NA
0.35 2D 30434355.5 30441227.5 1.19650555244367e-06 1748 0.00740880160183066 0.169228870831258
0.36 2D 31805895 31811622 1.08079072254637e-06 506 0.00164271 0.272066889469231
0.37 2D 32249896.75 32256377.75 1.01890433857953e-06 1148 0.00483090975609756 0.0412349885980314
0.38 2D 32793492.5 32798717.5 9.61569407114963e-07 977 0.0202553547594678 0.0577039317189592
0.39 2D 34062019.2 34065884.4 9.33052054194288e-07 787 0.00908998025412961 0.0314656262415841
0.4 2D 35484603.1666667 35490838 8.983719263319e-07 3784 0.00295359967758985 0.36693895496161
0.41 2D 36429955 36435843.75 8.73853702040349e-07 2086 0.00232942659635666 0.0464941357600981
0.42 2D 37572995.6 37576636.6 8.42526853737547e-07 1582 0.00779997271175727 0.0557910724416186
0.45 2D 43325165.5 43331997 6.48343102226166e-07 78 0 Inf
0.46 2D 44033364.5 44038002.5 6.21990576391103e-07 1158 0.00171564816062176 0.399408941036937
0.47 2D 46090555.3333333 46098494.5 5.58652655484363e-07 3658 0.000827433039912521 0.150166767321382
0.48 2D 47862631.5 47867842 5.1851414123593e-07 601 0 NA
0.49 2D 49751558 49756721.3333333 4.91211354674989e-07 3085 0.000271613776337115 0.953239078274578
0.5 2D 51593202.2 51600317.6 4.80845997153954e-07 2626 0 Inf
0.51 2D 54073140.6666667 54074732.3333333 4.88781223108388e-07 432 0 Inf
0.52 2D 55600703.6153846 55606641.5384615 5.08935088296721e-07 4947 0.000647041605013139 0
0.53 2D 58021597.6 58026877 5.30745723152727e-07 1097 0.00427088450319052 0.0487862300036991
0.54 2D 60119906.2 60124337.6 5.18525593729751e-07 2132 0.00651786766885554 0.0826818841862069
0.55 2D 62185707.3333333 62190223 5.10656075034391e-07 3169 0.00384277761123383 0.111864574133889
0.56 2D 63631297 63641301 5.07091412338199e-07 1408 0.00282606154119318 0.0575247120598149
0.57 2D 66985283.2857143 66990158 4.7719851795633e-07 1304 0.00949083441717791 0.127903029284288
0.58 2D 67690836 67697166.3333333 4.70819905313191e-07 2315 0 NA
0.59 2D 69853863.6666667 69857696 4.51056040915821e-07 1124 0.00627481252669039 0
0.6 2D 72343502 72347843.2 4.27921915441232e-07 1816 0 NA
0.61 2D 73717107 73721759.3333333 4.14995689815162e-07 986 0.000833672576064909 0
0.62 2D 75359744.4166667 75364481.3333333 3.98979461579823e-07 4945 0.000150223609706775 0.307206848705149
0.63 2D 77783831.4166667 77790843.1666667 3.74529845258428e-07 5118 0.000912626678389996 0.198895319384954
0.64 2D 80252563.9 80257784.7 3.51987484566455e-07 4026 0.00229784743914555 0.413633456272823
0.65 2D 82959082.3333333 82964532.8888889 3.29974897777736e-07 2710 0.000293347058302583 1.72847984120488
0.66 2D 86552888.5454545 86563940.6363636 3.05294905312417e-07 4380 0.00092208471826484 0
0.67 2D 89100503.6153846 89104541.4615385 2.91019388175424e-07 3707 0.000452169080118694 0.68679570949555
0.68 2D 95373260.4705882 95378096.7058824 2.61441109074737e-07 6261 0.00120512307618591 0.511654740647657
0.69 2D 100942472.882353 100946276.941176 2.17783362516446e-07 3005 0.00467301600998336 0.125757998227699
0.7 2D 109011446.952381 109015952.571429 1.85978856572763e-07 6880 0.000801688280232558 0.29249492982412
0.71 2D 115651524.913043 115655885.608696 1.65498095112506e-07 8069 0.00359522503408105 0.14342843591706
0.72 2D 120842277.230769 120846910.692308 1.52616437210586e-07 7509 0.00115567858436543 0.106567443242266
0.73 2D 127220036.222222 127225694.666667 1.4100641193307e-07 2964 0.00106339967948718 0.219450353802979
0.74 2D 131691203.277778 131696876.111111 1.28678884995082e-07 5852 0.00053116757518797 0.442739168103489
0.75 2D 136596084.666667 136601887.25 1.17943187523722e-07 4292 0.00106997340167754 0.230949535584348
0.76 2D 145155020.315789 145160359 9.98411605728339e-08 7225 0.0004408392816609 0.580987758923423
0.77 2D 170144378.405172 170150356.077586 4.82280802803912e-08 38957 0.000787926297199476 0.250951776675131
0.78 2D 195813194.833333 195819362.611111 1.84619969485288e-08 7985 0.000718211213149656 0.238046314918846
0.79 2D 207954025.325 207962412.775 1.05752286715784e-08 16768 0.000141868185233779 1.05898795295145
0.8 2D 298981557.333333 298990320.655556 1.03165328560708e-08 67917 0.00019548887671717 0.402475124828557
0.81 2D 353236919.244898 353243571.55102 4.68027400315035e-08 18796 0.00102080898276229 0.178105756334642
0.82 2D 371878394.157895 371883279.894737 6.17876822005456e-08 12299 6.11614414180015e-05 1.53372778832185
0.83 2D 382621882.294118 382627489 6.79760982465283e-08 13470 0.00142955072590943 0.426236192104753
0.84 2D 398312917.791667 398317256.354167 7.43091095209809e-08 14253 0.000891521020136112 0.314894225902155
0.85 2D 414705371.157895 414710009.684211 7.90464341358461e-08 5769 0.000793046968278731 0.0489228003826182
0.86 2D 422720420.1 422725264.2 7.9549048797447e-08 9533 0 Inf
0.87 2D 439977757.310811 439982637.418919 8.64646250084845e-08 23420 0.00191639831127242 0.135704659754673
0.88 2D 455184015.15 455188433.35 9.49769154160639e-08 6474 0.000688455514365153 0.55081331577019
0.89 2D 460837974.777778 460843426.166667 9.7243895589718e-08 7132 0.000213763655356141 1.80950422238869
0.9 2D 470918893.333333 470924969 1.00695266720428e-07 7085 0.00444081545518701 0.142489260024675
0.91 2D 478521614.32 478526422.32 9.64616666594959e-08 6739 0.000906333678587327 0.336950012232426
0.92 2D 489722534.125 489727519.34375 8.91450136849583e-08 10092 0.000155713908045977 0.87510844213904
0.93 2D 497948116.615385 497953270.153846 9.03949259879812e-08 4447 0 NA
0.94 2D 509479711 509486170.791667 1.0288224771475e-07 6273 0 Inf
0.95 2D 517659971.928571 517665698.678571 1.18970840036535e-07 8260 0.000189602828087167 0.146855401876904
0.96 2D 525638731.857143 525643656.928571 1.37969382011109e-07 10062 0.00064141573126615 0.237666992424812
0.97 2D 534262457.76 534266314.2 1.5494797704483e-07 8498 0.00201283896928689 0.146539376974968
0.98 2D 539734561.7 539740396.4 1.68359179939675e-07 10114 0.00141232840963022 0.201894999743157
0.99 2D 546199515.666667 546203864.904762 1.87204539317681e-07 5808 0.00246261454373278 0.241043312785117
1 2D 552100560.75 552105101.5 2.11097329209769e-07 558 0.00134558817204301 0
1.01 2D 554418812.777778 554423472.333333 2.13566264923315e-07 2653 0.00611250163965322 0.0276915782058901
1.02 2D 557936652 557939946.666667 2.30635300232521e-07 2743 0.00107207676266861 0
1.03 2D 561756673 561762896.4 2.53352120841919e-07 1098 0 NA
1.04 2D 566138440.421053 566143291.894737 2.72827189537754e-07 7568 0.000201168212209302 0.68622620608169
1.05 2D 571579412.916667 571584285.083333 3.06426907141188e-07 3356 0.000967071927890346 0
1.06 2D 574700346.2 574705162.4 3.3159455660374e-07 2381 0.00243411049979 0.234371256168735
1.07 2D 578145234.6 578150002.8 3.73822929585265e-07 3229 0.00751399282130691 0.07620115202083
1.08 2D 580171170.833333 580175663.833333 4.02771424552314e-07 2102 0.00682503051379638 0.126911631684316
1.1 2D 584787728.666667 584790992.166667 4.26472449947998e-07 687 0.00147164902474527 0.140860899211302
1.11 2D 587787334.2 587792096.8 4.20638506116758e-07 2210 0.000211342235294118 0
1.12 2D 589145046.25 589149455.25 4.19998391120118e-07 1038 0 NA
1.13 2D 590349022.625 590353777 4.17842903545496e-07 2983 0 Inf
1.14 2D 593054827.428571 593062804.714286 4.16889835631954e-07 3249 0.000472886848261003 0
1.15 2D 595371527.916667 595375784.083333 4.22677356914008e-07 2886 0.00469715817740818 0.0844202570544693
1.16 2D 598105352 598111035.5 4.43224055509821e-07 1428 0.0011018431302521 0
1.17 2D 601151576.636364 601156520.727273 4.64415357391756e-07 2806 0 Inf
1.18 2D 604892974.333333 604896744 4.69994487002012e-07 1047 0 NA
1.19 2D 606998075.5 607003064.75 4.79995544994461e-07 2760 0.00545383357246377 0.156286644605165
1.2 2D 608864995.545455 608870382.909091 4.86048716354017e-07 5033 0.00219480241247765 0.209341487260775
1.21 2D 610813387.142857 610818338.285714 4.82971076426153e-07 1751 0.0027555467447173 0.0967081720337154
1.22 2D 612034540.666667 612038995.333333 4.76627252408503e-07 1306 0.0028637482388974 0.062170946033096
1.23 2D 613331600.166667 613337232.333333 4.65806304606977e-07 1812 0.00614037588852097 0.123104745249456
1.24 2D 615281131 615284924.5 4.41714175109851e-07 351 0 NA
1.25 2D 617005560.75 617010276.75 4.12859540517325e-07 5361 0.00224602040664055 0.133003904669906
1.26 2D 619809933.111111 619813710.888889 3.89396180791396e-07 1657 0.000494870247435124 1.96187475243902
1.27 2D 622158833.181818 622164428.909091 3.55978431698607e-07 1959 0.0019360719754977 0.184275313656396
1.28 2D 624733549.454545 624737722.636364 3.31423707030181e-07 3423 0.00335882210049664 0.120694383035426
1.29 2D 628151574.545455 628156787.272727 2.98884727235138e-07 4414 0.00506687948572723 0.0878257752514648
1.3 2D 634181590.84 634186120.52 2.41177485052838e-07 8327 0.00313500213762459 0.061619322826058
1.31 2D 644581042.254902 644586152.117647 1.78526152990974e-07 19341 0.00426690808799959 0.119801591496466
0 3D 2022375.22222222 2027581.55555556 9.04280615856759e-07 3861 0.00136246805749806 0.176220883655959
0.01 3D 3887313.28571429 3892134.85714286 9.29100534786184e-07 2872 0.00330206736768802 0.138717350964695
0.02 3D 6260453 6265164.5 9.66984062064026e-07 4242 0.00547167703677511 0.157143592414628
0.03 3D 7315562.44444444 7321227.22222222 9.82311913813044e-07 3669 0.00774999048242028 0.0965836006892741
0.04 3D 8486638.66666667 8492398.33333333 9.97454639068206e-07 1345 0.00666473435687732 0.0761452704377219
0.05 3D 9184669.66666667 9187061.66666667 1.00559875469108e-06 595 0 NA
0.07 3D 10642509 10644759 1.02121473377754e-06 250 0 Inf
0.08 3D 11652670 11657637.8571429 1.02725313556414e-06 2086 0.00993266500479386 0.0548826919374732
0.09 3D 12308079.6666667 12310890 1.03109305673509e-06 651 0.00119695852534562 0
0.1 3D 13305056 13309424.25 1.05369098999514e-06 1312 0.0167418245426829 0.0422279657629399
0.11 3D 13959738.4 13962525.8 1.063509898764e-06 709 0.0177799497884344 0.225597929504022
0.12 3D 14807879.6666667 14811824 1.07092788778626e-06 523 0.00135655956022945 0
0.13 3D 15563411.5 15567788.5 1.0799339963444e-06 410 0.0237053890243902 0.0703060048247751
0.14 3D 16389778.5 16394853 1.09360586477376e-06 2033 0.00581772119035908 0.246911630869157
0.15 3D 17070242 17083322.6666667 1.09632296177205e-06 299 0.00450885652173913 0.172806355622205
0.18 3D 19710143.5 19713794.5 1.10276107358593e-06 113 0.00749125690265487 0
0.19 3D 21004883 21005972 1.20693226838003e-06 80 0 NA
0.2 3D 22047120 22052398 1.26047788850451e-06 401 0 NA
0.21 3D 22283156.8333333 22288220.1666667 1.26693181912863e-06 1959 0.000366088973966309 1.18691734283292
0.22 3D 23112796 23116005 1.27428646512039e-06 693 0.00109462878787879 0.306091036811981
0.23 3D 23669446 23673272.5 1.26522617057576e-06 435 0.00577318 0.180818474393662
0.25 3D 25126814.5 25130889.5 1.18811242126333e-06 815 0.0276311116564417 0.0716689722388154
0.26 3D 26210773 26214769 1.08077119382157e-06 251 0 NA
0.27 3D 26449214 26453950 1.05144118125485e-06 226 0 Inf
0.3 3D 28941890.25 28945728.75 8.42534695265056e-07 1077 0.000461094298978644 0
0.31 3D 30091933.2857143 30098599.2857143 7.85516760383036e-07 3028 0.00575152800528402 0.112277558451126
0.32 3D 32265565 32272759 7.09662271125776e-07 234 0.0255659 0.15593857442922
0.33 3D 33033872 33040943.5 6.93481380837326e-07 2600 0.00108198402692308 0.163947786773633
0.34 3D 36664885.6 36668776.5 6.09270085889582e-07 2411 0.00098751596847781 0.287557770356684
0.35 3D 39626355.8888889 39630489.2222222 5.59427801053656e-07 2629 0.000598190604792697 0.438235098605653
0.36 3D 42319781.5833333 42323478.9166667 5.35561295039758e-07 3521 0.00844838844646407 0.0928804150408272
0.37 3D 44543085.6875 44547736.0625 5.52683604121828e-07 4544 0.000529378703785211 0.76288521236588
0.38 3D 46661911.625 46668674.875 5.33319016173305e-07 3641 0.000682852177973084 0.728776405705268
0.39 3D 48773068.7777778 48777335.3333333 5.01802351283811e-07 3149 0.00327241984757066 0.109756570064032
0.4 3D 50483807 50491829.25 4.77225435887857e-07 596 0.00224571890939597 0
0.41 3D 51688592 51696138 4.60390894673247e-07 305 0 NA
0.42 3D 53443342.6666667 53447576.3333333 4.36741437970491e-07 1902 0 NA
0.44 3D 57094928 57098066.5 3.90446400366085e-07 812 0 NA
0.45 3D 58684235.75 58688743 3.71550881553707e-07 2480 0.000329763 0.277763272410792
0.46 3D 61631601 61636600.8333333 3.38386288747944e-07 1759 0.00137905734508243 0.279628089792672
0.47 3D 63875233.3333333 63879124.9166667 3.14948560383588e-07 2830 0.000805153660777385 0.101211749471556
0.48 3D 66913243.25 66920123 2.85615746657417e-07 3186 0.00051728803829253 0.136501086910427
0.49 3D 70022075.2 70027794.1 2.57871520002778e-07 4691 0.000103444091451716 0.477500347738964
0.5 3D 81721681.6428571 81727388.0238095 1.85551521997168e-07 13088 0.00265130531861247 0.26946642189745
0.51 3D 93256397 93264153 1.26350710440072e-07 601 0 NA
0.53 3D 94990254.7777778 94994524.1111111 1.18806443340503e-07 2052 0 NA
0.54 3D 96244322 96248324.6666667 1.135133424006e-07 1652 0 NA
0.55 3D 110217065.416667 110222317.25 6.65190143299005e-08 14087 0.000611323087953432 0.105514256536003
0.56 3D 131095086.9375 131100878.729167 2.68142365448986e-08 13045 0.000425846040628593 0.126182550116994
0.57 3D 147905997.6 147911156.52 2.57715243609504e-08 7843 0 NA
0.58 3D 167016505.064516 167021584.693548 2.61960898538904e-08 20299 7.55608928518646e-05 0.540480240166086
0.59 3D 243123413.402367 243133303.526627 1.70090487320094e-08 66909 1.95690547459983e-05 2.12426547865484
0.6 3D 308098112.948276 308104315.431035 3.97180647932709e-08 21957 0.00025296712529034 0.207966443470428
0.61 3D 328958605.857143 328964753.595238 3.46076478695493e-08 14076 0.00151837279340722 0.0632224627722025
0.62 3D 345221474.72093 345227530.232558 3.97241065860129e-08 17276 0.00275825130383191 0.157286229927693
0.63 3D 366864913.658824 366870571.647059 6.70737700014968e-08 26454 0.00151704627345581 0.225954039486487
0.64 3D 385705429.782609 385710484.73913 1.07529636673221e-07 14493 0.000752627780307735 0.246558611952234
0.65 3D 396117937.583333 396122437.583333 1.37595486021832e-07 7282 0.00109691155314474 0.172591373507726
0.66 3D 402502168.521739 402507724 1.59858388857976e-07 7012 0.00121236995222476 0.206322814114546
0.67 3D 409566491.923077 409572466.153846 1.89580756359705e-07 3706 0.000650019293038316 0.09619988032237
0.68 3D 415112442.107143 415117275.428571 2.07587194993036e-07 10901 0.000144304728006605 0.727340902654145
0.69 3D 420508342.736842 420515897.789474 2.19818669403445e-07 7067 0.00155799075845479 0.145981337987713
0.7 3D 426092923.764706 426101452.823529 2.26935087067875e-07 8687 0.000360247195119144 0.29348589945234
0.71 3D 430147199 430151256.125 2.36514158585062e-07 3102 0 NA
0.72 3D 434441558.2 434445721.1 2.48867354087024e-07 2460 0.000937288069105691 0.198109343872706
0.73 3D 437906738.285714 437910361.357143 2.57130798113641e-07 3436 0.000621172124563446 0.356113140193455
0.74 3D 441440497.75 441444745.833333 2.63954385473063e-07 3832 0.00285599710464509 0.0546787884076922
0.75 3D 444052044.75 444058590.5 2.68078885454188e-07 5206 0.000462928077218594 1.13852635911241
0.76 3D 448001897.4 448007123.8 2.72586249159625e-07 2002 0.000731677087912088 0
0.77 3D 450435961.75 450442343.5 2.74435066578792e-07 1407 0.000508381663113006 0.32499895567271
0.78 3D 454348941.384615 454352928.076923 2.77984024945217e-07 2686 0.000856713574087863 0.300568546969387
0.79 3D 456754099.307692 456757646.153846 2.80131551035484e-07 3036 0 NA
0.8 3D 459489597.615385 459495888.846154 2.81786718152077e-07 4818 0 Inf
0.81 3D 462620434.125 462624573.75 2.82689169212766e-07 1725 0.00230732052173913 0.231383981404216
0.82 3D 465545070 465550192.666667 2.82609173980537e-07 2745 0.000267661639344262 0.318144050504457
0.83 3D 469357925 469362601 2.81109450139021e-07 2363 0.000648538781210326 0
0.84 3D 473023457.5 473028082.625 2.78180457554657e-07 3041 0.00051234530746465 0.144448953522488
0.85 3D 477057014.25 477063003.916667 2.7328070741225e-07 3740 0.000644893040106952 0.0945571552869997
0.86 3D 480236094.7 480239759 2.67714113671588e-07 2472 0.00180901266990291 0.152814569691921
0.87 3D 483748655.444444 483753849.333333 2.5532183505955e-07 2395 0.00528157319415449 0.109932913801431
0.88 3D 488189512.25 488195813 2.40005814804258e-07 4639 0.00100845322914421 0.345167205916912
0.89 3D 491407612.5 491413331.5 2.3518138197474e-07 2306 0 Inf
0.9 3D 497232364.227273 497236683.090909 2.40247901596034e-07 6882 0.00205825804272014 0.208492479969115
0.91 3D 502308216.722222 502313329.777778 2.43730725853636e-07 5248 0.00312490299733232 0.111255011255401
0.92 3D 506547307.307692 506552340.307692 2.30869467650326e-07 6230 0.00811219967255217 0.0890100027012879
0.93 3D 509739424.181818 509743214.545455 2.29989238964386e-07 3403 0.000231356015280635 0
0.94 3D 514624119.0625 514629032.875 2.44836431116413e-07 5793 0.000710951736578629 0.494644065193913
0.95 3D 518213938.363636 518217748 2.55245222979774e-07 3478 0.00498096265669925 0.199483705010818
0.96 3D 522781478.625 522786348.625 2.60771087988934e-07 3805 0 NA
0.97 3D 525979376.3125 525984778.375 2.66033326332916e-07 4080 0.00044786993872549 0.250715620756825
0.98 3D 530570762.5 530574477.3 2.88598695422279e-07 2911 0.000538598608725524 0.291750844805681
0.99 3D 533918959 533922802.833333 3.04040094575541e-07 1190 0.00333853145378151 0.229996413433358
1 3D 536393041.875 536397845.375 3.18216419575907e-07 2419 0.0016066072467962 0.29411678020107
1.01 3D 539554503.5 539559125.5 3.43038491154207e-07 1589 0.0023870568722467 0
1.02 3D 542797059.5 542800533.75 3.76094412887288e-07 732 0 NA
1.03 3D 544361759 544366119.333333 3.98513312226283e-07 2603 0.000889678985785632 0.492851811856668
1.04 3D 546883799.066667 546888424.533333 4.41662257698776e-07 4403 0.00143312184419714 0.0721335982091816
1.05 3D 549334978.714286 549339783.857143 4.72041737622258e-07 2856 0.00272583781512605 0.0287434023060368
1.06 3D 551840886.833333 551845022.166667 5.06961915581519e-07 1787 0 NA
1.07 3D 554510393.25 554515423 5.53656858350459e-07 2020 0.00147733702970297 0.156417594837487
1.08 3D 555965106 555976517 5.66454336644138e-07 2267 0 Inf
1.09 3D 558972599 558977871.25 5.27322426638083e-07 2070 0.000399839956521739 0.273550145444063
1.1 3D 560669959 560673489 4.7997289792892e-07 451 0.00168776 0
1.11 3D 561276693 561280072.5 4.63484099571129e-07 343 0.0242382469387755 0.251685592874342
1.12 3D 562577524 562581206.333333 4.22045350991373e-07 765 0.00302145555555556 0.799863274139396
1.14 3D 565236704 565240536.333333 4.22023560699197e-07 919 0.00174102309031556 0.431572548783775
1.15 3D 570186583 570189662.5 4.16740728631337e-07 260 0.0292483907692308 0
1.16 3D 573851840.333333 573855404.666667 4.46063796397541e-07 847 0 Inf
1.17 3D 575966267.5 575970833.25 6.35036044252326e-07 994 0.000825633792756539 0.276523632554999
1.18 3D 577491037 577492676 7.32926960465068e-07 100 0 NA
1.19 3D 578514420.5 578517632 7.86457848525932e-07 110 0.0148067681818182 0.27926384402219
1.2 3D 579726218 579733444 8.40535912502353e-07 477 0 NA
1.21 3D 580719827 580722316 8.77069944001353e-07 369 0 NA
1.22 3D 581624628.5 581629988 9.07533105976476e-07 571 0 Inf
1.23 3D 581998814.5 582002790.5 9.30562688215982e-07 240 0 NA
1.24 3D 583323915 583329114 1.03812073296735e-06 862 0.00178790553364269 0
1.25 3D 584064491.333333 584071256.666667 1.08919492674838e-06 1637 0.000793228894318876 0.177286745166038
1.27 3D 586082504 586088297.666667 1.17021794165394e-06 1415 0 NA
1.28 3D 586954193.5 586958215.5 1.17846053163015e-06 575 0.0055687467826087 0
1.29 3D 587634055.666667 587639570.666667 1.17274057191159e-06 1360 0 NA
1.3 3D 588393624 588396164 1.15647821665452e-06 224 0 Inf
1.31 3D 589615913.5 589618728 1.11348305836867e-06 117 0.00636604615384615 0.295165698791425
1.32 3D 590935693 590942224 1.11670390262339e-06 117 0.00695652 0
1.33 3D 591530061 591534722.5 1.10857670461484e-06 439 0.0017650623690205 0
1.35 3D 593152520.5 593157572 1.09448022681176e-06 381 0 NA
1.36 3D 594502374 594509478 1.08337120591329e-06 870 0.0146817163793103 0.0355739366421677
1.37 3D 595065936.333333 595071034.333333 1.06304052272049e-06 1503 0.00207836829673985 0.147152277049059
1.38 3D 596912028 596915547 9.73379670328619e-07 217 0 NA
1.4 3D 598621624 598625476.5 8.93554959521685e-07 843 0 NA
1.44 3D 601917967 601925473 8.39242228673895e-07 483 0.00161616 0
1.45 3D 603094419 603100439.333333 8.49353653485158e-07 747 0.00557085729585007 0.331171383282056
1.46 3D 604202863.636364 604208083.181818 8.49079013931903e-07 4320 0.00182057155787037 0.203727447528424
1.47 3D 606996245.357143 607001453.5 8.33377509370654e-07 6432 0.0013467153715796 0.149463110810191
1.48 3D 609511209.833333 609515112.5 8.12829094247884e-07 2298 0.0026543179329852 0.379459085092479
1.49 3D 610206114.666667 610211696.666667 8.10027419701823e-07 1340 0.00174726955074627 0.0983813423676834
1.5 3D 611306727.857143 611310007.714286 8.05136747422576e-07 1366 0.00168553497803807 0.098922498671171
1.51 3D 611918053 611919686 8.0204523381903e-07 45 0 NA
1.53 3D 612893125 612902319 7.96489615194158e-07 1644 0.00130642559610706 0
1.54 3D 613630203 613636698 7.91834839663841e-07 2079 0.00072580455988456 0.711196759320376
1.55 3D 614204249 614208876 7.87942240021488e-07 59 0 NA
0 4D 1697295 1700929.47058824 2.05268033695648e-06 4351 0.00263494584923006 0.0807957843706898
0.01 4D 4517321.6 4522390.8 1.93361247779379e-06 2150 0.00245522437209302 0.352258823349333
0.03 4D 5620318.33333333 5624568.33333333 1.88629214167697e-06 702 0.0283631542735043 0.0884156510927767
0.04 4D 6036461.33333333 6041367.66666667 1.86857605924621e-06 909 0.012081650660066 0.0420137905718329
0.05 4D 6492055 6495568 1.84932295239492e-06 59 0 NA
0.06 4D 6597174.8 6601892.4 1.84486343563107e-06 1622 0.00978939383477189 0.0872501077690665
0.07 4D 6896320 6899884 1.832296722521e-06 271 0.00299065 0
0.08 4D 7107798 7112439 1.82339986465315e-06 568 0.00571939 0
0.09 4D 7525439.5 7528830 1.805563089683e-06 188 0.00414690223404255 0.295389693732166
0.1 4D 7747939.57142857 7753260.14285714 1.79596928964955e-06 3553 0.0111692530931607 0.0232208380659371
0.11 4D 7996940 7999137.5 1.78536679981002e-06 520 0.0119449367307692 0.408331389719342
0.14 4D 8700574 8706801.33333333 1.75524558742069e-06 1032 0.0064412105620155 0
0.15 4D 8890176 8891654 1.74728245487831e-06 44 0 NA
0.16 4D 9335954.25 9344580.5 1.72822513618376e-06 3028 0.00354930275726552 0.170724053559157
0.18 4D 10248867.3333333 10256133 1.6897424051587e-06 455 0.0122287175824176 0
0.2 4D 10980964.75 10988254.25 1.65907118588007e-06 953 0 NA
0.21 4D 11478793.5 11485046.5 1.63834311145706e-06 2634 0.002111275738041 0.327732333467604
0.22 4D 11901992 11907231.8 1.62079223187722e-06 1250 0.001320956704 0.137237687390548
0.23 4D 12458543 12464968 1.59775350538049e-06 124 0.0271318 0
0.24 4D 12609775.3333333 12614110.8333333 1.59156325278428e-06 1703 0.00625082084556665 0.0426432027308893
0.25 4D 13128209.25 13133220.25 1.57023568175971e-06 1365 0 NA
0.28 4D 14766407 14770307.5 1.50352905625886e-06 366 0 Inf
0.29 4D 15329700.5 15334581.6666667 1.48077980811105e-06 1686 0.00475566453143535 0.085681439468128
0.3 4D 15823947.7142857 15828883.2142857 1.46092780404811e-06 4419 0.0109786558135325 0.0779226530378659
0.31 4D 16517186.7 16521980.3 1.43317669645359e-06 3261 0.0042422494633548 0.131374017251946
0.32 4D 17287479.3333333 17292633.8888889 1.40039939722107e-06 2034 0.00841490092920354 0.0134685634790982
0.33 4D 19403583.4444444 19407782.3333333 1.31039526143896e-06 2848 0.00574478005266854 0.113070729776982
0.34 4D 20485332 20487595 1.26534417526803e-06 305 0.0025856582295082 0.278108034411658
0.35 4D 21458537.5 21466620.5 1.22517225381898e-06 4273 0.00385167569810438 0.0700649274692235
0.36 4D 21992615.1428571 21996496.8571429 1.20346011560535e-06 1562 0.00889736016645327 0
0.37 4D 23160993 23167763.1666667 1.15624276142558e-06 2101 0.01229000223703 0.0223702445873096
0.39 4D 25585393.5 25591754 1.06054405967915e-06 1950 0.00312505777435897 0.0377607233439029
0.4 4D 26884898.1428571 26890316.1428571 1.01049311980585e-06 2472 0.00224455265372168 0.0842335936884635
0.41 4D 28735070.8 28744041.6 9.40538277298102e-07 5498 0.00299653527319025 0.139607716071102
0.42 4D 30395849.5 30399512 8.75324443194323e-07 1724 0.00549583926334107 0.0710216321429805
0.43 4D 32175457.6666667 32181166.2222222 7.51343753953273e-07 3033 0.00582500286185295 0.0901080864630302
0.44 4D 35766626.9333333 35772878.3333333 4.94482672384667e-07 4408 0.00542934180580762 0.0769742358565364
0.45 4D 39793007.4285714 39796852.1428571 2.85523693123037e-07 1570 0.00337788527388535 0
0.46 4D 43631281 43636877.8571429 1.68605072650794e-07 8742 0.000149301723289865 0.173777584527911
0.47 4D 48805454.4375 48810694.25 1.30656447185038e-07 3858 0.000196091776049767 0.908490638195154
0.48 4D 52176254.25 52180078.875 1.55845535291679e-07 3411 0.00133794402814424 0.182385912524813
0.49 4D 55409368 55413485.625 1.54955446218749e-07 1535 0 Inf
0.5 4D 58783996.6363636 58792997.3636364 1.02729660110846e-07 3979 0.000582140811761749 0.495252983967208
0.51 4D 75895873.5555556 75901746.4444444 6.67047468169809e-08 30498 0 Inf
0.52 4D 96242395.6153846 96247731.4615385 5.3573748351312e-08 10949 0 Inf
0.53 4D 107408515.257143 107413750.828571 5.40101504682433e-08 10404 0 Inf
0.54 4D 137562152.741935 137569098.817204 2.32902456646628e-08 32288 9.57216451932607e-05 0.591122499485935
0.57 4D 233269491.942308 233284273.961538 8.19121970035527e-09 24562 3.18837513231821e-05 1.75159032608561
0.58 4D 280007522.727273 280022377.363636 1.93138418888862e-08 8515 9.09330405167352e-05 0.77024907333749
0.59 4D 303471622.448718 303478050.974359 2.26231005943978e-08 30965 5.11418679799774e-05 1.24997186835275
0.6 4D 338982156.943089 338986734.943089 2.98322723715475e-08 39868 3.33554153456406e-05 0.970322281211513
0.61 4D 366841279.859649 366846004.666667 8.91103457559024e-08 21044 0.000438601275042768 0.301080375858889
0.62 4D 378539564.5 378545124.714286 1.16522008043233e-07 4981 0.00126315325235896 0.149120592343675
0.63 4D 381089574.909091 381094393.181818 1.27321261501504e-07 5249 0.00135329247666222 0.162714324404033
0.64 4D 387480569.608696 387484772.130435 1.19551702887384e-07 6216 0.00039701578989704 0.366003413132681
0.65 4D 395620957.115385 395625986.192308 1.11802279810615e-07 6969 0.000335549354283254 1.07434630972154
0.66 4D 405546116.461538 405551725.717949 1.23265563568752e-07 14241 0.000865800506986869 0.248672937540398
0.67 4D 418159696.631579 418165712.157895 1.51632348262049e-07 7626 0.00219137875753999 0.173218338383158
0.68 4D 422885289.9375 422890340.625 1.64474294323535e-07 4097 0.0017346046936783 0.12897604921293
0.69 4D 428336943.857143 428342643.952381 1.80652130576842e-07 7503 0.000313951088364654 0.771269013578297
0.7 4D 432684266.5 432689462.5 1.94653777412218e-07 1384 0.00121072559248555 0.269386340257838
0.71 4D 435782055.133333 435787052.266667 2.05231790118169e-07 4900 0.00375660347142857 0.113218585094417
0.72 4D 440836295.733333 440841022.066667 2.14315172386679e-07 3731 0.00257236004288395 0.0732218570581331
0.73 4D 444804524.833333 444810082 1.99791769668564e-07 6559 0.000606824626924836 0.343799206844892
0.74 4D 449545173.454545 449549530 1.97109109045829e-07 4441 0.0010859396104481 0.234705989849195
0.75 4D 455465343 455468640.461538 2.51161429001093e-07 2397 0.000332738823529412 0
0.76 4D 459326640.333333 459330617 3.28363068375273e-07 1946 0 NA
0.77 4D 460800891.571429 460804126.714286 3.68479923611421e-07 2053 0 NA
0.78 4D 463199167.111111 463203483 3.92373324406547e-07 2498 0.00387117850280224 0.189452181561549
0.79 4D 465534485.454545 465538903.454545 3.74545755386135e-07 3008 0.000735434122340426 0.415956233134554
0.8 4D 468807119.944444 468812580.277778 4.13357224104598e-07 6594 0.00255895496511981 0.0398666685397142
0.81 4D 469990877.5 469993496.5 4.45538278667921e-07 196 0 NA
0.82 4D 474135117.555556 474142051.888889 6.50150289928771e-07 4603 0.00155501213339127 0.286474057730262
0.83 4D 476129838.333333 476135062.333333 7.91867254770627e-07 981 0.00397399066258919 0.0589577893549023
0.84 4D 477103259.166667 477110754.833333 8.73030953261366e-07 2881 0.000829807318639361 0.191198597462156
0.85 4D 478016876 478023507 9.55516838224657e-07 1517 0 NA
0.86 4D 479363047 479366348 1.08845322849572e-06 275 0 NA
0.87 4D 479818594 479826531.5 1.1369360031931e-06 1266 0.000645838007109005 0.277841668259714
0.88 4D 480861378 480865190.75 1.33402087829213e-06 872 0 Inf
0.89 4D 481136064.333333 481140327 1.41128481308678e-06 1921 0.00250215893284748 0.0948409493352239
0.9 4D 481786997.5 481789639.5 1.56076774371173e-06 993 0 Inf
0.91 4D 482541955.333333 482549154.833333 1.57616100441572e-06 3269 0.00218738667788314 0.127835350904094
0.92 4D 483086183.2 483090781.6 1.48359042738122e-06 1855 0 NA
0.93 4D 483678755 483684553 1.44620711873179e-06 78 0 NA
0.94 4D 484515517.333333 484520529.333333 1.38021404142494e-06 1458 0 Inf
0.95 4D 485451546 485457685 1.28886469186865e-06 441 0 NA
0.97 4D 486181976 486186469 1.20437339667996e-06 438 0.0112613063926941 0.234957999187504
0.98 4D 486886425.625 486889115.25 1.11176113379094e-06 1746 0.000868149702176403 0.307385630317584
0.99 4D 487643095 487644413 1.00057711835094e-06 212 0 NA
1 4D 489125042.571429 489128327 6.96631010127601e-07 2059 0.00477648564351627 0.200608211836324
1.01 4D 494100223.777778 494106827.333333 4.93209935495563e-07 4013 0.000197848554697234 0.868607341936764
1.03 4D 497134389 497138921.333333 8.93499811040117e-07 1067 0.000738576494845361 0
1.04 4D 497990814 497994394.5 9.91214842209251e-07 915 0.00854255921311475 0
1.05 4D 498686134.5 498690408 1.06759437755205e-06 593 0 Inf
1.06 4D 498921813 498930363 1.09310007657407e-06 1940 0.000803326581958763 0
1.07 4D 499463008 499467028.666667 1.12908876399014e-06 1360 0.00058094775 0.87101763505258
1.08 4D 500148022 500161406 1.1897877741121e-06 2413 0.000323998640696229 0.294319121945839
1.09 4D 500721783 500725505.75 1.29834336179934e-06 967 0.00777096918304033 0.248655643963868
1.1 4D 501320196 501325645 1.47538018008691e-06 273 0 NA
1.11 4D 502442609.5 502446406 1.96036234066642e-06 2165 0.0024520122817552 0.305356852597359
1.12 4D 504084859.375 504089068.75 2.56478525734361e-06 3298 0.00357387735597332 0.152884502734328
1.13 4D 504339499 504344372 2.77226059342016e-06 352 0.00237389 0
1.16 4D 505339186.5 505342335 3.10354554925772e-06 512 0 NA
1.17 4D 505427738 505432457 3.07149578258463e-06 734 0.00115663 0.529740712241598
1.21 4D 505983762 505988144 2.64345342213718e-06 440 0 NA
1.22 4D 506167612.5 506170110.5 2.41585076838613e-06 209 0 NA
1.25 4D 508957028.136364 508963189.045455 1.15683913822297e-06 11714 0.00320206012412498 0.154557860185408
0 5D 554527 558722 NA 513 0.0057971 0
0.02 5D 1872592.5 1878555 8.97537709056527e-07 801 0.00611886142322097 0.0463622029507827
0.03 5D 2663968 2669672.5 8.70726806700462e-07 866 0 NA
0.04 5D 3658605 3661995.5 8.35371815089734e-07 690 0.00223370608695652 0.149934577434577
0.05 5D 5194822.5 5198704.5 7.77194484988952e-07 584 0.0117042082191781 0
0.06 5D 5900671.5 5910466 7.48903276855727e-07 1587 0.000507292260869565 0.283403575302427
0.07 5D 7005753.66666667 7011077.33333333 7.03099065471512e-07 1800 0.0025844924 0
0.08 5D 7898650.1 7901326.4 6.64407522022459e-07 1966 0.00873461969989827 0.0272328445147856
0.09 5D 8330877.66666667 8339382 6.45029455371133e-07 1982 0.00320521940464178 0.288846766309453
0.1 5D 9120488.5 9123721.5 6.0946554404295e-07 470 0 Inf
0.11 5D 10101858 10106548 5.72228133140364e-07 700 0.00100195657142857 0.669814249149093
0.12 5D 13619965.8 13625669.2666667 4.68504920464021e-07 5110 0.00264704241976517 0.120744502014836
0.13 5D 22613708.6666667 22618448.5 2.40087736471121e-07 1820 0.00775187256593407 0.22421935694691
0.14 5D 25300148.3333333 25303774 3.63833066396309e-07 829 0.00520478600723764 0.0518926094652236
0.16 5D 28276569 28281000.8571429 4.12903768054685e-07 1997 0.00101038598898348 0.115014030394647
0.17 5D 29911872.25 29915620.75 4.51685619292205e-07 932 0.00171119094420601 0
0.18 5D 33191592.25 33196955 5.68049880110395e-07 1961 0.000365570280469148 0.329763956566879
0.19 5D 36434939 36438803.1666667 6.61202603694614e-07 1586 0.00280961346784363 0.158124137004158
0.2 5D 37349102 37355164.6666667 6.82085520398193e-07 1574 0 NA
0.21 5D 40137040.5 40139470 6.74854011714632e-07 399 0.00381069423558897 0
0.22 5D 40912608 40916515 6.5786686029195e-07 236 0 NA
0.23 5D 41456178.5714286 41459542.8571429 6.5312242886271e-07 2321 0.00136531804394657 0.0723322269505249
0.24 5D 42481560 42483718 6.40608703814872e-07 328 0.00245745731707317 0.581418727963416
0.25 5D 43588072.75 43593123.75 6.16310375359721e-07 1853 0.000418483086886131 0.773260315350654
0.26 5D 44753911.8 44758230.2 5.93521184768224e-07 1899 0.00855584964507636 0
0.27 5D 45513858 45516981.6666667 5.90751018070662e-07 604 0.00242081529801324 0
0.28 5D 46309145 46312912 5.85361100772254e-07 250 0 NA
0.29 5D 47023818 47035761 5.78025927267768e-07 524 0 NA
0.3 5D 49403118.4 49408578.8 5.37385082066139e-07 1887 0.00124552830418654 0.195428329340338
0.31 5D 52072820.9230769 52076902.3846154 4.71484655318254e-07 3168 0.00862872312815657 0.11126548375361
0.32 5D 86502765.9391892 86508211.9324324 1.69567587887514e-07 53844 0.00204531787255776 0.178482614726099
0.33 5D 116741713 116747451 5.0118143789295e-08 48 0 NA
0.37 5D 116958786 116968730 4.94930611113363e-08 1243 0 Inf
0.46 5D 117264378.5 117267745 4.86336184033483e-08 170 0.00551791611764706 0
0.47 5D 117342860 117345201 4.84124661441701e-08 247 0 NA
0.52 5D 117739586 117745517 4.72853664508308e-08 488 0 NA
0.55 5D 119353114.833333 119357606.583333 4.27828389740907e-08 3053 0 Inf
0.56 5D 136967753.434211 136975378.986842 1.40920156679578e-08 30949 0.000149301101166435 0.34914280108109
0.57 5D 185369615.6 185379773.166667 0 11523 6.657998620151e-05 0
0.58 5D 214011173.971429 214017865.657143 0 27917 5.63883554823226e-05 0.955879416797572
0.59 5D 256433861.30814 256439657.127907 8.64882200804311e-09 63122 0.000164323236209246 0.59218560312249
0.6 5D 289027197.222222 289031982.577778 6.72731465980187e-08 13109 0.000595994742543291 0.109199457469228
0.61 5D 299583226.958333 299587721.583333 9.96011378402818e-08 8692 0.00062323184997699 0.0423537874264239
0.62 5D 310274129.172414 310278639.413793 1.38564796791267e-07 9438 0.000170291159143886 0.277049598485065
0.63 5D 320074970.428571 320080072.142857 1.88274108252351e-07 7487 9.78459516495258e-05 0.193869173164862
0.64 5D 327001583.15 327006194.3 2.22337151235985e-07 5569 0.000571052612677321 0.431946909494773
0.65 5D 330777622.090909 330784360.181818 2.39224872021826e-07 3740 0.00541482934491978 0.167596890826905
0.66 5D 334166427.285714 334173910.857143 2.55434535451632e-07 1572 0.000570358396946565 0.247316873882031
0.67 5D 336928344.8 336935231.2 2.70181008276601e-07 3173 0 NA
0.68 5D 339754400 339758617.142857 2.84485304093597e-07 1464 0.00110724665983607 0.278942158443514
0.69 5D 342602224 342607312.666667 2.98233289160757e-07 1427 0.000588121093202523 0
0.7 5D 346056656.444444 346059450.444444 3.13823382213433e-07 2165 0.00107362627251732 0.197504012302732
0.71 5D 350189770.272727 350193193 3.30854240225457e-07 2173 0.00357090299125633 0.173041298848924
0.72 5D 352549687.75 352554123.125 3.40202477233354e-07 2275 0.00143707626373626 0.072946840020267
0.73 5D 355725465 355730426.083333 3.53661917911384e-07 3794 0.000191002606747496 0.635910352867175
0.74 5D 358539521.8 358542757.8 3.6655770674884e-07 729 0.00213881021947874 0.451797860899357
0.75 5D 361420564.916667 361426061.75 3.80780327383162e-07 2622 0.00058235703279939 0.152931044173087
0.76 5D 364784306 364789356.1 3.98560004873799e-07 3310 0.00221756034743202 0.309890932030821
0.77 5D 367196739.636364 367201106.545455 4.12142719173129e-07 2447 0.000690090028606457 1.32216964518942
0.78 5D 369474192.666667 369478308.166667 4.25506379731427e-07 1899 0.0110106228225382 0.135945621347428
0.79 5D 371461215.666667 371465629.333333 4.37762185034585e-07 2623 0.00128763614182234 0.0670984011225445
0.8 5D 373832243 373838247 4.53248748110798e-07 237 0.00697168 0.137096797328621
0.81 5D 375740280.555556 375745273.777778 4.64995332200954e-07 3391 0.00756963571512828 0.227759562245919
0.82 5D 377975371.25 377978677 4.78010018686388e-07 1497 0.00106294201736807 0.287929590311661
0.83 5D 379324985 379327715.666667 4.85485520133358e-07 620 0.00129274509677419 0
0.84 5D 381755180.8 381759303.4 4.98087375923795e-07 2663 0.00820263494555013 0.0632304733164048
0.85 5D 384114111.625 384119493.125 5.09404283571535e-07 2510 0.000330050868525896 1.1035954327359
0.86 5D 385412233.6 385417922.2 5.15203212584799e-07 1690 0.00855996273964497 0.341408726324967
0.87 5D 387560957.333333 387564733.5 5.24186990113098e-07 1886 0.000398914103923648 0.609683897962656
0.88 5D 389309538.333333 389313557.166667 5.30923951548999e-07 2931 0.000842988481746844 0.555838289799701
0.89 5D 390441061.5 390444688 5.35010948466052e-07 779 0.00160340182284981 0
0.91 5D 393834916.2 393838310.4 5.45931009317585e-07 1161 0.00134195838931955 0.148128899303831
0.92 5D 396354595.5 396357831.75 5.52772833056187e-07 1009 0 Inf
0.93 5D 397000006.75 397006182.125 5.543426381223e-07 3869 0.00246132053243732 0.167947754236922
0.94 5D 398606739.333333 398613588.666667 5.57964520448325e-07 834 0.00484437700239808 0.169202692170672
0.95 5D 399477635 399482339.916667 5.59736768576913e-07 3060 0.000735503156862745 0.28704388866941
0.96 5D 400895699 400903146 5.62371298311859e-07 256 0 NA
0.97 5D 402757349.166667 402762869.5 5.65279046446082e-07 2767 0.000546567032887604 0.304553792136267
0.98 5D 404989117.333333 404993047 5.67980097969401e-07 1228 0.00200195099348534 0.186985108850372
0.99 5D 406420739.25 406425601.75 5.69297186808994e-07 1532 0.00353088148172324 0
1 5D 408351529.5 408355644.333333 5.70485397029165e-07 1391 0.0145462273687994 0.158564905507501
1.01 5D 410177005 410180639.8 5.71037217352551e-07 1189 0 NA
1.02 5D 412866484.3 412870768.1 5.68873721589033e-07 1799 0.00133835757643135 0.280953256870376
1.03 5D 415441710.428571 415446264 5.51915983036884e-07 1460 0.000521951061643836 0
1.04 5D 417897254.5 417900704.25 5.40955519963398e-07 775 0 NA
1.05 5D 420269662.25 420276064.25 5.4117352577837e-07 2076 0 Inf
1.06 5D 421733552.333333 421737469.5 5.46080095405355e-07 1554 0.00272329226512226 0.0543903371387259
1.07 5D 423353496 423358117.875 5.56308907028288e-07 2885 0.00341692303986135 0.214933583454279
1.08 5D 425692217 425695124.8 5.7710009621302e-07 930 0.00396014155913978 0.0642347028080198
1.09 5D 426859681.25 426863766.5 5.84267465811225e-07 845 0.00281849773964497 0
1.1 5D 429182520.333333 429186598.111111 6.0719119833208e-07 3020 0.00746294701324503 0.0502652731155379
1.11 5D 431576802.714286 431584345.714286 6.37398371575663e-07 2777 0.0076685684335614 0.333133003354972
1.12 5D 432752804 432755546.333333 6.53461035338628e-07 558 0.00210166738351254 0
1.13 5D 434397396 434397866 6.82864005613466e-07 16 0 NA
1.14 5D 435063611.333333 435066826.166667 6.92139553144197e-07 1203 0.000383156691604323 0.986653635254237
1.15 5D 436254284 436258562.666667 7.10902065722823e-07 1123 0.00147419476402493 0.137022657137145
1.16 5D 437719728.5 437723976 7.22518486276365e-07 689 0.00984157433962264 0.172432776192521
1.17 5D 439429562.75 439437379.25 7.37716782391247e-07 187 0.00943574064171123 0.130770936650867
1.18 5D 440851920.25 440857259.75 7.73658165110848e-07 913 0.00345859569550931 0
1.19 5D 443003983.111111 443010590.555556 8.18467701738942e-07 3162 0.00478510839879823 0.0242117318086605
1.2 5D 444304627 444308277 8.40354190211541e-07 611 0 Inf
1.21 5D 444971809.166667 444977429.333333 8.49870893427827e-07 3830 0.00347885174673629 0.137131300561577
1.22 5D 445619473 445625960.5 8.58121893147926e-07 1779 0.000907867032040472 0.140835979693956
1.23 5D 446718092 446722338.142857 8.69480152989164e-07 1833 0.000855502629569013 0.147139848147896
1.24 5D 448717032.571429 448724341.428571 8.83153287199268e-07 2401 0.00160586282382341 0.0586148738863122
1.25 5D 450053365 450055664 8.87256457751538e-07 568 0.00262263121478873 0.156310067408717
1.26 5D 450654755.5 450660880.833333 8.8755046531471e-07 3254 0.00758625774431469 0.202689249100654
1.27 5D 451492328.666667 451500220 8.86417398607958e-07 870 0 NA
1.28 5D 452023419 452028122 8.84912098284369e-07 1346 0.000608851054977712 0.277026712140149
1.29 5D 452590561.333333 452594810.833333 8.82509880859653e-07 1650 0.000939538472727273 0.29950666300065
1.3 5D 453406278 453410936 8.77689869556267e-07 170 0 NA
1.31 5D 453844257.25 453850464.5 8.74411429014513e-07 2448 0 NA
1.32 5D 454586514.6 454590897.2 8.67759622560788e-07 2232 0.0010834016218638 0.29072406858456
1.34 5D 456412208.222222 456416976.555556 8.45766442397096e-07 3520 0.00382928784090909 0.0678492403331702
1.35 5D 457890925.571429 457895223.857143 8.22236657732499e-07 1771 0.000854037267080745 0.457430578512397
1.36 5D 459525417 459530939 7.89397615485611e-07 2489 0.000333912669746886 0
1.37 5D 461477743.4 461483904.066667 7.4204765465092e-07 6789 0.00150111169244366 0.193788295426297
1.38 5D 464316679 464323492.466667 6.53775803985682e-07 6381 0.000829460855665256 0.11366363955982
1.39 5D 466312064.153846 466315956 6.11128976943714e-07 4116 0 Inf
1.4 5D 469495556.6 469500536.266667 6.10605704295526e-07 4925 0.00337200208852792 0.0972474025996843
1.41 5D 473111422.25 473115916.375 5.43777514286735e-07 4155 0.00420407146570397 0.0520216621204062
1.42 5D 475509524.4 475513811.2 5.2137589498385e-07 1422 0.000556885443037975 0
1.43 5D 477098356.222222 477101465.333333 5.17001812389969e-07 2060 0.00439006613592233 0.0920621552128595
1.44 5D 478437964 478441830.25 5.19281935680959e-07 1567 0.00104462121250798 0.687518614210344
1.45 5D 479944729.4 479949609 5.28662948047723e-07 3929 0.00597445205650293 0.0292041253030088
1.46 5D 481204590.666667 481208113 5.41881929410489e-07 1305 0.000661790383141763 0
1.47 5D 481956524.5 481960920.5 5.52035104997045e-07 739 0.00205821368064953 1.06366758210285
1.48 5D 483737109.333333 483740220.111111 5.83474428117034e-07 1863 0.00520801590982287 0.144397885128075
1.5 5D 486865977.5 486871376.5 6.34245117390213e-07 814 0.00986158611793612 0.0566819962116674
1.51 5D 488351475 488356168.6 6.20384559812583e-07 3185 0.005671868288854 0.0612061889850985
1.52 5D 489875448.625 489880166.25 6.42702775410245e-07 3379 0.00716282391417579 0.0675270263883004
1.53 5D 491084914.75 491093253.75 6.68245583337279e-07 2346 0.00174545532821824 0
1.54 5D 492668604.666667 492673779.333333 6.88850382930405e-07 1442 0.000548774306518724 0.286782502501635
1.55 5D 493795331.5 493799715.5 6.99931775759349e-07 409 0.00201526105134474 0
1.56 5D 494730137.666667 494734931.5 7.08840318475026e-07 1531 0.00205492406923579 0.296048811718996
1.57 5D 495862226 495865727.5 7.19156044500797e-07 734 0.000681198310626703 0.451048156922378
1.58 5D 497424223.857143 497429690 7.3269287220006e-07 2280 0.00372795368421053 0.108252725638109
1.59 5D 498493722.714286 498505322.571429 7.41520152476712e-07 1755 0.00318593046153846 0
1.6 5D 499600095 499602619 7.5012912234129e-07 633 0 NA
1.61 5D 500868730.714286 500873023.714286 7.59515162913363e-07 2091 0.00287581158297465 0.0761559481559246
1.62 5D 501726459.25 501733653.75 7.65552036669486e-07 1749 0.00127288749571184 0.104014776253033
1.63 5D 503178692.666667 503184325 7.75156509281936e-07 972 0 NA
1.64 5D 503663583 503667476 7.78204523887457e-07 178 0.00453258 0.282624906785981
1.65 5D 505502347.5 505504850.5 7.88988329115809e-07 271 0 NA
1.66 5D 506231118.25 506237246.75 7.92943145726776e-07 240 0.00732008083333333 0.474118603198485
1.67 5D 507774783 507780329.6 8.00672411028171e-07 1928 0.00445571099585062 0.123910502615251
1.68 5D 509164692.333333 509167759 8.06909663679879e-07 938 0.0108913475479744 0.0447124299291196
1.69 5D 509766063.333333 509767864.666667 8.09417224221946e-07 309 0.00499195870550162 0
1.7 5D 511152516.75 511155531.25 8.14656678185953e-07 1354 0.00111977194017725 0
1.71 5D 512480253.166667 512485578.333333 8.19088937409168e-07 1623 0.00303232329020333 0.0452558822627599
1.72 5D 513744731 513747803.5 8.22704892411995e-07 354 0.00437610644067797 0.450292822797202
1.73 5D 515260733 515264450.5 8.26308606031111e-07 823 0.00309437755771567 0.088299933615734
1.74 5D 517292641.7 517298216.3 8.2983416199475e-07 3407 0.00258821326093337 0.155229308044462
1.75 5D 519261819.714286 519267677.571429 8.31899228574728e-07 1948 0.00280033235112936 0.126519963413994
1.76 5D 520364763.571429 520370625.142857 8.32444885175067e-07 4424 0.00165319558273056 0.343412825946502
1.77 5D 521497838.5 521502039.75 8.32580191616584e-07 1702 0.000985117461809636 0.13456655917105
1.79 5D 524698965.285714 524702368.571429 8.30475957979874e-07 1178 0.00254404638370119 0.308204048051681
1.8 5D 526088288.461538 526093247.076923 8.45952378222405e-07 2652 0.00324916006033183 0
1.81 5D 527202817.777778 527207763 8.82890450913268e-07 2344 0.000644169304607508 0
1.82 5D 528715329.857143 528721564.571429 9.42402106079745e-07 2989 0.00102972847440616 0.224320492052784
1.83 5D 529728518.375 529732744.75 9.76919976307287e-07 1990 0.0055912871758794 0.067618799345372
1.84 5D 530923124 530925403.333333 1.01292728600123e-06 476 0.00323010817226891 0
1.85 5D 532255334.8 532258189.8 1.04602218448188e-06 816 0.00283187142156863 0.400167795054531
1.86 5D 533419103.5 533424796.5 1.06925165301382e-06 998 0.00762168637274549 0.396032215320617
1.87 5D 533997131.8 534001397.2 1.07879914146077e-06 2128 0.00177129754229323 0.121805703810588
1.88 5D 535066321 535069324.5 1.09279709744951e-06 256 0.00604838671875 0
1.89 5D 536165543.5 536171696.5 1.10232029593749e-06 1129 0.00278335569530558 0.219123295227255
1.9 5D 536662787 536666990.5 1.10517394247161e-06 656 0 NA
1.91 5D 537732660.833333 537737033.166667 1.10770342857608e-06 2856 0 NA
1.92 5D 538661398.333333 538668785.333333 1.10629991754712e-06 4487 0.00835157533987074 0.0909807018108258
1.93 5D 539215410 539220758.8 1.10379714323855e-06 1785 0.000466348235294118 0.2913690205898
1.94 5D 540106288.4 540110353.4 1.09716774347549e-06 1508 0.00153068275862069 0.201204625317597
1.96 5D 541607250 541611954 1.07890040834517e-06 533 0.00147059 0.293340087991894
1.98 5D 542936234.8 542940284.8 1.04653453517528e-06 1550 0.00546949219354839 0.133118529291078
1.99 5D 543670560 543674137 1.02342095565522e-06 631 0.00985897958795563 0.131496122855248
2 5D 544611899 544615156 9.74840153618513e-07 265 0.00580762 0
2.01 5D 545792092.666667 545795853.333333 8.96940953188243e-07 623 0 NA
2.02 5D 546874763.5 546879535.083333 8.016550102444e-07 3548 0 Inf
2.03 5D 548231550.333333 548237148.333333 7.11808379331519e-07 1571 0.00101576523233609 0.142567735977625
2.04 5D 549738854.571429 549743346.285714 5.89487142233946e-07 2587 0.00439426248936993 0.173647033990468
2.05 5D 550863910.333333 550867276.333333 6.1762196296395e-07 1297 0.00306542041634541 0.345005511626056
2.06 5D 554007785 554011832.571429 6.50023384929343e-07 1470 0.0222210418911565 0.0348376972170593
2.08 5D 556741215.333333 556746142.666667 7.14218970730491e-07 811 0.0111008494451295 0.129724051399228
2.09 5D 557383756.875 557388034.75 6.12022041452254e-07 3438 0.00435088641361257 0.291235756684511
2.1 5D 558466722.5 558470923.9 4.73508264607333e-07 4401 0.00354152293796864 0.235477803054449
2.11 5D 562850035.354839 562854937.322581 1.32126056454404e-07 9984 0.00345785775841346 0.0535844588598381
0.01 6D 1680482.5 1684098.75 8.8933365583973e-07 1111 0.00713338271827183 0.0180543813457957
0.02 6D 2372268.83333333 2377273 9.38017047978473e-07 3158 0.00786123567764408 0.0279892348383188
0.03 6D 3740294.66666667 3743968 1.05657981970666e-06 952 0.00678162433823529 0.142031701066908
0.04 6D 4549970 4554131.25 1.13241564799674e-06 1169 0 NA
0.05 6D 5994581 5999878 1.25870457516413e-06 228 0.00361097368421053 0
0.07 6D 7052676 7059144.33333333 1.37330578360207e-06 1580 0.000499413924050633 0
0.08 6D 7470176 7473640 1.41627387716195e-06 969 0 NA
0.09 6D 7992534.66666667 7994533 1.44743027445445e-06 300 0 NA
0.1 6D 8667544 8672051 1.4575117412597e-06 1768 0.00131280324660633 0.494108271834147
0.11 6D 9318608.8 9323647.6 1.47855078522378e-06 1851 0 NA
0.12 6D 10094510.2 10097455.4 1.43564451186093e-06 1556 0.00310499538560411 0.0935779822514297
0.13 6D 10801364.5 10807649.5 1.33241410739286e-06 2268 0.0030937537037037 0
0.14 6D 12184457 12189181.6666667 9.14773214460379e-07 698 0 NA
0.15 6D 13308968.4 13317133.2 1.00641666944615e-06 1496 0.00167052527406417 0.368245165657872
0.18 6D 15515266 15523093 8.8920674559036e-07 609 0.00519481 0.0724875404490251
0.19 6D 16670270.5 16678579.5 8.41854386856013e-07 2104 0.00908096784220532 0.0715716062061051
0.2 6D 17593534 17597565 7.55484433456643e-07 811 0.0224662224784217 0.0248784254769032
0.22 6D 21942149 21946101.5 1.14580827293453e-06 822 0 NA
0.23 6D 23075148 23077733 1.61234452382925e-06 222 0 NA
0.24 6D 23832531 23836586 1.91035153059135e-06 625 0.0101266 0
0.25 6D 24230216 24232544 2.01834971103921e-06 275 0 NA
0.26 6D 24643765 24647753 2.09427810017561e-06 915 0.00173388990163934 0.433597548620674
0.27 6D 24879376 24882286 2.12395423077084e-06 85 0 Inf
0.29 6D 25652197.5 25654917 2.13438683001208e-06 486 0.0137996738683128 0.0687805927899978
0.3 6D 25816841.25 25819490 2.12038079399026e-06 748 0 NA
0.31 6D 26248306 26251079 2.05725222364537e-06 361 0 NA
0.34 6D 27373079 27376272 1.84825202513985e-06 291 0.00563572474226804 0.139610397806482
0.35 6D 27520417 27527535 1.86164040201425e-06 720 0.00220083 0
0.36 6D 28295207 28301806 1.89175273067822e-06 12 0.05 0
0.37 6D 28697497.5 28701420 1.88184577482183e-06 264 0 NA
0.39 6D 29875101 29879488 1.75215173154182e-06 245 0.00972316 0.576937950213717
0.4 6D 30875515 30880318.5 1.53336636860746e-06 839 0.00846356460071514 0.161589067472522
0.41 6D 32296642 32299935 1.28934941715465e-06 128 0 NA
0.42 6D 32697604.6666667 32702902.5 1.25183086652333e-06 1345 0.00114037900371747 0.298826994033471
0.43 6D 33894946 33896451 1.13954192147021e-06 122 0 NA
0.44 6D 34407380 34410415 1.09097152866107e-06 852 0 NA
0.45 6D 35137731.75 35141412.5 1.02142733188603e-06 562 0.0014877768683274 0
0.46 6D 36793040 36797874 8.62321276173709e-07 917 0.00599601148309706 0.167376183818799
0.47 6D 37920912 37926334 7.52901840056245e-07 423 0.00366972 0
0.48 6D 39712624 39721402.5 6.37576924898503e-07 1311 0.00224421780320366 0.387019511458881
0.49 6D 41840935.25 41847781.25 5.32082389355765e-07 1618 0.000987988025339926 0.568639230960087
0.5 6D 48989056 48994159.75 3.96960571518446e-07 5516 0.00155997646482959 0.20379576799504
0.51 6D 53528665.8333333 53535302.5 3.35394716118914e-07 3708 0 Inf
0.52 6D 56238807.75 56242891.5 3.13244778109934e-07 1562 0.00551347970550576 0.10647310404521
0.53 6D 57485245 57490472.4444444 3.06743779741607e-07 3911 0.00308699109179238 0.207425285049174
0.54 6D 59195580.2 59201590.8 3.00884987160771e-07 3206 0.00125935827510917 0.281774031191157
0.55 6D 60217026 60222286.75 2.99318344737701e-07 1818 0.0100604448844884 0.0254355275249131
0.56 6D 61143342 61147557.5 2.99213135360742e-07 696 0.00114122577586207 0
0.57 6D 62802370.3333333 62809141.1666667 3.02158009946881e-07 2409 0.00741393247820672 0.0514505301271226
0.58 6D 65495225.75 65503690 3.14822037973552e-07 3085 0.00361617630145867 0.123383042519202
0.59 6D 67175469 67178299 3.28267559827723e-07 844 0.0202037679620853 0.013352518467861
0.6 6D 69280324.875 69284637.625 3.3556387537086e-07 2747 0.00346448508918821 0.167941253103595
0.61 6D 72593916.2 72599061.4 3.32901358124407e-07 1919 0.00121941845752996 0.292473282846339
0.62 6D 75324498.5 75330482.5 3.30014141893557e-07 592 0.00138734967905405 0
0.63 6D 78964434 78969115 3.26951039964897e-07 2717 0.00164729401545823 0.155810330574059
0.64 6D 83910021.7692308 83916275.9230769 3.07047118201891e-07 4825 0.00210287420103627 0.0926838352547752
0.65 6D 88317806.125 88321251.125 2.67830933405339e-07 2082 0.010117740129683 0.0974561670206627
0.66 6D 91877153.7 91884259.2 2.35560323102462e-07 4491 0.00273018371854821 0.0737267438856675
0.67 6D 95337526.75 95345201.5 2.08872521420209e-07 1134 0.00213226666666667 0.188658217997888
0.68 6D 99768207.1 99772233.8 1.74670291818866e-07 3188 0.00176128460476788 0.490367686068476
0.69 6D 109239428.622222 109245435.688889 1.07933427944184e-07 14572 0.00136465453815537 0.184782641492795
0.7 6D 147049139.959184 147057623.14966 4.66383730509765e-09 51257 0.00123639288124549 0.237637784538953
0.71 6D 217556207.21875 217571038.15625 3.25191997522042e-08 16207 0.000480763913123959 0.441444970998868
0.72 6D 243478124.75 243485913.5 6.52920273105069e-08 1524 0.000563174291338583 0.537772715080232
0.73 6D 247350667 247356069.5 6.95569282291163e-08 778 0 Inf
0.74 6D 254174794.764706 254182277.470588 7.66792870342955e-08 6715 0.000686800139985108 0.148474872282306
0.75 6D 262895942.9 262903291 8.53031807932709e-08 3336 0.000448881735611511 0.770433039279258
0.76 6D 264595771.666667 264603157.333333 8.68915544266923e-08 1159 0 Inf
0.77 6D 265173638 265180559 8.74251554173748e-08 359 0 Inf
0.78 6D 267137547 267142154.125 8.92141206641724e-08 2604 0.000629815053763441 0.698786012571413
0.79 6D 270517616.384615 270522856.461538 9.2214135601907e-08 5878 0.000686742986560055 0.338566459993491
0.8 6D 272975999.75 272980041.75 9.43294339376031e-08 2429 0.000652911445039111 0.443426723598432
0.81 6D 276571428.2 276577052.7 9.73289223383219e-08 2987 0.00136654089722129 0.111680164761061
0.82 6D 277982259 277988953.666667 9.84736386696166e-08 1803 0.00140478785357737 0.537313688528554
0.83 6D 283677765.25 283682656.75 1.02906858213797e-07 959 0.00159667938477581 0
0.84 6D 285730781.166667 285735118.25 1.04427190453587e-07 2534 0.000329341266771902 0.270683891406631
0.85 6D 290193069.615385 290198054.153846 1.07611792116232e-07 2978 0.000241614157152451 0.629333458193144
0.86 6D 293503304 293511014.083333 1.09852062279734e-07 4450 0.000915040523595506 0.168462412027565
0.87 6D 297866526.75 297871922.75 1.12653624492323e-07 2672 0 NA
0.88 6D 304141368.176471 304148167.294118 1.16388403658489e-07 7257 0.000686901146203665 0.71704887033785
0.89 6D 307327496.666667 307332846.238095 1.18140301046212e-07 5937 0.00130597558025939 0.294635378368886
0.9 6D 313697359.8125 313702655.6875 1.21371229797799e-07 4955 0.00212723658728557 0.0866659046061179
0.91 6D 319380483.75 319386063 1.23943546671205e-07 6964 0.000438567805858702 0.546974469336545
0.92 6D 327629383.5 327632654.642857 1.27151039347665e-07 2872 0.00165274764275766 0.141227106950456
0.93 6D 336144306.636364 336150172.090909 1.29797536306773e-07 6315 0.00152746289311164 0.211759991055376
0.94 6D 350626970.375 350631442.357143 1.30007811257019e-07 17093 0.00177535762294507 0.210934993477638
0.95 6D 363371686.291667 363377500.583333 1.27259110526198e-07 13549 0 Inf
0.96 6D 371370066.411765 371374610.470588 1.49696136054517e-07 5325 0.000843930407511737 0.102300247296719
0.97 6D 375745863.818182 375750886.090909 1.73235629706992e-07 5455 0.000600128223648029 0.0708971439913424
0.98 6D 379653602.388889 379657251.111111 1.91093538491639e-07 4366 0.00130871709803023 0.278856248435328
0.99 6D 382019720.625 382024366.625 1.95744012456403e-07 2592 0.000915635925925926 0.15942142846886
1 6D 385467575.714286 385472257.928571 2.12242890940739e-07 4273 0.000362204666510648 0.148750739597209
1.01 6D 387903596 387908693.5 2.30349847883059e-07 3863 0 Inf
1.02 6D 391791187.347826 391795840.913043 2.50350011664684e-07 6169 0 Inf
1.03 6D 399952948.588235 399958947.823529 2.91165566278354e-07 16216 0.000290517617784904 0.693817610758797
1.04 6D 405767218 405771613.181818 3.53926761546433e-07 3462 0.00322798990179087 0.0815813954126823
1.05 6D 409793433.846154 409799099.076923 4.5709543719376e-07 4915 0.00176180050254324 0.105658292692658
1.06 6D 412110567.333333 412115299.222222 5.13208068565066e-07 2305 0.00137992543167028 0.335216655990076
1.07 6D 414406481.2 414412926.6 5.61555704538349e-07 2450 0.00227647695918367 0.286177887957574
1.08 6D 417754195 417758589 6.2590170990756e-07 415 0 NA
1.09 6D 419110184.5 419121575.5 6.49938996711635e-07 1378 0.00296059825834543 0.0557155758637807
1.1 6D 420537900 420541977.555556 6.7380328177501e-07 1853 0.000490208931462493 0.404550020881104
1.11 6D 422121162.714286 422127325.714286 6.98821218281146e-07 3815 0.000397966972477064 0.149686643253654
1.12 6D 423768657 423772473 7.23188528737573e-07 544 0.00135998551470588 0.316299514003258
1.13 6D 424730045.5 424738741 7.36594123931798e-07 1655 0 Inf
1.14 6D 426024041.25 426032545.25 7.53646997178066e-07 2059 0.000394426208839242 0.56050683070686
1.15 6D 427398777.5 427401808 7.70533862752356e-07 270 0.0131132503703704 0.161343572867885
1.16 6D 428529403.666667 428534600 7.82417664087354e-07 1476 0.00487542208672087 0.190607970430744
1.17 6D 429014978.75 429019532.875 7.83172937672725e-07 2621 0.000934250019076688 0.279508268021329
1.18 6D 429836321 429844955 7.85328968806466e-07 753 0 NA
1.19 6D 430856622.5 430864655.5 7.89685661458249e-07 345 0 NA
1.2 6D 431543128 431549036 7.93694081482769e-07 2836 0.0033287370909732 0.0974833351639428
1.21 6D 432542485 432550743 8.00914646001848e-07 1999 0.000389218937468734 0.589354771663535
1.22 6D 433382512 433386678 7.99665199156626e-07 604 0.00255406976821192 0
1.23 6D 433990705.6 433994334.8 7.98885638717157e-07 1177 0 Inf
1.24 6D 434533277.166667 434537150.166667 7.99633070930985e-07 1742 0.000432227508610792 0.30508932766411
1.26 6D 436558802 436563308.833333 8.15269800293017e-07 1020 0.00187631364705882 0.151233103132262
1.27 6D 437592421 437599246.4 8.29890276256071e-07 4328 0.00016493595194085 1.65129696622282
1.28 6D 438803104.714286 438811333.142857 8.23205110309568e-07 4226 0.00188665876242309 0.198010506791747
1.29 6D 440007191 440010098.5 8.20008748096233e-07 335 0.0200102626865672 0.206600433986262
1.3 6D 440365647.5 440369573 8.21162293245505e-07 423 0 Inf
1.31 6D 442575384.333333 442580098.222222 8.57127500089164e-07 3513 0.000223151998292058 1.34407497237934
1.32 6D 446154910.2 446159753.2 9.87127166201595e-07 2003 0.00433445876185721 0.420628888014863
1.33 6D 447854842.25 447858737 1.00396842160164e-06 1049 0 NA
1.34 6D 448687140.166667 448691964.666667 1.07302645444307e-06 1377 0 Inf
1.35 6D 449811338 449812975 1.25376430212829e-06 117 0 NA
1.36 6D 450105256 450109881.5 1.29432156216197e-06 566 0 NA
1.37 6D 451039274.272727 451043796.363636 1.40106700454109e-06 3802 0.00904159134665965 0.127481441679316
1.38 6D 451709567.25 451715125.5 1.45866123341152e-06 2054 0.000370175607594937 0
1.39 6D 451907708 451913442 1.4727848302703e-06 494 0 NA
1.4 6D 452735812 452739910 1.51494267208496e-06 387 0 NA
1.41 6D 452995598.75 452999954.5 1.52301642367311e-06 1224 0 NA
1.42 6D 453809467 453815198 1.53239052768754e-06 591 0 NA
1.43 6D 454169979.75 454174321 1.52852589686662e-06 1528 0.00319281636125654 0.140028050945683
1.44 6D 454483237.5 454488404 1.52183403849138e-06 977 0.0161480931422723 0.0145467543344176
1.45 6D 455404624 455410225.5 1.57571348866164e-06 891 0.00262847297418631 0.198111153816859
1.46 6D 455975968.8 455978790.4 1.66631317505811e-06 786 0.00305847701017812 0.285558923323331
1.47 6D 456645762.285714 456649840.142857 1.75017308626177e-06 1470 0.00790989453061225 0.130753904304834
1.48 6D 457471571 457473456 1.80400226957593e-06 80 0 NA
1.49 6D 458360206 458365689 1.79477551608772e-06 754 0.0020712 0.147395229818463
1.5 6D 458766203 458769952 1.76811097825713e-06 352 0 NA
1.51 6D 459693961 459700262 1.65390936739069e-06 632 0.00251309 0.144216084581133
1.52 6D 459829226 459838904.5 1.63082388342559e-06 1871 0.000881769909139498 0.137563104186196
1.53 6D 460682886 460687532.166667 1.45090081983058e-06 1944 0.0120488021193416 0.118698072581137
1.54 6D 461305057.166667 461309574.333333 1.35780919092885e-06 1761 0.00359852274843839 0.216619547409208
1.55 6D 461580628.5 461586443.5 1.31748049456506e-06 367 0.00441538667574932 0
1.56 6D 462413123.222222 462417789.888889 1.1744876279937e-06 2883 0.00322544607353451 0.225431632978894
1.57 6D 463445414 463448615 9.74474646237728e-07 99 0.0222566 0.106449322897478
1.58 6D 463759238.142857 463763335.285714 9.32859307281151e-07 1339 0.00844610649738611 0.161428516505557
1.59 6D 465063690.636364 465068646 7.57753983162642e-07 4384 0.000887991304060219 0.356260993533472
1.6 6D 468154340.555556 468159430.388889 3.44722333413653e-07 5589 0.0119707859688674 0.108096630798117
1.61 6D 471908395.909091 471914765.272727 1.13518810766203e-09 6804 0.00200554658436214 0.100800306823398
0 7D 289539.5 291817 NA 276 0 NA
0.01 7D 1971982.625 1979742.875 6.71574311947056e-07 3007 0.031945597472564 0.0924192710725383
0.03 7D 4840330.75 4845692.5 7.1077066602613e-07 6317 0.00516388971188855 0.121837954426287
0.04 7D 6265182.5 6268526.5 7.31386588642744e-07 1320 0 Inf
0.05 7D 7211953.4 7215544 7.45574941588399e-07 701 0.00445152273894437 0.22108346877241
0.06 7D 8934446.5 8937943 7.72104846984558e-07 1269 0.000638354235618597 0
0.07 7D 10463789 10465857 7.96208465561798e-07 111 0.0046729 0
0.08 7D 11415473.8333333 11420566.8333333 8.11538100989695e-07 2472 0.00253735139886731 0
0.09 7D 12881482.8333333 12889593.6666667 8.35544562320939e-07 3097 0.000513426790442364 0.142451580052025
0.1 7D 13596464 13599194 8.47375354563929e-07 622 0.031078477170418 0.106340275045238
0.11 7D 14713813.5 14718616.5 8.64824493040641e-07 929 0.00563431872981701 0.0447695778567227
0.12 7D 15804896.5 15809050.5 8.79329198553047e-07 1032 0.00127535791085271 0
0.13 7D 16797261.25 16801785.75 8.93401997997613e-07 999 0.00598046994994995 0
0.15 7D 18662535.3333333 18667746.3333333 9.22248076037611e-07 1863 0.0123029565217391 0.00997856080921421
0.16 7D 19595687.5 19600126.25 9.378245850029e-07 1281 0.00807227022638564 0.213651241334459
0.17 7D 20438702.7777778 20443568.3333333 9.52631580566076e-07 1863 0 NA
0.19 7D 22584427 22588108.7142857 9.93347736299109e-07 1908 0.00857463144654088 0.0420833477584113
0.21 7D 24883598.5 24885992 1.04947686425065e-06 103 0 NA
0.22 7D 25896648 25898800 1.07978879447384e-06 84 0.00903955 0
0.23 7D 27708702.5 27712834.1666667 1.11893391785013e-06 1122 0.00198503679144385 0.336839301568193
0.25 7D 29563607.6666667 29567805.6666667 1.13965553252891e-06 1826 0.0078173569769989 0.0476120218074226
0.26 7D 30568935.75 30573011.5 1.14401083790277e-06 1028 0.0124905746498054 0.178522218692038
0.27 7D 31773718.3333333 31777739.6666667 1.18835270295057e-06 1039 0 NA
0.28 7D 32646541 32650841.5 1.22403214389576e-06 406 0 NA
0.29 7D 32999590 33005574.5 1.23571317210089e-06 424 0 NA
0.3 7D 34228923 34231035 1.29335506265001e-06 235 0.0673797 0
0.31 7D 34386242 34389316 1.30492765480469e-06 294 0.00821161666666667 0.0967189380334057
0.32 7D 35600155 35604233 1.37217619996966e-06 189 0.054833 0.110388999325224
0.35 7D 37293883.5 37297750.5 1.3988224257147e-06 1054 0.0164557176470588 0.0267712609467497
0.37 7D 39014309 39018176 1.34598925141187e-06 537 0.00274993 0.317132799743993
0.38 7D 39507720.5 39514239 1.31588682282261e-06 390 0 Inf
0.4 7D 41052790.3333333 41062170.3333333 1.17856894464043e-06 871 0 NA
0.41 7D 41772487.5 41775814 1.09327614250652e-06 563 0 NA
0.42 7D 42495537 42499291 1.03820806314674e-06 288 0 NA
0.43 7D 42806540.25 42812699.75 1.02999654175469e-06 1767 0.0012756740237691 0
0.44 7D 43362708 43366803 1.020772409004e-06 469 0 NA
0.45 7D 44418938.75 44423066.25 9.96822907048219e-07 1330 0.00240357435338346 0.144675616551764
0.47 7D 45805575.5 45810286.5 9.53568626049783e-07 449 0.0258822039198218 0.0768670973617428
0.48 7D 46890695.5 46894119 9.10254462287539e-07 433 0.00476279009237875 0.445266820648062
0.49 7D 48532308 48539318 8.24068357883383e-07 883 0.00548012364665912 0.281579315945616
0.5 7D 50672010.8333333 50677251.8333333 6.77554788781227e-07 2363 0.00513724812103259 0.113378905572079
0.51 7D 53889952.5 53893123.1 6.31676931045388e-07 1913 0.00207990328802927 0.230175174089468
0.52 7D 55944997.1666667 55948836.1666667 5.57799376770764e-07 1704 0 Inf
0.53 7D 58692388.1428571 58695578.7142857 4.93492684838599e-07 1468 0.00410083244550409 0.075192362709676
0.54 7D 60512221 60518107.4 5.10397252412453e-07 1349 0.0103266069977761 0.0663307197771778
0.56 7D 63564526.3333333 63568331.3333333 4.700250630022e-07 1717 0.00890358685497961 0.0765785745253068
0.57 7D 64809119.75 64813250.25 4.41983011031085e-07 1539 0.00314257763482781 0
0.58 7D 66642778 66648011.5 4.24848981769216e-07 544 0.00602029694852941 0
0.59 7D 68791867 68796167 4.47382348162388e-07 441 0.00175468920634921 0
0.6 7D 70006251.25 70009566.25 4.68770206870819e-07 391 0 NA
0.61 7D 71993376.8 71998147.2 4.87471754541645e-07 819 0 NA
0.62 7D 75135503 75141244.1111111 5.08353823613204e-07 2049 0.000405985895558809 0.172250284330957
0.63 7D 77412548.25 77417168 5.03564666773364e-07 1685 0 NA
0.64 7D 78923692.25 78928738.75 4.9797128169611e-07 1482 0.000584719251012146 0
0.65 7D 81306834.2 81314226.6 4.90158634314407e-07 2049 0 NA
0.66 7D 83260548.1111111 83265567 4.88705689878383e-07 3117 0 Inf
0.67 7D 85123091 85131312 4.89783959480463e-07 1134 0 NA
0.68 7D 87403771.3333333 87406401.6666667 4.88970234371578e-07 732 0 NA
0.69 7D 89630829.5 89634656.75 4.83932193687571e-07 1432 0 NA
0.7 7D 91082389.2 91087012.8 4.78338231584781e-07 2894 0.000173760767104354 0.567251127273742
0.71 7D 93359502.875 93364487.25 4.66277789728189e-07 2569 0.000780260765278318 1.21227378732432
0.72 7D 95060669 95065742 4.54783083395734e-07 68 0 NA
0.73 7D 98238239.75 98241735.75 4.26579578473834e-07 1204 0.00329564975913621 0.519674437129419
0.74 7D 99675641 99678059.25 4.11131625429925e-07 377 0.00213472297082228 0.27819056426308
0.75 7D 101676711 101682664.571429 3.86879838250231e-07 3501 0.00495833131105399 0.0915823306994391
0.76 7D 104568782.714286 104574334.428571 3.45929928425923e-07 2276 0.000682804367311072 0.591626027916994
0.77 7D 106494522 106498065 3.19774515124836e-07 746 0 NA
0.78 7D 111648815.866667 111654592.2 2.90598370686432e-07 4723 0.00309612953207707 0.140202128072345
0.79 7D 116457381.153846 116463861.153846 2.74382221702725e-07 5752 0.00205391555006954 0.136065916096001
0.8 7D 122397583.777778 122403545.333333 2.54883564108768e-07 3739 0.0010581988981011 0.0573556624930084
0.81 7D 129932210.888889 129938016.833333 2.37156976879099e-07 4222 0.00350991700378967 0.133538419376832
0.82 7D 137696320.9 137701826 2.26750181516796e-07 4850 0.00250156977113402 0.17088420428107
0.83 7D 140359026.4 140363964.6 2.21356481548481e-07 2505 0.00397761225548902 0.115444777665639
0.84 7D 146360569.142857 146366456.714286 2.08226080428411e-07 2419 0.000991670603555188 0.289191214899829
0.85 7D 149865150.5 149869296.4 2.01893034580878e-07 2995 0.00487147352253756 0.546047296080253
0.86 7D 153395319.888889 153400645.555556 1.96286469458896e-07 2645 0.00427659995085066 0.0600552890325121
0.87 7D 156118172 156123966.857143 1.92637530711673e-07 3298 0.000147637362644027 0
0.88 7D 159482359.666667 159488863.333333 1.8888229964118e-07 870 0.0137003537931034 0.0192458075459718
0.89 7D 162580425 162584470.2 1.86224146357643e-07 964 0 NA
0.9 7D 166068758.470588 166075051.058824 1.83958795677303e-07 8584 0.000262744547996272 0.519371353860549
0.91 7D 170438902.866667 170444868.066667 1.80990560391395e-07 5276 0.0019498256368461 0.133769335137552
0.92 7D 175236984 175243753.1 1.76547998634873e-07 4850 0.00183694418556701 0.307195637200836
0.93 7D 180011218.454545 180015028.909091 1.68035649591016e-07 2310 0.000994965952380952 0.401295356383554
0.94 7D 184521384.052632 184527623.263158 1.59436686279435e-07 8435 0.00382472676348548 0.141433241179573
0.95 7D 189937518.809524 189942931 1.48401389359996e-07 6369 0.00229973483498194 0.259422624414953
0.96 7D 197721005.16 197727648.04 1.31297494393953e-07 8854 0.00244697421323695 0.200789395793104
0.97 7D 214324879.577465 214329516.71831 8.74820778836481e-08 22867 0.00234190509074212 0.349226328025448
0.98 7D 244913957.897436 244918808.076923 2.35970649869127e-08 22293 0.00129387720723994 0.132491631895822
0.99 7D 321336009.099291 321344453.879433 2.1911543127823e-08 52444 0.000249136243269011 0.659344006982339
1 7D 386661023.146341 386665573.756098 4.20147272183572e-08 11956 0.000843947830378053 0.261673058912871
1.01 7D 395370851.666667 395376171.809524 4.12956267924946e-08 7436 0.00124788844674556 0.0996525472261212
1.02 7D 401888338.846154 401893891.846154 4.23672803400662e-08 4609 0.000171042505966587 0.586651117606856
1.03 7D 409361619 409366327.142857 4.53032593673493e-08 5489 0.000435690722535981 0.189913055870523
1.04 7D 416541407.225806 416546180.225806 4.97595580288859e-08 10005 0.00127659787886057 0.10879338137708
1.05 7D 426735135.5 426743197.708333 5.87625580759228e-08 8126 0.00244845428021167 0.17135045958316
1.06 7D 448528929.733333 448534772.911111 9.06721341035814e-08 25394 0.00232651813648893 0.226677523186285
1.07 7D 470787187.352941 470792921.294118 1.2517881310045e-07 5455 0.00171120755270394 0.31108469561088
1.08 7D 479758004.388889 479764958.444444 1.30988439397769e-07 5564 0.00476541806613947 0.0861664460222318
1.09 7D 486277155.52381 486283307.619048 1.48141120120755e-07 7321 0.00179709051359104 0.10617796618875
1.1 7D 492421715.545455 492426607 1.74926650410136e-07 2703 0 Inf
1.11 7D 496969655.875 496975999.6875 2.01447638287623e-07 4265 0.00132289550996483 0.0404677917644984
1.12 7D 501537294.857143 501541800 2.33269199449406e-07 2151 0 Inf
1.13 7D 506614369.4 506621975.7 2.61510007640787e-07 5212 0.000751290556408289 0.174997036437464
1.14 7D 510570611.5 510576073.5 2.78988963262521e-07 1741 0 Inf
1.15 7D 512181960.666667 512187395.333333 2.86267629017522e-07 696 0.00113195637931034 0
1.16 7D 515748652.5 515754496.5 3.02712955614702e-07 1173 0 NA
1.17 7D 517929594.166667 517933273.166667 3.1298459596578e-07 1240 0.00140086159677419 0
1.18 7D 520612198.833333 520617590.166667 3.25857700569994e-07 3351 0.00119260326708445 0.176024095492332
1.19 7D 524458839.25 524463988 3.4476126325949e-07 2896 0.00232562235151934 0.103886408009602
1.2 7D 527901095.571429 527905914.857143 3.62081096954071e-07 3023 0.00103955309956996 0.364908776132465
1.21 7D 531041227.25 531046002.375 3.78251266254387e-07 2882 0.00114155412560722 0.072058706725703
1.22 7D 533897401.333333 533902211.333333 3.93281325662848e-07 1990 0.000371348211055276 0
1.23 7D 536091151.5 536094482 4.04989473845265e-07 997 0.000980263991975928 0.147147397094431
1.24 7D 539489211.8 539491646.8 4.23464472618473e-07 696 0.00397498560344828 0
1.25 7D 543391906 543394288 4.34802182259037e-07 11 0 NA
1.26 7D 544753389.5 544757802.833333 4.37746509608887e-07 1661 0 NA
1.28 7D 549330716.9 549335200.3 4.45117706200811e-07 2995 0 Inf
1.29 7D 550974531 550982061 4.52138064507175e-07 277 0 NA
1.3 7D 552967088.166667 552971786.666667 4.64360063738856e-07 1021 0 Inf
1.31 7D 554667613.6 554673850.8 4.77499792956534e-07 941 0.000882638480340064 0.819085159856844
1.32 7D 556512089.666667 556515063 4.94961798727465e-07 831 0.00370097373044525 0.198365927811556
1.33 7D 557622311.5 557626364 5.0700110022174e-07 856 0.0058791046728972 0.179309075289931
1.34 7D 560235157.5 560237466 5.39893448613433e-07 556 0 NA
1.35 7D 561604736.5 561610590.875 5.59919396697125e-07 2216 0.00136008844765343 0.0742899498201035
1.36 7D 563674220 563677373.5 5.87818127252129e-07 372 0.00428017032258065 0.143755486667398
1.37 7D 566178551.5 566184788 6.11287923106376e-07 1645 0.0129448210820669 0.0640623447965766
1.38 7D 567425397 567430805.833333 6.22513959797985e-07 1569 0 Inf
1.39 7D 568915267 568920507.333333 6.36310501894822e-07 1495 0.00331829059531773 0.0464432906104187
1.4 7D 571324671.625 571329678 6.59685854613808e-07 1844 0.000414496746203905 0.793251271698686
1.41 7D 573117262.5 573121231.5 6.77856014824193e-07 661 0.0111967531013616 0
1.42 7D 574051995 574056682.5 6.86359576051556e-07 307 0.0356835345276873 0.061701847340589
1.43 7D 576078279.625 576083846.25 6.93155330281136e-07 3228 0.016038368110285 0.0684272120149174
1.44 7D 577594737 577596381 7.09366666515406e-07 104 0 NA
1.46 7D 579477776.333333 579481289 7.40247725279672e-07 1168 0.00850020354452055 0.093681533254662
1.47 7D 580236733.666667 580242708.666667 7.4566655303705e-07 1221 0.0154886588042588 0.0613500442721758
1.49 7D 582301799 582305199.5 7.61277346086932e-07 582 0.00551408453608247 0.42584329813076
1.5 7D 583063676 583066429 7.67960816390102e-07 56 0 NA
1.52 7D 585282714.166667 585285957.833333 7.90252078110478e-07 1013 0.00536894373149062 0.423543716007752
1.53 7D 586619411 586623404.5 8.0565998535279e-07 385 0 NA
1.54 7D 587608840.888889 587613742.111111 8.18140502574706e-07 2138 0.00246120743685688 0.13150029508397
1.55 7D 588548206.5 588553435 8.30567756008977e-07 936 0 Inf
1.57 7D 591507931.333333 591513711.333333 8.74980963179894e-07 1196 0.00393822341137124 0.145794837459602
1.58 7D 593172922.75 593178472.25 9.03090071080103e-07 1318 0.000566164491654021 0.30766676654988
1.59 7D 593666925 593670309 9.11876899277067e-07 310 0 NA
1.6 7D 596003520 596011062 9.56391962888304e-07 903 0.00182614 0.274889657967078
1.61 7D 596896124 596898941 9.49509830158822e-07 346 0.00231548 0
1.62 7D 597902561.333333 597905032 9.36130109303544e-07 276 0.00318522101449275 0.155569665609171
1.63 7D 599200501.666667 599203623.666667 9.51904849880374e-07 661 0.00856447276853253 0
1.64 7D 600856559 600861221 1.02462037986834e-06 256 0.00647773 0
1.65 7D 601004773.333333 601008025.333333 1.03431026784747e-06 465 0.0248931625376344 0.0594932049821466
1.66 7D 602312534.75 602316481 1.15174402859069e-06 1631 0.00671327001839362 0.0634946402356876
1.68 7D 604889375 604903648 1.24295653702112e-06 41 0 Inf
1.69 7D 605679933 605682628 1.23019179346373e-06 114 0 Inf
1.7 7D 606737106.8 606741013.8 1.18235701271307e-06 1391 0.00112799079798706 0.146215610714151
1.75 7D 610811505.666667 610820601 1.18578605696243e-06 2136 0.0116532266338951 0.0995456347159839
1.76 7D 611442231.25 611449562.75 1.19218331224243e-06 2512 0.00238520037261146 0.0375809091080688
1.77 7D 611747566 611753881 1.19422206342683e-06 2518 0.00965947530976966 0.132196384783089
1.78 7D 612396936 612400370.666667 1.19579352971228e-06 1309 0.00487624935064935 0.295352505770631
1.79 7D 612992410 612996025.333333 1.19413004375103e-06 755 0.00107726161589404 0
1.8 7D 613522680 613527897 1.19020585794885e-06 1227 0.00267493185004075 0.277855874081817
1.81 7D 613715826.75 613719450.625 1.18816750880584e-06 2510 0.00302519755776892 0.120711561918645
1.82 7D 614275351 614277978 1.18061052139255e-06 20 0 NA
1.83 7D 614525014 614530406.5 1.17635100411947e-06 1229 0.00061364102359642 0
1.84 7D 615472198 615477189.666667 1.15555959397556e-06 487 0.00780382751540041 0
1.85 7D 615903173 615907295 1.14363545901646e-06 87 0.0164103 0
1.87 7D 616636830.333333 616641457.666667 1.11960428754451e-06 939 0.042368979829606 0
1.89 7D 618029401 618033856 1.06208500991408e-06 142 0 NA
1.9 7D 618221237 618224964 1.05289236191017e-06 165 0 NA
1.91 7D 619013080.8 619017464 1.0114436284144e-06 1741 0.00309477507179782 0.0852737229156166
1.92 7D 620181746 620188866.5 9.40687011210614e-07 1075 0.000756759888372093 0.279639348110392
1.93 7D 621742229.5 621746731 8.86898580048216e-07 857 0 NA
1.94 7D 623533624.75 623537034 8.58446902531871e-07 1210 0 NA
1.95 7D 632023118.060606 632027893.818182 5.56193203455397e-07 15357 0.00305441079312366 0.0568271079831964
