poscM Chromosome Start End recRate nb_complete_site piSyn f0
0.02 1B 1372074.875 1377323.125 NA 3523 0.00921880353250071 0.0420014100230547
0.06 1B 4307058.25 4312010.75 7.68883329190219e-07 2105 0 NA
0.07 1B 4475908 4479190 7.67437826550965e-07 269 0 NA
0.09 1B 6473815 6477799 7.49121041341185e-07 314 0.00720721 0.102777773923613
0.12 1B 8662571.33333333 8671397.66666667 7.26637504832272e-07 2047 0.00419190984855887 0.284739855510593
0.13 1B 9779022 9784277 7.14292421815624e-07 663 0.00101827352941176 0
0.14 1B 10153833.5 10156831 7.10001034062584e-07 688 0.0144837672238372 0.114516015641548
0.15 1B 11804436.6666667 11808489.6666667 6.90174550159893e-07 777 0.0409105290862291 0.0143955903130682
0.18 1B 14718121.3333333 14725903.6666667 6.56649930742069e-07 1512 0.0141158705026455 0.0541737777774821
0.19 1B 15684565.6666667 15689380 6.46985300046139e-07 933 0.00922417665594855 0.0795864031211088
0.2 1B 17653800.9 17659306.2 6.28043916676549e-07 1797 0.00880931815247635 0.0840602657451164
0.21 1B 18494849.5 18497442.5 6.20068937058435e-07 609 0 Inf
0.22 1B 20587001.5 20592123.5 6.00457444050231e-07 576 0 NA
0.23 1B 22021104 22025774 5.87244660248546e-07 336 0 Inf
0.25 1B 25610477.8 25612767 5.46168778070551e-07 645 0.0290911502325581 0.0742488808991748
0.26 1B 26782156 26786443 5.35648187522501e-07 347 0.0438086 0.0373084280255475
0.27 1B 29071572 29076011.8 5.19137584655172e-07 1388 0.0212296818443804 0.088841253958557
0.28 1B 33074362.8333333 33081540.8333333 4.70499864099851e-07 2340 0.000677736538461539 0.144493974570332
0.29 1B 39599545 39603670.4444444 4.06821304706332e-07 3585 0.00251272122733612 0.278679256379943
0.3 1B 42347605 42351160 3.7779501087664e-07 264 0 Inf
0.31 1B 44232886.6666667 44238329.3333333 3.55778593719859e-07 2543 0.00175315563900904 0.156510597903275
0.32 1B 48202985.5 48206999 3.12862050085731e-07 346 0.00151034800578035 0
0.33 1B 51798445.375 51802592 2.78452722961353e-07 2785 0.00308579100179533 0.219085718328702
0.34 1B 55593776 55605247 2.45960662118562e-07 2105 0 NA
0.35 1B 57138480.4 57143394.4 2.34128670387031e-07 1540 0.00302660827922078 0.149132527425716
0.37 1B 59969523 59971717 2.1447198120156e-07 597 0.00120538281407035 0.656203717345285
0.38 1B 62619380.8571429 62623542 1.98461601358435e-07 1651 0.00633327043609933 0.0440197128840943
0.39 1B 68651961.5 68659317.5833333 1.70191502118486e-07 6202 0.00114027552079974 0.388795716104063
0.4 1B 74140753.75 74145388.5 1.47052174092804e-07 2077 0.00241090875300915 0.14835777776789
0.41 1B 95237894.96 95243518.48 8.38357765495867e-08 8386 0.00159037779513475 0.120274331587792
0.42 1B 115999106.025 116004589.775 8.94404456969508e-09 15961 0.000852641209197419 0.220005885602372
0.43 1B 204794152.203883 204802170.393204 5.27382359356723e-09 75821 4.3921289036019e-05 0.999354682794481
0.44 1B 320924746.18 320931033 2.61550879596165e-08 38542 0.00016866539896736 0.478708173115869
0.45 1B 360850372.217391 360856243.84058 3.15797051723294e-08 23213 0.00110315280144746 0.253423355227782
0.46 1B 388086957.728814 388091684 3.52805754809117e-08 19511 0.000425690839218902 0.299028793249157
0.47 1B 410960909.728814 410966799.288136 4.9682123453375e-08 22235 0.000244462868900382 0.252055046612069
0.48 1B 428418526.16129 428425236.451613 6.60012913423535e-08 13751 0.000352692075194531 0.18730423921169
0.49 1B 443345425.358974 443351392.282051 7.56023461842063e-08 14220 0.000877535978199719 0.294712437854446
0.5 1B 455373617.5 455379785.416667 8.07114388700453e-08 13085 0.0015615531738632 0.224832898653158
0.51 1B 467047453.904762 467053208.047619 8.52656578846956e-08 7810 0.0017221143021767 0.153303984329717
0.52 1B 475588479.818182 475593922.636364 9.26414427663595e-08 7203 0.000443618740802443 0.496822066358379
0.53 1B 482739146.277778 482744229.888889 1.01879651151179e-07 6009 0.000677434406723248 0.11027714313793
0.54 1B 490028721.037037 490032379.62963 1.14250409858662e-07 7135 0.0028541015697267 0.0453322542042753
0.55 1B 500884159.3125 500888675.375 1.37387155598975e-07 4538 0.00227637225650066 0.199056723256822
0.56 1B 510442665.473684 510446302.315789 1.59616391559826e-07 3932 0.00320715065106816 0.0731009721318025
0.57 1B 519692553.470588 519698143.235294 1.89158912662637e-07 7588 0.000439854260411176 0.682355928114648
0.58 1B 526557244 526565115 2.02022454118501e-07 380 0.00412371 0
0.59 1B 530795978 530800190.454545 2.11696254290657e-07 3972 0.00252512865055388 0.114004770179618
0.6 1B 535877180.666667 535881911.444444 2.35785445612535e-07 2544 0 Inf
0.61 1B 540570126.875 540574584.875 2.54763595034738e-07 2097 0.00898932618025751 0.0854716023353506
0.62 1B 542884786.444444 542888705 2.61385597676465e-07 1437 0 Inf
0.63 1B 545311631.333333 545315590.666667 2.6635185845973e-07 1346 0.00122092233283804 0.417633622733248
0.64 1B 547926532.333333 547932423.666667 2.69666120875957e-07 1916 0.000849216576200417 0.277985136196019
0.65 1B 551481030.5 551485835 2.70447777927025e-07 3355 0.0052785877466468 0.0907565593845451
0.66 1B 554643001.166667 554646559.166667 2.67561648092534e-07 2067 0.000380654281567489 0.866364142202131
0.67 1B 559076307.25 559080706 2.58051552886484e-07 950 0.00413840955789474 0.0585841736586993
0.68 1B 562876924 562884058.428571 2.59396825866781e-07 2368 0.00100581303209459 0.191855225900809
0.69 1B 566451771.428571 566459071 2.73313582173363e-07 3290 0 Inf
0.7 1B 569662984 569670356.181818 2.63173006130062e-07 4511 0.00359125125471071 0.0414452061327064
0.71 1B 573501121.142857 573506097.285714 2.24041919518344e-07 4499 0.0013627601378084 0.148229743830863
0.72 1B 576529948.7 576535489.3 1.90723300996105e-07 1697 0.00373796550383029 0.0582753846984907
0.73 1B 582792453.380952 582797816.952381 1.83183476459332e-07 8692 0.00256641119075012 0.159761088473975
0.74 1B 588128284.3 588132632.8 2.24172311676559e-07 2685 0.00467382270391061 0.145921961473992
0.75 1B 592595577.454545 592599452.818182 2.26312082769984e-07 2783 0.00379245528206971 0.260112331128002
0.76 1B 598376150.428571 598380426.571429 2.35899349627991e-07 4369 0.00261097665598535 0.300042331190264
0.77 1B 604556267.142857 604560670 3.08235848079411e-07 2149 0.00412452563052583 0.156637009450504
0.78 1B 607175290.4 607180119.4 3.39825654344498e-07 1161 0.0108089179931094 0.0825341718917607
0.79 1B 610212344.5 610218355.25 3.69069294977813e-07 1797 0.000881926188091263 0.146127121860599
0.8 1B 613254064.333333 613258058.666667 3.95441386528275e-07 775 0 Inf
0.81 1B 614844889.428571 614849205.285714 4.08240351851559e-07 1450 0.00051008324137931 0.619877410137385
0.82 1B 616615780 616619878 4.21703508884683e-07 392 0 NA
0.83 1B 617817049 617823421 4.30355134876028e-07 667 0.00242241 0.282144228268543
0.84 1B 619416561 619420464 4.41251542446307e-07 248 0.00349345 0
0.85 1B 622146408.2 622151074.6 4.58239132610059e-07 1638 0.00242180996336996 0.0584200191225207
0.86 1B 623727376 623731829 4.67207429156021e-07 656 0.00120907 0.28889477036069
0.87 1B 625797217.7 625802142.5 4.77816576210883e-07 3333 0.000462383792379238 1.18793143072258
0.88 1B 627922310.5 627925683.166667 4.87562041808746e-07 1697 0.000934518243959929 0.289107485643941
0.89 1B 630910386.333333 630914077.333333 4.99911593031059e-07 1873 0.00220358363053924 0.328829629057326
0.9 1B 633748373.6 633751867.6 5.11816470045684e-07 968 0.0145392994008264 0.0980090913215718
0.91 1B 637719814.75 637723479 5.46999173627942e-07 1594 0.0111706050188206 0.0129089092292122
0.92 1B 639544972.5 639550970 5.45021920047094e-07 690 0.00386473333333333 0
0.93 1B 640706092 640710608.5 5.66007900939366e-07 1906 0 Inf
0.94 1B 641590668 641593096 5.89409964420086e-07 500 0 Inf
0.95 1B 642637255.4 642642809.6 5.88237840147277e-07 2154 0.000219365320334262 0.483578721342846
0.98 1B 645750521.5 645755287.833333 5.99506182346229e-07 1061 0.00887442337417531 0.0975769505333354
0.99 1B 647227620 647240151 6.1372518545546e-07 1587 0.000496395856332703 0.291438534511879
1 1B 648518875 648524414.5 6.03867660585682e-07 1208 0.000669501564569536 1.12201359173139
1.01 1B 651299838.4 651303019.7 5.48379989811408e-07 2024 0.00293882181818182 0.273265529616127
1.02 1B 655614918.2 655620281.6 5.34914367683827e-07 2016 0.00624061180555556 0.21724306369598
1.03 1B 657520368.6 657525091.4 6.47837744866258e-07 2499 0.000943007418967587 0.0980045770143231
1.04 1B 659498587.4 659501891.2 8.03739590317231e-07 1505 0.0128051635747508 0.0819040763434386
1.05 1B 661211593.2 661219171.8 9.04241938763671e-07 1556 0.00156501665488432 0.0939256863736121
1.06 1B 662587242 662590746 9.45589569817378e-07 1457 0.0112353215168154 0.112577577731719
1.08 1B 664668828.142857 664672968.285714 1.00454456448233e-06 1614 0.00780486691449814 0.0361509404197895
1.09 1B 665313673 665318641 1.02192330082999e-06 1047 0.00218783978987584 0
1.1 1B 666256742 666260483 1.04648954775992e-06 292 0.00272263 0.288025181534031
1.11 1B 666724244.666667 666727823.333333 1.05832248864029e-06 634 0.00414231829652997 0.175014863512706
1.12 1B 667463991 667469368.333333 1.07661498159243e-06 1625 0.00930492784615385 0.168524078829297
1.13 1B 668100086 668105738 1.09189990681212e-06 1627 0.00451376437000615 0.0614856983589374
1.14 1B 668719304.75 668725235.25 1.10635970238759e-06 1397 0.000347743931281317 0.485630848435789
1.15 1B 669047157.4 669052143.6 1.11383925593694e-06 2170 0.00258326904147465 0.081466812256257
1.16 1B 669895813 669902629 1.13274477897187e-06 703 0 NA
1.17 1B 670384230 670390259 1.14326435948687e-06 306 0.0135135 0
1.18 1B 670783507 670784392 1.15163385561795e-06 166 0.00469667 0.295375233942346
1.19 1B 671197600 671200873 1.1602208368028e-06 599 0.00540091485809683 0.0696392869816157
1.21 1B 673166562 673170213.5 1.19850698320878e-06 468 0 NA
1.22 1B 673795360.75 673804678 1.20992981112509e-06 2304 0.00732189555555555 0.0541543557197393
1.23 1B 674676860.2 674681508.8 1.22515762698404e-06 2002 0.00470150137862138 0.166370874771978
1.24 1B 675588157.75 675593578 1.24012192223085e-06 1796 0.00243601396993318 0
1.25 1B 676345308 676349598.25 1.25247863219863e-06 2107 0.00499446792358804 0.0648578860021035
1.26 1B 677172395.5 677175586.5 1.26692602845023e-06 666 0.0171450098648649 0.219677151930681
1.27 1B 678154485 678159353 1.28447931491315e-06 635 0.00134048404724409 0.791966216175971
1.28 1B 679599924.333333 679604538.666667 1.31091430208939e-06 999 0.00168252936936937 0.132129124269288
1.29 1B 680861625 680868122 1.33459882282223e-06 1113 0.000749532 0.270816989801636
1.3 1B 681685814 681695473 1.35039832240591e-06 1073 0 NA
1.31 1B 683572441 683577015 1.38734821190895e-06 282 0.00286225 0
1.32 1B 686426434.454545 686432299.454545 1.44582226309218e-06 5555 0.00147986825922592 0.194181552040214
1.33 1B 688354177.5 688360685.5 NA 1032 0.00232092355620155 0.0950567889701386
0.01 2B 1831881 1833776 1.17437036707527e-06 297 0.0525 0.0599630476190476
0.02 2B 2109410 2113388 1.17102944888621e-06 621 0 Inf
0.03 2B 3397884 3406507 1.15548714767731e-06 562 0 NA
0.04 2B 4815316 4822770.5 1.13830941548685e-06 1307 0.0111861538668707 0.0466366288817537
0.05 2B 5888330.75 5893218.75 1.12523338378663e-06 2755 0.0121245099491833 0.0453786276866864
0.06 2B 7261612.33333333 7269600.33333333 1.10835721889062e-06 2222 0.00752436749864986 0.164461694586953
0.09 2B 10416086.2 10421454.8 1.06922414533824e-06 976 0.015100900307377 0
0.1 2B 11116339.2 11122432.6 1.06044853201035e-06 1349 0.00500208031134174 0.0890866675346821
0.13 2B 13979293.5 13983858 1.02413812188444e-06 1105 0.0077452611040724 0.215352494997285
0.14 2B 14833211 14836760 1.01329985014103e-06 146 0.0306383 0.0521872949869934
0.16 2B 17430768 17433790 9.80841704172691e-07 16 0 NA
0.17 2B 18120248 18128467 9.72328917896477e-07 1832 0.00652461903930131 0.0385646729120881
0.18 2B 18952979 18955540 9.62190004158409e-07 19 0.0360902 0.350000831250589
0.19 2B 19440639 19445593 9.56256878498299e-07 924 0 Inf
0.21 2B 21917059.6666667 21923242.6666667 9.26625390173591e-07 646 0.00195574452012384 0.717689879783851
0.22 2B 22133413 22137497.5 9.24085847633866e-07 1785 0.00124868475070028 0.340657335143468
0.23 2B 23270941.3333333 23275349.6666667 9.10747472768069e-07 1217 0.0248301722267872 0.0374233590076928
0.24 2B 24048768 24053212.6666667 9.01374276025281e-07 767 0 NA
0.25 2B 25129269.25 25133491.25 8.86851413117364e-07 1478 0.00222060081190798 0.13971787280381
0.26 2B 25676690 25683123 8.7985053013997e-07 805 0.00409942298136646 0.138411944356356
0.27 2B 26477681.6666667 26482089.5 8.70199707569628e-07 1848 0.0159583037554113 0.0391949961818348
0.29 2B 27882114.5 27888624 8.54769718585373e-07 1202 0 Inf
0.3 2B 29151886 29157623 8.41542888642923e-07 14 0 NA
0.32 2B 30494467 30499674 8.28655036283557e-07 554 0.0166195 0.0490310177803183
0.33 2B 31620046 31627420 8.14623021609614e-07 445 0.024158 0.0210657339183707
0.36 2B 35274779 35278798 7.69683312546566e-07 238 0 NA
0.37 2B 35364723 35365745 7.68617131809323e-07 210 0 NA
0.38 2B 37429602 37432028 7.4401132006089e-07 99 0.0457143 0.0513950776890382
0.39 2B 39345674.6666667 39351954 7.21668588767414e-07 368 0.00186885788043478 0.515957999807194
0.4 2B 40632618 40639359.9 7.06959703254973e-07 3997 0.000780539283962972 0.654581427721458
0.41 2B 42160290 42166861.25 6.89760890980778e-07 2619 0.00946552182512409 0.145105558935578
0.42 2B 43339138.6 43343426.2 6.7672467961424e-07 1133 0.009308706548985 0.0860606518974408
0.43 2B 45300318 45306515.6666667 6.55429792343959e-07 4514 0.00726149665485157 0.0140034222968184
0.44 2B 47111399 47116598.25 6.36186067428353e-07 1103 0 NA
0.45 2B 49169982.6 49176903.6 6.14850249646019e-07 1846 0 Inf
0.46 2B 52758993 52765353.8 5.4885867637766e-07 1654 0.00385555964933495 0.0713223646389523
0.47 2B 55916150.625 55920288.25 4.7249362240714e-07 2363 0.0130497226237833 0.0443315677253816
0.48 2B 59038339.5 59043807.625 4.52091186028439e-07 4221 0.00340373194977493 0.285447258311845
0.49 2B 64522121.7142857 64527094.4285714 4.3192455390331e-07 3126 0.00206763422584773 0.177178380911535
0.5 2B 66880898.6666667 66885922.3333333 4.35143941757833e-07 510 0.01645595 0.0273632845953746
0.51 2B 69225190 69229779 4.32165283391578e-07 1158 0.00171564816062176 0.399408941036937
0.52 2B 72838688.75 72847243 4.10563624119055e-07 3241 0.000933893878432583 0.0760776448122049
0.53 2B 75289147.25 75294441 3.97288589462041e-07 1028 0 NA
0.54 2B 77291951.1111111 77297161.2222222 3.87200973899187e-07 3085 0.000271613776337115 0.953239078274578
0.55 2B 79269204.5 79272594 3.77966360017394e-07 806 0 Inf
0.56 2B 81330286.5 81337937.5 3.69059532218191e-07 1419 0 Inf
0.57 2B 81759951 81763276 3.67313517310657e-07 401 0 Inf
0.58 2B 85086346 85089387 3.5485452328885e-07 660 0 NA
0.59 2B 86346800 86349749.3333333 3.506868571077e-07 567 0.00143421802469136 0
0.6 2B 88905171.6666667 88911705.6666667 3.4303505559323e-07 4454 0.000536082891782667 0.094834768262788
0.61 2B 91042415.8333333 91046989.8333333 3.38795073195516e-07 1430 0.00495719945454545 0.0322440274978066
0.62 2B 92797236 92799883 3.38251036915673e-07 496 0.0048 0.0962279166666667
0.63 2B 96215588 96219718.625 3.32100548246895e-07 1805 0.00679872530193906 0.0935405687589064
0.64 2B 98593099.3333333 98599840.8333333 3.23499003902908e-07 2654 0.00487649639788998 0.035235800446944
0.65 2B 102417183 102426990 3.02019027524217e-07 1438 0 NA
0.66 2B 104503404.8 104507998.5 2.85988135452583e-07 1982 0.00700344801210898 0.130294871706685
0.67 2B 108855322.2 108859539.8 2.41391091585219e-07 1793 0 NA
0.68 2B 114606673.684211 114612109.736842 1.82604940043827e-07 8107 0.000291795993092389 0.387383615530798
0.69 2B 125501863.111111 125508070.962963 1.26587527189679e-07 10339 0.00172813256311055 0.266163321980676
0.7 2B 139452078.724138 139459604.344828 9.46399783638752e-08 10171 0.00144272283688919 0.247435238187204
0.71 2B 147789110.052632 147793257.473684 1.06877516662983e-07 6492 0.00142007877695625 0.417284417484923
0.72 2B 153870298.642857 153875474.214286 1.18614916690745e-07 3843 0.00548443712984647 0.0529988304535584
0.73 2B 159408264.846154 159412485.692308 1.2157450311543e-07 4793 0.000645342405174212 0.44781481799429
0.74 2B 166516117.333333 166520731.933333 1.25727666572608e-07 5728 0.0045572186452514 0.141787349973079
0.75 2B 173617381.62963 173621933.407407 1.17623826359203e-07 8343 0.00113789667265971 0.0976529629896394
0.76 2B 187094818.757576 187100208.424242 8.72825080886015e-08 11451 0.000751203822373592 0.310317829131076
0.77 2B 206978856.243902 206983970.292683 6.34333953988572e-08 13695 0.00147466418985031 0.259592145123263
0.78 2B 222207368.4 222213961.155556 4.60018835346601e-08 16966 9.70653241777673e-05 0.420668282319271
0.79 2B 240878176.869565 240883329.304348 2.79266151732176e-08 12949 6.07527978994517e-05 1.36093608294358
0.8 2B 259612532.111111 259620801.138889 1.68913110172998e-08 15937 0.000400885906255883 0.395255378933381
0.81 2B 340483213.012048 340494791.024096 6.17633283423229e-09 33239 0.000162196399711183 0.410505688042108
0.82 2B 401930498.151316 401937019.381579 2.30523720379609e-08 55563 0.000369767657433904 0.340331849313416
0.83 2B 447472130.859649 447476939.421053 4.40463787663207e-08 18020 0.000566123806770255 0.360292355419346
0.84 2B 464008681.424242 464014931.545455 5.90418390553837e-08 13281 0.00102868918741059 0.309022066041023
0.85 2B 478609103.259259 478613108.518519 7.15197853291859e-08 7612 0.000518517932212296 0.349794206095656
0.86 2B 491910415.489796 491914910.081633 8.09618520266108e-08 14047 0.000490848623193564 0.0655852716833312
0.87 2B 509555871.185185 509560860.851852 9.09811574606263e-08 9910 0.0033118235469223 0.0969648916839065
0.88 2B 519413685.34375 519418783.03125 9.52573506781454e-08 10438 0.000372508966277065 0.507451532053407
0.89 2B 528826740.6 528831530.96 9.8463620555817e-08 6460 0.00141924744117647 0.140609056615686
0.9 2B 539251168.15 539255981.4 1.01002613561057e-07 6696 0.000665630376344086 0.519610027100818
0.91 2B 546423912.64 546432655.36 1.03085624272255e-07 8732 0.00288641810009162 0.253664383041577
0.92 2B 553997707.521739 554001733.73913 1.05925122793152e-07 5285 0.00221597951182592 0.0991695891993141
0.93 2B 560819288 560824930.538462 1.03292675558018e-07 2653 0.00202105961025254 0.339147511845112
0.94 2B 571392077.583333 571396943.291667 9.77637541590047e-08 7812 0.000100343225806452 0.883042784233858
0.95 2B 582836545.76 582841159.2 8.82789320931364e-08 7907 9.96058530416087e-05 0.289125554030158
0.96 2B 598192505.125 598198487.208333 7.46027677366661e-08 6300 0 Inf
0.97 2B 609224189.703704 609230910.37037 7.37479289246109e-08 8257 0.000189671716119656 0.293085456781532
0.98 2B 620728284.714286 620735045.47619 8.17809500404171e-08 7998 0.000598712714178545 0.0781489401477174
0.99 2B 632812763.125 632816770.708333 9.50943794734408e-08 7781 0.00168164975594397 0.150246438125008
1 2B 642152710.368421 642157768.789474 1.03511700021178e-07 8129 0.0016779133940214 0.21652054811606
1.01 2B 653555060.846154 653559488.038462 1.07275077795983e-07 6834 0.00277214402546093 0.205839245310985
1.02 2B 663346861.6 663350723.266667 1.11770673278269e-07 5129 0.000903437260674595 0.0481937389481442
1.03 2B 673071154.666667 673075721.25 1.172262954267e-07 3289 0.00046288872909699 0.68622620608169
1.04 2B 679826066.214286 679829972.214286 1.1731852309699e-07 5425 0 NA
1.05 2B 685188125.909091 685192873.636364 1.20283777985266e-07 3063 0.0010595799510284 0
1.06 2B 693678486.333333 693683424.733333 1.23177019967363e-07 5610 0.0053579857254902 0.106698331260779
1.07 2B 701239093.307692 701243629.769231 1.24483194778367e-07 3456 0.00592078184027778 0.197448024808942
1.08 2B 709663518.857143 709667594.714286 1.2211448200971e-07 2504 0.000186528091054313 0
1.09 2B 714589821.181818 714594694 1.78644963744113e-07 4183 0 Inf
1.1 2B 720683586.833333 720689639.833333 1.78434753896188e-07 5874 0.000562540650323459 0
1.11 2B 727757373.571429 727762209.928571 2.50866402993208e-07 3539 0.00156993638033343 0.04126951059087
1.12 2B 732355079.2 732360961.6 3.49495076767927e-07 1739 0.000938314433582519 0.228829459895541
1.13 2B 736326064.75 736329507.25 4.47781497971669e-07 954 0 NA
1.15 2B 740754693.5 740759908.333333 5.70978581719877e-07 2361 0.00866746931808556 0.12624129313728
1.16 2B 742347742.8 742354419.6 6.05451831811685e-07 3161 0.000486832714963619 1.05750222292445
1.17 2B 743718145.333333 743724100 6.30751701516398e-07 1122 0.00361373847593583 0.112030355329187
1.18 2B 745817951 745823381.666667 6.63625320130223e-07 1180 0.00286099756779661 0.068432486685714
1.19 2B 746585181.666667 746590438.666667 6.84221844425558e-07 1306 0.0028637482388974 0.062170946033096
1.2 2B 748566686.5 748572888.5 7.2888365462248e-07 1216 0.00533394470394737 0.17566195901758
1.21 2B 748960868 748965598.5 7.35959184933558e-07 714 0.00649899768907563 0.0493511045287559
1.22 2B 750011708 750018491 7.52650689156316e-07 144 0 Inf
1.23 2B 751399954 751406559.2 7.68557123368757e-07 1833 0 Inf
1.24 2B 752685610.6 752689306.6 7.77270357852495e-07 1647 0 Inf
1.25 2B 753270086.5 753273800.25 7.79258709797796e-07 1630 0.00545587144171779 0.0775537518653077
1.26 2B 754663266 754667763 7.79576490208516e-07 513 0.00613615 0
1.28 2B 756641269 756644517 7.68170169951945e-07 61 0.053125 0.286153411764706
1.29 2B 758592408 758597224 7.43535303388165e-07 164 0.005 0
1.3 2B 759014674 759018478.666667 7.36303316917609e-07 179 0 NA
1.31 2B 760922148.25 760925774.5 7.31377147530233e-07 1078 0 Inf
1.32 2B 762245646.75 762250571.75 7.27579143987473e-07 641 0.0129129107644306 0.0569091283526925
1.33 2B 763734694.5 763738405.5 7.14689959833243e-07 463 0 Inf
1.34 2B 764999520.285714 765004535 6.96176753570427e-07 1310 0.00580299251908397 0.151708832723606
1.35 2B 766231265 766235843.8 6.71580623098807e-07 1097 0.000739205360072926 0
1.36 2B 767392137.25 767396271.75 6.42379774558307e-07 2566 0.00597314690958691 0.130069948930446
1.37 2B 769550570.5 769556350.5 5.73089590993791e-07 414 0 Inf
1.38 2B 770847353 770851596.333333 5.45676596466557e-07 1371 0.0123724214077316 0.0665091767605828
1.39 2B 772404584.666667 772414006.666667 5.42644228826162e-07 2347 0.000324610609288453 0.302066190280617
1.4 2B 775057422.666667 775063041.333333 5.18346220180185e-07 1310 0 NA
1.41 2B 776342502.166667 776347722.5 4.9605737108245e-07 2232 0 NA
1.42 2B 778714848.666667 778719462.444444 4.65466445396947e-07 1760 0 Inf
1.43 2B 781692669 781697687 4.3651018161072e-07 1639 0 NA
1.44 2B 785462043.666667 785468472.666667 3.87678807416417e-07 4221 0.005239416864724 0.111512952754543
1.45 2B 790193606.142857 790197535.142857 3.21057427552321e-07 2192 0.00355558960766423 0.266120216066396
1.46 2B 794790007.6 794793647 2.63666801699219e-07 2809 0.00980502349234603 0.0336147175281024
1.47 2B 799029073.333333 799034592.333333 2.21847637497086e-07 2667 0.00495138357705287 0.124714297397871
1.48 2B 801216576 801224385 NA 1684 0.00981504 0.0986291446596244
0 3B 272465.666666667 276035 NA 766 0 NA
0.01 3B 981835 986933 NA 413 0 NA
0.02 3B 1616559 1618398 6.68250919828261e-07 92 0 NA
0.03 3B 2397871 2404559.5 6.72722133898524e-07 911 0.000940045246981339 0
0.04 3B 3252358.5 3261908 6.7660733094685e-07 1731 0 NA
0.06 3B 4325448.5 4329499 6.79957752758495e-07 664 0 Inf
0.07 3B 5670628 5675430 6.81810194375509e-07 82 0 Inf
0.08 3B 6204461.25 6207229.75 6.81755227951745e-07 738 0.0112291584823848 0.173842810384853
0.09 3B 7299419.71428571 7303511.57142857 6.80503232608643e-07 2614 0.00619510551262433 0.127090506891698
0.1 3B 8462240.5 8467633.375 6.79173689253988e-07 2923 0.00985877215189873 0.121452361265885
0.11 3B 9543138.16666667 9549067.33333333 6.83186917873419e-07 2399 0.00619984171738224 0.0767279913776497
0.12 3B 10736646 10741706 6.91516390440117e-07 1692 0.00529791235815603 0.0761452704377219
0.13 3B 11601482 11603437 6.99681155105152e-07 248 0 NA
0.15 3B 16461639 16466013.6 7.25765827570957e-07 1845 0.00373030075880759 0.165224816546321
0.16 3B 17945555.3333333 17951968.6666667 7.56514080159169e-07 852 0.00182717830985916 0.14800014892508
0.17 3B 19366740.8 19371246.2 7.50277224174929e-07 1546 0.0186076302716688 0.0996347312821121
0.18 3B 21060299.5 21064122.5 7.66003703829241e-07 437 0.0132811482837529 0.155965291937172
0.19 3B 22124595.5 22127537.5 8.03739148247765e-07 320 0 NA
0.2 3B 23781928 23787160 9.16557854159374e-07 384 0.005960265 0.0632964306117262
0.21 3B 24223621 24234361 9.52157350561183e-07 1618 0.00621397840543881 0.299220584959203
0.22 3B 25273924 25276372 1.02240327940346e-06 64 0 NA
0.23 3B 26586965 26589238 1.03482132613507e-06 250 0 Inf
0.29 3B 31105028 31108804 9.48490162983793e-07 22 0 NA
0.3 3B 32285208 32288072 9.44110326343273e-07 364 0.00667285 0.187570528334969
0.32 3B 33955369 33956554 8.97877769978347e-07 80 0 NA
0.34 3B 36464360 36467871 7.87338244387644e-07 230 0.00368381 0.265538667846604
0.35 3B 38055678 38062529.5 7.38513970342744e-07 485 0.00152918270103093 0.31527838582219
0.36 3B 40025063.6666667 40029346.5 6.73052067516464e-07 1854 0.000795979530744337 0.637852325608461
0.37 3B 42821732.6666667 42825628.3333333 5.6845603397558e-07 1021 0.0220561762977473 0.0716689722388154
0.38 3B 43857091.6666667 43860757 5.32752651879795e-07 638 0 Inf
0.4 3B 50326992.25 50332994.5 3.86603948300888e-07 1656 0.00583164164251208 0.0234052857664345
0.41 3B 54294726.2 54299709.8 3.48887460537891e-07 2089 0.00686546346098612 0.127935628589143
0.42 3B 57845014.8 57851149.8 3.00216315555513e-07 2673 0.00136095363636364 0.189081331685548
0.43 3B 59873883.9 59878153.1 2.76631974453785e-07 2410 0 Inf
0.44 3B 63628555.25 63633353.75 2.54751660048574e-07 2806 0.00624015753741981 0.0783993410166918
0.45 3B 66429240.5714286 66432692.7142857 2.3226910525134e-07 3493 0.00419106430575437 0.158023185467098
0.46 3B 70082415.8666667 70088555.1333333 1.94241338609895e-07 4997 0.000481388198919352 0.569424005435085
0.47 3B 75424255.2 75429457.3 1.60826356586338e-07 3285 0.00196801675190259 0.351196172191076
0.48 3B 81153791.3125 81160133.0625 1.30381147536908e-07 5148 0.00148885554001554 0.117701027151699
0.49 3B 102033855.705882 102038817.647059 4.71025819958947e-08 10362 0.000843625809689249 0.155697550388493
0.5 3B 121305468.2 121311147.685714 4.21818839469735e-08 12295 0.000104577424400163 0.759124550408017
0.51 3B 136840399.190476 136845425.380952 5.78475899992664e-08 7800 0.00203422428205128 0.142579539391485
0.52 3B 150754994.193548 150761186.225806 5.26388651818335e-08 11545 0.000546305679514941 0.25356086074608
0.53 3B 166701098.269231 166706317.615385 4.58681944897799e-08 7284 0.000420130989840747 0.301081139174145
0.54 3B 185702197.341463 185707342.512195 3.66870829149197e-08 10118 0.000387470013836727 0.178798233587939
0.55 3B 229758319.176471 229764364.129412 2.38503324636377e-08 30557 2.57341081912491e-05 0.584764064914504
0.56 3B 326077111.831325 326087175.084337 6.75089363707967e-09 69707 2.2630280172723e-05 1.61806359605919
0.57 3B 418076685.136364 418083193.881818 1.18406548093583e-08 42018 0.00103389746032653 0.1055445425049
0.58 3B 459105629.352941 459111786.705882 2.72637965160424e-08 23624 0.00233718896270742 0.191065640594238
0.59 3B 495512906.012195 495518252.134146 4.28611588503575e-08 27563 0.000743117703080216 0.245741447004416
0.6 3B 524230251.9375 524235571 5.48546348136502e-08 14613 0.00124175189386163 0.197782585642366
0.61 3B 540706695.809524 540712909.952381 6.23713420990003e-08 15924 0.000729744714267772 0.197705088708649
0.62 3B 551206048.555556 551213552.611111 6.58592888494181e-08 7653 0.00114287045733699 0.157295393406421
0.63 3B 561276814.4375 561282722.375 6.82391855216623e-08 9743 0.000320002839371857 0.294232115481229
0.64 3B 575434640.7 575438302.35 7.34989247574684e-08 9436 0.00302018139571853 0.115747464053868
0.65 3B 589997057.375 590003144.291667 7.16277519264707e-08 8903 0.000511294168257891 0.201261791391055
0.66 3B 603473863.970588 603478540.235294 6.89413147432322e-08 9717 0.000157762000617475 0.596073893939031
0.67 3B 618562518 618567023.791667 7.82465758091891e-08 6440 0.00122045950931677 0.165458802017961
0.68 3B 635384744.894737 635389914.789474 1.02996804745384e-07 10324 0.000669525830104611 0.330003883128314
0.69 3B 651041472.083333 651047615.666667 1.12486926864524e-07 11322 0.00253447712100336 0.136165603761653
0.7 3B 658229358.043478 658234277.826087 1.08963607211437e-07 8560 0.00117562218224299 0.469169884022478
0.71 3B 665124847.421053 665130300.526316 1.03924579239279e-07 5297 0.00306775218312252 0.070370568077545
0.72 3B 670550760.47619 670554818.190476 1.00929963756749e-07 8260 0.00603935614527845 0.0992086370191809
0.73 3B 677142259.85 677147101.65 9.27122232358042e-08 6987 0.000804259537712895 0.444981609378214
0.74 3B 686405314.909091 686409532.681818 7.72731484206567e-08 6187 0.00288114233715856 0.201873458128625
0.75 3B 701559063.525 701563933.15 4.1038296789249e-08 11738 0.00111368800817857 0.238256605532165
0.76 3B 719306600.6 719310665.45 2.04935497032491e-07 6808 0.000799794208284371 0.336575501684622
0.77 3B 724374950.4375 724379034 2.77070587308299e-07 4879 0.00288891745849559 0.0481682427670872
0.78 3B 728322506 728326751.666667 3.26063717063769e-07 1017 0 NA
0.79 3B 730443062 730447241.666667 3.55641304075882e-07 1434 0 NA
0.8 3B 732491564.666667 732495618.666667 3.8084789271776e-07 944 0 NA
0.81 3B 734041309 734046437 3.95114902202186e-07 1668 0 Inf
0.82 3B 736671865 736673386 4.10161945544342e-07 17 0 NA
0.83 3B 738210980.8 738217500.2 4.1312949827001e-07 2422 0.00157536703550784 0.363545621350437
0.84 3B 739122691 739135888 4.13584052968472e-07 1273 0 NA
0.85 3B 741888099.2 741893502 4.05565549027082e-07 2279 0.000363171878016674 0.273550145444063
0.86 3B 746053831.5 746057511 4.0292305650167e-07 645 0 Inf
0.87 3B 749454629.833333 749458116.833333 4.31953951153612e-07 1446 0.00734794757952974 0.370937313137619
0.88 3B 752264793.5 752268087 4.48622544199428e-07 551 0.00290381165154265 0.285714388839272
0.89 3B 754829672.666667 754843582 4.68666147535579e-07 1390 0.000387982425899281 0.432736888853966
0.9 3B 756118760 756121421 4.72391696700685e-07 172 0 NA
0.91 3B 757920799 757926024 4.93574679319789e-07 88 0.0864157 0
0.92 3B 760088212 760093252 5.53608049383063e-07 351 0.0229737988603989 0.14140720990296
0.93 3B 760643481 760647077 5.6948172117908e-07 482 0 NA
0.94 3B 762559219.666667 762562220.333333 6.17670488540008e-07 712 0 Inf
0.95 3B 764233130.5 764236081.5 6.47370298919107e-07 443 0 Inf
0.96 3B 765324310 765335070 6.66172345298104e-07 201 0 Inf
0.97 3B 767832970 767839099 7.06963208671101e-07 911 0.000900856190998902 0.276523632554999
0.99 3B 771227108.5 771229986.5 7.63193781917441e-07 185 0.00880402432432432 0.27926384402219
1 3B 772465088.5 772470019 7.90552702088708e-07 2434 0.00265395811503698 0.0356293171123262
1.02 3B 774468967 774475576 8.22880450804421e-07 477 0 NA
1.03 3B 776378198.333333 776382371.333333 8.61789641308869e-07 799 0 Inf
1.05 3B 777991113 777993967 8.85163064950164e-07 369 0 NA
1.06 3B 779542175 779545982 8.966142930393e-07 220 0 NA
1.07 3B 780383833 780388967 8.98311436818148e-07 777 0.00100566 0
1.08 3B 781181770.333333 781187901.666667 9.06648961423259e-07 1637 0.000793228894318876 0.177286745166038
1.09 3B 782582132 782588223.5 9.29303331101045e-07 1946 0 NA
1.1 3B 783468780.5 783472566.5 9.40090163860636e-07 575 0.0055687467826087 0
1.11 3B 784641989.5 784650372.5 9.49746773629925e-07 1245 0 NA
1.13 3B 786854303 786856956 9.54123382674694e-07 224 0 Inf
1.14 3B 788239239 788240358 9.47693894397383e-07 90 0 Inf
1.17 3B 791280668 791287389 9.08704176208958e-07 412 0.00199501 0
1.19 3B 792857833 792863851 8.75077744685096e-07 262 0.00295749 0
1.21 3B 794861082.666667 794866373 8.26061327980014e-07 1541 0 Inf
1.22 3B 795564947.5 795572254.5 8.12986862742609e-07 381 0 NA
1.24 3B 797734052 797740863.666667 7.80608254243157e-07 1396 0.00914978026504298 0.0355739366421677
1.25 3B 798504717.333333 798509067 7.74894691791579e-07 1503 0.00207836829673985 0.147152277049059
1.26 3B 800137837 800141378 7.6179788783275e-07 450 0.00966356 0
1.27 3B 803453753.333333 803457526.333333 7.36463126436946e-07 608 0 NA
1.28 3B 806145188.75 806149357.75 7.1359617398158e-07 654 0 Inf
1.3 3B 810423943.833333 810429418 6.62740670050628e-07 1364 0.00434024753665689 0.229947104723766
1.31 3B 811143016.666667 811148656 6.55509375540262e-07 766 0.00107170463446475 1.66406680506733
1.32 3B 812397580 812403855.5 6.43108954705856e-07 1284 0 Inf
1.33 3B 812571302.5 812575296 6.41426331937749e-07 785 0 NA
1.34 3B 813961613 813968003 6.28061479731026e-07 1057 0 NA
1.36 3B 815616183.5 815622500.75 6.12642150955409e-07 2195 0.000375886287015945 0.452906075651241
1.37 3B 816500849 816504209.2 6.04602456342852e-07 1439 0 NA
1.38 3B 818224642.75 818227864 5.89349304495169e-07 1185 0 Inf
1.39 3B 820410671.5 820415337 5.70579315614557e-07 1875 0.00325313205866667 0.3415528423979
1.4 3B 825295360.176471 825300601.235294 5.26994769127172e-07 7082 0.00117354726885061 0.239335281450089
0.01 4B 931290.75 933865.25 NA 374 0.0060995550802139 0
0.02 4B 1592156.4 1596361.4 1.05287957361259e-06 1807 0.00177644565578307 0.289109385115245
0.03 4B 1971889 1975418.66666667 1.05023466759694e-06 562 0.00424251644128114 0
0.06 4B 4520661 4526800 1.01381315479273e-06 969 0.00963074 0.236513497405184
0.07 4B 5066136 5069264.66666667 1.00546912483874e-06 647 0.00595673477588872 0
0.09 4B 6868278 6873216.66666667 9.76521668615926e-07 688 0 NA
0.1 4B 7811580 7819291 9.60523416957625e-07 1409 0 Inf
0.13 4B 9869271.66666667 9873108 9.23655594374687e-07 530 0.0304720694339623 0.0664730667554466
0.14 4B 10588066 10592794 9.10112336478481e-07 585 0.00259109 0.153225862474866
0.15 4B 11805382.5 11812682.25 8.88696159691865e-07 1427 0.00792586979677645 0.102974543669643
0.16 4B 12377308 12381147.5 8.78783704887667e-07 839 0.00483799722288439 0
0.17 4B 13418909 13424077.5 8.60628463053494e-07 1571 0.020261656906429 0.00727217890901099
0.18 4B 14106822.8 14111053.2 8.48626701985001e-07 1858 0.00422674555435953 0.058534020181322
0.2 4B 16071949.5 16078269.5 8.14436340575942e-07 972 0.00604869269547325 0
0.21 4B 17054362.5 17058310 7.97843783155596e-07 1275 0.00739871899607843 0.170346335268942
0.22 4B 18339767 18349206.3333333 7.76494474181218e-07 2218 0.000592390454914337 0.173435900282025
0.24 4B 19737445.5 19744317.75 7.53913854647392e-07 507 0.0109744901380671 0
0.25 4B 21115825.2 21122042.9 7.32224130276181e-07 4279 0.00149269766627717 0.28534211599299
0.26 4B 21931691.3333333 21939321.6666667 7.19614155642964e-07 558 0.00147857143369176 0.274660038873617
0.27 4B 23325311.1538462 23331684.5384615 6.98614632357708e-07 4767 0.0060953900985945 0.0471415801284086
0.28 4B 24383958 24388848 6.83021229042886e-07 432 0 NA
0.29 4B 25745192.2 25750314.8 6.63484991033838e-07 1496 0.00433746390374331 0.0701762593841802
0.3 4B 26854632.1111111 26859112.8888889 6.47976481305596e-07 2671 0.00668533966304755 0.127770685350783
0.31 4B 28433668.9333333 28438621.6 6.26529025107873e-07 4904 0.00759833984502447 0.064649155915632
0.32 4B 29106732.5 29115694 6.17579463199034e-07 937 0.0174638949733191 0
0.33 4B 30780898.5 30787678 5.9601127604787e-07 381 0 Inf
0.34 4B 32221785.4375 32227130.625 5.78151644305615e-07 5858 0.003622848177535 0.118645652679521
0.35 4B 33620929.625 33626255.625 5.61198128106911e-07 3596 0.00784804821579533 0.0244497861622735
0.36 4B 34999318 35006965.8571429 5.4003643644322e-07 2172 0.011888257228361 0.0223702445873096
0.37 4B 37039001.5 37042068.5 5.06802189374214e-07 335 0 Inf
0.38 4B 38605062.5714286 38610568.4285714 4.82682667678771e-07 3301 0.00254788113299 0.0274545000868801
0.39 4B 41348596 41355859.3 4.30270230219555e-07 7335 0.00392462850334015 0.10376039238095
0.4 4B 50099107.4722222 50104576.6111111 2.88948625342771e-07 10358 0.00499860281328442 0.0794898563230372
0.41 4B 69568050.04 69573681.64 8.2483308877063e-08 16916 0.000214790633364862 0.416722002511261
0.42 4B 87486017.5 87492070.125 2.87210776067948e-08 9561 0 Inf
0.43 4B 123011833.630631 123017269.531532 2.09051243965152e-08 40892 3.91875244546611e-05 1.83248894064971
0.44 4B 175836938.632353 175842657.691176 2.1284943643329e-08 21837 0.000141533199615332 0.52002810253684
0.45 4B 330564878.252688 330575097.241935 9.96583299838411e-09 81923 4.75582925307911e-05 1.01518380116187
0.46 4B 413600908.285714 413605241.214286 4.30692329756991e-08 13850 5.85723e-05 0.741689984911794
0.47 4B 429692838.568182 429697675.772727 5.52088567452547e-08 12796 4.05273010315724e-05 0.882386013261442
0.48 4B 446436236.352941 446440730.45098 6.76063066273997e-08 18594 0.000408804336882865 0.305400250965234
0.49 4B 464953220.535714 464958560.339286 7.82397524815225e-08 20418 0.000634518569987266 0.21178703068098
0.5 4B 481810342.333333 481815912.266667 8.54381623265969e-08 5310 0.000730839956685499 0.353233296042615
0.51 4B 491820955.666667 491826405.904762 8.83081479746981e-08 7135 0.000625203307638402 0.237816993338632
0.52 4B 500825994.73913 500831775.913043 9.01346640944653e-08 8978 0.0010918921641791 0.312771733014577
0.53 4B 511930063.9 511935517.85 9.13223855377246e-08 7513 0.00072516417210169 0.253564449165224
0.54 4B 521531274.619048 521536089 8.92742595678577e-08 13158 0.00142028797659219 0.207704027257596
0.55 4B 532469665.210526 532475297.736842 8.61100445343101e-08 5129 0.00361206417430298 0.0989199715173213
0.56 4B 550954268.047619 550959305.880952 7.06939870910084e-08 16232 0.0010457561038689 0.243356895873183
0.57 4B 570309075.533333 570312920.4 4.87982331302356e-08 3890 0.000205032123393316 0
0.58 4B 578865560.4 578869849.2 6.23468237206702e-08 6615 0.000664880202569917 0.317260949792229
0.59 4B 591506543.441176 591512342.382353 7.80974310528387e-08 13441 0.00230979151848821 0.117224063874853
0.6 4B 604367729.115385 604373163.346154 1.23031627104486e-07 9484 0.00108362059700548 0.200161920818368
0.61 4B 611826117.684211 611831888.842105 1.45098401581794e-07 7989 0.00139444553260733 0.20511145943281
0.62 4B 616930175.833333 616935025.333333 1.48722704042381e-07 3032 0.0015652533641161 0.145238630894262
0.63 4B 622011450.363636 622014597.090909 1.37443685487823e-07 2458 0.00296260001220504 0.0837295724298798
0.64 4B 628186939.142857 628191098.428571 2.37986362090027e-07 2340 0.00382131611965812 0.220640232454391
0.65 4B 634028081 634034885 4.64045339512564e-07 3286 0.000241620891661595 0.760959171753207
0.66 4B 637826905 637830130.333333 5.72101952625356e-07 1067 0.000738576494845361 0
0.67 4B 639426090.333333 639429738.333333 6.24908084573207e-07 697 0.00114344573888092 0
0.68 4B 640606142.4 640611933.2 6.66392139604747e-07 2692 0.00290397249962853 0.0292834533557412
0.69 4B 641985976.6 641990005 7.17717940422331e-07 1748 0.000887018615560641 0.443842379610499
0.7 4B 643283283 643286081 7.65389243859039e-07 605 0.00129224581818182 0.294319121945839
0.71 4B 644123057.5 644142496 7.88946780403571e-07 1888 0 NA
0.72 4B 644888839.75 644892847 8.10131164224289e-07 1160 0.00647804068965517 0.248655643963868
0.73 4B 646173518.333333 646176138.333333 8.46336055503539e-07 731 0.00513687865937073 0.18611022097846
0.74 4B 646764715 646768895.666667 8.63168670191229e-07 928 0 NA
0.75 4B 647629112.5 647633269.5 8.87893776796845e-07 328 0.0069767625 0.10129537159965
0.77 4B 649602163 649607404 9.45032401499275e-07 417 0.00566706 0.0971553151016577
0.78 4B 650777291.714286 650781274.428571 9.79487011734444e-07 3015 0.00250200072305141 0.149790439417202
0.79 4B 651994101 651997120 1.01551697205334e-06 512 0 NA
0.8 4B 652678377 652685004.75 1.03600623433786e-06 2907 0.0040925293498452 0.134919319485073
0.81 4B 653419239 653422614 1.05819716274827e-06 10 0 NA
0.82 4B 654089219.666667 654092656.666667 1.07818763052158e-06 1105 0.000665280615384615 0
0.83 4B 654674693 654675729 1.09523461790519e-06 52 0.0127932 0.401025544820686
0.84 4B 655771123 655774984 1.12686014781067e-06 599 0.00520749 0.442935080048161
0.85 4B 657068429.6 657072680.8 1.16427879884988e-06 1507 0.00568034211678832 0.055252877799587
0.86 4B 657812836.2 657817447.8 1.1857722250966e-06 2331 0.00665890722436722 0.113227548333711
0.87 4B 658771762 658782331 1.21355984862287e-06 986 0.000835509 0
0.88 4B 659397504.2 659405935.6 1.23161951020278e-06 3213 0.000497487718643013 0.143944441314981
0.89 4B 660448883.5 660456054.5 1.2620196839436e-06 2951 0.0106417127753304 0.029154191520855
0.9 4B 661219140.5 661223280.5 1.28428002239121e-06 565 0.00131104646017699 0
0.91 4B 662312889.333333 662314463.666667 1.31593976988265e-06 354 0 NA
0.93 4B 664152217 664160567 1.36941497343546e-06 748 0 NA
0.94 4B 664985826 664989137 1.39356320785535e-06 492 0.00309367054878049 0.15369796045218
0.97 4B 667706273.25 667709118.75 1.47272842345467e-06 661 0 Inf
1 4B 670424917.666667 670433356 1.55212563981954e-06 3205 0.000401010911700468 0.111518085277852
1.01 4B 671699027 671703657 1.5878950434997e-06 1123 0.00108364284951024 0.532394985904377
1.02 4B 672203587.5 672211555 NA 1572 0.00252938129007634 0.0577065911663216
1.03 4B 673180578 673184155 NA 742 0.00106631805929919 0
0 5B 113173.5 118543 NA 804 0.0051302530721393 0
0.03 5B 1748923 1752849 NA 513 0.0057971 0
0.05 5B 2558977 2563902 NA 441 0 NA
0.07 5B 3917424 3923351 NA 460 0.0106548 0.0463622029507827
0.08 5B 4546069 4552406 NA 425 0 NA
0.09 5B 5049046.5 5053529.5 NA 323 0.0026650719504644 0
0.1 5B 5417279 5421527 NA 551 0.0027972 0.149934577434577
0.11 5B 6379020.5 6388312.5 NA 1587 0.000507292260869565 0.283403575302427
0.12 5B 6647661.5 6651693 NA 584 0.0117042082191781 0
0.13 5B 7623573 7627881 9.82971296596886e-07 1033 0.00234475714424008 0.0936747875312752
0.14 5B 8345638.33333333 8347690.66666667 9.69565175430062e-07 718 0.0124078108635097 0.0270245631733322
0.15 5B 8905295 8919306 9.58926801831145e-07 1450 0.00272603 0.232096858801994
0.16 5B 9262347 9265429.5 9.52261351637115e-07 470 0 Inf
0.19 5B 11454818 11458233 9.09778656277868e-07 484 0 NA
0.2 5B 12478815 12485718.8 8.89356582376463e-07 2216 0.00505446431633574 0.125179976934329
0.21 5B 13363788.2857143 13368053.8571429 8.71491108495045e-07 1943 0.000396350550694802 0.30013195013195
0.22 5B 13713254 13716973 8.64370334888153e-07 180 0.00434389 0
0.23 5B 15321110 15325008 8.31379849247071e-07 237 0.00671798 0.14376270843319
0.24 5B 15986619.25 15991685.5 8.18090589315935e-07 1319 0.00948919394238059 0.234454051166158
0.25 5B 17544779 17547737 7.87135030065212e-07 264 0 NA
0.26 5B 17975412.5 17979120 7.78601904393882e-07 638 0.00676295862068965 0.0518926094652236
0.28 5B 21063776 21068885.6666667 7.1881529386516e-07 911 0.000888883424807903 0.286584711168367
0.29 5B 21857189 21860838.5 7.03986933516844e-07 1356 0.002211605 0
0.3 5B 24268687.6 24273822.4 6.60049954646208e-07 2161 0.000687647755668672 0.159085597724048
0.31 5B 27045711.5 27050184.4166667 6.11853910355784e-07 3361 0.00132580986611128 0.327862788052844
0.35 5B 33815712 33819389.5 4.73112464508065e-07 511 0.00297547358121331 0
0.36 5B 36127536 36130969.8333333 4.36399618249289e-07 2170 0.00146032404608295 0.22022258944497
0.37 5B 38171971 38175792.5 4.133393640015e-07 458 0.00175992576419214 0.282944551551648
0.38 5B 41380588.5 41384998.5 3.54294207608184e-07 1992 0.000389281706827309 1.06859996082786
0.39 5B 45187154.3 45190997.5 2.99290828117144e-07 2857 0.00619871575638782 0
0.4 5B 50920827.5 50927138.5 2.4423851868223e-07 1997 0.00079336743114672 0.144675981533328
0.41 5B 54611896.0714286 54616267.2857143 1.99991956954962e-07 3312 0.00802652049214976 0.123068390355662
0.42 5B 59386523 59392374.625 1.53791482886443e-07 2558 0.000604021798279906 0
0.43 5B 67971061.4375 67977649.3125 7.94577308631895e-08 7645 0.0040766616677567 0.0807492585580654
0.44 5B 83749599.3207547 83755308.3773585 1.75021604888545e-08 20593 0.00282546180983829 0.169710538864093
0.45 5B 125769905.766667 125775318.883333 0 41767 0.000490724760217397 0.347145268613347
0.47 5B 159198019.888889 159213510.666667 0 8714 8.80423664218499e-05 0
0.48 5B 215036530.320388 215044812.873786 3.13440433071039e-08 42562 7.39187002490484e-05 0.95868030303614
0.49 5B 271350948.391892 271355806.878378 5.02391167878417e-08 22843 0.000112187272687475 1.05439268327434
0.5 5B 297321461.811594 297328638.130435 4.08793502056321e-08 29582 0.00010555153255358 0.658180502024324
0.51 5B 324021671.782051 324027780.717949 2.66048800553583e-08 27365 0.000596918790060296 0.137587237270049
0.52 5B 366881603.61 366886599.09 2.57467089264859e-08 31618 0.000880433433170979 0.193527854787654
0.53 5B 401181936.137931 401187096.689655 7.87233725153814e-08 8944 0.00123637792643113 0.144995529526491
0.54 5B 412285753.5 412289533.611111 1.27438568062907e-07 4080 0.00152868475490196 0.335279924889937
0.55 5B 421126425.666667 421130749.333333 1.8341206526123e-07 3749 0.000410072416644439 0.608886348519111
0.56 5B 426932393.416667 426937116.166667 2.18123294306615e-07 2656 0.00241577829066265 0.0363942287837549
0.57 5B 431017231.5 431023088.7 2.38757329590121e-07 3593 0.00204289583913165 0.309890932030821
0.58 5B 435101153 435105998.875 2.56129477718835e-07 2207 0.000742235808790213 1.43835371378787
0.59 5B 439175537.6 439179074.6 2.70437109716239e-07 1549 0.0134984975726275 0.0981059798734056
0.6 5B 441439368.25 441444040.125 2.76996163271267e-07 2166 0.001168241966759 0.0895596452451362
0.61 5B 442777381 442779366 2.80489749722722e-07 127 0 NA
0.62 5B 446957083 446962081.333333 2.8898480572804e-07 1272 0.0146170563600629 0.277655966293435
0.63 5B 449147733 449151691.333333 2.92228522490306e-07 3012 0.00366951527224436 0.165725646772066
0.64 5B 450842694 450846610 2.94157200245435e-07 155 0 NA
0.65 5B 455115282 455119357 2.96447737857669e-07 2387 0.00298848849602011 0.0966833094693852
0.66 5B 458057869.181818 458063065.272727 3.01757227688542e-07 3500 0.00670035894571429 0.0783565822107549
0.67 5B 461411072.833333 461415151.083333 3.07980977800376e-07 3164 0.0040701975 0.419248312396685
0.68 5B 465892621 465896725.428571 3.11852604649242e-07 3106 0.00166625348358017 0.401280048566528
0.69 5B 469560808.125 469565317.875 3.11175651974037e-07 3428 0.001404202042007 0.188098635687692
0.7 5B 472843441 472846963.285714 3.08090962301415e-07 1550 0.00130896812258065 0.113749709639544
0.71 5B 476726744.363636 476731964.909091 3.04329315259032e-07 4401 0.00180616749602363 0.287771334608174
0.72 5B 479728001.533333 479732782.6 2.94408609906776e-07 4097 0.00153547719794972 0.247632507084003
0.73 5B 484633182.5 484637899 2.91127406945652e-07 3507 0.00113223461648132 0.116924664901827
0.74 5B 487830387 487834887.8 2.93093859434332e-07 2665 0.00937413967354597 0.128407286889312
0.75 5B 491569914.666667 491574049.777778 2.97646246979272e-07 1892 0.000826194170190275 0.14605983841558
0.76 5B 496116704.4 496120392.6 2.90478585430529e-07 920 0.000948617043478261 1.32363539792848
0.77 5B 498242200 498246398.285714 2.91325217442774e-07 1630 0.00140921849693252 0.100103623112867
0.78 5B 501595930 501599274.5 2.974054165447e-07 317 0 NA
0.79 5B 502737829.8 502744759.6 3.01111068712443e-07 2044 0.000398632725538161 0.175879761193156
0.8 5B 503528293 503531185 3.04087079384731e-07 38 0 NA
0.81 5B 506376954.777778 506382615.222222 3.18165017218748e-07 3846 0 Inf
0.82 5B 508237148.857143 508240739 3.29914424073832e-07 1591 0.000490825065996229 0.294761056524995
0.83 5B 510999746.5 511003834.3 3.51258157988988e-07 3007 0.0039167292550715 0.116469155752888
0.84 5B 515069537.2 515074110.5 3.88178466567271e-07 2257 0.00301102110766504 0.137022548138116
0.85 5B 518192222.9 518196223 4.08846226692726e-07 3099 0.00753084839625686 0.0485422459756639
0.86 5B 522391502.8 522396637.8 4.39457627903853e-07 1475 0.00837333684067797 0.127519575485701
0.87 5B 527393749.888889 527395833.111111 4.87055543443042e-07 852 0.00191745058685446 0.136803716348959
0.88 5B 529474071.666667 529478805 5.32530522303436e-07 1129 0.000727994614703277 0.275997340425532
0.89 5B 531699116 531702953 5.74816261116107e-07 1061 0.00717668192271442 0.153555203350795
0.9 5B 534208977.2 534217256.4 5.688661792802e-07 611 0.00288786170212766 0.256869643722937
0.91 5B 536047972.333333 536053291.333333 6.00467636695066e-07 642 0.015886180482866 0.0451132418882378
0.92 5B 536591016 536592976 6.10819169024205e-07 158 0 NA
0.93 5B 538979502.4 538985301 6.4390729105379e-07 1023 0.00979745454545454 0
0.94 5B 539679269.2 539685716.2 6.49887900973947e-07 2310 0.00255148201601732 0.101131110939706
0.95 5B 540739649 540742904 6.55570374972746e-07 504 0 NA
0.96 5B 541414522.75 541418512 6.56979176757325e-07 1576 0.0058817355964467 0.049684214511038
0.97 5B 542458456 542465046.666667 6.55939432208148e-07 1741 0.00719876725445147 0.127488203655113
0.98 5B 543160659.333333 543167963 6.5322156175267e-07 2728 0.000315387811583578 0.264376312758829
0.99 5B 544618985 544623256.5 6.4190674154261e-07 1242 0.000603008309178744 0.300993707983077
1 5B 545490712.5 545493495 6.31654730398195e-07 315 0.0297033228571429 0.221508089090177
1.01 5B 547007173 547015976.5 6.06988276863684e-07 1465 0.000320672790443686 0.491150263729433
1.02 5B 548595223 548600541.4 5.8205463988004e-07 1481 0.00260342784604997 0.0586148738863122
1.03 5B 550034019.75 550036683 5.59089779640515e-07 545 0.00603135858715596 0.208693142038079
1.04 5B 550949061.75 550955096.5 5.41958535979824e-07 4037 0.00572959499628437 0.216318260728587
1.05 5B 552517871.363636 552522221.090909 5.13869825163999e-07 2978 0.000795752854264607 0.291732590583318
1.06 5B 554499883.6 554505629.4 4.8906584863044e-07 2737 0 NA
1.07 5B 557824742.357143 557829653.142857 4.53554027817766e-07 5570 0.00285408359425494 0.101751044342234
1.08 5B 561372447 561377938.7 4.21826965274561e-07 2744 0.00115446437135569 0.218401660014082
1.09 5B 567050467.8 567056735.333333 3.82646292022328e-07 6379 0.00147274583477034 0.186029862277893
1.1 5B 571604201.76 571608972.84 3.66656472618172e-07 10189 0.000230479450387673 0.387872592710765
1.11 5B 575082943.375 575087056.5 3.74011990159855e-07 2473 0 NA
1.12 5B 577809060.230769 577813717.846154 3.80757657853447e-07 3890 0.00481056162622108 0.0985023146632228
1.13 5B 580536605.3 580541415.9 3.87209409231973e-07 2821 0.00482351205246367 0.0337730878908866
1.14 5B 582874525.666667 582878357.5 4.1087655035331e-07 1515 0.0010621504290429 0
1.15 5B 584648496.2 584651636.6 4.22750836963742e-07 1049 0.00635224410867493 0.0913574240527177
1.16 5B 585725034.5 585728420 4.20752693105326e-07 1663 0.00150410588695129 0.539401782354749
1.17 5B 587352357 587356383.125 4.07638548413806e-07 2709 0.000863104857881137 0.097545508030606
1.18 5B 588727850.75 588733147.25 4.20898296255108e-07 3082 0.00711203138870863 0.0306812457478475
1.19 5B 590783172.571429 590786842.142857 4.33345497062763e-07 1388 0.00171805213256484 0.67844558114864
1.2 5B 593575814.5 593579689 4.63255987202643e-07 467 0.00170868436830835 0
1.21 5B 595096124.833333 595099919.5 4.84914878831289e-07 1553 0.00935557394719897 0.0964282084798308
1.22 5B 598755741.5 598761860 4.38440537172395e-07 814 0.00986158611793612 0.0566819962116674
1.23 5B 601042776 601047519.375 3.91159583435988e-07 2858 0.0063208189293212 0.0612061889850985
1.24 5B 603755999.833333 603761997.666667 3.4514451991056e-07 5078 0.00507166566876723 0.0899707679844199
1.25 5B 605806256.25 605811915.5 3.03589447857692e-07 2710 0.00151101040590406 0
1.26 5B 608384101.833333 608388834.833333 2.63150610555524e-07 2054 0.00115090664070107 0.49053386275747
1.27 5B 612481614.111111 612486314.111111 2.2314624882507e-07 2326 0.00135257469905417 0.440730659934498
1.28 5B 619615729.363636 619621074.136364 1.90202628433792e-07 5190 0.00300424566666667 0.0734716411466036
1.29 5B 625826889 625830536.4 1.29621500280904e-07 1399 0.0010941426733381 0.151280585894505
1.3 5B 633203738.666667 633208420.666667 1.85500209425607e-07 1525 0.00162325935737705 0.274635414361549
1.31 5B 637552155.875 637556500.875 2.03552933487935e-07 3250 0.00289813626153846 0.113013415512973
1.32 5B 641371378.692308 641375193.153846 2.43612805025354e-07 3499 0.00409210694112604 0.0962117555729383
1.33 5B 646037784.6 646041219.6 3.19564173980405e-07 1221 0.00335447535626536 0.225214895173925
1.34 5B 650265051.928571 650270633.214286 3.50714964267489e-07 4020 0.00258570688557214 0.131686291723061
1.35 5B 654319834.875 654324189.875 4.24949974474457e-07 2347 0.00408367014060503 0.119283801056917
1.36 5B 657145254.75 657150888 5.11433301694155e-07 4507 0.00107856240914134 0.469888661866627
1.37 5B 658500205.166667 658503899.5 5.51786989141397e-07 1302 0 Inf
1.38 5B 660381424.6 660386812.4 6.00314893319827e-07 1000 0 NA
1.39 5B 661367285.666667 661372569.666667 6.22204842286653e-07 1213 0.00562946215993405 0
1.4 5B 662397328 662399919.5 6.42451098293592e-07 447 0.00214765100671141 0.238698625
1.41 5B 663253603.875 663258229 6.57363138625288e-07 2371 0.0022939444749051 0.150428854977659
1.42 5B 664548348.666667 664555485.333333 6.76419984564935e-07 1504 0 NA
1.43 5B 665895281.857143 665901565.571429 6.92032457453276e-07 2936 0.00104831689713896 0.224320492052784
1.45 5B 668633996 668638612.5 7.09757372778109e-07 1427 0.0067023486755431 0.0786649624678002
1.46 5B 669894375.333333 669897641.666667 7.12180435159325e-07 941 0.0032943054303932 0
1.47 5B 671633586 671637550.666667 7.08150401611126e-07 674 0.00115203097922849 0.895391021981461
1.48 5B 673855351.6 673860003.6 6.93316350630787e-07 2127 0.00534826712270804 0.284962108176334
1.49 5B 674750144.333333 674754395.333333 6.83724792820533e-07 1188 0.00129101636363636 0.149869881704666
1.5 5B 676434443 676439235.4 6.60402589380497e-07 1792 0.00261763146205357 0.146792779872109
1.51 5B 678193580.166667 678197661.666667 6.35556340808083e-07 2288 0 NA
1.52 5B 679489262.5 679497634 6.41404296924524e-07 3453 0.00266277758470895 0.171462256803498
1.53 5B 680713955.363636 680719947 6.47153461011517e-07 3927 0.0060862406442577 0.0585495870644323
1.54 5B 682100517.666667 682105178.666667 6.48730977174646e-07 745 0.000976204026845638 0.945925252175252
1.55 5B 683098118 683104884.75 6.46285227648497e-07 1520 0.000515673993421053 0.583944887558818
1.56 5B 684490700 684494980 6.38556590933157e-07 1218 0.00563646379310345 0.0979854696130399
1.57 5B 685382984 685386115.333333 6.34095514804405e-07 298 0.00576339395973154 0.212116625445694
1.58 5B 686932232 686935350 6.35249334706992e-07 265 0.00580762 0
1.59 5B 687797885 687802614 6.36236457319029e-07 388 0 NA
1.6 5B 689370089 689374127 6.3691965912554e-07 38 0 NA
1.61 5B 690078696 690083554.8 6.36743748203822e-07 2860 0 Inf
1.62 5B 692671513.8 692676508.4 6.33655215212125e-07 2278 0.001731586404741 0.115985013443206
1.63 5B 695375330.333333 695379294.444444 6.24780982248987e-07 1803 0.0179274124792013 0.0715457497214061
1.64 5B 699136897.2 699141919.4 6.11049521202865e-07 1573 0.0169807822123331 0.0258279373133858
1.65 5B 704295642.12 704300028.48 5.98474098921998e-07 8304 0.00443952615366089 0.161646009275629
1.66 5B 708853898.090909 708859722.818182 5.9302318692553e-07 3280 0.0035964035152439 0.0975203290681099
0 6B 163680 173488 NA 1600 0 NA
0.02 6B 3382812 3384623 7.08632364934461e-07 85 0 NA
0.03 6B 4005325 4009627 7.08910515021514e-07 835 0.0279129805389222 0.0298126979426169
0.04 6B 5519661 5523235.5 7.11640077245807e-07 604 0.0011866559602649 0
0.06 6B 8499419 8503292.8 7.24081655502164e-07 1305 0.00308965946360153 0.0717152773795751
0.08 6B 11301790.5 11307880.5 7.42441531612931e-07 228 0.00361097368421053 0
0.09 6B 13285790.4285714 13290211.4285714 7.49839289574171e-07 1888 0.000417941737288136 0.173322856918363
0.1 6B 14807138.8333333 14810506.3333333 7.50222866887286e-07 2179 0.000707124442404773 0.449967902891658
0.11 6B 16866306.3333333 16870213.1666667 7.49931878667319e-07 1793 0.000435143324037925 0.28907400268322
0.12 6B 18594248.4 18600586.4 7.6268756392296e-07 1201 0.003393326244796 0.110936792467122
0.13 6B 20679829 20687936 7.66567465903525e-07 1981 0 NA
0.14 6B 21785427 21789217 7.60895314471756e-07 379 0 NA
0.15 6B 23105146.5 23108436.5 7.59420350472107e-07 365 0 Inf
0.17 6B 25087924 25097962 7.74190249962689e-07 675 0.00215304868148148 0.160994571377327
0.18 6B 26861494 26864140 7.77405210319372e-07 145 0 NA
0.19 6B 27740218.5 27749757.5 7.77554727119737e-07 2443 0.00297584266475645 0.1875915246043
0.24 6B 32326215 32330387 8.27369861248473e-07 799 0.00098033395494368 0.293600754145196
0.27 6B 36189508.3333333 36195401 8.15308337474167e-07 1026 0 NA
0.28 6B 37250792 37253002 8.02355599975407e-07 222 0 NA
0.3 6B 38980691 38983634.5 7.72181040939858e-07 900 0.00703236111111111 0
0.31 6B 40280079 40283363 7.42386267393683e-07 506 0.0031353937944664 0.28849504351459
0.32 6B 41789416.75 41792907 6.99742101815249e-07 924 0.00725827002164502 0.0687805927899978
0.33 6B 42381551.3333333 42383431.6666667 6.80852463876203e-07 348 0 NA
0.34 6B 44560500.5 44565958.5 5.99593826926867e-07 777 0.00309562104247104 0.474553468031429
0.35 6B 46299642.3333333 46304630.3333333 5.2189152674997e-07 724 0.00452833563535912 0.713638644325251
0.36 6B 48825101.5 48830102.5 3.88334247515235e-07 1721 0.000952931958163858 0
0.37 6B 56551299.625 56555349.75 2.36507789368667e-07 2129 0.0106138601690935 0.101040490791388
0.38 6B 66437270.5555556 66441321.3888889 4.96335172144218e-08 4016 0.000786003476095617 0.218100466872169
0.39 6B 79116676.8421053 79120020.7894737 2.4436739568809e-08 3725 0.0025158177852349 0.271528759845258
0.4 6B 96931036.5384615 96936301.7307692 6.47505564657742e-08 5617 0.000706980381876447 0.28762277869644
0.41 6B 113859917.5 113865567.875 8.51818497539302e-08 2035 0.000408266191646192 0.266649559105161
0.42 6B 121336099 121342020.55 9.96871989534427e-08 7755 0.00191809410444874 0.214875305064032
0.43 6B 130754164.15 130759653.55 1.24999906800653e-07 9486 0.00407822287476281 0.117775205928971
0.44 6B 140329385.086957 140335494.73913 1.50178393130084e-07 9741 0.00616260058207576 0.076484121199973
0.45 6B 148682755.75 148687673.166667 1.43404773877134e-07 4460 0.00124694453587444 0.207318811866775
0.46 6B 155351158.25 155358056.5 1.1317644392886e-07 4341 0.00139585896337249 0.154557766397246
0.47 6B 163132395.25 163138969 8.01378806961952e-08 2177 0.00283079673863114 0.0377536461822518
0.48 6B 203998484.865546 204004357.97479 2.04369453137951e-08 41800 0.00227974909382775 0.154085412270266
0.49 6B 256514339.740741 256520742.574074 1.4953422312138e-08 18877 0.0011066169141283 0.248415347774293
0.5 6B 346530976.252525 346543930.646465 1.82997509947102e-09 37705 0.000552445550351412 0.461242479039377
0.51 6B 412961059.5 412967353.25 2.03400259057451e-08 2989 0.000548691334894614 0.556762530682208
0.52 6B 440590348.731343 440596627.80597 4.34556437139454e-08 21099 0.000688719272714347 0.371563087054059
0.53 6B 466207233.529412 466213091.441176 6.96611845589646e-08 13165 0.000688935612457273 0.469152608633035
0.54 6B 479195320.703704 479201176.148148 7.67725379036604e-08 6495 0.00135511305157814 0.308808390702239
0.55 6B 489070141.117647 489075585.470588 8.0658265340519e-08 5401 0.00161746017219034 0.103779140668718
0.56 6B 496369427.375 496373970.375 8.28339864167194e-08 1339 0.00121184778192681 0.365035249006359
0.57 6B 507292760.225806 507298124.290323 8.49583266632406e-08 9273 0.000958238779251591 0.233728918404418
0.58 6B 525204225.685185 525208880.296296 8.55803733737514e-08 14992 0.0021909001607524 0.208775563342453
0.59 6B 541766309.047619 541772132.904762 8.12882793761457e-08 11546 0 Inf
0.6 6B 553361247.5 553366275.833333 6.35221307400449e-08 8191 0.000285330450494445 0.296567559882505
0.61 6B 562872218.333333 562876762.8 5.85692631648438e-08 6624 0.000481462999698068 0.215671022522621
0.62 6B 570022305.047619 570026459.619048 6.68811443652481e-08 6716 0.00108357744044074 0.176826682303259
0.63 6B 578905465.15 578909584.5 8.22956648937109e-08 4707 0 Inf
0.64 6B 595641240.367347 595647395.163265 6.0717682192429e-08 21029 0.000483465235626991 0.366883888677851
0.65 6B 616028372.258065 616033523.870968 1.22315508835549e-07 9674 0.00214443495555096 0.140028387279468
0.66 6B 625750399.142857 625760652.428571 1.94814605843472e-07 2553 0.00369409001175088 0.268339109913954
0.67 6B 633197792.888889 633202992.888889 2.89371335483411e-07 2735 0.0014916652285192 0.111927317577224
0.68 6B 635098071.833333 635101583.166667 3.14229445258337e-07 1109 0 NA
0.69 6B 637576924 637584689.666667 3.40431552197219e-07 1202 0.0018785991014975 0.103631820879448
0.7 6B 639717553.25 639723935.5 3.56545847705437e-07 2094 0.000382045272206304 0.287684053105814
0.71 6B 641254885.166667 641263181.666667 3.64424796092713e-07 2783 0.000291815869205893 0.56050683070686
0.72 6B 643982006.4 643986151 3.70177233838483e-07 1466 0.00241512796725784 0.161343572867885
0.73 6B 645702663.181818 645708430.727273 3.68866364596358e-07 3364 0.00286706073127229 0.165780551334423
0.74 6B 649775438.6 649782107.4 3.8720379099545e-07 1819 0 Inf
0.75 6B 652609450.888889 652615493.333333 3.80510899757705e-07 4706 0.00231077738121547 0.0842764986914884
0.76 6B 656742747.666667 656747042 3.48327579697993e-07 2715 0.000277326084714549 0.921783976185523
0.77 6B 658693230.833333 658698137.666667 3.34214522915886e-07 1238 0.00154591269789984 0.151233103132262
0.78 6B 660804005 660806927.833333 3.17285501812748e-07 1116 0 NA
0.79 6B 662436177.428571 662444362.285714 3.06917132531252e-07 3557 0.000200686758504358 1.65129696622282
0.8 6B 664629540.818182 664635007.181818 2.93009046921151e-07 5113 0.0037894374007432 0.343005050349576
0.81 6B 669246382.818182 669251437.272727 2.41438171289141e-07 4331 0.00148094725698453 0.697988207192774
0.82 6B 675929372.5 675933824.5 2.48890021382321e-07 1260 0.00242212007936508 0.0749203362540223
0.83 6B 680047128.1 680052069.5 5.48690320042404e-07 2657 0 Inf
0.84 6B 682233451 682238963.5 7.22024621865041e-07 381 0 NA
0.86 6B 685015773 685020515.1 9.3432883973013e-07 3719 0.00924338002151116 0.127481441679315
0.87 6B 686003240.5 686008955 9.78276765736919e-07 2569 0.000295967574153367 0
0.88 6B 687554160 687557504 1.0140551417985e-06 387 0 NA
0.89 6B 688259792.6 688263853.8 1.01638697438375e-06 1349 0 NA
0.9 6B 689270493 689276211 1.00495338647188e-06 591 0 NA
0.91 6B 689919228 689923507 9.88441452826664e-07 415 0 NA
0.92 6B 690673108.666667 690677923 9.60147027773432e-07 1113 0.00438330943396226 0.140028050945683
0.93 6B 690958525.5 690963911.5 9.58513400328544e-07 977 0.0161480931422723 0.0145467543344176
0.95 6B 692601214 692606898 1.00401896894487e-06 891 0.00262847297418631 0.198111153816859
0.96 6B 693341614.75 693345402.75 1.01873596954058e-06 861 0.00177451507549361 0.303325160930586
0.97 6B 694376185.428571 694380311.714286 1.0253207679864e-06 1706 0.0063702894021102 0.0844123690258562
0.99 6B 695936835 695938753 1.00235276225236e-06 80 0 NA
1 6B 696636476 696641207 9.79099122266893e-07 754 0.0020712 0.147395229818463
1.02 6B 699129911.333333 699138311.333333 8.83974132723343e-07 2503 0.00129367334398722 0.140826395798838
1.03 6B 701386578 701392566 8.66875156386406e-07 352 0.0181474 0
1.04 6B 702220939.125 702224674.75 8.62816652065774e-07 1992 0.0188082564759036 0.154486223098173
1.05 6B 703411343 703415437 8.56108662160867e-07 966 0.00245940847826087 0
1.06 6B 704840169.6 704844208.2 8.46494477112346e-07 740 0.00531679594594595 0.409443637183439
1.07 6B 705437490.5 705442930.5 8.41966737839581e-07 1129 0.00406613286093888 0
1.08 6B 707034968.375 707038624.625 8.2832120675112e-07 1546 0.0108588510672704 0.0814717374471779
1.09 6B 708725007.857143 708730215.285714 8.11512085536305e-07 2723 0.00113863524678663 0.371948140993992
1.1 6B 710029750.666667 710034728.666667 7.96950732730786e-07 1476 0.0050014972899729 0.159811492764362
1.11 6B 710999828.5 711002614 7.85119565268105e-07 662 0 Inf
1.12 6B 712386808.666667 712391877.75 7.66891436435868e-07 3595 0.0166258937913769 0.110293416836649
1.13 6B 713971067 713976790 7.43997763622906e-07 745 0 NA
1.14 6B 715390915.25 715395534.25 7.23215811515683e-07 1124 0.00634528971530249 0.0973715410362318
1.15 6B 716439160.5 716444610.5 6.93091968397731e-07 1177 0.00260393841121495 0
1.16 6B 718145340.5 718152067.5 6.68685072035768e-07 2516 0.00263035244833068 0.0690776615505394
1.17 6B 719508157.25 719514726 6.53347232107746e-07 3068 0.00127578831812256 0.0587650860529886
1.18 6B 720649432.666667 720654995.666667 NA 1294 0.00249097599690881 0.211896409299901
0.04 7B 3047610 3054170.75 7.61607573333439e-07 1116 0.0117657634408602 0.0703720174992872
0.05 7B 3777959.16666667 3781671.33333333 7.53819292951023e-07 1135 0.0134691265462555 0.0765785745253068
0.06 7B 4846934.2 4851269.2 7.42389999571523e-07 937 0 NA
0.07 7B 5714892.5 5722159.5 7.33093497663429e-07 606 0.00672664653465346 0
0.08 7B 6431254.66666667 6435458.66666667 7.25447448227128e-07 715 0 NA
0.1 7B 8519789 8526697 7.03080800760974e-07 413 0.00600751 0
0.11 7B 8859289 8863598 6.9945945464914e-07 131 0.00606061 0
0.12 7B 9754094 9760088 6.89866724935618e-07 175 0 NA
0.14 7B 11958569 11961510.5 6.66257384768284e-07 285 0 NA
0.15 7B 12930409 12934880 6.55826740094626e-07 106 0 NA
0.16 7B 14063107 14072046 6.43650745851489e-07 398 0.0508765 0.0682596090532957
0.17 7B 15206939 15213240.3333333 6.31387102879266e-07 756 0 Inf
0.19 7B 17630414.5 17636077 6.05359159986866e-07 210 0 NA
0.2 7B 18199334 18203379 5.99253111498113e-07 163 0 NA
0.21 7B 19271829 19276711 5.87717600683279e-07 33 0 NA
0.22 7B 21411345.4 21415976 5.64700504712174e-07 1030 0 Inf
0.23 7B 22062832 22077179 5.57635413135742e-07 638 0 NA
0.24 7B 23966234 23971627.6666667 5.37183106488012e-07 1411 0 NA
0.25 7B 25860402 25864283.6666667 5.16774855748987e-07 612 0 NA
0.26 7B 27283935.5 27289765.5 5.01410092646645e-07 1175 0 NA
0.27 7B 29062538.6 29067654 4.8221805554171e-07 1976 0 NA
0.28 7B 31878941.6666667 31884516 4.51790783149341e-07 858 0 NA
0.29 7B 33408437.7 33413436 4.35255573172375e-07 2981 0 Inf
0.3 7B 36204153 36206872 4.05013885514475e-07 732 0 NA
0.31 7B 42580761.65 42585789.55 3.17147688948033e-07 6240 0.000284479169230769 1.52958371040569
0.32 7B 50192541 50198970.4615385 2.31120479269874e-07 3809 0.00282172736151221 0.254000374017039
0.33 7B 59074149.8181818 59080105.3636364 1.74840707554925e-07 4148 0.00736620141513983 0.0597258107920614
0.34 7B 63909542.5 63914133.25 1.01610318079808e-07 2651 0.00121116557148246 0.211936838431412
0.35 7B 70983382.125 70987461.375 1.40014807937168e-07 3703 0.003965831752633 0.0928917881006801
0.36 7B 75736055.1538462 75742372.3076923 1.44555535677083e-07 4768 0.00166196586912752 0.0580172234131663
0.37 7B 82272650.8 82278536.5 1.50558999656537e-07 4527 0.00173326146675503 0.175198416303813
0.38 7B 89716807.0666667 89723424.8 1.56370557374474e-07 4481 0.0031248011426021 0.141334914507699
0.39 7B 96102114.8 96105399 1.56398124087547e-07 476 0.0139104794117647 0
0.4 7B 103577282.5625 103582514.5625 1.53071904853607e-07 6205 0.0020815747284448 0.17832080940389
0.41 7B 108020591 108026886.666667 1.53033533594355e-07 3882 0.000821236370427615 0.288349541167398
0.42 7B 113665150 113670399.095238 1.5211733290603e-07 5681 0.00325840849674353 0.450159353655927
0.43 7B 119689939 119695262.545455 1.50114357245943e-07 4360 0.00284546234449541 0.0184904653676272
0.44 7B 128871813.714286 128877573 1.59145556623216e-07 9080 0.000248391982378855 0.519371353860549
0.45 7B 136821348.380952 136827321.428571 1.48817827975034e-07 7141 0.00223568013583532 0.114593870337616
0.46 7B 144638361.1 144643978 1.15883965929889e-07 3547 0.00077406781787426 0.834379688321963
0.47 7B 151314264 151321600.181818 9.44022702271993e-08 5769 0.00221753164673254 0.231410241414505
0.48 7B 157248419.421053 157256723.526316 8.0933155789167e-08 7954 0.000585452708574302 0.346598252722658
0.49 7B 174186227.763889 174191059.5 5.46796769841412e-08 22128 0.0020179344994577 0.305412435194644
0.5 7B 214696000.857143 214701415.527473 2.04545949877655e-08 27072 0.00181882441529994 0.240046383943771
0.51 7B 246827048.361111 246834701.777778 3.38918781839015e-08 12249 0.000313228112009144 0.662413504781142
0.52 7B 274884048.6 274891085.48 3.44249711524657e-08 8758 0.000274815316738981 0.378212084704136
0.53 7B 326278177.128205 326287308.794872 2.22772150325552e-08 30218 0.0011815212831425 0.221070512998034
0.54 7B 400205148.577465 400210677.549296 1.0668109453593e-08 47689 0.000789740625385309 0.208537190472943
0.55 7B 454292969.84 454299835.44 2.75778448101733e-08 25198 0.00159778941689817 0.215890506909129
0.56 7B 483285739.2 483290710.725 3.60527911346932e-08 10217 0.00372364951355584 0.20416405964692
0.57 7B 508504962.079365 508510301.888889 4.222232319836e-08 19995 0.00233292849942486 0.136235153776282
0.58 7B 532435032.673913 532441218.065217 5.02557602656839e-08 15150 0.000682885634983498 0.178236226745096
0.59 7B 561123599.6 561128460.145455 4.25498749103809e-08 18486 0.00123736324072271 0.137734284769269
0.6 7B 579941576.9 579944072.2 1.48080720636466e-07 1265 0.00353581263241107 0.0819533314208264
0.61 7B 583721137.666667 583724558 1.59445590584587e-07 690 0 NA
0.62 7B 587698117 587701498 1.62412449116306e-07 965 0 NA
0.63 7B 593044718.5 593048954.833333 1.76473388299496e-07 2974 0 Inf
0.64 7B 601893051.466667 601898411.133333 1.72438207876335e-07 4479 0.00199566545657513 0.220075810025416
0.65 7B 608562384.571429 608566896.857143 1.6839935266752e-07 2593 0 Inf
0.66 7B 612484138.25 612490438.25 1.75670411860763e-07 679 0.00793825516936672 0.0424652408285668
0.67 7B 617347791 617352529.333333 1.71764041909094e-07 1112 0.0020697054676259 0.100542738747174
0.68 7B 623690442.888889 623695590.888889 1.87589375393306e-07 5473 0.00451633375479627 0.0832999949626778
0.69 7B 629959345 629964704.875 1.96957251294669e-07 1302 0.0179497251152074 0.0701258512955076
0.7 7B 634300525 634306356 2.05666723901589e-07 123 0 NA
0.71 7B 638589337.555556 638594111.777778 2.43796422247148e-07 3443 0.0147542489282602 0.0640684119654667
0.72 7B 642416689.5 642419800.75 2.9952287679434e-07 1032 0.00322554916666667 0.0679148140010555
0.73 7B 646114050.25 646119986.5 3.72255507304189e-07 925 0.0212104512432432 0.0964586745237078
0.74 7B 649527881.4 649531858.4 4.48292967345124e-07 1669 0.00878976824445776 0.156328385844776
0.75 7B 653013256 653016681 5.20088291509587e-07 193 0.02818 0.243972675656494
0.76 7B 654177878.75 654181098.75 5.40887910141212e-07 484 0 Inf
0.77 7B 656528760.5 656531459.5 5.78803507401222e-07 391 0 NA
0.78 7B 658568408.666667 658573428.833333 6.06502682510283e-07 2148 0.00250886131284916 0.0840933157205296
0.79 7B 660447771 660452514.333333 6.28491566145815e-07 268 0.00254725970149254 0.352113362677129
0.8 7B 662769884.333333 662774579.666667 6.50083020438964e-07 1183 0 Inf
0.83 7B 667227378.5 667231289.25 6.75080076231779e-07 701 0 NA
0.84 7B 668002926.666667 668006967.666667 6.77333590238855e-07 1137 0.000656292700087951 0.30766676654988
0.85 7B 670278572 670289261 6.79952217689818e-07 985 0.00161616 0.431373131373131
0.87 7B 672385976 672389869 6.77361845052183e-07 108 0.0288722 0
0.88 7B 673955432 673963147 6.72300466347913e-07 903 0.00182614 0.274889657967078
0.89 7B 675721649 675724758 6.63433775133028e-07 346 0.00231548 0
0.91 7B 677787183 677790758 6.4870492946636e-07 374 0.00235059090909091 0
0.92 7B 678745566 678749200.333333 6.40725318427544e-07 556 0.0101818642086331 0.0404439336304067
0.93 7B 680166338.8 680170654.4 6.485817885201e-07 1075 0.00945575410232558 0.0222187082687349
0.94 7B 681959185 681962890.666667 6.54395503706844e-07 752 0.0145602970744681 0.0634946402356876
0.95 7B 683509522 683515042 6.74360757170699e-07 879 0 NA
1 7B 690658415.666667 690661371.333333 7.18070045815749e-07 322 0.0048727801242236 0.146215610714151
1.02 7B 692605245 692611235 7.10785634680443e-07 875 0 NA
1.03 7B 693190704 693194113 7.06959807709439e-07 279 0 NA
1.07 7B 699374666 699380885 6.20799909778814e-07 1050 0.000759013 0.574231271401149
1.08 7B 700312627.714286 700323153.857143 6.00222123659748e-07 4844 0.0073675945821635 0.086010698550315
1.09 7B 701640796.285714 701645975.285714 5.71972509297362e-07 3367 0.00843653298188298 0.137186884630107
1.1 7B 704196013 704200675.666667 5.22652243289644e-07 2205 0.00247750233106576 0.250686643916912
1.11 7B 706294291.6 706298003.6 4.98326181080228e-07 1963 0.000384189922567499 0.304960367429922
1.12 7B 708730875.333333 708735355.666667 4.68454089434309e-07 1375 0.0321567423272727 0
1.13 7B 711624661.666667 711630985.333333 4.26375349087104e-07 1223 0.0018975705478332 0.346495856357674
1.14 7B 713966511.2 713971065.6 3.84839616612579e-07 1648 0.00280508871359223 0.099389218778926
1.15 7B 717371347.5 717381457.5 3.36704848040908e-07 911 0.000892993282107574 0.279639348110392
1.16 7B 720230907.2 720234314 3.15258160089908e-07 1804 0 NA
1.17 7B 724840471.666667 724846376 2.85013302524778e-07 2289 0 NA
1.18 7B 728601836.833333 728605751.166667 2.47147112567301e-07 2454 0.013418657991035 0
1.19 7B 732572517.75 732581194.75 2.12863290362637e-07 3284 0.00303996984774665 0.0459523420172073
1.21 7B 741763919.058824 741768993.058824 1.35486704323273e-07 6841 0.00263587390966233 0.143019418104009
1.22 7B 750043109.75 750047658.25 7.14318024451966e-08 1226 0.00183924959216966 0.30548811487769
