poscM Chromosome Start End recRate nb_complete_site piSyn f0
0.03 1A 1204449.28571429 1210075.42857143 1.28202836542639e-06 3269 0.0078985494417253 0.0353055009379348
0.07 1A 3255618 3262577 1.22749463728347e-06 486 0 NA
0.08 1A 3403685.33333333 3408569 1.22348203918487e-06 1789 0 NA
0.12 1A 5491027 5495112 1.15658401937862e-06 314 0.00720721 0.102777773923613
0.14 1A 6678979.5 6684971.5 1.12284653739583e-06 352 0.00564402363636364 0
0.15 1A 7383482 7393575.66666667 1.1022500091676e-06 1667 0.00331260159568086 0.358567995549438
0.16 1A 8239469 8244826 1.07686217957833e-06 415 0.00737044 0.151453644558534
0.17 1A 9111992 9116920.5 1.05029696827475e-06 663 0.00101827352941176 0
0.18 1A 9610864.5 9614276 1.034852939624e-06 688 0.0144837672238372 0.114516015641548
0.19 1A 10062443.6666667 10066600.6666667 1.02160377026859e-06 777 0.0409105290862291 0.0143955903130682
0.2 1A 11564200 11572148 9.80895544252246e-07 734 0 Inf
0.21 1A 12122663.3333333 12127318.8333333 9.66206731043799e-07 1942 0.0178779808959835 0.0396442741679696
0.22 1A 13816369.5 13821118.5 9.21694797503971e-07 1459 0.00910745930089102 0.120748852499332
0.23 1A 14992398.8888889 14997653.4444444 8.87184173666417e-07 2102 0.00148695884871551 0.439379607513787
0.24 1A 16931434 16934477 8.31349589658753e-07 165 0.0146939 0.0940043147156303
0.25 1A 18473426 18476055.5 7.89663823523313e-07 59 0 Inf
0.26 1A 19895297 19897721 7.53136045557493e-07 65 0 Inf
0.27 1A 20580507.3333333 20584832.6666667 7.36251850723982e-07 1877 0.0278614229088972 0.0700636915051842
0.28 1A 21760904.8 21768164.8 7.08024633342341e-07 2249 0.000705159404179635 0.144493974570332
0.29 1A 23074984.6666667 23077314.3333333 6.78115412154314e-07 1012 0.0049360846541502 0.26926591437377
0.3 1A 24409602.3333333 24412719.6666667 6.43139171862687e-07 772 0.0188354167357513 0.0472674076572807
0.31 1A 25595318.3333333 25600160 6.07592066157176e-07 872 0 NA
0.32 1A 27782495.625 27787622.75 5.35610920977133e-07 3287 0.00117500605415272 0.421960348242029
0.33 1A 30418549.4 30423791 4.65694348274992e-07 1709 0.00170460354008192 0.206193247147534
0.34 1A 33407893.6 33413807.6 4.22013257613853e-07 1994 0.00225843475426279 0.103758194872675
0.35 1A 36288704.5714286 36293624.7142857 3.33566986056065e-07 3633 0.00108467396366639 0.175082632608031
0.36 1A 41507274.8888889 41513486 2.23688161168676e-07 2703 0.00506191901220866 0.145945172122991
0.37 1A 45926655.6666667 45932520.6666667 2.24402987252008e-07 1053 0.000702884292497626 0
0.38 1A 49261548.2307692 49268941.9230769 2.20614714282859e-07 5959 0.00106256949488169 0.434242478663769
0.39 1A 53615015.9 53620214.5 1.77113275811584e-07 2802 0.00394301319414704 0.104089194633672
0.4 1A 58820733.0666667 58826418.9333333 1.49284933379774e-07 5294 0.000292896448809974 0.148762983574422
0.41 1A 65202897.8666667 65207057.0666667 1.28339128768407e-07 4913 0.00239823447180948 0.214076963170977
0.42 1A 79442092.1071429 79448253.6428571 5.19793894960067e-08 13491 0.00018091313105033 0.187663150773274
0.43 1A 152389561.129032 152397499.22043 5.72467891370898e-09 70617 6.07472232606879e-05 0.635370544236609
0.44 1A 280346139.810345 280352405.387931 1.08898134378093e-08 43353 0.000110429085345881 0.602796836261451
0.45 1A 329418051.958333 329425506.430556 3.04166087073765e-08 27099 0.00114741037233846 0.23087420154594
0.46 1A 354690313.022222 354695411.311111 2.39699165120584e-08 12842 0.000250335436847843 0.443614589722518
0.47 1A 368682175.241379 368687155.724138 1.50026083913273e-08 11035 0.00080340513855913 0.109546319317065
0.48 1A 378757798.090909 378765081.227273 1.4137978968918e-08 10392 7.99019630484989e-05 1.37769012714291
0.49 1A 393940425.148148 393946648.925926 2.16041372908626e-08 22126 0.000256730995028473 0.159841518800402
0.5 1A 425979696.79661 425985396.576271 7.1916460668935e-08 22314 0.00116564499282961 0.229571975452492
0.51 1A 447090143.27451 447095781.156863 1.29568284131426e-07 17495 0.00139706054644184 0.271480775232192
0.52 1A 459170596.956522 459175466.521739 1.82630952710195e-07 7260 0.000775229245179063 0.200985030230958
0.53 1A 464638761.444444 464642575.888889 2.09736133824386e-07 6270 0.00275017462200957 0.0535356285869783
0.54 1A 470573901.142857 470578009.714286 2.40148433896107e-07 2979 0.000781354874118832 0
0.55 1A 474083805.428571 474088973.428571 2.58588715926804e-07 3457 0.00234446024645647 0.338310241702683
0.56 1A 478747665.428571 478752028.571429 2.84686960803625e-07 1321 0.00172058145344436 0
0.57 1A 481812419.9 481816308.3 3.03328202796429e-07 3699 0.00420256095971884 0.0894915905236863
0.58 1A 485804433.846154 485809777 3.28971597900897e-07 6648 0.00073908903700361 0.463718337210755
0.59 1A 488028302.666667 488033140.166667 3.43929358279555e-07 1172 0.000727859931740614 0.263267245282538
0.6 1A 490979934.333333 490989243 3.6492905788719e-07 1239 0.00256009946731235 0
0.61 1A 493294272.428571 493298342.285714 3.78370598762935e-07 2094 0.00181360007640879 0
0.62 1A 495005966.25 495010047.75 3.84629649967646e-07 1601 0.00242022948157402 0.295099106082569
0.63 1A 496349072.142857 496352625 3.88012461905256e-07 1773 0 Inf
0.64 1A 498420688.583333 498424519.416667 3.90229131445712e-07 2989 0.000296887387085982 0.265956634487136
0.65 1A 500208391.125 500212252.625 3.8940921373222e-07 1587 0.00152141604914934 0.284252068141987
0.66 1A 502763892 502769034.5 3.8927281379296e-07 2162 0.000752589713228492 0.277985136196018
0.67 1A 506201483.25 506206845.5 3.96096315686035e-07 6287 0.00333469449498966 0.130712313071085
0.68 1A 510759990.75 510763665 3.752770079243e-07 946 0.00328502472515856 0.0741152543093251
0.69 1A 513697043 513704155.714286 3.28861580482965e-07 2368 0.00100581303209459 0.191855225900809
0.7 1A 516552498.5 516558635.083333 3.298187278119e-07 4809 0.00230986098981077 0.012835127883684
0.71 1A 518742448.142857 518751880.714286 3.44902511526705e-07 4457 0.00198603968813103 0.102148463968241
0.72 1A 520408712.428571 520413717.571429 3.45061145886956e-07 1960 0.00120984279591837 0.285088240170586
0.73 1A 521375911 521379251.875 3.47285995184483e-07 1493 0.0043394905961152 0
0.74 1A 522589764.5 522594360 3.52534191717825e-07 567 0 Inf
0.75 1A 529803683.133333 529808763.466667 4.36386921967833e-07 7330 0.0021772727585266 0.195134912674826
0.76 1A 532210122.5 532215301.9 4.64962211197426e-07 2895 0.00598350609326425 0.145783769752213
0.77 1A 534395204.6 534398981.4 4.68890274892634e-07 2816 0.00346914377840909 0.233273533133147
0.78 1A 536513541.833333 536517647.333333 4.42619068273352e-07 1450 0.00620282927586207 0.10153291060188
0.79 1A 537649457.333333 537653693.666667 4.35091157018878e-07 2850 0.000813149442105263 0.795611679087529
0.8 1A 539067279.5 539071754 4.5914706177824e-07 454 0.0090091672907489 0.218087352262421
0.81 1A 540174104.444444 540179335.888889 5.04703086047615e-07 2615 0.00397744239770555 0.18803629218433
0.82 1A 541903534.25 541907835.5 6.22659657393722e-07 1791 0.00703326011166946 0.0183847987951221
0.83 1A 542601740 542606127.5 6.85209816915561e-07 485 0 Inf
0.84 1A 544278754.230769 544283606.076923 8.26714027280993e-07 2321 0.000318664670400689 0.926264197310865
0.85 1A 546748513.428571 546753900.571429 1.05022241944878e-06 2525 0.00255407833267327 0.106623747162525
0.86 1A 549614288.380952 549618426.047619 1.27080248380403e-06 6080 0.00197310587828947 0.322512354857741
0.87 1A 551607281.8 551610721.4 1.40697148744931e-06 2122 0.00222147026861451 0.0486460819307222
0.88 1A 552580710.5 552583061 1.5100265155928e-06 446 0.0228176410313901 0.113010307627313
0.89 1A 553704158 553707207 1.60887420646116e-06 279 0 NA
0.9 1A 554223705.5 554228264 1.64577170396842e-06 1197 0.0103350412698413 0
0.91 1A 554887656 554890251 1.68619660190251e-06 202 0.0269054455445545 0
0.92 1A 555636929.5 555640137.5 1.72168811259233e-06 311 0.0112804617363344 0
0.93 1A 556297389 556306081 1.74436526871546e-06 460 0 NA
0.94 1A 556794147 556798215 1.75594225505569e-06 883 0 Inf
0.95 1A 557016652.666667 557021536.333333 1.75958576642677e-06 1319 0 Inf
0.96 1A 557487151 557491334 1.76450617803736e-06 484 0 NA
0.98 1A 557945510 557949936 1.76525478624707e-06 856 0.000552001051401869 0
0.99 1A 558184883 558189224 1.76409132394855e-06 426 0 NA
1 1A 558505998 558517659 1.76080570943263e-06 1032 0 Inf
1.02 1A 558965290.5 558967725 1.75290492590564e-06 240 0 NA
1.06 1A 560213296.5 560215881 1.71142195880161e-06 301 0 NA
1.07 1A 560402035 560407035 1.7025778781985e-06 250 0 Inf
1.08 1A 560953573 560957461 1.67308968430037e-06 301 0.00245946378737542 0.312377127283504
1.09 1A 561335324 561346990 1.64908765145755e-06 1587 0.000496395856332703 0.291438534511879
1.1 1A 562013685.666667 562018644.333333 1.60039940003043e-06 1301 0.000621643266717909 1.68294617193781
1.11 1A 562661504.25 562664108.25 1.54544513456946e-06 916 0.00410979504366812 0.37025511631433
1.12 1A 562908419 562912709 1.52283757750218e-06 221 0 NA
1.13 1A 563721884 563725854 1.43934320428572e-06 239 0 Inf
1.14 1A 564260389.4 564264469.6 1.37715928049088e-06 1003 0.0157416537387837 0.0300699859072323
1.16 1A 566020293.8 566026983.6 1.22643863520647e-06 2131 0.0045616104176443 0.281165463290758
1.17 1A 566487366.8 566490999.4 1.2136670932361e-06 1551 0.00117937958736299 0.204030291112309
1.18 1A 568108075.142857 568112862 1.15753729174161e-06 2514 0.00746665720763723 0.0599720479316879
1.19 1A 570985769.142857 570991557.857143 1.05224986840558e-06 2163 0.00112582797734628 0.0939256863736121
1.2 1A 572255697 572259867 1.00199348378881e-06 1312 0.00116025598323171 0.15237636629874
1.21 1A 573536748.125 573541538.5 9.48254818530901e-07 2373 0.00564298350611041 0.0340080799325754
1.22 1A 575108361.428571 575113164.857143 8.92978908281557e-07 2551 0.0072684223872991 0.174567232640224
1.23 1A 576582002 576587542.875 8.40619576185023e-07 3690 0.00212186799512195 0.116820633254512
1.24 1A 577539455.5 577545219 8.05667659030128e-07 1957 0.00243412816555953 0.0481719662781474
1.25 1A 578516213 578522072 7.69298887934663e-07 306 0.0135135 0
1.26 1A 578922141 578922999 7.54053147887011e-07 166 0.00469667 0.295375233942346
1.27 1A 579574145 579577405.75 7.2906984398569e-07 1067 0.00303200374882849 0.0696392869816157
1.28 1A 580520833.75 580525489.5 6.92284297382234e-07 1387 0.0121626873540014 0.0137500254184329
1.29 1A 581915986.428571 581921251.142857 6.36831971788939e-07 3409 0.00149226108829569 0.173960905035416
1.3 1A 583385846 583390242.142857 5.77388741929154e-07 3329 0.00957941414088315 0.149292850002843
1.31 1A 584624862 584628459.25 5.28622380390368e-07 921 0.000924220814332247 0.791966216175971
1.32 1A 586661638.25 586666380.25 4.48534114828031e-07 1252 0.00134252942492013 0.132129124269288
1.33 1A 591236965.6875 591243213.8125 2.87876218349047e-07 9223 0.00132383790751382 0.186677084243346
0 2A 1701545.88888889 1708142.11111111 6.01408798879757e-07 4072 0.0109693192367387 0.109921613558219
0.01 2A 4055117.66666667 4060170.25 5.2744094835619e-07 4618 0.00793902931225639 0.0413443169626359
0.02 2A 5675975 5678969 4.57788804178607e-07 297 0.0525 0.0599630476190476
0.03 2A 7687208 7692711 3.80057626927135e-07 136 0.0251969 0
0.05 2A 15389045.3673469 15394187.9387755 1.1845909967993e-07 15158 0.00853407298588204 0.07599459608736
0.06 2A 21396309 21401317 5.83360703499767e-07 450 0.00524157893333333 0.387796532149269
0.07 2A 24188520.4 24191940.2 8.32554262656515e-07 688 0.00657807514534884 0.129801416823421
0.1 2A 27276344.4 27285687 9.94339817004074e-07 3262 0.000736142770692826 0.756047068379382
0.11 2A 27733008 27737046.5 1.00806204242329e-06 338 0.00212579230769231 0
0.12 2A 28802715.3333333 28808923 1.03018434813217e-06 1038 0.000756720578034682 0.866087323665514
0.13 2A 29305452.75 29312962.5 1.04594539431222e-06 2594 0.00957762302235929 0.135540278476758
0.14 2A 30028991 30032683.7777778 1.11816873100352e-06 1375 0.0217915575272727 0.0765475060573583
0.15 2A 30800856.1666667 30807249.5 1.15358254360002e-06 4499 0.00377229257390531 0.0135389187968822
0.16 2A 31798070.75 31800902.75 1.1332205809668e-06 972 0 NA
0.17 2A 32248742 32256729.3333333 1.09650812774368e-06 1447 0 Inf
0.18 2A 33368709 33373396 1.06725596045009e-06 807 0.0170778146964064 0.16517990224331
0.19 2A 34419601.5 34425665 1.106107273661e-06 582 0.00687043505154639 0.057191234157053
0.21 2A 36042457 36049035 1.00351035093574e-06 977 0.0202553547594678 0.0577039317189592
0.22 2A 36937638 36942025.2 9.12319480100802e-07 991 0.00564053679112008 0.0402698452836348
0.23 2A 38375933.5 38379421.5 8.59914046082738e-07 537 0.00149467798882682 0
0.24 2A 38859897.25 38867323 8.47881062387143e-07 3247 0.00319488115183246 0.395329828066225
0.25 2A 39586313.5 39589509 8.35185911041669e-07 437 0.00730144480549199 0
0.26 2A 40540614 40547241 8.28118799137629e-07 715 0.0023335 0.135409042211271
0.27 2A 41231826 41242893 8.29957531551943e-07 934 0 NA
0.28 2A 42385299.3333333 42388921.8333333 8.46038183659002e-07 1679 0.00235081734961286 0.232898492114687
0.29 2A 44126185.5 44132419.5 8.72132878525724e-07 418 0.0200778337320574 0.0273632845953746
0.3 2A 48525943 48532877.4 9.38837910001632e-07 3830 0.00130900016449086 0.204206237665743
0.31 2A 50022569.25 50029015.75 9.56321839272013e-07 1284 0 Inf
0.32 2A 51435371.2222222 51440465.7777778 9.60086058874941e-07 3035 0.000276088467874794 0.953239078274578
0.33 2A 52210981.3333333 52217655 9.57567686957384e-07 827 0 Inf
0.35 2A 53662818.6666667 53669409.3333333 9.44132707237074e-07 1820 0 Inf
0.36 2A 54705404 54707580 9.27272103490306e-07 281 0 NA
0.37 2A 55362377.5 55366716.5 9.13423075064561e-07 653 0 NA
0.38 2A 55896640.5 55901832 9.00589510887837e-07 272 0.00298971183823529 0
0.39 2A 56926278.5 56933168 8.71248829860462e-07 976 0.000801541598360656 0.289450206479676
0.4 2A 57596406.25 57603985.5 8.58587442951543e-07 2589 0.000305850289687138 0
0.41 2A 58175832 58182842.2 8.68662816326066e-07 1847 0.00258711138061722 0.0478343296009669
0.42 2A 58865161 58869223 8.75939193698809e-07 679 0.00350633284241532 0.0962279166666667
0.43 2A 59728696.6666667 59732275.3333333 8.70050075593513e-07 580 0.0039399334137931 0
0.44 2A 61447141.6666667 61452684.3333333 7.90256166250401e-07 1096 0.0105244253375912 0.0797463483401161
0.45 2A 62291830.75 62297396.75 7.60187990182509e-07 1055 0.000698510900473934 0.619337130171292
0.46 2A 63542437.5714286 63546657.1428571 7.34204336636608e-07 2065 0.0051302078401937 0.0643844540575698
0.47 2A 65386679.6 65392430.6 6.93413834206961e-07 1616 0.00246231104579208 0.0575247120598149
0.48 2A 67152221 67158312.8571429 6.51567072126905e-07 2953 0.00081259501523874 0
0.49 2A 69033466.25 69038875.5 6.04049953744918e-07 1457 0.0116879507755662 0.106204998281942
0.5 2A 70876670.5 70880546 5.54540547585487e-07 1431 0 NA
0.51 2A 73333032.2 73336852.6 4.84172763134304e-07 1286 0.000639192192846034 0
0.52 2A 74762406.3571429 74766727.5714286 4.40625010628908e-07 5632 0.000131899103338068 0.617975861397048
0.53 2A 78515173.5625 78521337.8125 3.1832949710912e-07 6016 0.0014321856349734 0.159828129079207
0.54 2A 82063098.5714286 82068805.5714286 2.0449061534407e-07 5579 0.00137432190679333 0.500298904760543
0.55 2A 115023022.896104 115028363.214286 2.2315393721307e-08 48769 0.00223091004334721 0.182944145595437
0.56 2A 182443325.853503 182449083.853503 4.31298750935747e-08 55584 0.000415228540227404 0.37521779708577
0.57 2A 231347815 231369634 1.68898999431179e-08 693 0.00109439 0
0.6 2A 263501652.483871 263513964.645161 5.35916666828895e-09 13615 0.000116104791773779 0.727343530140317
0.61 2A 402559826.910377 402567969.40566 3.14521522341639e-09 82094 0.000392242070248739 0.319354044242882
0.62 2A 505978851.591549 505983821.056338 3.14673894432412e-08 23351 0.000467807151642328 0.399506820652072
0.63 2A 533035311.854167 533040805.6875 4.55910651979111e-08 16870 0.000854281138589212 0.309221198212765
0.64 2A 553165021.027778 553170461.583333 5.27563558458811e-08 12375 0.00150966380606061 0.179150442732059
0.65 2A 568711929.631579 568716999.447368 5.23132542342987e-08 11876 0.000125824860222297 0.70531146224546
0.66 2A 584437866.285714 584444036.771429 4.73946120860402e-08 11041 0.000487709195725025 0.255509133070922
0.67 2A 598451513.891892 598455840.378378 5.19168479586826e-08 12438 0.00109354644942917 0.383216243848038
0.68 2A 609807828.913043 609815389.73913 6.20012583491838e-08 7345 0.00353769819496256 0.15851432464247
0.69 2A 620314383.365854 620319614.04878 7.73321413496257e-08 10456 0.00133991778653405 0.244535185847346
0.7 2A 633372673.055556 633377524.777778 1.02832342920433e-07 6148 0.000127501834743006 1.75434994186875
0.71 2A 639202656.4 639206992.5 1.16881708518272e-07 3785 0.000208080179656539 0
0.72 2A 646173399.526316 646178029.473684 1.36270624223902e-07 5872 0 NA
0.73 2A 654685359.277778 654691661.277778 1.62364450453701e-07 4708 0 Inf
0.74 2A 661220936.95 661226387.55 1.87507681735928e-07 5045 0 NA
0.75 2A 667210756 667216977.888889 2.13049759249588e-07 5209 0.000593102639278172 0.375479026891526
0.76 2A 671020897.1875 671025202.75 2.2970729557175e-07 4897 0.000178059383295895 0.430168656291229
0.77 2A 675230321 675235112.2 2.4848009018737e-07 3364 0.00201818387039239 0.102670104969848
0.78 2A 678441857.9 678446239.35 2.63052503556046e-07 7390 0.00150258567537212 0.183821050378944
0.79 2A 681300228.777778 681306612.777778 2.76228275611216e-07 4562 0.0015379933231039 0.195137309150567
0.8 2A 685528551.5 685534803.125 2.96027997866336e-07 4650 0.0012108490311828 0.284005894276979
0.81 2A 688796685.357143 688801745.928571 3.11594056749426e-07 3640 0.00237082435989011 0.291687052257257
0.82 2A 691842177.083333 691847629.25 3.2600378028551e-07 3354 0.00331418151639833 0.18583764716621
0.83 2A 695650316.2 695654690.2 3.39387356608358e-07 4038 0.00253845794947994 0.111600987179567
0.84 2A 698910392.166667 698913818.666667 3.48027594279473e-07 1718 0.00029225888242142 0
0.85 2A 701728484.5 701733563.75 3.57225644537021e-07 846 0 NA
0.86 2A 704992425.909091 704996815.363636 3.7023945103694e-07 4785 0.000318169494252874 0.68622620608169
0.87 2A 707101361.5 707105449.25 3.80183044201074e-07 1288 0 NA
0.88 2A 709978417.928571 709982117.785714 3.95643848775596e-07 3929 0.000826035477220667 0.0701703416502722
0.89 2A 712577759.428571 712581310.857143 4.11370372522397e-07 1447 0.00162670615065653 0.195305406416518
0.9 2A 715224548.428571 715229151.857143 4.29210395026797e-07 1263 0.00469099097387173 0.0393705918603838
0.91 2A 717632556.9 717637408.3 4.47015245949682e-07 3948 0.00502414955927052 0.1381237138973
0.92 2A 719378494.333333 719383039 4.65200653289389e-07 367 0.0166648716621253 0.151500432169161
0.93 2A 722058385 722064771 5.11247461219842e-07 1334 0 NA
0.94 2A 722957219.428571 722961562.285714 5.17846045238333e-07 2061 0.000226621222707424 0
0.95 2A 724831497.5 724836427.5 5.2431596361791e-07 2983 0 Inf
0.96 2A 726985874.5 726994993.25 5.41117385362115e-07 654 0.00234924980122324 0
0.97 2A 729125445.125 729130711.75 5.63278081585297e-07 5549 0.00246193763561002 0.13291416990244
0.98 2A 730686546 730691788.2 5.73155901123897e-07 695 0 NA
0.99 2A 732581817 732588435 5.72369990708213e-07 533 0.00295203 0
1 2A 734178993.5 734183063.8 5.59097374437359e-07 2071 0.000787894157411878 0
1.01 2A 735085638 735091209.2 5.50615409870558e-07 1989 0 Inf
1.02 2A 737384029.5 737386685.5 5.41622572856845e-07 256 0 NA
1.03 2A 738971022 738976481 5.25131508510525e-07 2504 0.00601141400159744 0.156286644605165
1.04 2A 740444391.625 740449843.5 5.15354354914511e-07 3824 0.00223586310983264 0.217339334004154
1.05 2A 743391905.083333 743399232.333333 4.83804447863816e-07 3900 0.00303604483076923 0.0974087817175606
1.06 2A 746005996.1875 746011043.875 4.43936103544973e-07 4989 0.0022301786149529 0.205054070458801
1.07 2A 747934153.285714 747939023.428571 4.21780372830861e-07 2219 0.00542628003605228 0.0572789489908716
1.08 2A 751143705.75 751147486.25 3.7022949125335e-07 933 0.00435222400857449 0.39886954717562
1.09 2A 753532891.333333 753538480.866667 3.19619556718191e-07 3210 0.00426910878504673 0.0842661370399034
1.1 2A 757047496.347826 757051811.391304 2.41740098838013e-07 6207 0.00545552667955534 0.0854006177892464
1.11 2A 769906285.515625 769911263.171875 5.36553309752769e-08 24965 0.00420276212361306 0.115274311032153
0.01 3A 430147 432865 NA 22 0 NA
0.02 3A 1216347 1220023.8 3.62712274274025e-08 1564 0 NA
0.03 3A 1924585 1928794 7.4069899133783e-08 344 0 Inf
0.07 3A 8889875.8 8894630.6 4.14615687543605e-07 3487 0.00398269154860912 0.178680635209737
0.08 3A 12139322 12143190.8333333 5.68465219769275e-07 1940 0.00462065345876289 0.0761452704377218
0.09 3A 13102264.7 13108479.9 6.32062858296401e-07 4358 0.00755987832950895 0.0798355498676023
0.1 3A 14501154.5 14505003.3333333 6.73770479521435e-07 2374 0.00682140093091828 0.113092586756334
0.11 3A 15455270 15459871.3333333 7.17962737836261e-07 756 0.0103440576719577 0.185122948947659
0.12 3A 17621292 17623525 9.13196312736339e-07 250 0 Inf
0.14 3A 19940065.25 19944169.75 1.14560568376711e-06 928 0.00337221939655172 0.237572751190029
0.15 3A 20518260 20522468 1.19907610025303e-06 465 0.0226920988387097 0.0647583453887824
0.16 3A 21293811 21296719 1.25612819709411e-06 320 0 NA
0.17 3A 21786689 21788782 1.28334387652264e-06 145 0.00489297 0
0.18 3A 22614644 22618969 1.27086032782751e-06 242 0.0239829 0.155965291937172
0.19 3A 23513722.5 23518382 1.21321832425632e-06 723 0 NA
0.2 3A 23891307.75 23893825.25 1.18238018138021e-06 432 0.0324906409722222 0.0799491768174352
0.21 3A 24888911 24891748 1.11203886539958e-06 291 0 NA
0.22 3A 25281702.1666667 25286657.5 1.10513140079331e-06 2116 0.00325255430056711 0.165224816546321
0.23 3A 25973304 25975692 1.09154455925918e-06 155 0.0138820793548387 0.549242344144502
0.24 3A 27007424 27010880 1.10378797369014e-06 22 0 NA
0.25 3A 27588851 27591922 1.114246842628e-06 364 0.00667285 0.187570528334969
0.26 3A 28476216 28477243 1.12541959669079e-06 80 0 NA
0.28 3A 30551550.3333333 30556090.6666667 1.12889922857122e-06 796 0.00307794184673367 0.18726700493601
0.29 3A 31945554.6666667 31950772.7777778 1.11348636157995e-06 2812 0.000524803004978663 0.637852325608461
0.3 3A 32485699 32488884 1.10381213356289e-06 361 0.0112082296398892 0.0557840105073169
0.31 3A 34525419 34529494.5 1.04756655795829e-06 815 0.0276311116564417 0.0716689722388154
0.32 3A 36140947.25 36144310.5 9.81067217997611e-07 844 0 Inf
0.34 3A 38406129 38410578 8.96851814464892e-07 727 0.000683079174690509 0
0.37 3A 40349096 40361359 8.48398860185471e-07 652 0.01405 0.0246740925266904
0.38 3A 40826191 40831652 8.37238073414822e-07 300 0 NA
0.39 3A 42135110 42141728.3333333 8.07675991602645e-07 1515 0.00387795198019802 0.191980373431265
0.41 3A 44628017 44634421 7.56541068273447e-07 234 0.0255659 0.15593857442922
0.42 3A 45775723 45784143.6666667 7.35312932344385e-07 2529 0.0011123600118624 0.163947786773633
0.43 3A 47064614.3 47068739.3 7.12693790705965e-07 2459 0.000968239528263522 0.287557770356684
0.44 3A 50271846.25 50275649 6.63693108960561e-07 1097 0.000688709498632634 0
0.45 3A 52611495.6 52615755.2 6.3139985297205e-07 3083 0.0054198576062277 0.0821550437923612
0.46 3A 54555384.4285714 54558727.2857143 5.96703419833996e-07 1990 0.00625433507537688 0.147957692749844
0.47 3A 56328550.5 56332861.0833333 5.62788601128816e-07 3681 0.000227918769356153 1.91162398028561
0.48 3A 57708890.8571429 57713308 5.33951871840619e-07 2565 0.000610732101364522 0
0.49 3A 60326642 60331092 4.79249857940924e-07 2624 0.00151626152820122 0.285399388401188
0.5 3A 61300124 61304650.3333333 4.59933704460874e-07 1302 0.00319777192780338 0.217820251454122
0.51 3A 63024231.8333333 63028411.6666667 4.27338544033249e-07 1905 0.00154640699212598 0.0763361824540919
0.52 3A 64337066.625 64343469.5 4.03669489026112e-07 2773 0.000200225009015507 0
0.53 3A 66755634 66758464 3.63020903138605e-07 1424 0 NA
0.54 3A 68036444.3333333 68041145.3333333 3.42044828990278e-07 894 0.000855258523489933 0
0.55 3A 71297935.2 71302623.4 2.87710364665828e-07 2560 0.00064889091796875 0.408335652043308
0.56 3A 76106335.3333333 76111220.5333333 2.329877041657e-07 4905 0.000965661898063201 0.096184385355466
0.57 3A 84172728 84178110.65 2.01756752512928e-07 7357 0.00252927375737393 0.365666549956156
0.58 3A 95937124.84 95943502.32 1.48003202506049e-07 8926 0.00213285127940847 0.15777620758019
0.59 3A 110050613.481481 110054600.925926 7.71491472503978e-08 9039 0.000347087206549397 0.219302618374505
0.6 3A 119965020.444444 119969881.444444 2.98144159589155e-08 5764 0.000413384980916031 0.380446821168723
0.61 3A 133084249.05 133089696.05 1.28804182846035e-09 4051 0 NA
0.62 3A 145259404 145264798.192308 0 7321 0.000469668091790739 0.203861180248567
0.63 3A 166216623.883721 166221840.348837 4.08009926961152e-09 13882 0 Inf
0.64 3A 290747045.816144 290755860.497758 9.97304998741179e-09 88130 3.57838788607739e-05 0.878150680098551
0.65 3A 432634656.595238 432640449.119048 2.46042694057322e-08 30875 0.00094509000291498 0.0860000343993114
0.66 3A 467209368.357143 467215385.857143 3.84883712780258e-08 20926 0.00270578502269903 0.16996118377529
0.67 3A 491799183.073529 491805007.029412 3.90632054341474e-08 23012 0.00144148332643838 0.142682341640722
0.68 3A 508107237.081633 508111964.44898 3.84066897385327e-08 14775 0.000738051990524535 0.26822146809157
0.69 3A 515892848.65 515898682.6 3.46533901637821e-08 6990 0.00115841755364807 0.141176116049091
0.7 3A 520608956.666667 520613573.222222 3.14745268662504e-08 1638 0 Inf
0.71 3A 536333903.107143 536339526.035714 3.94259177987412e-08 31228 0.000848405950268989 0.204626471834177
0.72 3A 556883008 556887763 8.04394076248404e-08 1306 0 NA
0.73 3A 560717282.166667 560726077.916667 8.72254865366237e-08 6132 0.000377163607958252 0.297926594985967
0.74 3A 566265965.285714 566273139.571429 1.07416250022826e-07 5993 0.000547443277156683 0.418847803143912
0.75 3A 571152172.222222 571156159.555556 1.36529090442157e-07 2147 0.000730393525850023 0.145596834853496
0.76 3A 574859549.857143 574863568.571429 1.58223149435458e-07 2917 0.000822203753856702 0.293889461141363
0.77 3A 577941090.25 577944363.5 1.69183885164284e-07 1796 0 NA
0.78 3A 579365940.333333 579370553.333333 1.74164695070941e-07 1208 0.00191608992549669 0.0995705183322879
0.79 3A 581441696.166667 581444665.5 1.81285213619888e-07 1127 0.0173377262289264 0.0234520685442324
0.8 3A 583637224.2 583640707.8 1.8867421746082e-07 1133 0.00131243380406002 0
0.81 3A 584993120.166667 584997614.833333 1.93169232917075e-07 2184 0.000750762023809524 1.52861569843573
0.82 3A 588020315 588027393.833333 2.02974217370056e-07 4133 0.00054080736511009 0.204375937216111
0.83 3A 596304127.342857 596308275.2 2.27992168010448e-07 8981 0.000427489484467209 0.302045775181786
0.84 3A 601460758.8125 601465957.375 2.42253433986675e-07 5901 0 Inf
0.85 3A 604868594.833333 604872103.75 2.51258064536921e-07 2620 0.00213455377862595 0.16467282102992
0.86 3A 609523514.3 609528724.3 2.63311454606331e-07 3912 0.00018781472392638 0.318144050504457
0.87 3A 614753622.26087 614757769.478261 2.76467342241433e-07 4979 0.00062071484635469 0.119990613159085
0.88 3A 620967997.785714 620974655 2.91641849725678e-07 4530 0.000532428249448124 0.37449071074038
0.89 3A 624175103.3 624178928 2.99242461351711e-07 2742 0.00189473206418673 0.177136700632826
0.9 3A 628687685.714286 628695687.142857 3.09703325696761e-07 2979 0.00688195567103055 0.112175499417542
0.91 3A 632221261.1875 632228579.375 3.17689231742052e-07 6945 0.000673609003599712 0.395246551038351
0.92 3A 635572012.4 635576275.1 3.25099744374142e-07 3203 0.00248420339369341 0.222165173508131
0.93 3A 639053882.466667 639059455.4 3.32636466725076e-07 5840 0.00109280064726027 0.249539998536311
0.94 3A 642345476.777778 642350473.5 3.39490471886849e-07 5026 0.00338835720533227 0.0806682920058908
0.95 3A 645672643.363636 645677609.272727 3.48638727065003e-07 5648 0.00868306104107649 0.091727160671321
0.96 3A 647987185.5 647991463.375 3.6043481709645e-07 5288 0.000148885121028744 0
0.97 3A 649787396.142857 649791423.714286 3.72021357269387e-07 2709 0.00057192207825766 0.736262711897827
0.98 3A 652872276.25 652876829.75 3.52573097490667e-07 2484 0.00598920415458937 0.247454011576353
0.99 3A 654218188 654222035.666667 3.41542721174554e-07 1095 0.00223434246575342 0.0925527966304328
1 3A 656518786.75 656522522.5 3.28990908365727e-07 1053 0 NA
1.01 3A 658677042.111111 658682551.444444 3.23627414773949e-07 3058 0.000164107102681491 0.284369106681754
1.02 3A 660087447.6 660092588.3 3.23572111820817e-07 2644 0.000199627874432678 0.434471411538981
1.03 3A 662309961.6 662313258.8 3.29182970773156e-07 1596 0.00153412242481203 0.27851254335078
1.04 3A 663640775 663645620.285714 3.35789406251221e-07 2581 0.000914614815962805 0.193773024557387
1.05 3A 669736510.368421 669741274.789474 4.00418839901892e-07 4721 0.0019182694132599 0.21798740787186
1.06 3A 674718813.5 674723771.5 4.83994839656695e-07 2229 0.00140384233737102 0
1.08 3A 678500286 678503878 5.73117883370475e-07 432 0 NA
1.09 3A 679731921 679735712.2 6.06861835601629e-07 1927 0 NA
1.1 3A 681528184.2 681532671.8 6.87507291289394e-07 1177 0 Inf
1.11 3A 683371347.3 683375528.4 7.87838031151768e-07 3355 0.00142758882265276 0.0950328457068243
1.12 3A 684742177.333333 684746416.833333 8.49237975369812e-07 1814 0.00512980583241455 0.0240468491525957
1.13 3A 686768952 686774353.5 9.18526890520346e-07 942 0 NA
1.14 3A 687596362.666667 687600780.666667 9.39166925973884e-07 1715 0 NA
1.15 3A 688885714.6 688890093.8 9.62242108804388e-07 2226 0 Inf
1.16 3A 689492814 689498441 9.70225661015953e-07 729 0 NA
1.17 3A 691019708 691022371.333333 9.78679085402245e-07 360 0 NA
1.18 3A 692828764.666667 692838456.333333 9.69453268609321e-07 2539 0.00117535281606932 0.233909217441283
1.21 3A 695320715.666667 695326417.666667 9.23124438120564e-07 1630 0.000507772214723926 0.273550145444063
1.22 3A 695736581 695738974 9.19854786745329e-07 649 0 NA
1.24 3A 697398735.333333 697401961.666667 9.23230196331287e-07 530 0.020047419245283 0.370937313137619
1.25 3A 697752790.666667 697756472.333333 9.11136617330558e-07 916 0 NA
1.26 3A 698863040 698867798 8.42359439404854e-07 497 0.00160966 0.571428127679137
1.27 3A 699840224 699858359 7.41012730893915e-07 226 0 NA
1.28 3A 701652167 701659157.666667 5.46896974137377e-07 1636 0.000329642770171149 0.432736888853966
1.29 3A 706017169.833333 706022540.333333 1.79746449371761e-07 1407 0.0111360234541578 0.0727758438409574
1.3 3A 708581801.333333 708583691.333333 1.57604841893271e-07 278 0.00378644784172662 0.435033974345273
1.31 3A 711636571 711642506.333333 5.94253481569113e-07 911 0.000900856190998902 0.276523632554999
1.32 3A 713851525 713855930.75 8.102836406095e-07 308 0.0189652087662338 0.0778680554890985
1.33 3A 714944505 714951428 8.93280238040251e-07 477 0 NA
1.35 3A 716461844 716467090 9.67249345257251e-07 571 0 Inf
1.39 3A 718399151 718401813 9.97066259864105e-07 224 0 Inf
1.4 3A 719532641 719535158 9.80218682850803e-07 117 0.00636604615384615 0.295165698791425
1.41 3A 721463087.5 721467136.5 9.87584277484228e-07 294 0.00276841102040816 0
1.42 3A 722274947 722281449 1.02888011959703e-06 262 0.00295749 0
1.43 3A 724423080.222222 724428986.555556 1.12418953072878e-06 3059 0.00148880590062112 0.151863687981174
1.44 3A 725995015.25 726001438 1.22734844775294e-06 1998 0.00729054281781782 0.062750926817237
1.45 3A 727071777 727074292 1.28149355180831e-06 92 0 NA
1.46 3A 727989884 727993508 1.3153957337639e-06 299 0 NA
1.47 3A 728918567.333333 728922318.333333 1.33816270388242e-06 544 0 NA
1.49 3A 730068158 730069471 1.35055594522714e-06 122 0 NA
1.51 3A 731083694 731089749 1.34677858151927e-06 483 0.00161616 0
1.53 3A 732467879 732473098 1.31948272231124e-06 271 0 NA
1.54 3A 732752557.25 732757710.25 1.31065679261971e-06 851 0.00489004747356052 0.166487915309121
1.56 3A 734033178 734038830.75 1.25779393566678e-06 1750 0.00402511050285714 0.0981140247325497
1.57 3A 734280335 734283310 1.24516120024032e-06 107 0 NA
1.58 3A 734783072 734791156 1.21662274415416e-06 1078 0 Inf
1.59 3A 735890842 735894915 1.14229104407113e-06 785 0 NA
1.6 3A 737250001.5 737256730.5 1.03047584377094e-06 281 0 NA
1.61 3A 738048681.5 738054063 1.02046067200862e-06 890 0 Inf
1.62 3A 739169728.8 739173549.8 1.00645075461954e-06 1474 0.00531682691316147 0.117516994095474
1.63 3A 739734956.8 739738995.2 9.95086241835698e-07 1835 0 NA
1.65 3A 742293402.333333 742296989 9.13091905075732e-07 1149 0 Inf
1.66 3A 743761928.125 743766510.625 8.41008514674499e-07 2929 0.00234992540389211 0.335858021732911
1.67 3A 746075166.333333 746079282.666667 7.32269028325838e-07 472 0 NA
1.68 3A 746566198.428571 746570540.428571 7.12154603542475e-07 2467 0.00168128744223754 0.110720329286522
1.69 3A 749572158.4 749577695.2 5.94515758973658e-07 1695 0.00136353953982301 0.462623522870929
0 4A 198490.5 202409.5 NA 699 0 NA
0.02 4A 1707831.125 1713062.875 NA 2222 0.00402446243024302 0.0752262822133916
0.03 4A 2332848 2337265.33333333 NA 1305 0 NA
0.04 4A 3109472.88888889 3113592.55555556 1.08687459068308e-06 3142 0.0025154276257161 0
0.05 4A 3868310 3876671 1.07592406483305e-06 776 0 Inf
0.06 4A 4722315.2 4726270.8 1.06362663694478e-06 990 0.00147484371717172 0.315194477582312
0.07 4A 5479816 5484079.4 1.05265440262532e-06 1295 0.0012106387027027 0.148495964783566
0.08 4A 6010325 6016777.4 1.04493764985346e-06 1745 0.0055416641260745 0.212927829267385
0.09 4A 7163020.66666667 7166503.33333333 1.0281698581026e-06 1084 0 NA
0.1 4A 7749195.66666667 7753194.66666667 1.01960285910574e-06 1421 0 NA
0.11 4A 8586922.33333333 8590301.33333333 1.00733357973733e-06 688 0 NA
0.12 4A 9766573.8 9769747.8 9.89983137958081e-07 1398 0 NA
0.13 4A 10636377 10639773 9.77142184670035e-07 358 0 NA
0.14 4A 11493664 11497760.1428571 9.64437413681192e-07 1843 0.000432759066739012 0
0.15 4A 12489450 12493400.6666667 9.4963879403019e-07 499 0 NA
0.16 4A 13656187 13659029 9.32236068802801e-07 84 0 NA
0.18 4A 15236932.5 15239707.5 9.08521877592616e-07 189 0 NA
0.19 4A 16153866.6666667 16160927.6666667 8.94674543387694e-07 2785 0.00147038077199282 0.276411181075252
0.2 4A 17206447.3333333 17210192.3333333 8.78782820557705e-07 836 0.000870391578947368 0
0.22 4A 19642270 19644567 8.41721675307036e-07 254 0 NA
0.23 4A 20264810 20267038 8.32194442962212e-07 162 0 NA
0.24 4A 21398889.5714286 21405270.7142857 8.14748479660493e-07 5273 0.000754819406030722 0.343799206844892
0.26 4A 24006425 24010878 7.73728421141769e-07 391 0 NA
0.27 4A 24855482 24859939.1666667 7.59660005877377e-07 2479 0.00184795340863251 0.101170576391815
0.28 4A 25885947 25893930.5 7.42586730837752e-07 602 0.0071137123255814 0.0558732843794485
0.29 4A 27624961.5 27628808.5 7.14277087231223e-07 327 0 NA
0.3 4A 29007846.2857143 29013021 6.92116193687026e-07 1475 0.000497589152542373 0
0.31 4A 30409906.25 30413544.5 6.70012100997092e-07 1023 0.00214635213098729 0.104492125112064
0.32 4A 31558709.5 31568181.25 6.52116907653503e-07 1967 0 Inf
0.33 4A 33070214.3333333 33074428 6.29035229514446e-07 708 0.00226538418079096 0.141551875063907
0.34 4A 34378317 34383537.25 6.09320419687806e-07 1190 0.00141079166386555 0.133640767450861
0.35 4A 36447396.5 36452546.75 5.78782252953552e-07 2510 0.00671339957370518 0.0549218911743275
0.36 4A 37630164.3529412 37635037.2941176 5.61667629438942e-07 5125 0.000301487386536585 1.02756547081975
0.37 4A 39009991.375 39017039 5.41994028178785e-07 2864 0.000282979106145251 0.282641141952167
0.38 4A 40556737.8571429 40561256.5714286 5.20381077857864e-07 1753 0.00229230351397604 0.0570239996980297
0.39 4A 42929944.125 42935080.875 4.88049598433566e-07 3276 0.00264108904151404 0.238238372964625
0.4 4A 45379679.2 45383365.4 4.55671892099895e-07 1453 0 Inf
0.41 4A 47068029.4166667 47074951.5833333 4.3403873268172e-07 5033 0.00150584880886151 0.151457549082389
0.42 4A 48987202.25 48991748.5 4.09969185457029e-07 1730 0.000905933965317919 0
0.43 4A 54106535 54110051 3.4908086312202e-07 17 0 NA
0.44 4A 57795626.7894737 57799861.8947368 3.08254472249531e-07 5919 0.000753645142760601 0.136018640136929
0.45 4A 69858435.2753623 69863928.7101449 1.33727948417084e-07 23480 0.000751470580068143 0.35441960281443
0.46 4A 87475985.1034483 87481379.4137931 2.1579160387469e-08 10588 0.00119617317340385 0.110016049434742
0.47 4A 96719028.875 96723625.3333333 1.92232017195194e-08 7492 0.000211152278697277 0.14552233260208
0.48 4A 121608597.127119 121612882.889831 2.326177381018e-08 38059 0.00021487637770304 0.329287952962958
0.49 4A 164691850.727273 164697581.428571 4.48096409562971e-08 29726 2.46808780865236e-05 2.07534258383222
0.5 4A 216049878.375 216060374.833333 5.84463058137496e-08 23465 6.59984699339442e-05 0.734333645068321
0.51 4A 330782208.608108 330797510.418919 2.98824778831632e-08 30762 5.00016513880762e-05 0.74125087865247
0.52 4A 406209500 406212933.5 0 379 0 NA
0.53 4A 462426837.446043 462432486.76259 0 48854 4.80575183198919e-05 1.03850022829864
0.54 4A 515985490.269841 515991785.507937 0 23346 0 Inf
0.55 4A 547458362.261539 547463445.723077 4.57636391025457e-08 19638 0.000262611849831958 0.517992626069164
0.56 4A 565641926 565647637.136364 1.88113937791383e-07 6451 0.00466766971167261 0.0536848708289458
0.57 4A 572106634.916667 572112274.458333 2.69764167936734e-07 10370 0.00515969943124397 0.0980735436192647
0.58 4A 578080038.238095 578085698.47619 3.67889510452023e-07 7694 0.0065129305640759 0.0254459768603138
0.59 4A 582246617.176471 582252114.911765 4.31121244699264e-07 12350 0.00490602846947368 0.0605343516448178
0.6 4A 585048830.32 585053715.12 4.73837754950884e-07 8062 0.00762773091540561 0.0984731812293938
0.61 4A 589172367 589176045.666667 5.4484664367763e-07 1055 0 NA
0.62 4A 590253192.235294 590260332 5.65129015757133e-07 7501 0.00483522473990135 0.0942660848856145
0.63 4A 591779761 591786282 5.9476129450865e-07 1103 0 NA
0.64 4A 593615404 593624560.666667 6.43554082514316e-07 2503 0.00208263465001998 0.0437154198415954
0.65 4A 594752075.6 594755747.1 6.72800395382492e-07 2695 0.00827163752133581 0.196048377239657
0.66 4A 596213729.071429 596218863.5 7.09253038769012e-07 5831 0.00908847949408335 0.0302195005339637
0.67 4A 597788020.714286 597792367.857143 7.46784804968803e-07 1703 0.0199380563417499 0.0790757485221783
0.68 4A 598916453.333333 598921470 7.72494777604805e-07 1765 0.00299078322946176 0.352258823349333
0.69 4A 600681862.5 600685582.5 8.10800955556789e-07 1616 0.00815977379950495 0.167386292284362
0.7 4A 601364145 601368127 8.25095744170436e-07 371 0.066482 0
0.71 4A 603431987.75 603435984 8.98819279760576e-07 1488 0.00321032850806452 0.1456523344023
0.73 4A 605703940.333333 605708098 9.65989356164413e-07 1426 0.00321536884291725 0.301520329920903
0.74 4A 606661824.666667 606667976.666667 1.02612032265425e-06 1839 0.0046533789668298 0
0.75 4A 607633229 607636147 1.07744277740027e-06 256 0.00628684 0
0.76 4A 608715613 608720256.2 1.12178321548795e-06 1419 0.00168737329105004 0
0.77 4A 609920140.666667 609925203.666667 1.15611775589402e-06 1136 0.00562236073943662 0.179039348321461
0.78 4A 610470787.6 610476122.4 1.18230862830839e-06 2781 0.0047599625314635 0.208295483638178
0.79 4A 611370714 611373730.666667 1.2549317122702e-06 870 0 Inf
0.8 4A 612064787 612068742.333333 1.30405007694069e-06 948 0.00247762304852321 0.197220993656448
0.81 4A 613351361.666667 613354835.333333 1.37820059290762e-06 372 0.0385393577956989 0.0163096877691944
0.82 4A 614045776 614050414.6 1.40898677478973e-06 1281 0.0134051558157689 0.121054943695974
0.83 4A 614867291 614871634 1.43804172098952e-06 417 0.0530061 0.0102740627965461
0.84 4A 615212569 615216659 1.44748793527475e-06 371 0.00205128 0
0.86 4A 616375476 616379076.333333 1.46786933499041e-06 535 0.0120416331588785 0.071239824093535
0.87 4A 617041609.333333 617045130.666667 1.47159685097677e-06 856 0.00181824401869159 0.295353465968578
0.88 4A 617849660 617854328 1.46859242161599e-06 187 0.0042328 0
0.89 4A 617919114.75 617924316.25 1.46791588576749e-06 1963 0.00204999987773816 0.263309791929811
0.9 4A 618564708 618567961 1.45876209936765e-06 344 0 NA
0.91 4A 619277869.333333 619283260.666667 1.44226977261473e-06 1300 0.00122751321538462 0.142567735977625
0.93 4A 620188580 620195028 1.41169772934462e-06 449 0.00170139420935412 0.303298356123499
0.95 4A 621193175 621198024 1.36546333285222e-06 690 0.0130440589855072 0.101597031118848
0.96 4A 621780526.166667 621785450.333333 1.33236936208828e-06 1645 0 NA
0.97 4A 622215518.6 622220393.8 1.30496743932703e-06 1794 0 Inf
0.98 4A 623316419 623319706 1.22472137949293e-06 235 0 NA
1 4A 625250446 625253506 1.04551497075227e-06 134 0.0128171 0.212116625445694
1.01 4A 625962502 625966040.5 9.67204656477591e-07 850 0.00336503717647059 0
1.02 4A 627516023 627521263 8.08785986336385e-07 533 0.00147059 0.293340087991894
1.03 4A 628121249.833333 628125592.5 7.62212234815611e-07 1651 0.00139810393700787 0.298034921917266
1.04 4A 629478446.909091 629484362.636364 6.86863886806254e-07 4008 0.00653953954840319 0.0533898836309164
1.05 4A 631363039.625 631370207.75 5.91677852359947e-07 4572 0.00315076184164479 0.156368853781516
1.06 4A 634205268.75 634210991 4.68317744434871e-07 2340 0.000349552384615385 0.277701823496907
1.07 4A 637185288.333333 637189382.222222 3.63542113281293e-07 2596 0.00300025333204931 0.118191459859582
1.08 4A 640441114.833333 640445189.416667 2.82018592109529e-07 3804 0.00364545058885384 0.317016075185206
1.09 4A 647178286 647182770 1.7075895931823e-07 212 0 NA
1.11 4A 649899040 649902738 2.66880786201483e-07 115 0 Inf
1.13 4A 651623778 651627938 2.49390983008392e-07 469 0 NA
1.24 4A 681098263.666667 681103538.888889 1.22068432656243e-07 13725 0.00209462938448087 0.119405261986683
1.25 4A 687701605.5 687705491.5 2.22724911902276e-07 378 0.031357385 0.09651570116577
1.31 4A 703264707 703269135.5 4.58908197720237e-07 299 0.00258100735785953 0.598635167726376
1.32 4A 704644542 704648219 4.90877510219672e-07 116 0 NA
1.36 4A 712988851.5 712996230 5.83349416233722e-07 214 0.0175783177570093 0
0 6A 455107.75 458586.5 NA 1343 0.0173546826135518 0.0298126979426169
0.01 6A 1343405.75 1348915.125 2.81554459095268e-07 3857 0.00202339323826808 0.0183342125747197
0.02 6A 3150750.5 3154338.83333333 4.07598929306864e-07 2003 0.00121023503245132 0.258988973465818
0.03 6A 7048682.92307692 7054014.30769231 6.7150648779811e-07 3078 0.00052383885640026 0
0.04 6A 9236326.66666667 9241341 8.08263650210454e-07 1519 0.00101436745227123 0.596343463357948
0.05 6A 10698100.3333333 10701087.3333333 9.08528003748808e-07 1095 0 NA
0.06 6A 11454840.1666667 11459582 9.35014374563083e-07 2165 0.000344414974595843 0
0.07 6A 12380710.3333333 12387588.6666667 9.54802596731946e-07 2297 0.00305469455811929 0
0.08 6A 13071476 13080970 1.03950682254111e-06 1253 0 NA
0.09 6A 13659970 13665174 1.07662339936511e-06 290 0 NA
0.11 6A 14301530 14303492 1.08891671678967e-06 75 0 Inf
0.14 6A 16226818 16234941 1.04114270876002e-06 609 0.00519481 0.0724875404490251
0.15 6A 17857535.2 17863766 9.51591967798351e-07 3643 0.0104642783337908 0.0477621964919323
0.16 6A 22169894 22174378 6.44504148147638e-07 2243 0.00282172313865359 0.036372558292023
0.17 6A 23868706 23871319.5 5.83803254905578e-07 1979 0.00419057643254169 0.0832512052391533
0.2 6A 25692506 25698785 5.06834713781939e-07 299 0.00265193 0.288999332561568
0.21 6A 29675359 29679937.1 3.37345036853344e-07 3441 0.00597756992153444 0.0441527241664897
0.22 6A 36476424.75 36481092 4.19933808291064e-07 6069 0.000741522089306311 0.30550518019524
0.23 6A 41246199.6666667 41252371.3333333 5.1025394851377e-07 766 0 Inf
0.28 6A 47744070.8 47747778.4 5.35654367950918e-07 663 0 NA
0.29 6A 48675836.8 48680655.6 5.2996820517687e-07 2126 0.00509859313734713 0.21390370223326
0.3 6A 51406171 51409969 5.00086274474512e-07 312 0.00257926 0.567120026674317
0.31 6A 52057380 52062510.6666667 4.89803610169965e-07 562 0 Inf
0.32 6A 53568370.4285714 53572853 4.93543065942028e-07 1065 0.000749698291079812 0
0.33 6A 55860235.2857143 55864153.1428571 5.03275965504528e-07 1604 0.00235920779301746 0.0616184878409114
0.34 6A 57693311 57697632.3333333 4.570350394092e-07 737 0 NA
0.35 6A 59973497.5 59978159.5 3.91515095171465e-07 1480 0.000561366013513514 0.266649559105161
0.36 6A 61334605.5 61342234.75 3.62368992426336e-07 2342 0 Inf
0.37 6A 64238055 64244860.1111111 2.91800433156684e-07 3652 0.000873708923877328 0.284293823884385
0.38 6A 70968394.7037037 70973586.037037 1.56388548864811e-07 10961 0.00299960740625855 0.194345120329918
0.39 6A 83075485.3214286 83082104.3571429 1.34888691893894e-07 13609 0.00587162711514439 0.0632798692806854
0.4 6A 92473968.7777778 92478360.5555556 1.33158911440117e-07 3135 0.0016757076523126 0.176049341102575
0.41 6A 98164865.5714286 98170283.5714286 1.2647504934207e-07 1828 0.000872367341356674 0.589679840094062
0.42 6A 104076843.125 104082269 1.16111898714205e-07 2755 0.00814040671506352 0.0811584682723973
0.43 6A 108206125 108213224.846154 1.0656920196456e-07 5712 0.000640154723739496 0.248771145324438
0.44 6A 120094348.04 120099571.96 8.36296249665861e-08 8165 0.00247694510593999 0.19303685824096
0.45 6A 134696907.521739 134704302.521739 6.51032414594387e-08 8181 0.00114587888033248 0.0745228099674554
0.46 6A 149081959.030303 149087905 4.9307757766801e-08 11750 0.00179814204765957 0.123321464420353
0.47 6A 281236749.92766 281245360.625532 8.54877886028147e-09 86320 0.000909740613461538 0.327729808813116
0.48 6A 410388843.153846 410396847.384615 1.2321279148028e-08 6287 0.000519535946874503 0.883175845240741
0.49 6A 422927571.875 422933775.625 2.55294898728351e-08 4529 0.000553760388606756 0.183897799377093
0.5 6A 430826394.833333 430834045.833333 3.55180323593146e-08 2969 0.000526759693499495 0.439027469767519
0.51 6A 433447548.5 433453740.25 3.92205880424972e-08 1928 0.000373198630705394 0.314621803747284
0.52 6A 437024879.625 437029120.75 4.45210216194615e-08 2277 0 NA
0.53 6A 441447940 441451233.714286 5.14866855352944e-08 2142 0.00105018082633053 0.407115987623722
0.54 6A 444732181.142857 444739785.714286 5.59040818438289e-08 2369 0.00168537383284086 0.169474401618127
0.55 6A 448245940.428571 448250686.785714 6.02907114014209e-08 3497 0.00301414277666571 0.0652370402043534
0.56 6A 455134276.636364 455140376.090909 6.82651393648562e-08 7827 0.000390211600868788 0.531304082246197
0.57 6A 468652431.6875 468657022.09375 7.76581323374194e-08 8027 0.00149842851750343 0.17468490337027
0.58 6A 486050296.8 486054967.65 8.80012055328511e-08 11559 0.00235534575136257 0.184484719471697
0.59 6A 498439629 498444430.764706 9.00223563164784e-08 13477 0.00041310544549974 0.447839905999985
0.6 6A 506073586.1875 506079592.375 8.22244507591652e-08 7581 0 Inf
0.61 6A 514461724.521739 514466502.26087 8.82023734087461e-08 9114 0.000666461312266842 0.191056187254784
0.62 6A 525335199.680851 525340117.574468 1.10361644797074e-07 14492 0.000779898475710737 0.215173007556272
0.63 6A 539632261.090909 539636944.30303 1.4508012043345e-07 12761 0 Inf
0.64 6A 548259421.15 548265529.6 1.27527672934443e-07 10247 0.00069081935298136 0.311002193865225
0.65 6A 553293044.058824 553297781 2.13464265202522e-07 5647 0.00267072997520808 0.105871720211461
0.66 6A 556707636.333333 556712599.266667 2.63500013424704e-07 3919 0.0012508607476397 0.217504331342529
0.67 6A 559474596.833333 559478652.166667 2.99984320328063e-07 2070 0.002315140352657 0.14233679299914
0.68 6A 563686733.307692 563692908.846154 3.80420453392876e-07 5504 0.000741225363372093 0.16763254171062
0.69 6A 565274008 565278337.25 4.17906618798309e-07 1303 0.00116519109746738 0
0.7 6A 569119357.8 569127879 5.27032409365522e-07 3628 0.000427771687982359 0.592386369326252
0.71 6A 571834691.4 571838570.8 6.17877288801524e-07 1053 0.00336237188983856 0.161343572867885
0.72 6A 573435219.3 573440360.1 6.76883916332103e-07 3043 0.00236481202760434 0.190607970430744
0.73 6A 574763797.666667 574770822.333333 7.29463005369797e-07 1906 0.00128471631689402 0.092817999147537
0.75 6A 578014123 578022373 8.69870776923592e-07 2097 0.000793769902718169 0.277766459104495
0.76 6A 579160667.666667 579165369.666667 9.23407669451279e-07 1646 0.000937216366950182 0.297244526256478
0.77 6A 580261063 580264003.25 9.76858302741984e-07 1038 0 Inf
0.79 6A 581851742 581855617.5 1.08564453188039e-06 1372 0.000548790320699708 0.30508932766411
0.8 6A 583268859 583272768 1.18535983914619e-06 296 0 NA
0.82 6A 584766634.333333 584774176.666667 1.27981730947026e-06 436 0.00553633064220184 0.119906841718964
0.83 6A 585423826.285714 585431049.142857 1.31856729984119e-06 2917 0 Inf
0.84 6A 586176344 586181848 1.37171964714896e-06 1660 0.00043002578313253 1.32653912037776
0.85 6A 586770093 586782183 1.41026912870965e-06 1779 0.00333764 0.227278256492612
0.86 6A 587564389 587570511 1.45305007302883e-06 303 0 NA
0.87 6A 587930070.75 587934825.5 1.46941594088348e-06 1600 0.002278544375 0.0628801529265806
0.88 6A 588419256.75 588422528.75 1.48874041976689e-06 1130 0.0116670579646018 0.437350262980434
0.91 6A 590074286 590079890 1.5271423180115e-06 591 0 NA
0.93 6A 591269654.857143 591274740.142857 1.52928221366648e-06 2723 0.000287893121557106 1.05724169886617
0.94 6A 591853458.333333 591856400.333333 1.52283908234505e-06 1088 0.00594044806985294 0.195688965579397
0.95 6A 592546990 592551383.333333 1.50840593889328e-06 588 0.00823296683673469 0.612325831656763
0.96 6A 593182827.5 593186504 1.48888588128864e-06 663 0.00239394413273002 0.144058335835037
0.97 6A 593430767 593435915 1.47986774932404e-06 442 0.00331377 0
0.98 6A 594869914.583333 594874489.666667 1.43754797855568e-06 2901 0 Inf
0.99 6A 596341935.5 596346212 1.31774239358724e-06 674 0.0222632252225519 0.0907388332069856
1 6A 596841220.333333 596846025.666667 1.25505678851753e-06 2628 0.00737089668949772 0.155943891388839
1.01 6A 597326492.666667 597331732.666667 1.19588362023116e-06 805 0 NA
1.02 6A 597831273 597837358 1.14135286821226e-06 494 0 NA
1.04 6A 598972922.5 598976912.5 1.04401013267868e-06 1736 0 NA
1.05 6A 599910153 599916151 9.91025627625267e-07 591 0 NA
1.06 6A 600491977.666667 600496645.5 9.76124510667429e-07 2505 0.00824563289421158 0.0441844590241549
1.07 6A 602912538.9375 602916528.125 7.83734052320507e-07 3375 0.00482333806518518 0.135672475731279
1.08 6A 605317203.4 605324029.2 5.88774525774092e-07 3609 0.00132993881407592 0.142963684198181
1.1 6A 607087413.428571 607091267.285714 5.90885922670908e-07 2123 0.0180207996796985 0.151287684115909
1.11 6A 608015865 608019929 5.98170183654206e-07 1627 0.0043866000983405 0.19233824792416
1.12 6A 608967170 608969706 5.7771800481949e-07 463 0.00340667 0.873075466658056
1.13 6A 609250834.777778 609255801.777778 5.71335866306199e-07 2462 0.00376500140942323 0.173789145282036
1.14 6A 613559964.90566 613564808.509434 4.2090339526353e-07 18486 0.00558698088483176 0.11911863280432
1.15 6A 617046924 617061369 2.55184879628694e-07 1827 0.00268908 0
0 7A 3904447.2 3907744.8 1.14919871856129e-08 918 0.00427224054466231 0.0724725110309708
0.01 7A 8591498.77777778 8595858 8.52354301510479e-08 2197 0.00211212085798817 0.229825421288373
0.02 7A 11091491 11101081 1.54818473392209e-07 874 0.000937317 0
0.03 7A 16016350 16023391 2.89412501051205e-07 187 0.0158416 0
0.04 7A 20981688.25 20985210.5 4.27450683264775e-07 2729 0.00320889483327226 0.130246116453966
0.05 7A 25689173 25692932 6.4755786326923e-07 63 0 NA
0.15 7A 34623131.5 34624675.5 1.30283541905409e-06 332 0.0476934623493976 0.0147465552397103
0.19 7A 36878637.5 36882310.5 1.36700901345882e-06 1054 0.0164557176470588 0.0267712609467497
0.25 7A 41439093 41442254 1.19326083014079e-06 449 0 NA
0.27 7A 42963605 42965380 1.04474363569521e-06 159 0.0206452 0
0.35 7A 54997683 55001463 6.95186734136148e-07 203 0 NA
0.37 7A 57871935 57874635 6.29943958469636e-07 155 0.0108108 0.13466810966811
0.38 7A 59305005.6666667 59309528.3333333 5.89083951446322e-07 1062 0 Inf
0.4 7A 62065762 62068815 5.42193589020181e-07 128 0 NA
0.41 7A 64157483.5 64161714 5.38230789946184e-07 398 0.00403854494974874 0.141836029568065
0.42 7A 65192685.8571429 65197895.7142857 5.45957924559384e-07 1565 0.0129637737380192 0.0685115029737402
0.43 7A 67462033.25 67467279.1666667 5.77760927534259e-07 2420 0.00504383988842975 0.0577363892882106
0.44 7A 70520553.5 70523772.75 6.11060323119093e-07 654 0.00118320785932722 0
0.46 7A 74283354.5 74290912.5 6.3932895954405e-07 544 0.00602029694852941 0
0.48 7A 76250403.3333333 76254906.3333333 6.67016392457261e-07 322 0.00424773788819876 0.10298727506844
0.49 7A 77195205.3333333 77200531 6.75198982641532e-07 742 0 Inf
0.5 7A 78501610 78506433.3333333 6.7206959169273e-07 243 0 NA
0.51 7A 79717980.75 79725254.25 6.53610368543879e-07 1234 0 Inf
0.52 7A 81028668 81034012.6666667 6.17616073381399e-07 1411 0 NA
0.53 7A 82071564.5 82080939.5 5.76575069038658e-07 935 0 NA
0.54 7A 83285019 83288075 5.20657392035587e-07 350 0 NA
0.55 7A 84077739.3333333 84082507.1666667 5.08314538490322e-07 2273 0 NA
0.56 7A 85418566 85423847.7 4.9095522594336e-07 2981 0 Inf
0.57 7A 88809767 88813006 4.41609428505849e-07 172 0 NA
0.58 7A 92233846.1666667 92237870.1111111 3.80152482472033e-07 5022 0.000100132150537634 1.0158499582173
0.59 7A 99422719.6 99429138.8 1.923596721247e-07 3597 0.00298803433972755 0.254000374017039
0.6 7A 107704730.5 107710249.25 1.5959426452584e-07 4893 0.00690083862660944 0.0744734405460644
0.61 7A 112817229.5 112818963 2.11030403828471e-07 366 0 NA
0.62 7A 116085346.285714 116091443.571429 2.43853777241946e-07 2420 0.00406103800826446 0.0699086973039273
0.63 7A 118761684.666667 118770297.777778 2.47622386157433e-07 2646 0.00421373446712018 0.122683013850238
0.64 7A 121972806.111111 121980154.111111 2.33068827262143e-07 4472 0.00122090533184258 0.252540962628468
0.65 7A 125937133.333333 125941949.666667 1.90738730131882e-07 2609 0.00151652191644308 0.0573556624930084
0.66 7A 129606294.941176 129612010.647059 1.89295141465385e-07 4100 0.00319555999756098 0.133926965687702
0.67 7A 140068668.28 140073657.04 1.20328347967414e-07 7921 0.00299923271304128 0.145540387110211
0.68 7A 187771726.957219 187777471.518717 9.69071257693296e-09 65889 0.0022235553055897 0.236025500485394
0.69 7A 235506931.756757 235512246.378378 1.40190232189082e-08 13803 0.00168283445917554 0.252207147922312
0.7 7A 252166113.555556 252171544.444444 1.22117975687787e-08 5816 0.000268917252407153 0.0923009597673753
0.71 7A 265708626.137931 265713942.37931 1.11197068865132e-08 9427 0.00170864467699162 0.142805969169672
0.72 7A 275780855.363636 275786767.636364 1.05134554423016e-08 4017 0.000381792360219069 0.297767231003797
0.73 7A 287594429.368421 287599921.157895 1.00403697304517e-08 5565 0.000275404224618149 0.907799596653978
0.74 7A 294823047.5 294828438.166667 9.87938053854076e-09 4389 0.000355604541809068 0.89433463076181
0.75 7A 304478010.5 304481905.5 9.80825154622593e-09 1531 0 Inf
0.76 7A 309706832.25 309729072.5 9.83457061658739e-09 1467 0 Inf
0.77 7A 319056146 319068488 1.00150293384101e-08 526 0 Inf
0.78 7A 325544374.875 325558144.75 1.02293345705361e-08 2341 0.000332201852627082 0
0.79 7A 332262488.25 332279005.75 1.05330841035274e-08 2139 0.000376395878447873 0.286284373008721
0.8 7A 345577318.833333 345588303.944444 1.14240771347777e-08 9825 0.000323639159287532 0.356294698376643
0.81 7A 392999771.12766 393008378.595745 1.73034651861504e-08 18448 0.000169470368278404 0.80110622875413
0.82 7A 422650249.333333 422656598.333333 2.25159271321739e-08 1437 0 Inf
0.83 7A 423556015 423563387 2.27105057778797e-08 329 0 NA
0.9 7A 473083453.617347 473089142.903061 3.63342621711153e-08 65285 0.00118304807053688 0.205329209477864
0.91 7A 527137197.5 527142708.1 5.49868277010045e-08 6273 0.00148806586959987 0.31108469561088
0.92 7A 540293281.166667 540298593.055556 6.131660806283e-08 8829 0.00392441125608789 0.204616334727847
0.93 7A 552845549.870968 552851482.580645 6.90649713884753e-08 9282 0.00359205669467787 0.0895961672504818
0.94 7A 562591240.172414 562596444.482759 7.62614185570302e-08 7603 0.000845124728396685 0.108185980954637
0.95 7A 574050369.0625 574057082.75 8.19868606728003e-08 6308 0.000620755608750793 0.174997036437464
0.96 7A 592615066.611111 592619580.222222 8.47447062253518e-08 9665 0.000989162242938438 0.136955064193124
0.97 7A 609270782.130435 609276256.217391 1.06647829076079e-07 9010 0.00201102068035516 0.27175215390939
0.98 7A 616926246.166667 616930612.166667 1.5943680405784e-07 1264 0.000584638401898734 0
0.99 7A 621209105.75 621211875.5 1.83669015864528e-07 1435 0.000552078731707317 0.281167971573211
1 7A 626999715.6 627003564.7 2.30716560564916e-07 2376 0.000635031325757576 0.924900507473176
1.01 7A 633479431 633482290.5 2.94350079425613e-07 797 0 Inf
1.02 7A 635522715 635529496.833333 3.25818121224626e-07 1853 0 Inf
1.03 7A 639023737.2 639029760.8 3.68546406067745e-07 931 0 NA
1.04 7A 641897909.6 641902470.2 3.9896609384349e-07 1938 0.00201551701754386 0.176546485966191
1.05 7A 644303795.5 644307106.125 4.23849649456432e-07 2787 0.00236707482597775 0.20559895980219
1.06 7A 646447289.5 646451880.5 4.45593686892621e-07 606 0 NA
1.07 7A 648425798 648431018 4.65299838222688e-07 273 0.00583232 0.143755486667398
1.08 7A 650211606.5 650215889 4.82756982261747e-07 665 0.00463971184962406 0.0749982950393102
1.09 7A 652664314.4 652670799.4 5.06296272541832e-07 1205 0.0157615918672199 0.0596416988906833
1.1 7A 654052566.5 654056227 5.19345931238169e-07 895 0 Inf
1.12 7A 657572936.8 657578265.8 5.51730247819228e-07 1712 0.00289768950934579 0.0464432906104187
1.13 7A 659442873.333333 659446764.666667 5.68465396404589e-07 1147 0 NA
1.14 7A 660805934.625 660811694.75 5.80466931712204e-07 2350 0.000660120202127659 0.53888783923766
1.16 7A 663542482.6 663547302.2 6.04057979451421e-07 1253 0.0222056147486034 0.0537721582727705
1.17 7A 666464495.333333 666470273.666667 6.4009918715071e-07 1516 0.0016649214116095 0.269148394042987
1.18 7A 667097363.5 667103229.333333 6.49661022547645e-07 1959 0.0251392707503829 0.058139968169238
1.19 7A 669218405.666667 669220486.333333 6.76203869768931e-07 450 0.0017340868 0
1.2 7A 671264376.25 671269251 7.10679174785684e-07 1584 0.010971568270202 0.0669534545687831
1.21 7A 672187016.8 672191002.8 7.23183744925396e-07 1748 0.0159555631006865 0.0908642216827862
1.22 7A 674187520.333333 674191324.333333 7.3930046349749e-07 723 0.00638285622406639 0.347704672811693
1.23 7A 675190044.2 675193480.2 7.41259090450332e-07 1092 0.00640640891941392 0.362918705489195
1.24 7A 676102667 676103960 7.39741953551198e-07 30 0 NA
1.25 7A 677976424.428571 677979325.142857 7.48077054620312e-07 1826 0.000429301675794085 0
1.26 7A 679963567.428571 679969207.285714 7.57884388500424e-07 2078 0.00254465584215592 0.175472066915516
1.28 7A 681992243 681996670 7.57477551032402e-07 108 0.0288722 0
1.29 7A 683482195 683492670 7.73598778063299e-07 985 0.00161616 0.431373131373131
1.3 7A 685705855.5 685710157 7.83490522700741e-07 707 0 Inf
1.31 7A 686165730.333333 686170120.666667 7.83464359879174e-07 598 0 NA
1.33 7A 688960269 688968295 7.67652811711203e-07 903 0.00182614 0.274889657967078
1.34 7A 690052934 690056735 7.54257314923966e-07 346 0.00231548 0
1.35 7A 691009114 691012776.5 7.48463262876918e-07 374 0.00235059090909091 0
1.36 7A 691524131.666667 691527077 7.4950663531297e-07 462 0.0138870865800866 0
1.37 7A 692530999.4 692535663.6 7.60557404514972e-07 1460 0.00747259812328767 0.0418249174977034
1.38 7A 693903025.666667 693906976.333333 7.69545471890042e-07 752 0.0145602970744681 0.0634946402356876
1.39 7A 694542511 694547765 7.69169464994618e-07 879 0 NA
1.4 7A 696891503.5 696900715 7.43136761156264e-07 893 0.000543966191489362 1.53411298128627
1.42 7A 699138914.2 699143810.2 7.14105212682399e-07 1594 0 Inf
1.43 7A 700879359 700887685 6.97533353073949e-07 3575 0.00765189905342657 0.115291290243859
1.44 7A 701922901.090909 701927980.727273 6.93061294783625e-07 5477 0.00655310760087639 0.167600071512789
1.45 7A 704394427 704398372.666667 6.95645416372987e-07 687 0.00231260410480349 0.181478321363047
1.46 7A 705423722.6 705428341.9 6.98230783993903e-07 3267 0.00240984156718702 0.232257828841948
1.47 7A 707462851 707468262.25 7.05019314654548e-07 1543 0.000488765274141283 0
1.48 7A 709482496.333333 709487390.333333 7.00581375773944e-07 939 0.042368979829606 0
1.49 7A 711607430 711611179 6.95936901398978e-07 142 0 NA
1.5 7A 712267167.333333 712271270 6.94620809818679e-07 1186 0.00131114772344013 0.146643440616758
1.51 7A 714165965.5 714171468.5 6.91156488150192e-07 691 0 NA
1.52 7A 715968797.5 715975331 6.88298719789364e-07 1035 0.000786006647342995 0.279639348110392
1.53 7A 717390148.5 717394748.5 6.86363087355819e-07 857 0 NA
1.55 7A 719569416 719572246.333333 6.83905626680833e-07 915 0 NA
1.57 7A 721023291 721030783 6.82622856578909e-07 1965 0 NA
1.58 7A 722255299.5 722259004.5 6.81268583221999e-07 468 0.0177921666666667 0
1.59 7A 723286624.666667 723291067.666667 6.78944625558225e-07 1449 0.00228768942028985 0.206153721085406
1.6 7A 724391355 724395754.333333 6.76704561555396e-07 1199 0.0191052660550459 0.0100112678477618
1.61 7A 725927237 725936221 6.74176990013032e-07 1179 0 Inf
1.62 7A 727443573 727457990 6.72454329433371e-07 1806 0.00552783 0
1.63 7A 729311508 729314761 6.71356560736948e-07 776 0 NA
1.64 7A 730785508.625 730790055.25 6.71302872667632e-07 3839 0.000409008803334202 0.884296831517658
1.65 7A 732847384.666667 732850616.555556 6.71957044679859e-07 2086 0.00903342478427613 0.0735377143417208
1.66 7A 736167865.285714 736173410.714286 6.71331533262713e-07 2565 0.00028411962962963 0.828435398783575
