poscM Chromosome Start End recRate nb_complete_site piSyn f0
0.03 1A 1202326.28571429 1207661.71428571 1.28182851052807e-06 3493 0.0206776052046951 0.0757897200386393
0.07 1A 3187498 3192426.5 1.22937490207059e-06 595 0.0090582174789916 0.0429088261452148
0.08 1A 3403685.33333333 3408569 1.22348203918487e-06 1631 0.00862853645003066 0.0490221240877824
0.09 1A 4045713 4048684 1.19607758843423e-06 194 0 NA
0.12 1A 5491027 5495112 1.15658401937862e-06 267 0.0057623 0.450839074675043
0.15 1A 7495603 7503027 1.09898218543153e-06 1632 0.0204503706495098 0.0514442604920786
0.16 1A 8160028 8163050.8 1.07927387591317e-06 484 0.029642357231405 0.112047827694969
0.17 1A 9111992 9116920.5 1.05029696827475e-06 582 0.00801562158075601 0.259660476003156
0.18 1A 9602738.33333333 9605994 1.03510898989329e-06 675 0.0395269724444444 0.125422444961952
0.19 1A 10066113 10069211 1.02151723414911e-06 375 0.0619768 0
0.2 1A 11564200 11572148 9.80895544252246e-07 25 0 Inf
0.21 1A 12084602.2 12089128.2 9.67207780524832e-07 1609 0.0369801930640149 0.0192283853717372
0.22 1A 13553058.5 13556972.5 9.28736223428297e-07 1346 0.0068965443833581 0.0771197665746579
0.23 1A 15028610.3 15032389.7 8.8608042239772e-07 1484 0.0021430718328841 0.167213511250099
0.24 1A 16931434 16934477 8.31349589658753e-07 185 0.00836237 0.149207700687724
0.26 1A 19895297 19897721 7.53136045557493e-07 93 0 NA
0.27 1A 20494285.5 20498608 7.38343111091175e-07 1389 0.0070161487113031 0.0619269355298757
0.28 1A 21846568.7142857 21852455.2857143 7.06032826044632e-07 1743 0.000909833866896156 0.687527953238019
0.29 1A 22534635 22536459 6.90200625240664e-07 45 0.0172043 0
0.3 1A 24340372 24344574 6.45259290300834e-07 691 0.0134106703328509 0
0.31 1A 25620304.5 25627185 6.06857316574939e-07 918 0.00768668529411765 0.068676573280076
0.32 1A 27715595.8333333 27721529.5 5.37823734208278e-07 2942 0.00606953615703603 0.108932609991513
0.33 1A 29894467.2857143 29899598.2857143 4.76483971465783e-07 2030 0.00625401448965517 0.126850141610251
0.34 1A 33790734.125 33800136.75 4.16818534228051e-07 2570 0.00620615527976654 0.190942869434753
0.35 1A 36348832 36353222.5 3.31510006669916e-07 3480 0.00209780075 0.0530167221745106
0.36 1A 41359856.7142857 41366352.4285714 2.24978296705804e-07 2255 0.00243143822172949 0.125990330298592
0.37 1A 45545898.8 45550811.6 2.24549367497945e-07 1547 0.00052106861667744 0.818494774456277
0.38 1A 49123820.6923077 49131916.3846154 2.22771287424997e-07 4392 0.00267344361794171 0.117017456976953
0.39 1A 53420936.1 53425595.6 1.78867734000279e-07 2933 0.000778670552335493 0.816442900114142
0.4 1A 58513722.3157895 58519107.2631579 1.50324736184817e-07 5700 0.00391917807789474 0.139192434945992
0.41 1A 65131858.4285714 65136107.047619 1.28621643301517e-07 5921 0.00271314395034623 0.156611010678396
0.42 1A 80559177.3666667 80565132.0333333 4.73986049319887e-08 13956 3.69177456291201e-05 2.6701608235072
0.43 1A 152435511.450867 152443774.67052 5.76722760927825e-09 64391 0.000868887204826761 0.357396899854424
0.44 1A 282033942.495726 282040172.777778 1.14474419847117e-08 42009 0.00151745698605061 0.207866206039271
0.45 1A 329374174.91358 329380873.975309 3.02443949857626e-08 26493 0.000574611154455894 0.301607736638976
0.46 1A 354923980.130435 354929084.673913 2.37291504919428e-08 14665 0.000101880184111831 0.592091940761391
0.47 1A 368662055.387097 368666718.032258 1.50070278153859e-08 11556 0.00040523598044306 0.488306403241205
0.48 1A 378833726.807692 378839096.192308 1.41049269404445e-08 8957 0.00034253460835101 0.677130485833642
0.49 1A 394814886.56 394820988.46 2.25012000818749e-08 16175 8.90385334157651e-05 0.364814728239801
0.5 1A 425789935.491228 425795867.614035 7.17762407958567e-08 21978 0.00060895370975521 0.169868084922058
0.51 1A 446949613.42 446954647.7 1.29314393765363e-07 15070 0.0008202510132714 0.1421323672411
0.52 1A 459497852.555556 459502383.851852 1.8422579748971e-07 9051 0 Inf
0.53 1A 464754477.9 464757939.533333 2.10325191786181e-07 6535 0.000855792376434583 0.308931559131288
0.54 1A 470228862.4 470232767.7 2.38349805239483e-07 2621 0.000293487218618848 0
0.55 1A 474151730.8 474155977.4 2.58947853625037e-07 1971 0.000834422014205987 0.282645815181882
0.56 1A 478457484.272727 478461807.181818 2.82992175236115e-07 1895 0.00227036306068602 0
0.57 1A 481972192.25 481976147.25 3.04324686243555e-07 4353 0.000904032674017919 0.15541067342935
0.58 1A 485467719.153846 485473320.230769 3.2674663618608e-07 4919 0.00427971653994714 0.194463483109222
0.59 1A 487938845 487944332.25 3.43306830823642e-07 1261 0 NA
0.6 1A 490818011.2 490824401.4 3.63794367788707e-07 1815 0.0122765684683196 0.133074907580318
0.61 1A 493410340.285714 493414005.285714 3.7884479646863e-07 2076 0.000664221512524085 0.653330920678971
0.62 1A 494911483.571429 494915074.857143 3.84378339962299e-07 1498 0.00281539293724967 0.144494559142823
0.63 1A 496383634.833333 496387483.666667 3.88075099127106e-07 1998 0.0036046442042042 0.0314625521636869
0.64 1A 498493292.384615 498496721.923077 3.90254264153214e-07 2594 0.00309045836545875 0.107184013544812
0.65 1A 500191394.444444 500194824.888889 3.89413733977004e-07 1748 0.0134696873569794 0.0391240009269903
0.66 1A 502772025.2 502776575.4 3.89146403033372e-07 2223 0 NA
0.67 1A 506167247.111111 506171205.166667 3.96141974108924e-07 4526 0.00362405267123288 0.177945616249634
0.68 1A 510691576.166667 510694745.333333 3.78413144127674e-07 1036 0.00152223936293436 0
0.69 1A 513632106.333333 513638716.555556 3.29945117846755e-07 2546 0.000643543330714847 0.510994998649098
0.7 1A 516641321.857143 516646387.5 3.30549824340015e-07 5001 0.00297155719456109 0.306500392433225
0.71 1A 518755842.833333 518766001.166667 3.44917023453299e-07 3721 0.00142710673206127 0.175464510932097
0.72 1A 520534943 520539345.5 3.45188452743117e-07 1635 0.00960148782874618 0.103088956154769
0.73 1A 521339751.571429 521343346.142857 3.47168453542856e-07 1520 0.00420831388157895 0.0350833768575053
0.74 1A 522732472 522734895.5 3.53233145437008e-07 819 0 Inf
0.75 1A 529532519.928571 529537885.928571 4.32227543450141e-07 7268 0.00277144686296092 0.0680911549879089
0.76 1A 532543644.111111 532549203.555556 4.68718715591384e-07 2954 0.00451870589031821 0.0521299139336332
0.77 1A 534434146.555556 534438147.555556 4.6853357185364e-07 2569 0.00958027050992604 0.0574151512174145
0.78 1A 536502772.8 536506291 4.42772912864101e-07 1231 0 NA
0.79 1A 537618895.285714 537623394.714286 4.3508796945427e-07 2616 0.00268392711009174 0.198379398158478
0.8 1A 538804851 538808313 4.51075929880622e-07 35 0 NA
0.81 1A 540146414.636364 540150763.727273 5.03266861371133e-07 3016 0.00579966375 0.15764521092894
0.82 1A 541917537.5 541920931.333333 6.23745677039236e-07 1742 0.00393540879448909 0.198959171087445
0.83 1A 542310461.333333 542315178 6.58732917513589e-07 1095 0.00266050909589041 0
0.84 1A 544347666.363636 544351902 8.32786228618902e-07 2467 0.00413566850425618 0.044968564283736
0.85 1A 546993563.5 546999273.75 1.07350571760743e-06 2438 0 NA
0.86 1A 549541597.866667 549546210.333333 1.26527924048077e-06 4131 0.00400915759380295 0.123112523648519
0.87 1A 551583276.666667 551587180.5 1.40429909211274e-06 1316 0 Inf
0.88 1A 552213921.5 552215887 1.47433783813305e-06 383 0 NA
0.89 1A 553704158 553707207 1.60887420646116e-06 327 0.045283 0.0306313627630678
0.9 1A 554386309.25 554392752 1.65654678388955e-06 877 0.0191140023261117 0.136358297542899
0.91 1A 554887656 554890251 1.68619660190251e-06 348 0.00436067965517241 0
0.92 1A 555636929.5 555640137.5 1.72168811259233e-06 285 0.00283786428070175 0
0.94 1A 556792217 556795702 1.75590047225938e-06 575 0 NA
0.95 1A 557016652.666667 557021536.333333 1.75958576642677e-06 1272 0 NA
0.96 1A 557487151 557491334 1.76450617803736e-06 483 0 Inf
0.98 1A 557943068 557947079 1.7652612809824e-06 489 0.00951668650306749 0.0984525404812045
0.99 1A 558184883 558189224 1.76409132394855e-06 434 0.00353982 0.150566412981451
1 1A 558549030.666667 558554506 1.76025625955242e-06 1110 0 Inf
1.02 1A 558965290.5 558967725 1.75290492590564e-06 248 0 NA
1.06 1A 560248619 560249770 1.70986986477182e-06 118 0 NA
1.07 1A 560429261 560435391.5 1.70121871292714e-06 701 0 NA
1.08 1A 560960167 560962803 1.67273967333727e-06 234 0 NA
1.09 1A 561335324 561346990 1.64908765145755e-06 1618 0 NA
1.1 1A 562013685.666667 562018644.333333 1.60039940003043e-06 1195 0 NA
1.11 1A 562613356.333333 562616538.666667 1.5497135748817e-06 698 0 NA
1.12 1A 562908419 562912709 1.52283757750218e-06 47 0 NA
1.13 1A 563681549.5 563685037 1.44382344299854e-06 766 0 NA
1.14 1A 564323291.333333 564328471.666667 1.36962544256061e-06 1080 0 Inf
1.16 1A 566020293.8 566026983.6 1.22643863520647e-06 1733 0.0199571054818234 0.078914294540734
1.17 1A 566520925.833333 566524120 1.21287853394993e-06 1839 0.00341191554105492 0.208054611182968
1.18 1A 568105655.571429 568110801.857143 1.15763606227303e-06 2506 0.00352097055466879 0.130981766242646
1.19 1A 570344893 570348365.75 1.0747000763027e-06 1426 0.000492555764375877 0.666000950590426
1.2 1A 572189416.5 572192972.5 1.00466345184917e-06 1924 0.0144310499116424 0.00510651109789416
1.21 1A 573650999.833333 573655554.833333 9.44027974255573e-07 1663 0.000958925622369212 0.237450276881139
1.22 1A 575229191.4 575235065.8 8.88724925937437e-07 1849 0.000656006073553272 0
1.23 1A 576520643.4 576526116 8.42829056413893e-07 3239 0.00156765674590923 0.100206317296763
1.24 1A 577539455.5 577545219 8.05667659030128e-07 2396 0.00053572021869783 0.356721876830215
1.25 1A 578516213 578522072 7.69298887934663e-07 726 0.00111111 0
1.26 1A 578922141 578922999 7.54053147887011e-07 88 0.00874317 0
1.27 1A 579580153 579584504 7.28816037104827e-07 686 0 NA
1.28 1A 580520833.75 580525489.5 6.92284297382234e-07 1695 0.00162818168141593 0.267549591986529
1.29 1A 581881806.714286 581887088 6.38202869908394e-07 3290 0.00171052404255319 0.0498839074912626
1.3 1A 583402028 583406218 5.76802374877924e-07 2457 0.00797257141229141 0.126944476303665
1.31 1A 584548143.4 584551870 5.31622546121484e-07 888 0.0029526294481982 0.175401048755996
1.32 1A 586972662.5 586977589.5 4.36257269328613e-07 809 0.00207267243510507 0.366691359453051
1.33 1A 591386402.058824 591392647.411765 2.81367497197604e-07 10610 0.00463330718199812 0.13573630776243
0 2A 1298749.875 1305757.875 6.07395375446524e-07 3784 0.00397421820031712 0.108144122621716
0.01 2A 3892498.25 3897157.16666667 5.34624930797139e-07 4703 0.0112487022623857 0.111236964474039
0.02 2A 5793435.75 5795950.5 4.53001780324463e-07 1507 0.00801777490378235 0.227261473946162
0.03 2A 7803195 7807373.5 3.75916587605057e-07 569 0.00138434586994728 0
0.05 2A 15574792.2162162 15579782.4594595 9.80363127255951e-08 10630 0.0117494115136406 0.112410940037234
0.06 2A 21396309 21401317 5.83360703499767e-07 327 0.0119946758409786 0.17582187968719
0.07 2A 24289015.3333333 24295027 8.39826860391726e-07 565 0.0137894486725664 0.134101079849625
0.09 2A 26371659 26374700 9.59545088172232e-07 31 0 NA
0.1 2A 27238197 27251005.3333333 9.92973995209054e-07 1881 0.00104355849229133 0.0735115286563316
0.11 2A 27644252 27647907 1.00574009453087e-06 162 0.00471655166666667 0
0.12 2A 28770704.5 28775965.75 1.02971166618036e-06 1121 0.0047143987867975 0.254313783485151
0.13 2A 29305452.75 29312962.5 1.04594539431222e-06 2681 0.00393283895934353 0.0770266393508215
0.14 2A 30036072.5 30040076.5 1.11878798651699e-06 913 0.0532734279299014 0.0158604489097173
0.15 2A 30746550.4 30753197.6 1.15263073820337e-06 4150 0.00996698274698795 0.0774019858782703
0.16 2A 31800588 31803445.5 1.13302142531998e-06 340 0.0194650886470588 0.070872347638664
0.17 2A 32239902.5 32248781 1.09722928216637e-06 1094 0.00315921226691042 0
0.18 2A 33335724.3333333 33339282.3333333 1.06602765057135e-06 980 0.00466593178571429 0.0494067598961439
0.19 2A 34309675.6666667 34314894.6666667 1.10539961388041e-06 606 0.00592620528052805 0.0716518292473069
0.21 2A 36138348 36142091 9.91636996861852e-07 73 0 NA
0.22 2A 36899728 36904529 9.14053177386157e-07 1030 0.00464619638834951 0.0530969211545977
0.23 2A 38534860 38538480 8.55512997817925e-07 471 0.0138298 0.0438360641513254
0.24 2A 38859897.25 38867323 8.47881062387143e-07 2938 0.0050020640871341 0.140987096912188
0.25 2A 39704200 39709256 8.33632639584544e-07 160 0.0198758 0
0.26 2A 40540614 40547241 8.28118799137629e-07 658 0.00128137 0.166993140154678
0.27 2A 41231826 41242893 8.29957531551943e-07 807 0.00109957 0
0.28 2A 42249503.75 42253933 8.4405986880019e-07 1470 0.0065113656122449 0.193071139047402
0.29 2A 43133461 43137267 8.64674614458119e-07 371 0.0445893 0
0.3 2A 48589192.8 48595159.2 9.39732667415439e-07 1959 0.00156101942827973 0.217058762525265
0.31 2A 50053464.6666667 50059158 9.56515092010376e-07 1032 0 Inf
0.32 2A 51432347.625 51437756.875 9.60111219442564e-07 2329 0.00055640341391155 0
0.33 2A 52126850 52131904 9.58200033736231e-07 14 0 NA
0.34 2A 52746090 52748912 9.54111150590793e-07 216 0.00340426 0
0.35 2A 53768904.3333333 53775203.6666667 9.42656880780007e-07 1163 0.00104901074806535 0.194753194570981
0.36 2A 54733214.25 54735473.25 9.26731981641301e-07 336 0.00245705720238095 0
0.37 2A 55172843 55177658 9.17721035634455e-07 392 0.00395062 0
0.38 2A 55881259 55886122 9.00988183020208e-07 878 0.00359259174259681 0
0.39 2A 56918400 56923605 8.71521894277281e-07 576 0 Inf
0.4 2A 57596406.25 57603985.5 8.58587442951543e-07 2844 0.000434609007032349 0.186312896648776
0.41 2A 58175832 58182842.2 8.68662816326066e-07 1635 0.00342875874617737 0.121724777658905
0.42 2A 59063896 59067142 8.76205445825409e-07 313 0 Inf
0.43 2A 59635726.5 59638951.5 8.72537882936399e-07 868 0.00242267894009217 0
0.44 2A 61447141.6666667 61452684.3333333 7.90256166250401e-07 1042 0.0121276617082534 0.0354987153422639
0.45 2A 62452933 62456843 7.56960392263731e-07 722 0.0243792430747922 0.142874445863206
0.46 2A 63567392.6 63571677 7.33677558102796e-07 1372 0.00115679233236152 0.711671880348134
0.47 2A 65409562.5 65413788 6.92903879271115e-07 1999 0.00104564456228114 0.400040364675602
0.48 2A 66890305.5 66896310.1666667 6.57927356335647e-07 3344 0.00200034030801435 0.273001024605863
0.49 2A 69086313.8 69091222.2 6.02691514376239e-07 1508 0 NA
0.5 2A 70873951 70877476.6 5.54648397550043e-07 2229 0.000736149732615523 0.456185564814477
0.51 2A 73342760.5 73348533 4.83865830881955e-07 1139 0.00151883818261633 0.131422381447018
0.52 2A 74876659.9090909 74881211.9090909 4.3706941252848e-07 3970 0.00174732286649874 0.185275921014645
0.53 2A 78540804.9166667 78546993.75 3.17450490258551e-07 3902 0.00100924453613532 0.166926559990071
0.54 2A 81539184 81545885.6 2.20336368218854e-07 7062 0.000293366281506655 0.111817478136435
0.55 2A 116502039.568627 116506899.745098 2.2052598744557e-08 44852 0.00280114443266744 0.136096158010284
0.56 2A 182549028.434783 182554401.167702 4.28537580580633e-08 51685 0.000772408629892619 0.181059797970285
0.57 2A 231347815 231369634 1.68898999431179e-08 662 0 NA
0.6 2A 263162821.967742 263174458.322581 5.57705736287427e-09 11465 4.1793778456171e-05 0
0.61 2A 406701930.162437 406709765.700508 3.71391082084753e-09 78793 9.15702285862957e-05 0.449377397985456
0.62 2A 505727209.525641 505732032.320513 3.13365174567082e-08 23601 0.0001584392508792 0.694090860404433
0.63 2A 533925905.553571 533930903.178571 4.60666368479939e-08 17897 0.000882054632619992 0.271728477641948
0.64 2A 553039385.777778 553044731.222222 5.28801524127267e-08 11070 0.000806594013730804 0.271989947122085
0.65 2A 569371106.871795 569375713.333333 5.19319298215638e-08 11751 0.000697569035145945 0.24174500743646
0.66 2A 583558869.378378 583565165.72973 4.74116621992565e-08 9769 0.000223607349779916 0.497253699173813
0.67 2A 599197763.861111 599202104.944444 5.23904590726554e-08 12374 0 Inf
0.68 2A 609856515.357143 609862539.642857 6.20409137834449e-08 9695 0.00255764192573491 0.116346272877763
0.69 2A 620536402.825 620541335.125 7.76673997306834e-08 11328 0.000449750663841808 0.343477199953257
0.7 2A 633189455.736842 633194043 1.02423249198372e-07 4383 0 NA
0.71 2A 639418952.5 639423887.8 1.17436151352695e-07 4916 0.000172466051668023 0
0.72 2A 646485646.545455 646489838.863636 1.37119388912022e-07 4988 0.000318081495589415 0.145593864957593
0.73 2A 654897505.5 654903058.0625 1.63003470238797e-07 4400 0.0016996462 0.418055995471828
0.74 2A 661359308.227273 661364445.909091 1.88086854659662e-07 6348 0.00163489769234405 0.302191272535428
0.75 2A 667089438.5 667093675.666667 2.12518375220447e-07 2271 0.00138803330691325 0.362527386540379
0.76 2A 671022366.714286 671026945.142857 2.29714519235229e-07 4165 0.00405473259303722 0.313600173200303
0.77 2A 674983294.375 674988464.125 2.47369694320426e-07 3399 0.000724848855545749 0.0917342080457909
0.78 2A 678635396.15 678639896 2.63939228615802e-07 7105 0.00284076117832512 0.11356753101162
0.79 2A 682207938 682214117.555556 2.80448590477991e-07 3395 0.0013668539263623 0.341247434839066
0.8 2A 685536764.166667 685541172.166667 2.96064631543673e-07 3967 0.00268364332493068 0.185327889138126
0.81 2A 688853721 688858502.25 3.11865553640866e-07 3533 0.000218504831587886 0
0.82 2A 691860877.555556 691868066.777778 3.26172410300377e-07 2477 0.00157575314493339 0.649738319696784
0.83 2A 695411531.928571 695416090.285714 3.38769618124318e-07 4138 0.00337764840019333 0.201060131459787
0.84 2A 698717715.4 698721195.2 3.47472804705205e-07 1307 0.0104291554705432 0.1021772455598
0.85 2A 702349798.5 702352369.75 3.59552627508104e-07 706 0.00639481654390935 0.252927459520331
0.86 2A 704894860.909091 704899623.545455 3.69823128895229e-07 4874 0.00107723911940911 0.245830836814043
0.87 2A 707447678 707451153.714286 3.81948510412673e-07 1836 0.00944852191176471 0.0667056935314829
0.88 2A 709998580.545455 710002380.454545 3.95726256794357e-07 4028 0.00433393315541212 0.145723055875415
0.89 2A 712771806 712775763.571429 4.12622963325014e-07 2864 0.000630928624301676 0
0.9 2A 715125252.222222 715129777.888889 4.28496150545122e-07 2111 0.00384331719564188 0.0866440798898335
0.91 2A 717680490.083333 717684693.75 4.47378155801745e-07 4261 0.00973498799342877 0.110554533846051
0.92 2A 719398011.8 719401888.6 4.67040698840413e-07 1610 0.000300803105590062 0.478824240697264
0.93 2A 722132281 722142129 5.1204088553919e-07 1217 0.00134322 0.27796414585846
0.94 2A 723010024.777778 723014151.444444 5.17995434475114e-07 2535 0.00523173158579882 0.0698177888851259
0.95 2A 724908937.571429 724914219 5.25328549778568e-07 3082 0.00287360536340039 0.169194672729278
0.96 2A 727195149.666667 727201612 5.41784773234468e-07 477 0 NA
0.97 2A 729020260.5 729025604.9375 5.62115569662439e-07 6096 0.00458454654429134 0.0939274507358289
0.98 2A 730584533 730588906.666667 5.730208645605e-07 983 0.00234619987792472 0.193244244817819
0.99 2A 732431189.5 732435972.5 5.72992250731559e-07 626 0 Inf
1 2A 734047835.125 734051973.625 5.60447615879401e-07 1996 0.00234845569138277 0.0804902192195734
1.01 2A 735257300.166667 735262428.666667 5.50315318080399e-07 1572 0.0230031545801527 0.0251685172398221
1.02 2A 737381508 737383908.5 5.41642786201827e-07 314 0.0014681326433121 0
1.03 2A 739082466.2 739087279 5.23841678542656e-07 2552 0.00284224414576803 0.355505145605326
1.04 2A 740444391.625 740449843.5 5.15354354914511e-07 3612 0.00427273372369878 0.0985857236910839
1.05 2A 743428588.090909 743433427.090909 4.8335822745481e-07 4213 0.00392090004035129 0.261809616551859
1.06 2A 746118433.230769 746123430.923077 4.42954537063248e-07 4737 0.000514321131517838 0.205341530440425
1.07 2A 748159588.75 748165792 4.20547326686056e-07 1318 0 NA
1.08 2A 751643064.25 751646915 3.5651782296595e-07 832 0 NA
1.09 2A 753497954.3 753501291.6 3.19961799548009e-07 2521 0.000315706719555732 0
1.1 2A 757219053.8 757223454.2 2.38642334937754e-07 5023 0.00139970377543301 0.179244289131508
1.11 2A 770912941.544118 770917849.367647 4.52575347112941e-08 25099 0.00478236068883222 0.1329634918658
0.01 3A 430147 432865 NA 20 0 NA
0.02 3A 1283815.6 1286974 3.98865303206293e-08 1401 0.00279110176302641 0.482884163767134
0.03 3A 1924585 1928794 7.4069899133783e-08 413 0 NA
0.07 3A 8913090.41666667 8917264.16666667 4.16181256144924e-07 2832 0.00238878714689266 0.162134601406654
0.08 3A 12212366.2857143 12215684.1428571 5.7295303592207e-07 1541 0 NA
0.09 3A 13079802.8 13085271.2666667 6.33047497491518e-07 4303 0.00826406746688357 0.0546506601117026
0.1 3A 14592368.8 14596142.2 6.77260420758338e-07 1922 0 Inf
0.11 3A 15904454.6666667 15907822.6666667 7.51664929503787e-07 229 0.00317668794759825 0.646835927573573
0.14 3A 19900794.5 19913695.5 1.14217685450046e-06 1370 0.00371242989051095 0
0.15 3A 20440933 20444411.5 1.19279874373351e-06 360 0 NA
0.16 3A 21315635.6666667 21317915 1.25747428102506e-06 413 0.0147988789346247 0
0.17 3A 21786689 21788782 1.28334387652264e-06 114 0.0129905 0.157973904006774
0.18 3A 22711644.5 22718614 1.26559927851001e-06 443 0 NA
0.19 3A 23462575.5 23467950.5 1.21684516737784e-06 1089 0.00215215919191919 0.193108007583355
0.2 3A 23826189.5 23830542 1.18803967542981e-06 566 0.00262886282685512 0.409768654352932
0.22 3A 25304859.25 25309722.5 1.10469630507612e-06 1772 0 NA
0.23 3A 25906101 25909271 1.0929662599047e-06 79 0 NA
0.24 3A 27007424 27010880 1.10378797369014e-06 247 0.0582463214574899 0.112994185089161
0.25 3A 27588851 27591922 1.114246842628e-06 357 0.0307765 0.124538202849577
0.26 3A 28476216 28477243 1.12541959669079e-06 139 0.0414687 0.0818889909739153
0.28 3A 30547105.5 30551733 1.12887466837856e-06 324 0.0384851777777778 0.0561931266531537
0.29 3A 31829375.7142857 31835387.2857143 1.11535392888302e-06 1992 0.00679596360441767 0.147378317192253
0.3 3A 32467917.5 32470915 1.10417899113685e-06 686 0.00232090688046647 0
0.31 3A 34525419 34529494.5 1.04756655795829e-06 867 0.00359113079584775 0.0740000161875162
0.32 3A 36140947.25 36144310.5 9.81067217997611e-07 829 0.0166321166465621 0.0686349111341525
0.34 3A 38464755 38469691.5 8.95323266658111e-07 601 0.0108014765391015 0.0702327870870677
0.37 3A 40316795.5 40323227.5 8.49239063644451e-07 744 0.0053731564516129 0
0.38 3A 40824494.5 40828473.5 8.372948784036e-07 74 0.0117491027027027 0.766334427378928
0.39 3A 42194773.5 42201971 8.06368112288496e-07 1656 0.0020231884057971 0
0.4 3A 42792560 42794516 7.93568591549282e-07 192 0 NA
0.41 3A 44628017 44634421 7.56541068273447e-07 1276 0.00124789 0.574983371931821
0.42 3A 45775723 45784143.6666667 7.35312932344385e-07 2877 0.000543054934306569 0.444178449884625
0.43 3A 47031642.125 47036442.25 7.13290709870674e-07 2432 0.00594153737664474 0.0641168204537152
0.44 3A 50371186.6666667 50375468.6666667 6.62316964004103e-07 1104 0.000714398351449275 0.29285556846773
0.45 3A 52638533.5 52642499.5 6.30604348054034e-07 1878 0.00710473186900959 0.172088879672354
0.46 3A 54703982.8571429 54706925.8571429 5.93916527085839e-07 1307 0.00993927613618975 0.0290297550229402
0.47 3A 56237896.4444444 56242156.5555556 5.64576257781043e-07 2746 0.0167394797669337 0.0937781578184567
0.48 3A 57920188.3333333 57924346.8333333 5.29435352147401e-07 2216 0.00203706103790614 0.10330847695242
0.49 3A 60371102.25 60377487.5 4.7836036782886e-07 1876 0.000420319909381663 0
0.5 3A 61300124 61304650.3333333 4.59933704460874e-07 1154 0 Inf
0.51 3A 63036596.5 63040999.25 4.27091855214782e-07 1569 0.0116452621733588 0.0779292148306828
0.52 3A 64361831.4285714 64365832 4.03260758640597e-07 1263 0.00271845140142518 0.0677587827907657
0.53 3A 66855607.6666667 66858642.3333333 3.61382888535009e-07 1027 0.000674106134371957 0.541447869225647
0.54 3A 68056913.25 68061782.25 3.422613007416e-07 1810 0.00190550032044199 0.355949371780544
0.55 3A 71335677.7 71340036.7 2.87191154558677e-07 3641 0.00205080567975831 0
0.56 3A 76829614.7857143 76835375.7142857 2.27632776626004e-07 5024 0.00309354491441083 0.185291954935712
0.57 3A 84264578.1875 84270548.625 2.01845850190092e-07 5868 0.00359474989434219 0.193203227562747
0.58 3A 96480963.2083333 96487805.375 1.45364111975538e-07 9200 0.00209362256315217 0.214494171786756
0.59 3A 109595157.03125 109599014.21875 7.95181515025745e-08 8671 0.00166516272252335 0.0966901618748748
0.6 3A 120944821.894737 120949570.631579 2.59293173074285e-08 5995 0.000459415197664721 0.39495688268682
0.61 3A 133150874.095238 133156365 9.89432326547252e-10 4661 0.000359707376099549 0
0.62 3A 145643797.142857 145649319.095238 0 7071 0.000455141686890115 0.143556503139526
0.63 3A 165459364.651163 165464311.139535 3.61485641653823e-09 11935 0.000191867426895685 0.604160287344755
0.64 3A 291006711.277533 291015151.568282 1.05080745160595e-08 81086 8.87492245270454e-05 0.598851668431036
0.65 3A 432998642.164835 433004237.274725 2.47790319169115e-08 30227 6.86878525821286e-05 0.371308702592604
0.66 3A 468428737.017544 468434494.421053 3.85611123205928e-08 21511 0.000759363196132211 0.204638932592301
0.67 3A 491152692.705882 491158728.558824 3.90490503641792e-08 25073 0.000381694665177681 0.332226314419095
0.68 3A 508177541.25 508182281.85 3.84016633041543e-08 13058 6.12649563485986e-05 0.863095896013714
0.69 3A 515812441 515817322.631579 3.47152973076677e-08 6127 0.00024871960992329 0.391628122106427
0.7 3A 520416640.428571 520421666.714286 3.14750246042532e-08 1213 0.00128904934872218 0.441653775720991
0.71 3A 535984981.576471 535990202.658824 3.84021784347861e-08 28181 0.00278622294808559 0.157863428637561
0.72 3A 556441050.9 556445422.9 7.90085776855293e-08 1873 0.00038764100373732 0.310678236918698
0.73 3A 560221282 560229871.454545 8.60056779651883e-08 5618 0.000421670385368459 0.0964826700383797
0.74 3A 566232942.266667 566239724.4 1.0721936474369e-07 5961 0.000827428879382654 0.092744360391201
0.75 3A 571124685.333333 571128783.222222 1.36366298715378e-07 2361 0.00263699173231681 0.331643272620849
0.76 3A 575147291.125 575151128.1875 1.59256030316315e-07 4401 0.000334816575778232 0.350622602119302
0.77 3A 577796799.714286 577800086.142857 1.68678432883544e-07 1777 0.00491205830613393 0.0536708577620513
0.78 3A 579424385.333333 579428021.333333 1.7436535393778e-07 961 0.000999220551508845 0
0.79 3A 581263881.4 581267298.6 1.80683397604071e-07 1022 0 Inf
0.8 3A 583569157.666667 583575377.166667 1.88452282219427e-07 1006 0.000792537634194831 0
0.81 3A 585122073.2 585126078.8 1.935913034765e-07 1343 0 Inf
0.82 3A 587844733.142857 587851221.142857 2.02411092972325e-07 3828 0.00184927660135841 0.181752044156587
0.83 3A 596163484.933333 596167249.766667 2.27605254056718e-07 8183 0.00368837689355982 0.142961824643379
0.84 3A 601580067.058824 601584715.411765 2.42569964557939e-07 5389 0.00140653840415662 0.199806054365196
0.85 3A 605328010.75 605331812.833333 2.52460598768624e-07 3063 0.00475447562520405 0.126038857224429
0.86 3A 609656950.545455 609661801.818182 2.63651230977693e-07 5297 0.00122597370775911 0.642129785429842
0.87 3A 614694382.631579 614698548.263158 2.76322102074361e-07 4751 0.00189213621342875 0.076078069474785
0.88 3A 620967214.636364 620973573.181818 2.91640287491182e-07 3360 0.0004546560625 1.20756651431904
0.89 3A 624198966.5 624202000 2.99296069674255e-07 2838 0.00164771695912615 0.445088785190856
0.9 3A 628230186.636364 628236312.363636 3.08653028523713e-07 2664 0.000886273164414415 0.0599627757646677
0.91 3A 632034904.444444 632042015.555556 3.17271981016542e-07 5979 0.000136548529854491 0.631952786620613
0.92 3A 635691891.666667 635695529.333333 3.25359262528923e-07 2145 0.00488705151468531 0.0685425148324777
0.93 3A 638967784.823529 638972934.705882 3.32451310258544e-07 5701 0.00473951159796527 0.0930655798390242
0.94 3A 642516570.727273 642521711.272727 3.3982028463319e-07 4436 0.00296199080027051 0.086008529440853
0.95 3A 645638268.333333 645642515.266667 3.48480165949427e-07 4823 0.00191357340452001 0.253554230005693
0.96 3A 647929678.055556 647934228.388889 3.60130780337014e-07 4789 0.00815011085821675 0.0992474922850127
0.97 3A 649853147 649858229.428571 3.7252040274783e-07 2963 0 Inf
0.98 3A 652729177.888889 652733584.111111 3.53944003057064e-07 2376 0.0015032787037037 0.207577471375558
0.99 3A 654408704.666667 654415760.333333 3.40255079791271e-07 1238 0.000408357620355412 0.450714481324292
1 3A 656518786.75 656522522.5 3.28990908365727e-07 1063 0.00294349665098777 0.218179471843239
1.01 3A 658485660.5 658493029 3.23885597578861e-07 2731 0.00135474246576346 0.447485559194868
1.02 3A 660024193.181818 660029131.545455 3.23531273593832e-07 3898 0.00495033937660339 0.108456108778822
1.03 3A 661955110.833333 661959621.666667 3.27816030596942e-07 2203 0.00113242069450749 0.274155264761902
1.04 3A 663750462.666667 663756587.444444 3.36445299029477e-07 3083 0.00189112536490431 0.0786827010674078
1.05 3A 670045168.388889 670049443.166667 4.0433921783734e-07 6027 0.00398852774182844 0.155853003233719
1.06 3A 674708003.333333 674712552.666667 4.83773243401333e-07 1362 0 NA
1.08 3A 678499131 678501364 5.73069879074752e-07 466 0 NA
1.09 3A 679789132.333333 679792617 6.08761676426688e-07 1787 0.000450852781197538 0.28470468548864
1.1 3A 681771975 681775611.25 7.01616075416387e-07 1622 0.00852255413070284 0.14241276798371
1.11 3A 683422503 683427127.125 7.90290648711315e-07 3235 0.00639507646058733 0.0110015603749568
1.12 3A 684646446 684651343 8.45310401885182e-07 1401 0.000542214989293362 0.293866012359487
1.13 3A 686768952 686774353.5 9.18526890520346e-07 986 0.00328880778904665 0
1.14 3A 687598805 687602873.5 9.39211732464029e-07 976 0.00051437243852459 0.852698457753808
1.15 3A 688759187.285714 688763659.428571 9.60654777467844e-07 2271 0.000417203742844562 0.46228302076573
1.16 3A 689492814 689498441 9.70225661015953e-07 735 0.000669792 0
1.17 3A 691577531.5 691581822 9.77414378393213e-07 458 0.0179098362445415 0.139757448305163
1.18 3A 692924214.2 692931739.6 9.68426416758255e-07 2715 0.0206244022578269 0.0253224996060036
1.19 3A 693442867 693444202 9.61911764398053e-07 134 0 NA
1.21 3A 695320715.666667 695326417.666667 9.23124438120564e-07 1500 0 NA
1.22 3A 695728816 695732219 9.19616449717503e-07 464 0 NA
1.24 3A 697318919.5 697322172.5 9.25585699708416e-07 278 0.00820599715827338 0.405743078207835
1.25 3A 697716374.666667 697720308 9.12608148010208e-07 869 0 Inf
1.27 3A 699840224 699858359 7.41012730893915e-07 434 0.00195122 0.963223009194248
1.28 3A 701652079.4 701657196.8 5.57205080859855e-07 1502 0.0137565081557923 0.139782729300347
1.29 3A 705324255.25 705328868.75 1.81268554224168e-07 771 0.000973932684824903 0.310189970170546
1.3 3A 708845891.25 708848535 1.58380705091008e-07 549 0.0486044198542805 0.120921328880624
1.31 3A 711415944.4 711421096 5.70892426280156e-07 1331 0.00245056995492111 0.350133468850855
1.32 3A 713627370.5 713631320 7.89951798732982e-07 110 0.0522907290909091 0.197201269920922
1.33 3A 714594908.333333 714601606.333333 8.69279970399056e-07 638 0 NA
1.35 3A 716311864.5 716315436 9.61942882835772e-07 387 0.00401102919896641 0
1.38 3A 717903102 717905777 9.96376550632402e-07 99 0.015534 0
1.39 3A 718399151 718401813 9.97066259864105e-07 232 0.0423338 0.0473423127619066
1.4 3A 719802609 719807919.25 9.72056089057598e-07 1126 0.00425598010657194 0.185758603670739
1.41 3A 721581705 721584154 9.93940977056418e-07 198 0 Inf
1.42 3A 722274947 722281449 1.02888011959703e-06 433 0 Inf
1.43 3A 724425703.8 724430476.2 1.12420683134597e-06 1466 0.00548679111186903 0.129094476638641
1.44 3A 725986912.833333 725992595.833333 1.226886158829e-06 2592 0.00180537739197531 0.300139029530735
1.45 3A 727071777 727074292 1.28149355180831e-06 89 0 NA
1.46 3A 727989884 727993508 1.3153957337639e-06 532 0.00432692 0.100519538147227
1.47 3A 728617165.5 728619914 1.33189586191207e-06 391 0.015987641943734 0.15837925968395
1.49 3A 730008664.666667 730011420.333333 1.35011006963181e-06 342 0 NA
1.51 3A 731083694 731089749 1.34677858151927e-06 548 0 NA
1.53 3A 732324621.5 732329744.75 1.32330364602992e-06 1160 0.00185888565517241 1.11600471929011
1.54 3A 732752557.25 732757710.25 1.31065679261971e-06 1028 0.00518888507782101 0.205005455896408
1.56 3A 734011003.2 734016243.6 1.25889644264482e-06 2007 0.00117102748878924 0.197222081492643
1.57 3A 734280335 734283310 1.24516120024032e-06 103 0.0620355 0
1.58 3A 734783072 734791156 1.21662274415416e-06 1103 0.00281504 0.269205055700807
1.59 3A 735890842 735894915 1.14229104407113e-06 441 0.0123421514739229 0.0899803336051988
1.6 3A 737250001.5 737256730.5 1.03047584377094e-06 262 0.0379161366412214 0.0864474528649899
1.61 3A 738048681.5 738054063 1.02046067200862e-06 977 0.0134336507676561 0.0354159057082457
1.62 3A 739182894.5 739186356 1.00622855167135e-06 888 0.00377730605855856 0
1.63 3A 739588992.333333 739592541 9.98542228223097e-07 1007 0.00198822223435948 0.189673210580366
1.65 3A 742492753 742496620.25 9.04631052951198e-07 1165 0.00209242145922747 0.281561583577111
1.66 3A 743924533.857143 743929134 8.32090097825086e-07 2413 0.00815698549357646 0.0381080760615347
1.67 3A 745198211 745201240.333333 7.69461416206806e-07 487 0.0181388431622177 0.0481408926030571
1.68 3A 746748532 746752062.428571 7.04783436359727e-07 810 0.00684499061728395 0.139102063716993
1.69 3A 749365173.8 749370366.6 6.02129338533863e-07 2057 0.0125094051579971 0.0604261187567068
0 4A 197589.333333333 200641.333333333 NA 838 0.00181742440334129 0.248108505988815
0.01 4A 731622 737622 NA 161 0.00535714 0.519269610277125
0.02 4A 1757361.83333333 1762131.5 NA 2168 0 NA
0.03 4A 2332848 2337265.33333333 NA 1490 0 NA
0.04 4A 3086943.85714286 3092477.42857143 1.08718843076348e-06 2929 0.000170344110617958 0
0.05 4A 3868310 3876671 1.07592406483305e-06 776 0.00105413 0.17354975192813
0.06 4A 4747782.75 4752321.5 1.06325318282447e-06 1220 0.00122224914754098 0
0.07 4A 5654166.33333333 5658633 1.05012353360033e-06 1061 0 NA
0.08 4A 6011951.5 6018975 1.04490986266508e-06 504 0 NA
0.09 4A 7097476.6 7100988.2 1.02912595245797e-06 1051 0.000817266508087536 0
0.1 4A 7711609 7714847.25 1.02015808714573e-06 963 0.000923040290758048 0.513106995056069
0.11 4A 8587332.5 8590787 1.00732700640213e-06 513 0.00300261111111111 0.150719928950728
0.12 4A 9766573.8 9769747.8 9.89983137958081e-07 1464 0.00157713616120219 0
0.13 4A 10636377 10639773 9.77142184670035e-07 71 0 Inf
0.14 4A 11447924.75 11451921.125 9.65116680044089e-07 2038 0.00205406161432777 0.439336008386286
0.15 4A 12318113.6666667 12321607.3333333 9.52192923946254e-07 520 0 NA
0.16 4A 13656187 13659029 9.32236068802801e-07 96 0 NA
0.17 4A 14181018 14185515 9.24366885810075e-07 154 0 Inf
0.19 4A 16130530 16136021 8.95039537461196e-07 3019 0.00167218112288837 0.0446494029162971
0.2 4A 17218041 17221241.25 8.78609794786945e-07 811 0.000929403699136868 0
0.21 4A 17958376 17965143.5 8.67350810755453e-07 278 0.00918988820143885 0.166854763093305
0.22 4A 19634904.6666667 19637288.3333333 8.41833607616832e-07 765 0 NA
0.23 4A 20105317 20112607.5 8.34598032679595e-07 318 0 NA
0.24 4A 21374699.75 21381471.25 8.15117768149432e-07 4793 0.00112835531900689 0.15253089670729
0.26 4A 24206080 24214430 7.70443828010229e-07 193 0 NA
0.27 4A 24855482 24859939.1666667 7.59660005877377e-07 2558 0 Inf
0.28 4A 25885947 25893930.5 7.42586730837752e-07 705 0 NA
0.29 4A 27568052 27571146 7.15201825875894e-07 128 0 NA
0.3 4A 28980517 28985523.5 6.92552129482233e-07 1343 0 Inf
0.31 4A 30406716.4 30410582 6.70060079622333e-07 966 0 NA
0.32 4A 31684252.25 31692179.25 6.50196802382033e-07 2049 0 NA
0.33 4A 33393537.6666667 33397112 6.24138645435313e-07 299 0 NA
0.34 4A 34438211.8 34442924.8 6.08426913490803e-07 1524 0 NA
0.35 4A 36297221.1538462 36301643.0769231 5.80992569630464e-07 2995 0 Inf
0.36 4A 37593850.1538462 37598640.7692308 5.62192495519465e-07 4187 0.000900872080248388 0.100202134099607
0.37 4A 38995410.5 39003655.3333333 5.42193688080209e-07 1643 0.00143888506999391 0.0971015078511222
0.38 4A 40577643.5 40581977.8333333 5.20093936124132e-07 1608 0 NA
0.39 4A 42757197.3 42761098.3 4.90388564090989e-07 3661 0.000136000005462988 0.462447143080196
0.4 4A 45333727 45337157.1666667 4.56270959998297e-07 2160 0.00146946066666667 0.21687764921461
0.41 4A 46840741.9090909 46847923.9090909 4.36910747601109e-07 5516 0.00159850207759246 0.181136468718075
0.42 4A 48987202.25 48991748.5 4.09969185457029e-07 1645 0 NA
0.43 4A 52622147.5 52626149.5 3.66448966165907e-07 776 0.000552214020618557 0.350058807320335
0.44 4A 57777239.4705882 57781390.0588235 3.08433127860422e-07 5138 0.000648908747372518 0.218135878509818
0.45 4A 70553501.3424658 70558338.9178082 1.24565009275859e-07 23469 0.00102043862316247 0.183444508718024
0.46 4A 87523809.5862069 87529153.9655172 2.07819261529209e-08 10240 0.000456574483203125 0.268421949751752
0.47 4A 96244893.625 96249491.5416667 2.02029072078767e-08 6811 0.00215293030392013 0.072548095205189
0.48 4A 121068369.178571 121072672.535714 2.36210201339479e-08 36689 4.42472116983292e-05 0.919420690440249
0.49 4A 163658257.328947 163663698.526316 4.43169373973728e-08 26590 0.000200642512974803 0.188100108638956
0.5 4A 219569546.142857 219581138.632653 5.90530746869487e-08 22599 0.000447776922518695 0.136451061515547
0.51 4A 328838301.196721 328853142.459016 3.09458883219038e-08 29024 0.000231196056229327 0.316092497786653
0.52 4A 404391281.666667 404395598.666667 0 966 0 NA
0.53 4A 463507317.046154 463512868.630769 0 41454 0.000633663015655908 0.318158784801119
0.54 4A 517939046.421875 517944861.875 0 24525 0.00124867935343527 0.21809460667982
0.55 4A 548439852.196429 548445443.089286 5.26302369826954e-08 18428 0.00148991305160625 0.370055623721673
0.56 4A 565711350.944444 565718472.111111 1.88835850851215e-07 5295 0.00295076621454202 0.211143580743695
0.57 4A 572562629.541667 572568647.708333 2.77022649679959e-07 10149 0.00123179231924328 0.165100140524
0.58 4A 577841624.809524 577847768.47619 3.63898855615462e-07 8132 0.00593204741662568 0.0669694277629748
0.59 4A 582180892.058824 582186346.147059 4.30125812224911e-07 12977 0.00272190111535794 0.115080234757434
0.6 4A 585036242.826087 585041270.347826 4.73616650714676e-07 8488 0.0021151688960886 0.153873245435864
0.61 4A 589189319.5 589192908 5.45156167171143e-07 1665 0.00301030414414414 0.118703757528396
0.62 4A 590342699.75 590349519.375 5.66805286983532e-07 7207 0.0016991995687526 0.150141694561215
0.63 4A 591792271.333333 591798091.666667 5.94985284361456e-07 1285 0.00173889757198444 0.127278752460446
0.64 4A 593458473.2 593465647.8 6.39383123722299e-07 2852 0.000871093390603086 0.558116970927322
0.65 4A 594736379.25 594741233.583333 6.72403581144521e-07 3622 0.00132221929320817 0.190275042862736
0.66 4A 596145331.846154 596150066.538462 7.0758525464849e-07 5047 0.00114238609253022 0.124553557473397
0.67 4A 597861247 597866511 7.48489501941784e-07 1771 0.0014129157312253 0.276329784155991
0.68 4A 599115624.5 599119160.75 7.76858645416052e-07 1374 0 NA
0.69 4A 600681862.5 600685582.5 8.10800955556789e-07 1471 0 NA
0.7 4A 601564119.25 601566955.75 8.32539176649726e-07 576 0.00142402543402778 0
0.71 4A 603411845 603415420.5 8.97905463459951e-07 656 0.000795752378048781 0
0.72 4A 604101159 604103952 9.25003023042105e-07 216 0.00269542 0
0.73 4A 605533999.5 605538062.25 9.61789668970321e-07 2011 0.0129285991695674 0.0766254167108996
0.74 4A 606536663.8 606542424.6 1.01884029028312e-06 1798 0.0142688070967742 0.0280467180587151
0.75 4A 607633229 607636147 1.07744277740027e-06 269 0 NA
0.76 4A 608789253.714286 608793574.428571 1.12427909764288e-06 1521 0.00830128856673241 0.0315438658667688
0.77 4A 609925870 609929741 1.15622903227137e-06 105 0 Inf
0.78 4A 610563067 610568128 1.18998124386772e-06 2177 0.00273047045475425 0.0868051381178929
0.79 4A 611633480 611636794.5 1.27433164376121e-06 458 0 Inf
0.8 4A 612076171 612080080 1.30479668193502e-06 666 0.0160524294294294 0.10987780843516
0.81 4A 613333724.666667 613336864.666667 1.37730922421717e-06 400 0.0018714267 0
0.82 4A 613928980 613933333 1.40404165336992e-06 1530 0.00141751352941176 0.108701704821713
0.83 4A 614510007.666667 614515230.333333 1.42620834204184e-06 1267 0 NA
0.84 4A 615290892.333333 615294760 1.44932660262074e-06 811 0.0237124991861899 0.0239792187847401
0.86 4A 616492778 616495920.333333 1.46887584845757e-06 516 0.0283955674418605 0.0630734701960525
0.87 4A 617001138 617002756 1.47165556487903e-06 242 0.0469003 0.1823967010872
0.88 4A 617849660 617854328 1.46859242161599e-06 191 0 NA
0.89 4A 617900549.5 617905705 1.46809571950105e-06 779 0 NA
0.9 4A 618584438.333333 618590783.333333 1.45834556084668e-06 937 0.00599810994663821 0.245019111516562
0.91 4A 619230628 619237168 1.44357042385492e-06 981 0.000799549520897044 0.29308184981023
0.93 4A 620188580 620195028 1.41169772934462e-06 427 0.00405405 0
0.95 4A 621193175 621198024 1.36546333285222e-06 904 0.00388634955752212 0
0.96 4A 621763506.25 621769177.5 1.33336335582871e-06 1090 0.0117470510091743 0.0361844490566502
0.97 4A 622241050 622245249.5 1.30331331066617e-06 822 0.0163396045012165 0.0681587457531295
0.98 4A 623317786 623321746 1.22458491339214e-06 227 0.0281319 0
1 4A 625033731 625035390 1.06807339800527e-06 665 0 NA
1.01 4A 625885175 625891730.666667 9.75382650273515e-07 1007 0.00924116097318769 0.146398197022129
1.02 4A 627516023 627521263 8.08785986336385e-07 744 0 NA
1.03 4A 628255239 628260627 7.54777733202829e-07 1020 0.00149909933333333 0
1.04 4A 629452650.2 629458413.4 6.88237699583758e-07 3437 0.000452628469595578 0.443695350607985
1.05 4A 631313312.555556 631320137.444444 5.94064247120692e-07 3827 0.00127705849647243 0.325035798180468
1.06 4A 634142525 634148429.666667 4.71081665203116e-07 1594 0.00150878094102886 0.377801979796381
1.07 4A 637048663.444444 637052886.777778 3.67698660645331e-07 3140 0.000241039175159236 0.305343063337182
1.08 4A 640313274.818182 640317239.818182 2.85559530240499e-07 2684 0.00459710674366617 0.0934132909926135
1.09 4A 647178286 647182770 1.7075895931823e-07 275 0 NA
1.11 4A 650367950 650370241 2.69536218955919e-07 130 0 NA
1.12 4A 651346591 651352222 2.57231752553458e-07 309 0 NA
1.13 4A 651623778 651627938 2.49390983008392e-07 82 0 NA
1.23 4A 657497079 657499022 0 10 0 NA
1.24 4A 680061185 680065734.826087 1.14844847511347e-07 14013 0.00183039243345465 0.180578338070177
1.25 4A 688092001 688096031 2.3023283364882e-07 197 0.0674938 0.103821388038605
1.28 4A 699899776 699902312 3.80558973263715e-07 90 0 NA
1.31 4A 703264707 703269135.5 4.58908197720237e-07 112 0.0112771803571429 0.296803278935132
1.32 4A 705632664 705634302 5.08421361730814e-07 49 0.0141593 0
1.36 4A 713114838 713118412 5.85457434155843e-07 215 0.057228 0.0563802684000839
1.42 4A 722907610 722916249 6.42998749204802e-07 15 0 NA
1.44 4A 726212990 726216998 5.41305188838438e-07 144 0.0160356 0.100111626630747
1.52 4A 742750935 742752323 3.54217085762151e-07 340 0.0102139 0.486280460940483
0 6A 454635.75 457840.75 NA 1046 0.00249109297323136 0
0.01 6A 1509807.625 1515154.625 2.90012079295706e-07 2873 0.0105082639175078 0.0430371972800436
0.02 6A 3162708.6 3166762.4 4.08732683634306e-07 1526 0.0183439466251638 0.0516724394090236
0.03 6A 7118095.11111111 7122810.66666667 6.77464275864098e-07 2554 0.00316350377838684 0.230523657414168
0.04 6A 9228979.66666667 9234117.33333333 8.07608280197208e-07 1704 0.00232449197183099 0.116582417857411
0.05 6A 10704429.3333333 10708092.6666667 9.0887709840453e-07 1186 0.0035833581450253 0.710369330843992
0.06 6A 11308767.5 11314044.75 9.31653215090442e-07 1706 0.017807977901524 0.115238241532242
0.07 6A 12334617 12340784 9.48354988043472e-07 1940 0.0324247227628866 0.00546758913413412
0.08 6A 12836151 12838286 1.01496916991236e-06 206 0 NA
0.09 6A 13382681 13386524 1.06311635043408e-06 397 0.00366972 0
0.14 6A 16344419 16349010 1.02427378930383e-06 728 0.00444110222527472 0
0.15 6A 17672904 17679013 9.62826244049069e-07 2834 0.0028654227099506 0.0831044488693677
0.16 6A 22336363 22342447.8 6.41373386081364e-07 2146 0.0022045272972973 0
0.17 6A 23759723.7 23763561.7 5.88621667624738e-07 2744 0.00115440680029155 0.23344199477256
0.18 6A 24577300.5 24581179.5 5.53005225781583e-07 319 0.00759318081504702 0.192112512865652
0.2 6A 25661083.5 25667071 5.0809869442474e-07 559 0.00179764520572451 0.738953149671544
0.21 6A 29080492.7777778 29084955.1111111 3.64522343599378e-07 2914 0.00148208163349348 0
0.22 6A 36946937.35 36950821.4 4.33128115396972e-07 4808 0.000966372063227953 0.193343628340734
0.23 6A 41246199.6666667 41252371.3333333 5.1025394851377e-07 717 0 NA
0.28 6A 47895578.8 47899682.6 5.34996179266072e-07 799 0 Inf
0.29 6A 48675836.8 48680655.6 5.2996820517687e-07 1855 0.000407897013477089 0
0.3 6A 51402516 51405554.5 5.00145026652952e-07 195 0 NA
0.31 6A 52121431 52128048.2 4.88815359073461e-07 1953 0.000841343917050691 0
0.32 6A 53420237.8571429 53424577.8571429 4.90593313230699e-07 1301 0 NA
0.33 6A 55765440 55769719.4285714 5.04533741213702e-07 1743 0 NA
0.34 6A 57693311 57697632.3333333 4.570350394092e-07 790 0 NA
0.35 6A 59995097.1428571 59999023.7142857 3.91270691407203e-07 1487 0.000874537652992603 0
0.36 6A 61105866 61110333.5 3.67909465801465e-07 711 0.000646521097046413 0
0.37 6A 64227385.2222222 64232726.4444444 2.92130932394874e-07 2889 0 Inf
0.38 6A 71349305.2068966 71354586.4137931 1.48533383606802e-07 10726 7.31228323699422e-05 0.47202905208427
0.39 6A 83036174.6052632 83041884.7894737 1.35622841757888e-07 12325 0.000315158878701826 0.133706825324392
0.4 6A 92473968.7777778 92478360.5555556 1.33158911440117e-07 3299 0 NA
0.41 6A 98550490.3333333 98557059.5 1.25895326437267e-07 1837 0.00210131664126293 0.215428851569478
0.42 6A 103981614.75 103987649.25 1.16301011918198e-07 2075 0.0022962074313253 0.143955236931052
0.43 6A 107482512.571429 107488648.214286 1.08397697149516e-07 5378 0.000452565575678691 0.373933214906169
0.44 6A 119871472.285714 119876866.857143 8.3940610393494e-08 5948 0.000777417994283793 0.332608970494022
0.45 6A 134516352.962963 134522832.888889 6.53150272832516e-08 9040 0.000938434922013274 0.247571959682149
0.46 6A 149760666.756757 149766297.459459 4.864367950385e-08 10913 0.00119486417941904 0.17713252058547
0.47 6A 284465053.172897 284473219.051402 8.08090247649098e-09 76459 0.000443734346643299 0.294934342702127
0.48 6A 410395862.5 410403454.357143 1.23271451343591e-08 5079 0.000612003335302225 0.441078089756089
0.49 6A 422931669.222222 422937413.777778 2.54992795155438e-08 6469 0.00135793749420312 0.130572698371659
0.5 6A 430925970.166667 430935898.5 3.56590884136029e-08 2489 0.00441582791080755 0.313556450523104
0.51 6A 432908787.333333 432913737.333333 3.84400902695651e-08 1705 0 NA
0.52 6A 437024879.625 437029120.75 4.45210216194615e-08 2341 0.000345000973942759 0
0.53 6A 440813747.272727 440817517.090909 5.04678826610266e-08 2283 0.000791811213315813 1.10353679333741
0.54 6A 444356173.5 444360492.833333 5.54432765282722e-08 1240 0 Inf
0.55 6A 448157369.909091 448161621 6.01791808562893e-08 3226 0.00194316651580905 0.256114357370028
0.56 6A 455059900.545455 455065590.772727 6.82689837347612e-08 7079 0.00155129486721288 0.189294646608245
0.57 6A 468390702.551724 468394866.482759 7.74786880342486e-08 7785 0.000404129062299294 0.959393849885642
0.58 6A 486220638.692308 486225450.025641 8.80670166521359e-08 9907 0.00148188916119915 0.253855451624148
0.59 6A 498348800.861111 498353762.194444 9.00342368947126e-08 13941 0.000186230005379815 0.262062560148094
0.6 6A 506160062.222222 506165740.888889 8.23077418472277e-08 7355 0.000102761548334466 0.307556145887589
0.61 6A 514538765.954545 514543743.363636 8.82168298989287e-08 8598 8.82869642940219e-05 0.190508881316821
0.62 6A 525840959.808511 525845781.12766 1.12487462569287e-07 14877 0.000468548767896753 0.294781155295724
0.63 6A 539915442.055556 539919983.583333 1.4258019435715e-07 14731 0.00205713765324825 0.144026540793989
0.64 6A 548257782.55 548263776.2 1.28017396205359e-07 8621 0.00143858765816031 0.230876291445832
0.65 6A 553406115.642857 553411762.928571 2.148012522151e-07 3891 0.00020157131842714 0.182181418411504
0.66 6A 556964433.625 556969995.125 2.663753918498e-07 2098 0.00259419237368923 0.12742062915485
0.67 6A 559401255.571429 559405725.285714 2.98848926725847e-07 2223 0.000354078704453441 0.586981190190591
0.68 6A 563696543.181818 563702227.818182 3.80775411301828e-07 4751 0 NA
0.69 6A 565078178.333333 565084392 4.13071106137213e-07 1148 0.000689223071428571 0
0.7 6A 569119357.8 569127879 5.27032409365522e-07 3239 0.00400708536585366 0.122792553434313
0.71 6A 571648776.428571 571653459.428571 6.11196577417436e-07 2092 0.00533292012428298 0.191279369765464
0.72 6A 573373500 573379293.8 6.74533692328008e-07 2139 0.00624024167835437 0.260669788464
0.73 6A 574751924.333333 574758605.666667 7.28979582798415e-07 1832 0.00293599413755458 0.473481559512681
0.75 6A 578015719.5 578023138.25 8.69938215401592e-07 1691 0.00444674522057954 0.076682926789722
0.76 6A 579124412.75 579129660.25 9.21684692040034e-07 1875 0.00781458358933333 0.0195495364088918
0.77 6A 580320915 580324830 9.79824614569023e-07 1270 0.00172274044094488 0.264769910910485
0.79 6A 581848509.75 581851803.75 1.08538214258907e-06 1111 0.000852349333933393 0
0.8 6A 583268859 583272768 1.18535983914619e-06 296 0.00532446 0
0.82 6A 584766634.333333 584774176.666667 1.27981730947026e-06 767 0.00429379765319426 0.113983266181704
0.83 6A 585467263.888889 585474296.777778 1.32151379345928e-06 3985 0.00122824795708908 0.375814275751454
0.84 6A 586250206.333333 586255200.666667 1.37677899777229e-06 1581 0.000533417134724858 1.69186507921686
0.85 6A 586770093 586782183 1.41026912870965e-06 1867 0.000905233 0.133215426304609
0.86 6A 587564389 587570511 1.45305007302883e-06 236 0.0161074 0.0610405155394415
0.87 6A 587917892 587924074.5 1.46890938489213e-06 1681 0 Inf
0.88 6A 588467000.25 588470938.75 1.49038551355537e-06 893 0.000692258118701008 1.23903097204484
0.91 6A 590074286 590079890 1.5271423180115e-06 738 0 Inf
0.93 6A 591372106.8 591377091.4 1.52867910212578e-06 2311 0.00374923964950238 0.0266010607339841
0.94 6A 591877688.5 591880406 1.52247711783983e-06 1241 0.00263148930701048 0.0700965333623821
0.95 6A 592684365 592688476 1.50487763788266e-06 442 0.0120387 0.0872170583202505
0.96 6A 593182827.5 593186504 1.48888588128864e-06 260 0 Inf
0.97 6A 593430767 593435915 1.47986774932404e-06 566 0.00126749 0.658897506094723
0.98 6A 594902864.090909 594907200 1.43511727059981e-06 3431 0.00427671529583212 0.157343414903433
0.99 6A 596256241.333333 596260310.666667 1.32743222888957e-06 444 0.0357180972972973 0.029284926928303
1 6A 596841723.166667 596846718.166667 1.25497877717191e-06 2499 0.0154684699959984 0.134690134490394
1.01 6A 597316096.75 597320352 1.19713702607737e-06 1109 0.00150225049594229 0.172766356913985
1.02 6A 597826150.666667 597831461.333333 1.1419205078891e-06 1713 0 Inf
1.04 6A 598939137 598943174.75 1.04650239613804e-06 1541 0.0080007396495782 0.168668312123446
1.06 6A 600550460.6 600554710 9.74660219544412e-07 2113 0.00446534769522007 0.170009039732037
1.07 6A 602949414.266667 602953448.266667 7.79265995668791e-07 4097 0.00684605262387112 0.121371213218454
1.08 6A 605192873.428571 605198693.857143 5.92189225090398e-07 4740 0.00939565379324895 0.0842111002684454
1.09 6A 606761359 606768258 5.89785674507852e-07 563 0 NA
1.1 6A 607093224.5 607097357.5 5.90978411832851e-07 1840 0.00169302145108696 0.093033259706605
1.11 6A 608059258.75 608063694.25 5.97733717092522e-07 1350 0.00347577576296296 0.0485469667429085
1.12 6A 608967170 608969706 5.7771800481949e-07 99 0 NA
1.13 6A 609258183.142857 609262807 5.71229388275016e-07 2275 0.00911526366593407 0.0181338996370741
1.14 6A 613674911.843137 613679645.176471 4.1469160714753e-07 17930 0.0120401985962075 0.0769096382936812
1.15 6A 617259945.333333 617266973.333333 2.45910833171012e-07 1977 0.0101887471927162 0.047148822459435
0 7A 2711043.8 2715666.6 1.49407442465474e-08 1214 0.00508209452224053 0.0740343389109883
0.01 7A 8216937.66666667 8220875.5 7.528668364759e-08 1140 0.000935388131578947 0.810360410759969
0.02 7A 12095946 12104027 1.72103535483113e-07 935 0.00404391311229947 0.184270840054334
0.04 7A 20069347.5 20073245.5 3.77898192205549e-07 820 0.0141558585365854 0.15604529504461
0.05 7A 25245885 25250930.6666667 6.21029724451775e-07 998 0.00599560885771543 0.11525641534809
0.06 7A 26416518 26418526 7.15785952964909e-07 166 0.00334448 0
0.08 7A 29649462 29652591 9.88827969269455e-07 93 0.00860215 0
0.13 7A 33185738 33192765 1.21047659602134e-06 785 0 NA
0.15 7A 34538999 34540876 1.29860125393025e-06 265 0.00278746 0
0.19 7A 36878637.5 36882310.5 1.36700901345882e-06 1099 0.00142664205641492 0
0.23 7A 40043614 40051845 1.28938065762783e-06 352 0.00251572 0
0.25 7A 41439093 41442254 1.19326083014079e-06 170 0 NA
0.35 7A 54997683 55001463 6.95186734136148e-07 205 0.0039801 0
0.37 7A 57743591 57747941.5 6.34302877796151e-07 361 0.00208722639889197 0.600167702574662
0.38 7A 59120852 59124009 5.930780859529e-07 402 0.00203079492537313 0
0.41 7A 64157483.5 64161714 5.38230789946184e-07 446 0.00895438116591928 0.286298337312146
0.42 7A 65273396.8333333 65277771.5 5.46821903487358e-07 1332 0.000597104361861862 0.291372423075674
0.43 7A 67851430.8888889 67856220.1111111 5.8265814353278e-07 2436 0.0137077564039409 0.0138239390948539
0.44 7A 70726997.6666667 70730620.3333333 6.12847019197925e-07 789 0 NA
0.45 7A 71669854 71670886 6.20698089708189e-07 33 0 NA
0.46 7A 74109690.3333333 74117535.6666667 6.38207664892715e-07 632 0 NA
0.48 7A 76118406 76121640 6.65325433977075e-07 101 0.0513369 0
0.49 7A 77316023 77323679 6.75736043597949e-07 702 0.0067086 0.0976057266460629
0.5 7A 78514791.8888889 78520810.1111111 6.71964660276062e-07 1793 0 NA
0.51 7A 79823410.75 79831227.5 6.51243695316951e-07 1468 0 NA
0.52 7A 81261087.8 81265139.6 6.09078841888387e-07 1701 0.00241977217519106 0.161818362186049
0.53 7A 82071564.5 82080939.5 5.76575069038658e-07 211 0 NA
0.54 7A 83285019 83288075 5.20657392035587e-07 334 0 NA
0.55 7A 84041091.375 84046346.75 5.0878376028383e-07 2244 0 NA
0.56 7A 85401813.3 85406642.7 4.91191701230844e-07 2939 0 NA
0.57 7A 88056502.5 88061310.5 4.53048942981324e-07 535 0 NA
0.58 7A 92580910.3333333 92585073.1666667 3.72466266908008e-07 3844 0.00311678855098855 0.155133846859579
0.59 7A 98854279.5454545 98861585.5454545 1.99248675953687e-07 4543 0.00124464492626018 0.320509336241783
0.6 7A 107507693.842105 107512827.526316 1.61932067508394e-07 5260 0.00247670776996198 0.0998908191233722
0.61 7A 112874566.5 112876490 2.12144968197106e-07 373 0 Inf
0.62 7A 116082384.666667 116087393.444444 2.43961565986539e-07 2393 0.00195211621813623 0.347214041788301
0.63 7A 118835753.25 118842430 2.47441123820669e-07 2310 0.0057398208008658 0.13231161141466
0.64 7A 121927690 121934709.25 2.33384829705168e-07 3926 0 NA
0.65 7A 126008386.727273 126014112.090909 1.9019373707618e-07 4177 0.000183335958822121 0.487279033024926
0.66 7A 129306101 129311687.857143 1.89271294265994e-07 4602 0.00050851654932638 0.298793215855737
0.67 7A 140769777.333333 140775105.333333 1.09788127287817e-07 7342 0.000103405254698992 0
0.68 7A 186721165.461957 186726966.554348 1.02892634423339e-08 62101 0.00167993054598155 0.200580471275938
0.69 7A 235570479.973684 235575053.842105 1.40117834846859e-08 13101 0.000893071807495611 0.214545079281679
0.7 7A 252923245 252929079.954545 1.21408914733501e-08 5658 0.000426150081300813 0.155625860157535
0.71 7A 266462447.407407 266467417.518519 1.10673795602171e-08 9416 0.00102726388593883 0.143030424104996
0.72 7A 275387481.7 275394295.65 1.05329087110167e-08 6606 0.000479317250983954 0.307738593359987
0.73 7A 287509700 287514436 1.00430809233216e-08 5606 0.000732651250445951 0.555295299055005
0.74 7A 294488718.357143 294493791 9.88450753005645e-09 2889 0.00127896537556248 0.0399458261056498
0.75 7A 303868086.2 303874701 9.80860054864223e-09 1832 0.00025815480349345 4.02806894580196
0.76 7A 309706832.25 309729072.5 9.83457061658739e-09 1534 0 Inf
0.77 7A 316684529.75 316693146.5 9.95155451501723e-09 597 0 Inf
0.78 7A 325005522 325023369.8 1.02080323357617e-08 2333 0.00032694442348907 0
0.79 7A 330771674.333333 330794175 1.04590770485571e-08 2261 0.000686632817337461 0
0.8 7A 346010381.647059 346022735.941176 1.14530149815302e-08 8023 0.000394782161037019 0.555137869658856
0.81 7A 393409160.093023 393417299.860465 1.73703847869317e-08 17214 0.000604015470140583 0.277017430601611
0.82 7A 422650249.333333 422656598.333333 2.25159271321739e-08 1194 0 NA
0.83 7A 423556015 423563387 2.27105057778797e-08 327 0 NA
0.85 7A 424312931 424317651 2.28738773041016e-08 105 0 NA
0.86 7A 424628142 424634545 2.29425179875405e-08 621 0 NA
0.88 7A 424924363 424933429 2.30073050949793e-08 93 0 NA
0.9 7A 473034544.721925 473040113.59893 3.62957937686744e-08 59617 0.000742589591626549 0.254701127097335
0.91 7A 527341135.045455 527346681.318182 5.50751710385854e-08 7477 0.0010768429455664 0.246295269907912
0.92 7A 541444268.923077 541449288.717949 6.19492950130416e-08 10869 0.000486605220167449 0.242013385286455
0.93 7A 553013080.59375 553018611.96875 6.91788535255589e-08 8056 0.000228789587884806 0.482651660633701
0.94 7A 563191908.794118 563196675.382353 7.67163630912833e-08 9201 0.000409533955004891 0.429607192752404
0.95 7A 574724260.333333 574730734.933333 8.23177400857896e-08 5587 0.000701595330230893 0.621166130290329
0.96 7A 593181798.357143 593185737.97619 8.46877042064911e-08 9653 0.000720985351704133 0.47396921903614
0.97 7A 609459969.821429 609465538.642857 1.08038391745846e-07 11004 0.00177709936659397 0.165625941752317
0.98 7A 616705457.285714 616709827.714286 1.58264852095795e-07 1386 0.000595819682539683 0
0.99 7A 620989722.571429 620992537 1.81384693214557e-07 1153 0.0192883230702515 0.0209569833300408
1 7A 626666212 626670564.857143 2.28377846634076e-07 1536 0.00192876677083333 0.195504773843239
1.01 7A 633459319 633464318.5 2.94045015419641e-07 663 0 Inf
1.02 7A 635537408.5 635545558.25 3.26050106980235e-07 1697 0.00146095905715969 0.461048758455549
1.03 7A 638603419.666667 638609033 3.64055036711294e-07 919 0.00878934961915125 0.0781442744974155
1.04 7A 642250464.666667 642254305.5 4.02631710984696e-07 1384 0.00531375867052023 0.0317110002635214
1.05 7A 644595760.285714 644598841.857143 4.26840982082615e-07 1625 0.000287092492307692 0.795993061898251
1.06 7A 646827809 646831703.5 4.49411840922254e-07 441 0.00165380535147392 0.322323054137934
1.07 7A 648425798 648431018 4.65299838222688e-07 275 0.00290733 0
1.08 7A 650211606.5 650215889 4.82756982261747e-07 802 0.000601515448877806 0
1.09 7A 652664314.4 652670799.4 5.06296272541832e-07 1459 0.00332505494174092 0.235816477029009
1.1 7A 654102942 654106615 5.1982078117577e-07 568 0.00852725603873239 0.140290064041806
1.12 7A 657710282.333333 657716025.333333 5.52975291722065e-07 1477 0.00155924080771835 0.200189396722245
1.13 7A 659442873.333333 659446764.666667 5.68465396404589e-07 1120 0.000942167892857143 0.752069338491043
1.14 7A 660692624.142857 660697128.428571 5.79471260669017e-07 1003 0.00134742763708873 0.171455338051475
1.16 7A 663720367.6 663724322.8 6.05557723371698e-07 1262 0.000783326624405705 0.434969837891183
1.17 7A 666177956.666667 666185156.666667 6.35459762422104e-07 885 0.00735385301694915 0.10497581012115
1.18 7A 667074773.2 667080967.6 6.49334111273945e-07 2068 0.00332662188104449 0
1.19 7A 669727531 669729352 6.82153232071339e-07 114 0 NA
1.2 7A 671134510.2 671141085.4 7.08475548451632e-07 1770 0.0112150874011299 0.0113898714638579
1.21 7A 672223284.75 672227189.25 7.23566410985614e-07 1337 0.00687946602094241 0.050143932991477
1.22 7A 674187520.333333 674191324.333333 7.3930046349749e-07 740 0.000957528 0
1.23 7A 675156522.833333 675160230.833333 7.41241827194714e-07 695 0 NA
1.24 7A 676102667 676103960 7.39741953551198e-07 45 0 NA
1.25 7A 678344994.25 678348346 7.50719324780806e-07 1136 0 Inf
1.26 7A 680003906.5 680009211.875 7.57924026002693e-07 1996 0.00124097705410822 0.369628547581658
1.28 7A 681992243 681996670 7.57477551032402e-07 115 0.00666667 0.301886849056575
1.29 7A 683482195 683492670 7.73598778063299e-07 580 0 Inf
1.3 7A 685830389 685833406 7.83574800055288e-07 327 0 NA
1.31 7A 686171032 686174157 7.83458023338092e-07 512 0 Inf
1.33 7A 688652805 688658424.5 7.7054541056031e-07 1080 0.0114068059259259 0.250937799447607
1.34 7A 690052934 690056735 7.54257314923966e-07 320 0 NA
1.35 7A 691009114 691012776.5 7.48463262876918e-07 199 0.0248427638190955 0
1.36 7A 691568181 691570712.5 7.49523332228067e-07 640 0.0024886693125 0
1.37 7A 692620074 692626000.6 7.61555583968677e-07 1453 0.004419009449415 0
1.38 7A 693777394.666667 693782556.666667 7.69126618438016e-07 499 0 Inf
1.39 7A 694529105.5 694532770.5 7.69208619918833e-07 1001 0 Inf
1.4 7A 696932702.5 696942075.5 7.42306029129785e-07 1259 0.0132917552819698 0.321000061078072
1.42 7A 699284250.4 699289256.2 7.12290309498671e-07 1911 0.00800407948717949 0.0304193101844409
1.43 7A 700737384 700746497.285714 6.98423316400743e-07 4357 0.0028446580408538 0.197594059015796
1.44 7A 701894086.777778 701898641.444444 6.92968406127033e-07 3923 0.011869814320673 0.0426651237056688
1.45 7A 704394427 704398372.666667 6.95645416372987e-07 775 0.00109011230967742 0
1.46 7A 705283410.625 705288424.125 6.97677651020293e-07 2781 0.00815108930960086 0.125524268162697
1.47 7A 707669065.666667 707673215.333333 7.04779848987337e-07 1223 0.00903182878168438 0.0947202075378629
1.48 7A 709022911.25 709025587.5 7.0168475747739e-07 1149 0.0654072338642298 0.0271697338604687
1.49 7A 711607430 711611179 6.95936901398978e-07 183 0 NA
1.5 7A 712272517.5 712275326 6.94610651332775e-07 864 0.0233540275925926 0.132198792497121
1.51 7A 714165965.5 714171468.5 6.91156488150192e-07 690 0.00116727886956522 0.573630331770501
1.52 7A 715968797.5 715975331 6.88298719789364e-07 1034 0.0115524939071567 0.163209569986843
1.53 7A 717390148.5 717394748.5 6.86363087355819e-07 662 0.00347152025679758 0.613981099663707
1.55 7A 719544517.25 719547465.25 6.83930098633159e-07 727 0.0129560044016506 0.215282962065928
1.57 7A 721023291 721030783 6.82622856578909e-07 1635 0.00204190062385321 0.448268253414029
1.58 7A 722255299.5 722259004.5 6.81268583221999e-07 476 0.00327848495798319 0
1.59 7A 723277598 723282444 6.78964303676523e-07 1246 0.00981581761637239 0
1.6 7A 724327185 724331463.75 6.76820987000964e-07 1169 0.0308311331137725 0.0102322735714273
1.61 7A 726204595.5 726210835.5 6.73821050918168e-07 1849 0.00776502724716063 0.130998093211733
1.62 7A 727443573 727457990 6.72454329433371e-07 1857 0.00190316 0
1.63 7A 729531502 729536613.333333 6.71313423244001e-07 1116 0.00789401985663082 0.207344699122861
1.64 7A 730759072.833333 730764810 6.71295925320242e-07 3743 0.000422368333956719 0.381432936633387
1.65 7A 732875773.416667 732879173.75 6.71962008430238e-07 3366 0 Inf
1.66 7A 736128646.833333 736134431.833333 6.71331533262713e-07 2498 0.00119278653322658 0.312611847446619
