poscM Chromosome Start End recRate nb_complete_site piSyn f0
0 1D 1646298.44444444 1651468 6.24318478734559e-07 1296 0.00754033216820988 0.0451519686700772
0.01 1D 3961361 3965346 7.90674019502811e-07 28 0 Inf
0.02 1D 5425513 5430556 9.06139680338369e-07 54 0 NA
0.03 1D 5511254 5517977 9.13196172291157e-07 42 0 Inf
0.04 1D 6331893 6345564 9.81664134084276e-07 319 0.0205554 0.0376055440419549
0.05 1D 6766844 6771905 1.01837485613843e-06 92 0.00786517 0
0.06 1D 7472890 7478757 9.75567648046246e-07 206 0.0045169613592233 0
0.07 1D 9449059.46153846 9453907.15384615 9.70468735305415e-07 1407 0.0175788210163468 0.048159977344515
0.08 1D 10666322 10671961 1.28064493677959e-06 11 0 NA
0.1 1D 11616634 11624592 1.14750218027233e-06 176 0.0227704 0
0.11 1D 12327162 12330337 1.06985596996287e-06 21 0 NA
0.12 1D 13995238.3333333 14000075.6666667 2.31772569895546e-07 105 0.00441618571428571 0
0.15 1D 18081233 18084186.5 1.03490939159568e-06 138 0.0221682253623188 0
0.16 1D 19707424 19715052.5 1.34749897320425e-06 668 0.00731930367664671 0.141102851498797
0.2 1D 22943873 22947779 1.02511639374481e-06 98 0.0156648821428571 0
0.21 1D 24533367 24539137 9.80807450322848e-07 167 0.00498339 0
0.22 1D 24779031 24786455 9.74006980762083e-07 9 NA NA
0.23 1D 25732394 25737271 9.47907618748164e-07 99 0.013858295959596 0
0.24 1D 27752463.6666667 27760680.3333333 8.93372562823986e-07 707 0.00287045096181047 0.346153461843368
0.27 1D 31421662 31431937 7.97441065649626e-07 37 0 NA
0.28 1D 32543984 32546795 7.68992451900373e-07 47 0 NA
0.3 1D 34626868 34630617 7.23727222804044e-07 394 0.000814931918781726 1.48487568218149
0.32 1D 36792337.8 36797632.2 6.78427112521435e-07 361 0.00221060941828255 0
0.34 1D 38549079 38552961 6.42062547973078e-07 337 0.00532304694362018 0.14314841945736
0.36 1D 41749543 41752035 5.76643188730866e-07 169 0.00535328402366864 0.133344018215883
0.38 1D 45833588.5 45838566.5 4.9469572052398e-07 135 0.00582714592592593 0.328467821169553
0.4 1D 49533028.2857143 49541301.4285714 4.21977639516243e-07 1050 0.00394866657142857 0.122146853721494
0.41 1D 52797980 52804390.5 3.5903551710788e-07 59 0 NA
0.42 1D 55710029.5 55713859.1666667 3.03853494305897e-07 709 0.00347157782792666 0
0.43 1D 60222621.7777778 60227351.3333333 2.20108489396425e-07 858 0.00399287332167832 0.0496980936585994
0.44 1D 70451212.3913043 70457359.7391304 6.51052195052332e-08 3330 0.00235248424501774 0.125045274640923
0.46 1D 85635625.2 85642619.8 0 964 0.00177897426348548 0
0.47 1D 87198025.6666667 87207155 0 1300 0.00242402267692308 0.14691091871862
0.48 1D 90780272.125 90784513.875 0 1460 0.000858625849315068 0.258783051995777
0.49 1D 117299953.376471 117306146.858824 0 12589 0.000962786447099064 0.141403638912166
0.5 1D 150285006.5 150301843 0 145 0 NA
0.51 1D 153766195 153777481 0 333 0.00247678 0
0.52 1D 205783630.758929 205792327.553571 3.35517014202931e-08 17221 0.00099751816943789 0.341897117551757
0.53 1D 251141697.272727 251148842.409091 7.76295452638415e-08 3084 0.00201802820038911 0.124519427382063
0.54 1D 263657922.2 263663487.933333 8.87639945198489e-08 1264 0.000431819679588608 0.603450974336971
0.55 1D 281632715.103448 281637655.448276 1.03863386916639e-07 3122 0.000982015661549373 0.254429747522598
0.56 1D 294253533.222222 294258246.444444 1.1361741077288e-07 1674 0.000238909831541219 1.95216776919817
0.57 1D 301304800 301312096.75 1.18979969904472e-07 2983 0.000845862606324729 0.334581064945153
0.58 1D 310018457.823529 310024259.058824 1.26971418494755e-07 3143 0.00250725069618995 0.0866222017821616
0.59 1D 317098384.647059 317105635.647059 1.35054690474746e-07 2685 0.0016620041033054 0.0569813423877769
0.6 1D 324688424.777778 324694215.555556 1.40118730056317e-07 734 0.000427756730245232 0
0.61 1D 328671802.333333 328678122.25 1.41784155519491e-07 1538 0.000604673282893959 0.509077066196373
0.62 1D 335268617.176471 335274796.588235 1.45703619383393e-07 2248 0.00126816721752669 0.20004299024729
0.63 1D 343467372.210526 343473088.210526 1.52465019819253e-07 1987 0.00192779049320584 0.128610854739604
0.64 1D 350276046.636364 350280188.545455 1.59706131644132e-07 1592 0.00231245636494975 0.119284470007953
0.65 1D 356104883.555556 356110158.444444 1.67089616322153e-07 1422 0.00160723268635724 0.037329255925771
0.66 1D 361237715.916667 361243445.416667 1.74529366126898e-07 1300 0.00537201005874126 0.133433802296313
0.67 1D 365976390.9 365979309.5 1.82109089207043e-07 506 0 NA
0.68 1D 371139199.75 371143026.375 1.91607205597752e-07 734 0.00400585340599455 0.0963688558745302
0.69 1D 375401848.375 375407017.125 2.13379181860597e-07 1101 0.00158751237057221 0.320785073502141
0.7 1D 380797544.071429 380802002.571429 2.47725315220262e-07 2075 0.00128321473253012 0.14081567364152
0.71 1D 386623460 386630211.8 2.87400793469975e-07 1618 0.000416749443757726 0.606444176380682
0.72 1D 392013855.714286 392018985.714286 3.31310582999344e-07 675 0.00398836580246914 0
0.73 1D 397072273 397078005 3.86353264668435e-07 378 0.00382653 0.0748662626452687
0.74 1D 398822156.5 398825844 3.99445678763011e-07 108 0.0162826666666667 0
0.75 1D 400356743 400364410 4.07850745945956e-07 276 0 NA
0.76 1D 402832365 402835491 4.1535078609872e-07 41 0 NA
0.77 1D 403613671 403617463.857143 4.16015183901166e-07 787 0.00274226123676408 0.222244722531935
0.78 1D 405805529.5 405809646 4.1417821450809e-07 271 0.00489018121771218 0.0717771874390275
0.79 1D 408332052.5 408338420 4.13863704736999e-07 1807 0.00232771517376868 0.0534384475972706
0.8 1D 410203838 410211050 4.19639244688363e-07 365 0 Inf
0.81 1D 412029043.666667 412036557.333333 4.3053430715987e-07 237 0 NA
0.82 1D 414401787 414406895.5 4.29632594152687e-07 68 0.00503705264705882 0
0.83 1D 415907837.75 415914350.25 4.34341602822617e-07 666 0.0120424755255255 0.0429231169695924
0.84 1D 418886893 418893145 4.89921545835772e-07 1365 0.00174690189010989 0.349220201483813
0.85 1D 422278656.166667 422286865.666667 5.09972083616843e-07 1807 0.00424042781959048 0.0845987563092507
0.86 1D 426958711.285714 426963842 5.58303843710695e-07 574 0.00459570383275261 0.209244116797463
0.87 1D 430414399.333333 430419137 6.17909339671244e-07 215 0.0032618976744186 0.148075196632578
0.89 1D 430976701 430983376 6.27658063680163e-07 288 0.00451921 0
0.9 1D 431803053 431809254.5 6.41595843733504e-07 577 0.00412532346620451 0
0.91 1D 431986127.5 431990669.5 6.44612630054726e-07 625 0.003845905856 0
0.92 1D 432902367.666667 432908421.666667 6.59462668373668e-07 330 0.00244505927272727 0.146937876798822
0.93 1D 433694969.666667 433700850 6.7187181695893e-07 598 0.00198273218896321 0
0.95 1D 435801047 435803208 7.02968784630815e-07 109 0.0251397 0
0.96 1D 436421058 436426322 7.11598122332764e-07 245 0.00488229848979592 0
0.98 1D 439024110 439028908 7.70525779946504e-07 361 0 NA
0.99 1D 440045087.5 440049315.75 7.39841015790141e-07 636 0.0085444973427673 0.0723587283677372
1 1D 443512655.625 443517553.75 7.21012247392297e-07 1193 0.0125096827326069 0.144700971649689
1.01 1D 446153839.2 446158836.6 7.29021767905843e-07 498 0.00265824939759036 0.143135513135513
1.02 1D 446704966 446710961 7.28206479657885e-07 52 0 Inf
1.03 1D 447930294.2 447934459.8 7.25537787928057e-07 513 0.0107481574658869 0
1.04 1D 449274675 449280352 7.2511988366645e-07 5 NA NA
1.05 1D 449880012 449885776 7.2812500672402e-07 1063 0.00429968649106303 0.086251473050364
1.06 1D 451128789 451132397 7.38813049530761e-07 43 0 NA
1.07 1D 451626871 451629594 7.45249552530536e-07 101 0 NA
1.08 1D 452494071 452500203.5 7.59288875583914e-07 440 0.0237986538636364 0.0526707645047571
1.09 1D 453274017 453278271 7.74903385554547e-07 232 0 Inf
1.1 1D 454222465 454228809 7.9780640640576e-07 5 NA NA
1.11 1D 455434643 455439238.5 8.33492355899196e-07 260 0.00749038776923077 0
1.12 1D 457143495 457152610 8.94988445238112e-07 210 0 NA
1.13 1D 458807201.454545 458811437.181818 9.56301990954259e-07 1330 0.00847555323308271 0.0571996608769292
1.14 1D 461951752.666667 461956620.333333 1.02847159510852e-06 232 0.00246622543103448 0.771183207340968
1.15 1D 462649879.5 462654412 1.04127070653847e-06 240 0.00174292 0
1.17 1D 464140500 464147926 1.14170428773417e-06 96 0 NA
1.18 1D 464610120.5 464615403.5 1.16106297275641e-06 123 0 NA
1.19 1D 465328695.25 465332439 1.17812286572668e-06 274 0 NA
1.2 1D 466224813.333333 466230976 1.17939046041983e-06 437 0.00229449656750572 0.763702920628905
1.22 1D 467821572 467828103.6 1.13330171995293e-06 1263 0.00999921187648456 0.0656777956989579
1.23 1D 469012047 469021201 1.14908866035517e-06 446 0 NA
1.24 1D 470069856 470074840 1.16352963951624e-06 225 0 Inf
1.25 1D 470567587 470571862.2 1.15660572222288e-06 545 0.00471081313761468 0
1.26 1D 471618853 471624754 1.11413325110846e-06 15 0 NA
1.27 1D 472116569.5 472120408.5 1.08015212803411e-06 46 0 NA
1.28 1D 472526935.666667 472530229.333333 1.05595047701203e-06 307 0.00188329641693811 0
1.29 1D 473586128 473592433 1.02661389705163e-06 798 0.00257621711779449 0.200320527865346
1.3 1D 475248757.333333 475252436.666667 9.93521582272107e-07 328 0.00157861789634146 0
1.31 1D 476687389.875 476691620.75 9.84380183854263e-07 1259 0.0165803026211279 0.0375115294898331
1.32 1D 478239598 478244400.5 9.91792775493035e-07 480 0.00968327541666667 0.0937525250258597
1.33 1D 478926033.75 478930543.5 1.00141061248585e-06 109 0.0127948486238532 0.101807493483078
1.34 1D 479750606.666667 479756894 1.01795443385136e-06 604 0.0109491397682119 0.149291464643503
1.35 1D 480658044 480662236.75 1.04207030482179e-06 892 0.0034974760896861 0.153955526709813
1.36 1D 481553347.5 481559681.5 1.05690333698491e-06 403 0.00339083523573201 0.350757669227503
1.38 1D 482990481 482994841 1.05903152303013e-06 170 0.00301176423529412 0
1.39 1D 483592117.5 483596906 1.05400985289677e-06 182 0.00477173489010989 0
1.4 1D 484736773 484743607.25 1.05085611132016e-06 1088 0.00250008995404412 0.124331327093021
1.41 1D 485531790 485537575.5 1.05138657111468e-06 213 0.0169353830985915 0
1.42 1D 486153145.5 486157757.5 1.05201166592777e-06 44 0.0155844 0.256975215308549
1.43 1D 487171039 487177432 1.05339366503106e-06 37 0 NA
1.44 1D 488158308.333333 488164652.666667 1.05323772916889e-06 537 0.00196499918063315 0
1.46 1D 491038570.5 491046358 1.04846513493729e-06 245 0.00209673367346939 0
1.47 1D 492609116.166667 492615247.166667 1.04805968518512e-06 1313 0.00359824358720487 0.0835474897847417
1.48 1D 494374987.2 494381468 NA 1380 0.00192286052173913 0.43206639615785
0.03 2D 2510738 2512279 1.54947370973414e-06 132 0.00407609 0.520508624686894
0.05 2D 3773856 3790417 1.49011709750458e-06 480 0.00338505 0.304187530464838
0.06 2D 4459667.5 4463135.5 1.45771352605704e-06 33 0.0556586363636364 0
0.07 2D 5158603 5164177 1.42372329800465e-06 37 0.0344086 0
0.08 2D 5323157 5326607 1.41569695765142e-06 157 0.0160193242038217 0.0344992868684593
0.09 2D 5761715 5768783 1.39391323107849e-06 60 0.018 0
0.1 2D 6530120.5 6537923.5 1.35530141862115e-06 567 0.000513689814814815 0.296829582631109
0.11 2D 7346674.5 7349528.5 1.31361031038408e-06 110 0.00700423272727273 0
0.12 2D 8521507 8526960 1.25194617511319e-06 325 0.00240534233846154 0
0.14 2D 10331769 10337663 1.1570392402103e-06 294 0.00545653 0
0.15 2D 11616891.5 11626347.5 1.06153500835128e-06 175 0.0168420142857143 0.0967445393789851
0.16 2D 12686195 12690654 9.3654210619395e-07 181 0.0103306 0
0.18 2D 13665557.625 13672076 8.5539010178486e-07 425 0.00995806117647059 0.033595058428572
0.19 2D 14326800.5 14330846 8.45481140205985e-07 403 0.0140536369727047 0.0559679075683048
0.2 2D 15648992.3333333 15658290.3333333 8.86614651847717e-07 93 0.0173477462365591 0
0.21 2D 18436287.5 18440525.5 8.74682975882326e-07 389 0.00716920799485861 0.0597168124658057
0.25 2D 22447585 22452904 1.07647190836635e-06 131 0.0251479 0
0.28 2D 24942853 24954715.3333333 1.15107858290924e-06 305 0.00866197232786885 0.0968313444653858
0.29 2D 26516591.5 26521336.5 1.13736138041395e-06 93 0.0154479301075269 0.117158752173013
0.3 2D 26979932.3333333 26989046 1.1236129321101e-06 412 0.00132923492718447 0.219844235165644
0.31 2D 27924545 27930002 1.12914055227045e-06 54 0.0127298 0
0.32 2D 28626605 28640397 1.18526565373525e-06 1808 0.00548118 0.124776781641909
0.33 2D 29051138.75 29056107 1.20395227930066e-06 1137 0.0103325596042216 0.0639384963497654
0.35 2D 30467249.6666667 30474380.3333333 1.19476296319527e-06 610 0.0054523872295082 0.107965819549981
0.37 2D 32237684.5 32243746.5 1.02138008620724e-06 456 0.00359681787280702 0.0518971475121208
0.38 2D 32798475 32803889 9.61459787968521e-07 293 0.0201621 0.0318719280233706
0.39 2D 34058068.3333333 34062494 9.33129279629775e-07 148 0.0191396325675676 0.234444473541498
0.4 2D 35351601.6666667 35357354.5 9.01725358094751e-07 642 0.00242113049844237 0.477278054204204
0.41 2D 36535714.6666667 36543116.6666667 8.71026218742978e-07 548 0.00668513065693431 0
0.42 2D 37526256.25 37530475.25 8.43831607267109e-07 558 0.00991919019713262 0
0.45 2D 43369633 43377942 6.46586993945924e-07 313 0.00130605 0.607471383178286
0.46 2D 44033364.5 44038002.5 6.21990576391103e-07 163 0 Inf
0.47 2D 45921993.5 45930621.5 5.62800205305449e-07 212 0.00240355896226415 0
0.49 2D 49509026 49513791.5 4.93788139822834e-07 347 0.00792507838616715 0
0.5 2D 52231309 52234913 4.79507808036358e-07 164 0.00202634 0.645380340910212
0.51 2D 54071414 54072867.5 4.88764808583605e-07 229 0 NA
0.52 2D 55632386.8571429 55639338.4285714 5.09591196004324e-07 1606 0.0114924650560399 0.0140298428074825
0.53 2D 57942032.5 57947884 5.32522503222542e-07 195 0.0737392 0.119329745915334
0.54 2D 60323653 60329599.3333333 5.17628653839635e-07 750 0.00262472565866667 0.0867446238612456
0.55 2D 62319539.7 62322907.3 5.10583706319716e-07 925 0.00517947006606607 0.143162069593201
0.56 2D 63817599.3333333 63825069 5.05458429648612e-07 314 0 NA
0.57 2D 66724634 66730248.75 4.79542182556153e-07 702 0.0048015558974359 0.114794942536789
0.58 2D 67690836 67697166.3333333 4.70819905313191e-07 1059 0.00257923645892351 0.574071871509097
0.59 2D 69519732.5 69524543.5 4.54132311991766e-07 236 0.0286400008474576 0.0350890589465646
0.6 2D 73010224.5 73015515 4.2166590088164e-07 281 0.00607371850533808 0
0.61 2D 73570010 73579027 4.16368597833293e-07 691 0.00272624 0.269572378073831
0.62 2D 75183581.2727273 75188261.3636364 4.0082283358357e-07 1344 0.000581263392857143 1.44647276944464
0.63 2D 77952990.8333333 77960620.5 3.72914573297089e-07 690 0.00228312973913043 0.413679818305856
0.64 2D 80115854.375 80122724.25 3.53166944860803e-07 1782 0.00468727524691358 0.0530603034411829
0.65 2D 83094423 83099871.6666667 3.28955484765134e-07 169 0.00493304698224852 0
0.66 2D 85788584 85800900.5 3.10390647929605e-07 2912 0.00305842384615385 0.0640799791403006
0.67 2D 88712460.2222222 88716672 2.93050902340932e-07 559 0.00333905919499106 0.0443541376734244
0.68 2D 96011182.6666667 96015074.6666667 2.57081499161629e-07 1694 0.00190060285123967 0.151828994493244
0.69 2D 101849834.6 101854111 2.10987354465939e-07 185 0.00283597655405405 0.333552103804846
0.7 2D 108868292 108873429.230769 1.86144408530605e-07 1444 0.00212557016620499 0.196785423700492
0.71 2D 114892085.533333 114895952 1.68095382688227e-07 1347 0.000710189969774101 0.114251190201615
0.72 2D 120625900.294118 120631000.764706 1.5306036765745e-07 2526 0.00155083657957245 0.0585017888845629
0.73 2D 126795170.125 126803603.5 1.42068497931084e-07 391 0.00138090230179028 0.471584548511011
0.74 2D 131922267 131928980.428571 1.28087026897368e-07 418 0.000834289166666667 1.25442521255871
0.75 2D 136539407.875 136546089.625 1.18122574156187e-07 907 0.00188250148842337 0
0.76 2D 145506122.714286 145511988.142857 9.89152364037954e-08 1638 0.000855105921855922 0.129196642876751
0.77 2D 171117899.464789 171124479.014085 4.72049633587555e-08 11136 0.00157893464230035 0.123227782028514
0.78 2D 196463710.375 196468409.375 1.79795252302647e-08 1430 0.00134491528671329 0.118975368849238
0.79 2D 208736554.666667 208746099.541667 1.00973369821697e-08 2664 0.000139311569369369 1.13283506096859
0.8 2D 295069200.258621 295079020.689655 9.63528272317842e-09 17090 0.000616042017662794 0.216746531414738
0.81 2D 352946034.052632 352952474.473684 4.65853418388651e-08 6006 0.00121208543834261 0.166028869195811
0.82 2D 371765234.884615 371770698.730769 6.17095089331094e-08 3826 0.000876337990067956 0.0851804210730979
0.83 2D 382375226.176471 382381347.941176 6.78624277769477e-08 2278 0.00117514780070237 0.188956068362073
0.84 2D 398675681.766667 398680915.2 7.44427972357067e-08 2974 0.00140231952252858 0.0542839406435815
0.85 2D 413689542.461538 413693457.307692 7.87694867184965e-08 845 0.00323558115384615 0
0.86 2D 422468925.555556 422474168.833333 7.94822795973107e-08 1539 0.00182550469900241 0.494697729199641
0.87 2D 439469226.871795 439474709.871795 8.60701392381242e-08 4854 0.00310007207663782 0.104208480647813
0.88 2D 456244532.5 456248902.9 9.54193124123655e-08 1068 0.00190743607990012 0.0472275174046146
0.89 2D 460771104.5 460777200.4 9.72181539445091e-08 1435 0.0022619391482772 0.0298751935789998
0.9 2D 470872882.928571 470879422.642857 1.00751008385532e-07 880 0.00402841851893939 0.0967240030596675
0.91 2D 477730187.75 477735299.75 9.71950882437504e-08 635 0.0046260011496063 0.0411942665482621
0.92 2D 488288313 488293193.451613 8.95316770277407e-08 4063 0.00140446263440807 0.34222270279389
0.93 2D 498252086.285714 498256980 9.06613795704578e-08 476 0.00112245920168067 0
0.94 2D 509415464.8 509420391.3 1.02732865152154e-07 682 0.00237755058651026 0.118225591689342
0.95 2D 517265193.125 517271610.875 1.18024849728623e-07 517 0.00662166700193424 0.0425743885210975
0.96 2D 526179187.8 526187313.1 1.38817397324755e-07 1201 0.00163375292464613 0.549371505807178
0.97 2D 533936421 533940969.375 1.54205136800395e-07 3426 0.00478474023117338 0.148421797945069
0.98 2D 540274695 540281001.846154 1.69814156515913e-07 2065 0.00556756923970944 0.053971129711516
0.99 2D 545688911.307692 545694529.076923 1.85493110780494e-07 1541 0.00340800067975341 0.198218441917184
1 2D 552013923.5 552018567.5 2.11061921491247e-07 63 0 NA
1.01 2D 553990471.8 553994576.4 2.12009899954743e-07 376 0.00592753882978723 0
1.02 2D 557523323.6 557526672 2.27384223258946e-07 627 0.00426199822966507 0.0320682174042487
1.03 2D 563138124 563143588.666667 2.58388575002822e-07 188 0 NA
1.04 2D 566182928.583333 566187648.666667 2.72814871136988e-07 727 0.00151881386519945 0.898908407567159
1.05 2D 571524999.285714 571531614.714286 3.05994727158944e-07 2340 0.00860240001923077 0.0831165043482742
1.06 2D 575004652 575008415.666667 3.34292032219039e-07 295 0.00388627152542373 0
1.07 2D 578704864.25 578709748.75 3.82724583359864e-07 1008 0.00645183305555556 0.141173434388737
1.08 2D 580714799 580718858 4.08040302513851e-07 700 0.0160626262857143 0.0188621627646303
1.1 2D 584539292 584541224 4.26877559350929e-07 29 0 NA
1.11 2D 587700564.666667 587706531.666667 4.20595312657016e-07 399 0.0067427745112782 0.136358495294228
1.12 2D 589147191 589153329 4.19994466544066e-07 363 0.00458795812672176 0
1.13 2D 590514225.857143 590519253.714286 4.17546860061257e-07 1369 0.00439441468224982 0.138608248929841
1.14 2D 593172855.857143 593179434.142857 4.16931802529918e-07 1162 0.00799881483648881 0.0970575884066749
1.15 2D 595549635.875 595554504.375 4.23313252028994e-07 1004 0.00804618065737052 0.0517139483482982
1.16 2D 597747704.2 597753729 4.3981448725937e-07 1142 0.0043757688178634 0.0460883196229681
1.17 2D 601117565.777778 601123192.666667 4.6425851073186e-07 1311 0.0113356247454233 0.0656734407406774
1.18 2D 605538745.5 605542615.5 4.70416465198553e-07 122 0.0125980114754098 0
1.19 2D 607434091.75 607440232 4.8246658187157e-07 139 0.0185584215827338 0.149346702379412
1.2 2D 609032969.666667 609039173.666667 4.86056291421823e-07 1007 0.00292856226415094 0.0899798858091227
1.21 2D 610736583.25 610741594.5 4.83265778700197e-07 479 0.00868859701461378 0.0297412251251098
1.22 2D 611881854 611886799.5 4.77694175234441e-07 98 0 Inf
1.23 2D 613291388.333333 613296602.666667 4.66196220425267e-07 280 0.0136499771428571 0
1.24 2D 614643668 614645049 4.50768387482631e-07 20 0 NA
1.25 2D 617220913.285714 617225554.285714 4.08781758319991e-07 776 0.0029672362757732 0.0932633322944241
1.26 2D 620278047 620281968.25 3.82666024059553e-07 388 0.00574940845360825 0
1.27 2D 622154329.833333 622162406.666667 3.55868964756517e-07 360 0.0083539374 0.0975828874816962
1.28 2D 624776887.833333 624781623 3.31010410915022e-07 637 0.00687023222919937 0.0648204564038317
1.29 2D 629171707.333333 629182093.333333 2.89126093652081e-07 711 0.0142230732630098 0.0738429554357294
1.3 2D 634126337.363636 634131505.363636 2.41702327281991e-07 1062 0.011090316452919 0.0677878224001164
1.31 2D 645841339.46875 645846804 1.78269087492446e-07 2810 0.0061312227060039 0.0698654868028702
0 3D 2217342 2222836.625 9.06553317244979e-07 1356 0.00759985674673409 0.0190258227226349
0.01 3D 3923364.33333333 3929106 9.29672462019951e-07 1161 0.00454757865633075 0.255963127357879
0.02 3D 6472183.57142857 6477429.14285714 9.70218721250089e-07 862 0.00588968120649652 0.210590207593398
0.03 3D 7417941 7425908.25 9.83737502726002e-07 320 0.0012846515 0
0.04 3D 8587350 8594688.5 9.98678803967499e-07 122 0.00978126475409836 0
0.05 3D 8971249 8975091 1.00320593344541e-06 241 0.0155251 0
0.08 3D 11751552 11757684 1.02766418965571e-06 861 0.00286293430894309 0.174079502035719
0.09 3D 12187146 12191708 1.02878269998627e-06 38 0 NA
0.1 3D 13362069.5 13368836.5 1.05476990552649e-06 335 0.016302568358209 0.0159693046443154
0.11 3D 13829341.6666667 13831554.6666667 1.06177216466885e-06 110 0 Inf
0.12 3D 14554414 14556491 1.0696292409322e-06 16 0 NA
0.13 3D 15204868 15207555 1.07220696982216e-06 25 0 NA
0.18 3D 19535467 19538988 1.09623402490834e-06 26 0 NA
0.19 3D 21004883 21005972 1.20693226838003e-06 89 0.0156346 0
0.2 3D 22047120 22052398 1.26047788850451e-06 230 0 NA
0.21 3D 22084926 22092885 1.26171583209763e-06 197 0 NA
0.23 3D 23673037 23676997 1.2651293189624e-06 158 0.0039604 0
0.25 3D 25121982 25127028 1.18845729508482e-06 140 0.0216642 0.0815894424903758
0.26 3D 26257100 26261534 1.07524847377507e-06 71 0 NA
0.27 3D 26449214 26453950 1.05144118125485e-06 158 0.0151839 0
0.28 3D 27058938 27061263 9.93316001280965e-07 8 NA NA
0.3 3D 29165377 29172091 8.30142756725139e-07 12 0 NA
0.31 3D 30137066 30145138.2 7.83633661938408e-07 1150 0.0161601671652174 0.0372299756193224
0.32 3D 31795268.6666667 31801570.3333333 7.23043639935628e-07 1068 0.00139123148127341 0.44592913143366
0.33 3D 33219099.75 33226131.75 6.89661516712716e-07 1770 0.00651892624858757 0.107017771182528
0.34 3D 36769689.6 36774733.6 6.08566302631238e-07 481 0.00524036623700624 0.128480287930868
0.35 3D 39487625.6666667 39493264 5.59376219565514e-07 290 0.0090613654137931 0.0563029100010379
0.36 3D 42604815.6666667 42607838 5.37320937036362e-07 697 0.0251955167862267 0.0271470833735354
0.37 3D 44569025.1111111 44574152.3333333 5.51534739008578e-07 1051 0.00309552229169498 0
0.38 3D 46720556.6 46728289.8 5.3244545302109e-07 186 0 NA
0.39 3D 49007513.4 49011562.4 4.98396176266055e-07 772 0.013589795984456 0.225625015340058
0.41 3D 51688592 51696138 4.60390894673247e-07 67 0 NA
0.42 3D 53433486 53438057 4.36869733554096e-07 66 0 NA
0.44 3D 57504916 57509084 3.85461310908385e-07 118 0 NA
0.45 3D 58857319 58861915.25 3.6950682455569e-07 222 0 NA
0.46 3D 61692054.5 61696891.5 3.37748603055941e-07 89 0 NA
0.47 3D 63593021 63598087 3.17808561051367e-07 1122 0.00123663831550802 0.170047505088961
0.48 3D 66878386.5 66885816 2.85921142561254e-07 1166 0.00133054682675815 0.257454415883899
0.49 3D 70535210 70542980.4 2.5357350223844e-07 722 0.00151311037396122 0.312299757441353
0.5 3D 81349508.5238095 81356604.1904762 1.87680465720526e-07 4121 0.00391010769452803 0.0819280567642601
0.51 3D 93256397 93264153 1.26350710440072e-07 111 0 NA
0.53 3D 94941236 94945289.6666667 1.19013111031202e-07 281 0 NA
0.54 3D 96035706 96039045 1.14382688181637e-07 342 0.0049153 0
0.55 3D 109259356.086957 109264725.347826 6.96613356899092e-08 1961 0.00193375052167262 0.114533586773272
0.56 3D 132153300.045455 132158619.863636 2.58860291279004e-08 1996 0.000676780268537074 0.328629949291256
0.57 3D 146379816.846154 146385681.153846 2.47202680758276e-08 917 0.000876304362050164 0
0.58 3D 166741346.30303 166747467.060606 2.66576986095507e-08 4494 0.000953200371606587 0.0710215790107337
0.59 3D 244523966.621849 244533206.647059 1.72509283421087e-08 15097 0.000620603079325291 0.350369182558023
0.6 3D 309323550.5 309330102.85 4.005312979065e-08 5391 0.000672088640627272 0.207173531968963
0.61 3D 328774823.766667 328781398.2 3.46094095844354e-08 3538 0.00137088759468626 0.132100268246447
0.62 3D 344975467.074074 344981906.481481 3.95883000111319e-08 4113 0.00111555997325553 0.314346265992561
0.63 3D 367540893.586207 367546694.551724 6.82274003965885e-08 6164 0.00366675170631821 0.0565277180079147
0.64 3D 386619305.285714 386625090.238095 1.09984459661332e-07 1729 0.00382054390823212 0.0717695793768878
0.65 3D 396376770.916667 396381485.166667 1.38393169487634e-07 1868 0.00192234996788009 0.215481933757168
0.66 3D 402550279.333333 402556131.2 1.60058171873744e-07 1938 0.00116908600729766 0.241389613055069
0.67 3D 409198238.5 409203174 1.88200445680386e-07 1210 0.000726755 0.407544486640518
0.68 3D 415331219.35 415336535.35 2.08161225450078e-07 2034 0.00247003764503442 0.214447536366017
0.69 3D 420956598.083333 420966480.333333 2.20522763650783e-07 1520 0.00207852527655502 0.0575738168030188
0.7 3D 425969845.272727 425977804.454545 2.26813017596356e-07 1710 0.00184611525471085 0.0898333698087231
0.71 3D 430416559.5 430420622.166667 2.3740504351986e-07 484 0.00136330363636364 0
0.72 3D 434413855.6 434418783.6 2.48823585021789e-07 459 0.00390088831699346 0.295402429111256
0.73 3D 437977108.272727 437980759.272727 2.57291464161965e-07 1003 0.00918892560319043 0.0248238365060092
0.74 3D 441280159.5 441284196.833333 2.63661891509319e-07 406 0.00448331408866995 0.132341873769576
0.75 3D 444526515.875 444532347 2.68717405596239e-07 1064 0.000774880911654135 0.357123127663723
0.76 3D 447561942.333333 447567378 2.72187359729453e-07 1238 0.00446512352180937 0.0505267797543703
0.77 3D 450733365 450739580.333333 2.74593572969572e-07 290 0.0115297996551724 0.255416553429361
0.78 3D 454593999 454598259.5 2.78251721794728e-07 436 0.00154128344036697 0
0.79 3D 456620169.6 456624124.6 2.8003681505957e-07 358 0.000776443798882682 0
0.8 3D 459433202 459438766.363636 2.8175304483717e-07 1529 0.00252083276651406 0.057661304686314
0.81 3D 462537406.285714 462541198 2.82672705672659e-07 486 0.0123757005967078 0.023423722734613
0.82 3D 465859332.25 465865605 2.82537751593276e-07 868 0.00470927020737327 0.243647694401679
0.83 3D 468848675.5 468853610.333333 2.81430770216755e-07 932 0.00168134791845494 0
0.84 3D 472957876.5 472962020.125 2.78247600565733e-07 525 0.00543461278911565 0.111172654071895
0.85 3D 477419992.2 477427611.2 2.7281277662136e-07 589 0 Inf
0.86 3D 480739143.75 480742627.75 2.6658776393913e-07 516 0.00235860930232558 0
0.87 3D 484550910.4 484554412.6 2.51860516567231e-07 662 0.000440989274924471 0
0.88 3D 488136242.166667 488143859.666667 2.40225092549952e-07 427 0.00360655925058548 0.0911078098141248
0.89 3D 491407612.5 491413331.5 2.3518138197474e-07 601 0.000528882129783694 0.869580299590232
0.9 3D 497021412.8 497026831.3 2.39602441845792e-07 635 0.00505025609798775 0.0421298801558311
0.91 3D 502531209.166667 502537420.666667 2.42420297873294e-07 363 0.00464332754820937 0.140808668904264
0.92 3D 506469679.666667 506475064.444444 2.30866667751507e-07 1673 0.000317386264196055 1.57555117239922
0.93 3D 509786083.375 509790064 2.30041939392473e-07 565 0.0015565182300885 0.740163227935096
0.94 3D 514578785.333333 514583873.166667 2.44655458515474e-07 964 0.0124678655394191 0.0782782412124937
0.95 3D 518003203 518007678.4 2.55022044552272e-07 440 0.00277157609090909 0.195590221605777
0.96 3D 523259920.666667 523265203.333333 2.60444233763443e-07 1332 0.00118451273273273 0.649448670293691
0.97 3D 526250679.727273 526255970.272727 2.66935325913942e-07 2059 0.00317562619232637 0.0434747158424314
0.98 3D 530075614.625 530081241 2.85983471190429e-07 854 0.00294452610070258 0.134992614346927
0.99 3D 533098077.5 533103271.833333 3.00182724768387e-07 680 0.00423729135294118 0
1 3D 536520754.833333 536526318.166667 3.19077330550882e-07 442 0 Inf
1.01 3D 539961974 539967571 3.46709974382348e-07 923 0.0031676935915493 0.0941116768285107
1.02 3D 542123210 542135933.666667 3.68781690005599e-07 241 0.00682502186721992 0.41407539271514
1.03 3D 544298850.666667 544302786.166667 3.97265128414983e-07 647 0.00493309891808346 0.0730146612714481
1.04 3D 546889552.75 546894168.333333 4.41678561530503e-07 1225 0.00779880620408163 0.00888987425977159
1.05 3D 549471855 549477081 4.73254568063581e-07 361 0.00607862818097876 0.127053943951902
1.06 3D 551565651 551569595.857143 5.02552629765081e-07 305 0.00303102459016393 0.23940657409035
1.07 3D 554343822 554350648.5 5.48812449140266e-07 476 0.00300027514705882 0.225276912102816
1.08 3D 556031321 556040837.333333 5.66462493385297e-07 116 0 Inf
1.09 3D 558972599 558977871.25 5.27322426638083e-07 756 0.00557652470899471 0.211366523604425
1.11 3D 561276693 561280072.5 4.63484099571129e-07 116 0.0130300284482759 0
1.12 3D 562701064.5 562704855.5 4.18981148949381e-07 120 0.00447368458333333 0
1.14 3D 567487510 567491765.5 4.300839847606e-07 189 0 Inf
1.16 3D 573780557.5 573785733 4.52312590194496e-07 159 0.0050033393081761 0
1.17 3D 576082320.666667 576088172.666667 6.47067001171487e-07 85 0 Inf
1.21 3D 580719827 580722316 8.77069944001353e-07 67 0.00880302985074627 0
1.22 3D 581725361 581731778 9.13354072446749e-07 307 0.00555556 0
1.24 3D 583179429.5 583186178.5 1.02657283654389e-06 77 0 Inf
1.25 3D 584131388 584138021 1.09321094369105e-06 242 0.00545680123966942 0.253120486005068
1.27 3D 586106048 586114994.333333 1.17064205812015e-06 1087 0.00489988589696412 0.0451664618959257
1.28 3D 586954193.5 586958215.5 1.17846053163015e-06 70 0.0226439471428571 0
1.29 3D 587634055.666667 587639570.666667 1.17274057191159e-06 472 0.00401197298728814 0.246738410781816
1.3 3D 588393624 588396164 1.15647821665452e-06 69 0.00454545 0.71983631983632
1.31 3D 589374117 589378796 1.11619606829647e-06 66 0.0362173 0
1.32 3D 590935693 590942224 1.11670390262339e-06 34 0.0144928 0
1.33 3D 591239544 591242115 1.11395532752994e-06 80 0.0102881 0
1.36 3D 594619492.333333 594624752 1.07929252576513e-06 200 0.0037500006 0.112649581976067
1.37 3D 595065084.5 595070126.25 1.06306744810928e-06 175 0.0112925307428571 0
1.4 3D 598533484.666667 598537001.333333 8.9677321944778e-07 380 0.0221588625526316 0.0396600887421809
1.42 3D 600123710 600126996 8.54213563703903e-07 44 0.00831025 0.295175235402064
1.44 3D 601917967 601925473 8.39242228673895e-07 130 0 Inf
1.45 3D 603242844.5 603248821.5 8.51727983572658e-07 385 0.0175371636363636 0
1.46 3D 604331680.6 604338213.8 8.47691816786255e-07 1190 0.0130020504907563 0.0212445741082503
1.47 3D 606830734.444444 606834748.333333 8.34853850688554e-07 1301 0.00752071081475788 0.048682894144437
1.48 3D 609373428.5 609378488 8.13435576964654e-07 136 0.0175560463235294 0.252398966117882
1.49 3D 610304630.666667 610309704.666667 8.09626806709017e-07 311 0.00289389646302251 0
1.5 3D 611275046 611278084.5 8.05301451930061e-07 141 0.00835751205673759 0.103022040221682
1.54 3D 613565208.333333 613571364.666667 7.92263932234354e-07 708 0.0010370109180791 1.36947047653926
0 4D 1828054.63636364 1832902 2.03773226766758e-06 452 0.0138692271017699 0.108067104504367
0.01 4D 4559557 4564983.75 1.93178181045906e-06 529 0.0327479793950851 0.0352434668172228
0.03 4D 5654526.5 5659399.25 1.88482198500349e-06 606 0.0067210101650165 0.0859222143292463
0.06 4D 6608753 6614149.33333333 1.84436064083197e-06 251 0.00596379406374502 0.0839302270151015
0.08 4D 7107798 7112439 1.82339986465315e-06 15 0 NA
0.1 4D 7741621.2 7747547.8 1.79622764777881e-06 1070 0.00672005442056075 0.0279100364094598
0.11 4D 7910944 7911929 1.78907402834638e-06 32 0 NA
0.14 4D 8662258.5 8670233.5 1.75683893321785e-06 300 0.0021578424 0
0.16 4D 9437259 9446813.66666667 1.72391789870801e-06 842 0.00414675484204275 0.20814236871349
0.18 4D 10254737 10259290.6666667 1.68955274965127e-06 94 0.00643487446808511 0
0.2 4D 10997468.6666667 11003656.3333333 1.65840493235991e-06 218 0.0208152123853211 0
0.21 4D 11539748.5 11547543.5 1.63577545979144e-06 473 0.00999788040169133 0.074365219098882
0.22 4D 11911876.25 11917126 1.62038244328652e-06 261 0.0114320003831418 0.0792685960740505
0.23 4D 12432746 12454128 1.59850926936744e-06 211 0.00290216 0
0.24 4D 12522767.5 12526886 1.59515229845928e-06 143 0.0263653405594406 0.119294760707378
0.25 4D 13356157 13362735 1.5608610533637e-06 77 0 NA
0.26 4D 13928452 13933386 1.53752134950725e-06 106 0 NA
0.28 4D 14608229 14611486 1.50994040881085e-06 11 0 NA
0.29 4D 15312206.3333333 15319729.1666667 1.4814288149316e-06 555 0.00135850342342342 0.573465745426804
0.3 4D 15899016.3 15903724 1.45792401859245e-06 917 0.0145865729770992 0.0307571996595049
0.31 4D 16571447.375 16575873.625 1.43100898158586e-06 970 0.0247843054639175 0.0366217146656782
0.32 4D 17453021.3333333 17457842 1.3933431121839e-06 214 0.00978760373831776 0
0.33 4D 19290093 19296297.3333333 1.31511435192011e-06 208 0.00606762403846154 0.0827039287491983
0.34 4D 20538853 20540667 1.26313709059818e-06 61 0 NA
0.35 4D 21573035.4 21582550 1.22045981110329e-06 1564 0.00535272964194373 0.0482159977043335
0.36 4D 22054018.5 22059873 1.20092864941572e-06 599 0.00450143205342237 0
0.37 4D 23272083.5 23278745.25 1.15179258898008e-06 1379 0.010223615453227 0.0308545803781678
0.39 4D 25654960.3333333 25662014.6666667 1.05782718506956e-06 424 0.00196163377358491 0.103111624609406
0.4 4D 26699247.8 26705318.2 1.01756895311916e-06 1100 0.00352911098181818 0.104507747416006
0.41 4D 28798521.25 28808742.5 9.38151587660928e-07 1944 0.00395386939814815 0.151116702419852
0.42 4D 30268056 30272503.8 8.83207651558811e-07 297 0.0101897864646465 0.14145235241132
0.43 4D 32325053 32331393 7.39114823618274e-07 597 0.00245678190954774 0.13725709736723
0.44 4D 36366355.25 36373568.625 4.57574339534022e-07 495 0 NA
0.45 4D 40316954 40321158.2 2.63211318908896e-07 510 0.0178844753333333 0.046385229353075
0.46 4D 43653810 43660225.3076923 1.68312504485528e-07 1393 0.00324990905240488 0.20467019220645
0.47 4D 47976476.6666667 47982600.6666667 1.25458477608878e-07 186 0 NA
0.48 4D 52272865 52277622.25 1.57055226354628e-07 731 0.00475180339671683 0.0678060313806706
0.49 4D 55633996.5 55639306.75 1.52507973942343e-07 387 0.00079212023255814 0.318183090402747
0.5 4D 58734764.5555556 58742433.5555556 1.03555752703431e-07 894 0.00332404493288591 0.155220303023105
0.51 4D 74899954.9322034 74906042.440678 6.75103045953314e-08 6300 0.00143832522216749 0.132670005926965
0.52 4D 95896499.5 95902261.7692308 5.34031516313454e-08 2629 0.00131234079022442 0.179557810888192
0.53 4D 108504704.315789 108510762.789474 5.34504647758554e-08 1335 0.00132721056595922 0.298490669539902
0.54 4D 142658760.37931 142666133 1.93742734864096e-08 7468 0.00124544621171544 0.128778085232536
0.56 4D 201896944 201905027 0 31 0 NA
0.57 4D 231564139.111111 231579129.311111 7.7364193547146e-09 5750 0.000926743988198758 0.288461133772643
0.58 4D 281031852 281046790.3 1.94797122208994e-08 2511 0.000412121354042214 0.510034556949235
0.59 4D 302990420.020833 302997573.125 2.25727748096166e-08 7062 0.00031577875191164 0.423620811076016
0.6 4D 337301360.558824 337306424.073529 2.78882299037093e-08 8478 0.000747384853188645 0.237604469790048
0.61 4D 367120119.404762 367124727.309524 9.02126986471055e-08 4261 0.000489159195024642 0.546598851235628
0.62 4D 378461872.5 378468635.5 1.16111291849148e-07 1730 0.00347150035324342 0
0.63 4D 381281358.625 381286251.25 1.27929058501063e-07 1987 0.000831549823855058 0.142808932696116
0.64 4D 388465739.666667 388470606.166667 1.17892651388449e-07 1898 0.00111871199683878 0.0397853525168991
0.65 4D 394799584.307692 394804362.769231 1.12821205983989e-07 1954 0.000472907871033777 0.636429895102924
0.66 4D 406636909.157895 406644729.684211 1.25473969333092e-07 2517 0.000818448911402463 0.517440433841758
0.67 4D 418235001.428571 418241445.142857 1.5182470054424e-07 2013 0.00145860688855771 0.0684430302592023
0.68 4D 422950949.375 422957340.75 1.64641978690857e-07 621 0.00240067748792271 0
0.69 4D 428455713.5625 428461172.1875 1.81021230308245e-07 1419 0.00252352789992953 0.026810823798084
0.7 4D 433368293 433374332 1.96932000690731e-07 357 0.00159406246498599 0
0.71 4D 436046717.222222 436052874.555556 2.06163222011898e-07 1291 0.0071787252439969 0.03637272060807
0.72 4D 441095094.125 441100542.375 2.14390421439438e-07 478 0.00438342534369396 0.23345050514009
0.73 4D 444910445.8 444916570.8 1.99341438611568e-07 1932 0.00380624194099379 0.246571197273954
0.74 4D 449625140.714286 449630527.142857 1.97731472069648e-07 2174 0.00173109243790248 0.138911966683401
0.75 4D 455925385.142857 455929143.571429 2.57684987309056e-07 575 0.00416876702608696 0
0.76 4D 459275334.6 459279411.4 3.27056381325479e-07 550 0 NA
0.77 4D 460653574.5 460657182.75 3.64182366542034e-07 382 0.00129980670157068 0
0.78 4D 462944526.6 462949458.2 3.95138948702701e-07 609 0.0191637048440066 0.0901308705125455
0.79 4D 465692170 465696144 3.73568346366121e-07 191 0 NA
0.8 4D 468649595.666667 468654936 4.1034678239465e-07 1803 0.00481546272878536 0.0460848201462489
0.81 4D 470112309 470114971 4.49569591113814e-07 28 0 NA
0.82 4D 473784079.25 473790791.625 6.28601709910757e-07 1398 0.00744345254649499 0.0349161378461265
0.83 4D 476129838.333333 476135062.333333 7.91867254770627e-07 186 0.00663081774193549 0
0.84 4D 477117031.4 477124302 8.74244279457341e-07 362 0.00847154696132597 0.0832887044706036
0.85 4D 478055501.333333 478063818.666667 9.59229294246625e-07 384 0.00723978278645833 0.152049005239816
0.87 4D 479685590 479691917 1.12255541061104e-06 341 0.00599401 0.112710856338244
0.88 4D 480851796 480855778.5 1.33176389327082e-06 295 0.00108599583050847 0.262775051388436
0.89 4D 481123259.8 481127638 1.40682031826947e-06 437 0.00571307414187643 0.22565819061133
0.9 4D 481888141 481893010.5 1.57190091324002e-06 92 0 NA
0.91 4D 482609669 482620928.333333 1.56838467283406e-06 498 0.00431601204819277 0
0.92 4D 483100859 483106519.666667 1.48272625845779e-06 700 0.0118003569142857 0.0287521337248075
0.93 4D 484149604 484156045 1.41106265236574e-06 248 0.00427991 0.0794411564729165
0.94 4D 484536447 484541184.666667 1.37834951379205e-06 556 0.00541072604316547 0
0.95 4D 485451546 485457685 1.28886469186865e-06 31 0 NA
0.97 4D 486181976 486186469 1.20437339667996e-06 143 0.0068235348951049 0.147872087585307
0.98 4D 486781562.333333 486786618.333333 1.12604532190854e-06 355 0.00521685042253521 0
0.99 4D 487654490 487655480 9.9883104575374e-07 17 0 NA
1 4D 489651136 489655145 5.6364135340702e-07 75 0.00676330666666667 0
1.01 4D 493248190.6 493254174.6 4.66479246866028e-07 796 0.00354444876884422 0.0867249658661866
1.03 4D 497134197.75 497137844 8.93429478087682e-07 145 0.0452558082758621 0.0275312193876215
1.04 4D 498023358.25 498027171.75 9.94842923766485e-07 210 0.00248677447619048 0
1.05 4D 498572533.5 498582625 1.05553957861498e-06 59 0 NA
1.06 4D 498914358 498920511.666667 1.09217865964798e-06 229 0.00872176069868996 0.0715535062829348
1.07 4D 499389383 499395280 1.12767994364848e-06 428 0.00369822 0.213417806404162
1.08 4D 500402880 500422052 1.22949368964901e-06 1540 0 NA
1.09 4D 500823603 500829738 1.32320208447816e-06 110 0 Inf
1.1 4D 501316139 501319344 1.47356746626443e-06 35 0 NA
1.11 4D 502496326.857143 502500356.714286 1.98668472572671e-06 464 0.00306042471623563 0.072547379664001
1.12 4D 504105755.833333 504110587.333333 2.58176564456629e-06 426 0.0115080709859155 0.0544216512149269
1.13 4D 504339499 504344372 2.77226059342016e-06 12 0 NA
1.22 4D 506167612.5 506170110.5 2.41585076838613e-06 146 0.0118758636986301 0
1.25 4D 508941507.3 508948780 1.1996930917579e-06 3366 0.00585643254010695 0.0707828529448755
0 5D 554527 558722 NA 122 0 NA
0.01 5D 935699 941610 9.27956340645568e-07 261 0 NA
0.02 5D 1872592.5 1878555 8.97537709056527e-07 372 0.00148639774193548 0
0.03 5D 2663968 2669672.5 8.70726806700462e-07 439 0.01014065261959 0.115388450353137
0.06 5D 5795798 5811501 7.53035378564527e-07 398 0.00454485 0.139755327458552
0.07 5D 7013572 7020162 7.02739513666967e-07 589 0.00354726 0.110568438738632
0.08 5D 7410320 7415303 6.85748303900026e-07 138 0 NA
0.09 5D 8530472 8544251 6.35942686857481e-07 581 0.00636273 0.100759422449169
0.1 5D 9121646 9125913 6.09393293871295e-07 102 0 NA
0.12 5D 14289448 14295141 4.36936422138157e-07 1003 0.00648636043868395 0.106893656342929
0.13 5D 22822382.6666667 22826242 2.50499180210537e-07 147 0.00873201836734694 0
0.14 5D 25294577.75 25298338.75 3.63499756939303e-07 381 0.00477202619422572 0
0.16 5D 28666654 28671366 4.20556770974952e-07 724 0.00337120732044199 0.198308711229861
0.17 5D 30115396 30119401 4.57036293589867e-07 121 0.00672269 0
0.18 5D 32896784.3333333 32902358.3333333 5.58493190300151e-07 431 0 NA
0.19 5D 36131711.75 36137007.25 6.53377899014947e-07 210 0.00882475758730159 0
0.2 5D 37349102 37355164.6666667 6.82085520398193e-07 514 0.00394188025291829 0.101296415137367
0.21 5D 40137040.5 40139470 6.74854011714632e-07 87 0.0154379586206897 0
0.22 5D 40715724 40719151 6.60901335046081e-07 26 0 NA
0.23 5D 41378968.75 41381647.5 6.53577761486899e-07 146 0 NA
0.24 5D 42922061 42924129 6.33292826125739e-07 80 0 NA
0.25 5D 43326372 43329280 6.23875433643879e-07 325 0.0149873 0
0.26 5D 44704226 44708506.3333333 5.94788280830077e-07 169 0.01456373 0
0.27 5D 45445532 45448737 5.91099776321325e-07 305 0.0108469809836066 0.799160736482935
0.28 5D 46174537.5 46184476.5 5.86424330656518e-07 103 0 NA
0.29 5D 47023818 47035761 5.78025927267768e-07 178 0 NA
0.3 5D 49433125.5 49438613 5.36998139184553e-07 40 0 NA
0.31 5D 54149962.5 54155269.5 4.26639382756302e-07 381 0.00278479790026247 0.117748153956741
0.32 5D 87612280.7272727 87618263.5714286 1.6477033537039e-07 9073 0.00249874151511812 0.117606826599995
0.37 5D 116958786 116968730 4.94930611113363e-08 271 0 Inf
0.46 5D 117265878 117269157 4.86294873256654e-08 44 0 NA
0.52 5D 117739586 117745517 4.72853664508308e-08 178 0 Inf
0.55 5D 119330689.875 119335867.75 4.28454505274498e-08 988 0 Inf
0.56 5D 137554086.150943 137561072.528302 1.47681460421462e-08 9410 0.000843257805720183 0.385295247650146
0.57 5D 183860691.869565 183873514.347826 0 2696 0.000138919328882295 0
0.58 5D 213907393.325 213913728.575 0 5375 0.000522683693023256 0.540319018677435
0.59 5D 256801305.690265 256807881.061947 8.85177858369598e-09 19103 0.000980645559422842 0.273698807867027
0.6 5D 288674000.814815 288679196.222222 6.63741328491101e-08 3374 0.00135566512470932 0.142260083546175
0.61 5D 299287673.769231 299292224.923077 9.87942708065856e-08 988 0 Inf
0.62 5D 310046353.944444 310050897.555556 1.37364677196843e-07 1423 0.00128216073787772 0.130959622342978
0.63 5D 320048956.727273 320055563 1.88200895087139e-07 1750 0.00202809964 0.169724314784793
0.64 5D 326601503.285714 326606239.571429 2.20314899787287e-07 1288 0.00156354226588629 0.25275825562352
0.65 5D 331225870.333333 331231324.833333 2.40815237588691e-07 578 0.00784859750865052 0.0631000073589944
0.66 5D 335231285 335236170 2.61219069879263e-07 763 0.0061188 0.0359807478590573
0.67 5D 337221624.25 337227387 2.71719626583391e-07 309 0 NA
0.68 5D 339640846.8 339645464.2 2.83919075015599e-07 295 0.00581750847457627 0
0.69 5D 342425462 342430087.5 2.97394746965774e-07 387 0 Inf
0.7 5D 346286641.428571 346288980 3.14823682769224e-07 457 0.00556034437636762 0
0.71 5D 350482985 350487191 3.31983240835036e-07 525 0.00984975376190476 0.0202738701289941
0.72 5D 352096918.75 352101254 3.38319670070079e-07 305 0.00454848 0.112451819609851
0.73 5D 355657729 355664251 3.5336431107675e-07 854 0.00197655926522248 0.150523162911527
0.74 5D 358503267 358507527 3.66388088846661e-07 296 0.00103436945945946 0
0.75 5D 361846245.4 361853016.6 3.82956679939401e-07 735 0.00338240940136054 0.143763756320209
0.76 5D 364458947.75 364464622.75 3.96807250572148e-07 1551 0.00476562255061251 0.186228652006404
0.77 5D 366710422.333333 366714353.666667 4.09350639180789e-07 74 0.026540702027027 0
0.78 5D 369710848 369714404.25 4.26916197699256e-07 167 0 Inf
0.79 5D 371360861.375 371365390.875 4.37082948755133e-07 1666 0.0023307318847539 0
0.8 5D 373832243 373838247 4.53248748110798e-07 61 0 NA
0.81 5D 375434306.5 375440082 4.63174614855388e-07 346 0.00630150242774566 0
0.82 5D 378123240.5 378127074 4.7882301578685e-07 382 0.000839852706806283 0
0.83 5D 379565291.5 379570697 4.86782042085599e-07 1030 0.00329196329126214 0.582614354495377
0.84 5D 381616482.2 381620972.6 4.97412810895619e-07 293 0.00665942559726962 0
0.85 5D 384221724.25 384225564.75 5.09897356338787e-07 412 0.00545418944983819 0
0.86 5D 385219364 385225884.666667 5.14356238168588e-07 191 0 NA
0.87 5D 387263022 387266785.555556 5.22967517725287e-07 570 0.0113325936710526 0.119540145359417
0.88 5D 389518616 389523046 5.31705356241727e-07 317 0.00544411211356467 0
0.89 5D 390719805.5 390725131.166667 5.35977030600926e-07 514 0.00156471470817121 0.24903832495863
0.9 5D 392253781 392260451.666667 5.41067480361663e-07 338 0.0042960200591716 0.175091245524497
0.91 5D 393809021 393812692.25 5.45854812877432e-07 846 0.00216094033096927 0.047179662264182
0.92 5D 396280791 396284074.5 5.52587547370427e-07 188 0.00878268457446809 0
0.93 5D 396890238.2 396897938.6 5.54079962391998e-07 743 0.00162151020188425 0
0.94 5D 398462206.5 398468286 5.57656179867339e-07 32 0 Inf
0.95 5D 399417791 399422147.571429 5.59622024747835e-07 493 0.00678281054766734 0.0614329876238873
0.96 5D 400895699 400903146 5.62371298311859e-07 89 0 Inf
0.97 5D 403066121 403071878 5.65712988236513e-07 262 0.0146374759541985 0
0.98 5D 404642970.5 404645935.5 5.67605085470329e-07 91 0 NA
0.99 5D 406655044 406660374.75 5.69455585208238e-07 447 0 Inf
1 5D 408342664.25 408347356 5.70483768516035e-07 292 0.00470656335616438 0
1.01 5D 410226773.5 410231122.5 5.71045049305911e-07 502 0.00547694820717131 0.0317826653398452
1.02 5D 412874310.285714 412877564.285714 5.6910649208565e-07 471 0.00731741507430998 0
1.03 5D 415238315.666667 415241906.166667 5.5313442667551e-07 457 0.00276872481400438 0
1.04 5D 418428024 418430958 5.39571663242532e-07 46 0 NA
1.05 5D 420318874.8 420325798.8 5.41205117644381e-07 1752 0.00318947656392694 0.0211405034837257
1.06 5D 421850090.285714 421853838 5.46534253146062e-07 785 0.00761791480254777 0
1.07 5D 423804712 423811186.5 5.60171451554164e-07 192 0.00783685375 0
1.08 5D 426003856.75 426007472 5.78752647436699e-07 318 0.00630520949685535 0.0441618152409083
1.09 5D 428385267 428388064 5.95518489757989e-07 16 0 NA
1.1 5D 429141531.6 429145926.4 6.06308892470651e-07 394 0.0139855513959391 0.0374466414735766
1.11 5D 431668743.666667 431676005 6.38629582379912e-07 363 0.00285969570247934 0.139276372563634
1.15 5D 436180568 436184511.5 7.09730813650068e-07 90 0.0115107555555556 0
1.18 5D 440831901 440836906.5 7.73194361396127e-07 393 0.0211234503816794 0
1.19 5D 443137780.428571 443143809.714286 8.21009614510529e-07 512 0.00519135978515625 0.0630831981750506
1.21 5D 444971809.166667 444977429.333333 8.49870893427827e-07 1199 0.00932189755629691 0.102079556072873
1.22 5D 445469952.5 445479078 8.56337958316823e-07 154 0 NA
1.23 5D 447067710.666667 447073613.333333 8.72576093396994e-07 156 0.0052747282051282 0
1.24 5D 448624568.666667 448632618.333333 8.82745093723632e-07 383 0.00169190600522193 0
1.25 5D 449921750 449925061.5 8.87096478083648e-07 128 0.00216851765625 1.26576204525658
1.26 5D 450621093.5 450627589.333333 8.87567493318492e-07 299 0.00638455652173913 0.0583497679182375
1.27 5D 451492328.666667 451500220 8.86417398607958e-07 430 0.0179170932790698 0.10765857576013
1.28 5D 451970289.25 451974828.25 8.85107537006961e-07 712 0.0334240696254682 0.0501485878340971
1.29 5D 452671816 452677240.666667 8.82093535003886e-07 183 0.0131577491803279 0.0889109590346747
1.31 5D 453876347.5 453882739.166667 8.7414226596271e-07 1727 0.00856347460914881 0.00580604635205272
1.32 5D 454769082 454772393 8.66012663933098e-07 191 0.0223967748691099 0
1.34 5D 456447641.5 456453343.75 8.45270276272723e-07 910 0.00312320494505494 0.306434317523578
1.35 5D 457987526.333333 457991987.333333 8.20537476969413e-07 386 0.0115697435233161 0.0577047901205597
1.36 5D 459912419.75 459919003.75 7.80960273533219e-07 285 0 Inf
1.37 5D 461394837.142857 461401653.142857 7.44156481064544e-07 1599 0.00421311088180113 0.0533487616846958
1.38 5D 464072345.875 464079091.625 6.6211762071406e-07 1185 0.00130272827848101 0.111032309919965
1.39 5D 466602139.555556 466606316.111111 6.05733197097608e-07 1275 0.00250587984705882 0.261885275265557
1.4 5D 469600079.625 469604632.375 6.08440366926643e-07 672 0.0101088200446429 0
1.41 5D 473383147.714286 473388502.571429 5.40032350057043e-07 413 0.00467121502824859 0.151900993445783
1.42 5D 475608375.571429 475612510.571429 5.20939471197363e-07 815 0.00739788468711656 0.132072762527133
1.43 5D 476986992 476990077.333333 5.16965639839552e-07 101 0.00910049108910891 0
1.44 5D 478957080 478959551 5.21526710462814e-07 21 0 NA
1.45 5D 480052244.75 480057374.875 5.29545795634022e-07 812 0.00498326356087263 0.101715004229951
1.46 5D 480592894 480597318 5.34712630853627e-07 444 0.00280290777027027 0.428783541673522
1.47 5D 482344808.5 482350300.5 5.58104558141498e-07 333 0.0283367795795796 0.021431184162486
1.48 5D 483947351.6 483950864.2 5.87934647245943e-07 466 0.00906456008583691 0
1.5 5D 487010678 487015397.5 6.32223652144348e-07 179 0.00491452290502793 0
1.51 5D 488341683.875 488346357.375 6.2056666741674e-07 999 0.00915519379379379 0.0379012329993884
1.52 5D 489841003.8 489846441.8 6.41984207143911e-07 1094 0.00321404914305302 0
1.53 5D 491240118.25 491249156.75 6.7027813272008e-07 337 0 NA
1.54 5D 492668604.666667 492673779.333333 6.88850382930405e-07 1085 0.00096998549124424 0.301491865727541
1.56 5D 494464089 494471137.5 7.06361455591503e-07 377 0.00357845437665782 0.120164290066996
1.57 5D 496007159.2 496010515.8 7.2043862303658e-07 388 0.00359628778350515 0.205462511364274
1.58 5D 497774077 497783034 7.35655492823684e-07 108 0 NA
1.59 5D 498439700.25 498445142 7.41063910326558e-07 754 0.0121841120954907 0.0406413623937871
1.6 5D 499649718.5 499653474.5 7.50508641627163e-07 274 0.0168797605839416 0.0519137893815908
1.61 5D 501028153 501033969.5 7.60667415947454e-07 330 0 NA
1.62 5D 501855467 501862602 7.66443717933105e-07 681 0.00381823706314244 0.0327319574227935
1.64 5D 503669584 503673987 7.78243246645378e-07 166 0.00192926 0
1.66 5D 506187054.666667 506194518.666667 7.92713754176424e-07 713 0.00252870322580645 0.159311764385495
1.67 5D 507794355 507799109.285714 8.00766036825297e-07 977 0.00904105179119754 0.0192355157091033
1.68 5D 509567048 509570795 8.08613342130051e-07 26 0 NA
1.69 5D 509672899 509673907 8.09040978507388e-07 64 0 NA
1.7 5D 511255542.666667 511258682.666667 8.15017725964047e-07 957 0.00211536945663532 0
1.71 5D 512655801 512663962.5 8.19636269333996e-07 242 0.00113767239669421 0.568025570695452
1.72 5D 513511339 513516476 8.22091493524264e-07 136 0.0221612 0.109587477212425
1.73 5D 515260733 515264450.5 8.26308606031111e-07 218 0.00401551926605505 0
1.74 5D 517512836.166667 517519623.333333 8.30141842847994e-07 701 0.0127673869472183 0.0348794780232143
1.75 5D 519301303.666667 519306212.5 8.31933326456497e-07 837 0.00339030882915173 0.0534578286286808
1.76 5D 520795756 520802664 8.32571121336888e-07 848 0.00661132857311321 0.137498053722157
1.77 5D 521568491 521572834.75 8.32567000024793e-07 377 0.00097596299734748 0.548643571927394
1.79 5D 524754226.5 524757224 8.30425107614888e-07 242 0.0137040152892562 0.0879267800409707
1.8 5D 525999729.166667 526004982.833333 8.4350697579842e-07 813 0.00510765648216482 0
1.81 5D 527160574 527170754 8.81301860588262e-07 741 0.0200092658569501 0.0521308731056179
1.82 5D 528642051.857143 528647866.285714 9.3965779946435e-07 682 0.00130703042521994 0.0944007803501198
1.83 5D 529845170.25 529849870 9.80721579099032e-07 400 0.001714581 0.477213806171887
1.84 5D 530645503 530649282 1.00527589240408e-06 223 0.0134737 0
1.85 5D 532333748.666667 532337173.666667 1.0477324685324e-06 122 0.00457491147540984 0
1.86 5D 533419103.5 533424796.5 1.06925165301382e-06 123 0.00903810731707317 0
1.87 5D 534125645 534130060.5 1.08055660015366e-06 479 0.00449908496868476 0.0574180470099766
1.88 5D 535066321 535069324.5 1.09279709744951e-06 27 0 NA
1.89 5D 536165543.5 536171696.5 1.10232029593749e-06 376 0.00824277281914894 0.149153446989013
1.9 5D 536929579.5 536933467.5 1.10597401193e-06 390 0.00393768092307692 0.250396881397508
1.91 5D 537732575.2 537737232 1.107683116243e-06 713 0.00424138238429173 0.265338405969178
1.92 5D 538594127.571429 538602941.285714 1.10649210016685e-06 1151 0.00536296749782798 0.247701859189085
1.93 5D 539337786 539344487 1.10308221214548e-06 1163 0.00878973903697334 0.0234218256425687
1.94 5D 540151159 540157259.5 1.09672608710276e-06 127 0 NA
1.96 5D 541607250 541611954 1.07890040834517e-06 58 0 NA
1.98 5D 542854897 542859314.5 1.04946092235479e-06 70 0 NA
2 5D 544611899 544615156 9.74840153618513e-07 172 0.0107218 0
2.01 5D 545648098.75 545653580.25 9.10236499698696e-07 162 0.0108629345679012 0
2.02 5D 546937712.142857 546943436 7.96973908403207e-07 521 0.00823154921305182 0.0664974903892196
2.03 5D 547984056 547987307 7.33790375074304e-07 24 0 NA
2.04 5D 549684736.666667 549690171.666667 5.90450173930844e-07 268 0.0065952171641791 0
2.05 5D 550436989 550444336 6.02107847834221e-07 38 0 NA
2.06 5D 553454247 553458776.666667 6.25015644961854e-07 532 0.012467415037594 0
2.08 5D 556182612 556188152.5 7.72551447295218e-07 215 0.0120935348837209 0.0422931091376903
2.09 5D 557323237.75 557327763.75 6.23257398109208e-07 573 0.00854858122164049 0.177546555677598
2.1 5D 558292819 558297780.166667 4.83371181917742e-07 762 0.00797278339895013 0.25410843957246
2.11 5D 563043529.428571 563049663 1.17056158145138e-07 2816 0.00655729673709754 0.096903509885879
0.01 6D 1769875 1774534 8.88949760267612e-07 116 0.0357143 0
0.02 6D 2255607.2 2261059.6 9.28217672527778e-07 1088 0.0134110427941176 0.0385504213982307
0.03 6D 3524614 3527965 1.03708254802114e-06 417 0.00516653697841727 0.151656966167895
0.04 6D 4725367.33333333 4729058 1.1496019254127e-06 224 0.0225356383928571 0
0.05 6D 5976319 5979473 1.25794286888948e-06 97 0.0229144 0.135556244108508
0.07 6D 7031534 7039268.5 1.37211257261297e-06 70 0.0321723428571429 0
0.08 6D 7396394 7399570 1.40776447708786e-06 104 0.0048583 0
0.1 6D 8787942 8792585 1.46601305070423e-06 209 0 NA
0.11 6D 9356082 9363201.33333333 1.47913847859547e-06 530 0.0179406607358491 0.0375881223065827
0.12 6D 10066078 10069418 1.44029915111365e-06 94 0.0634441 0.0876472359131897
0.13 6D 10801364.5 10807649.5 1.33241410739286e-06 693 0.0283046993362193 0.0157489803762281
0.14 6D 11890682 11893982 9.8142863329946e-07 101 0.0164204 0
0.15 6D 13475032.6666667 13487310.6666667 1.0004966778956e-06 66 0.0221482181818182 0.258224014737077
0.16 6D 14011245 14013443 9.78018039641642e-07 46 0 Inf
0.18 6D 15515266 15523093 8.8920674559036e-07 314 0.0037293 0.145061807845976
0.19 6D 16201438.5 16209347.5 8.5663577200081e-07 710 0.00271253746478873 0
0.2 6D 17592172.25 17595852.25 7.55576125375426e-07 474 0.00525964628691983 0.314612984715879
0.21 6D 20547817 20553543 8.71333847783441e-07 15 0 NA
0.22 6D 21980166 21985295 1.15826557640829e-06 31 0 NA
0.23 6D 23075148 23077733 1.61234452382925e-06 42 0.00789474 0
0.24 6D 23832531 23836586 1.91035153059135e-06 559 0.00985401 0
0.25 6D 24334758 24339167.5 2.0403632794893e-06 69 0 NA
0.26 6D 24643765 24647753 2.09427810017561e-06 223 0.00139376905829596 0
0.3 6D 25781004 25784321 2.12411280207931e-06 169 0.00344149 0
0.31 6D 26248306 26251079 2.05725222364537e-06 188 0.00695378170212766 0.129253961123373
0.34 6D 27421302 27423375 1.85287195635347e-06 38 0 NA
0.35 6D 27520417 27527535 1.86164040201425e-06 74 0 NA
0.37 6D 28698748 28701929 1.88180498240244e-06 14 0.030303 0
0.4 6D 30281142 30285808 1.67262222065879e-06 315 0.00269251 0.474865460109712
0.41 6D 32296642 32299935 1.28934941715465e-06 107 0.0028169 0
0.42 6D 32567906.5 32571842.5 1.26401909720012e-06 84 0.0106500916666667 0
0.44 6D 34367704.5 34371590 1.09469676580213e-06 240 0.00861478429166667 0.109670394484582
0.45 6D 35298532.5 35303276 1.00600902424272e-06 84 0.0113612142857143 0
0.46 6D 36814745 36818843 8.60256397225814e-07 29 0 Inf
0.47 6D 37920912 37926334 7.52901840056245e-07 258 0.00563725 0
0.48 6D 39712624 39721402.5 6.37576924898503e-07 76 0.0118421052631579 0
0.49 6D 41999653.5 42007593 5.254279226582e-07 343 0.00158946227405248 0
0.5 6D 48589661.125 48595641.625 4.01742932373517e-07 709 0.00322305284706831 0
0.51 6D 53500567.75 53507814.25 3.35758586530957e-07 1537 0.000989012528301887 2.24131086803105
0.52 6D 56042355 56047088 3.14448212005553e-07 542 0.0016472465498155 0.658421198752524
0.53 6D 57675764.2857143 57681867.5714286 3.05919410523249e-07 688 0.00689137316860465 0.0760557112446752
0.54 6D 59217027 59224610.3333333 3.00816896317998e-07 733 0.00296667346521146 0.103104925514871
0.55 6D 60245588.3333333 60250632.3333333 2.99303988020086e-07 336 0 Inf
0.56 6D 61143342 61147557.5 2.99213135360742e-07 204 0 NA
0.57 6D 62523252.3333333 62532414.3333333 3.01358945140025e-07 609 0.00148750082101806 0.155601437484546
0.58 6D 65529978 65538633 3.15055332892391e-07 658 0.00159241732522796 0.162954545411165
0.59 6D 67808797.5 67811137.5 3.33597984517566e-07 288 0 Inf
0.6 6D 68923400.5 68928874 3.35800225678541e-07 1282 0.00238505912480499 0
0.61 6D 71520896 71527860 3.33896242764102e-07 32 0 NA
0.62 6D 75274252 75283297 3.30072018134105e-07 150 0 Inf
0.63 6D 78792004.2 78796954.2 3.27087847669413e-07 790 0.00289871376582278 0
0.64 6D 85696482.5 85704237.75 2.96960741920258e-07 803 0.00107654794520548 0.399239717375311
0.65 6D 87703145.5 87706585.5 2.75536608262704e-07 322 0 Inf
0.66 6D 91117740.8 91126996.2 2.41405584442013e-07 847 0.000451861501770956 0.636207698834865
0.67 6D 96007651.25 96011720 2.03714191598193e-07 372 0.00642342516129032 0.0605370465768656
0.68 6D 99958554.25 99963379.5 1.73196618680384e-07 752 0 Inf
0.69 6D 108681798.592593 108688123.962963 1.11485519995493e-07 3069 0.00218237287728401 0.0973829734984048
0.7 6D 145286844.644444 145295718.255556 7.72496533707058e-09 12259 0.00126676328179392 0.310112011199554
0.71 6D 218009794.92 218027262.84 3.31713338334437e-08 5173 0.000683900750692699 0.322000162977077
0.72 6D 242832549.5 242837153.5 6.45700804229173e-08 348 0.00261045844827586 0.161654126151312
0.73 6D 248266734 248273547 7.05502675908009e-08 20 0 NA
0.74 6D 254000776.7 254007433.6 7.64978401668794e-08 1136 0.000522520870500783 0.42765136310326
0.75 6D 262795234.4 262799315.6 8.52065853724905e-08 602 0.00125808333887043 0.115024114425391
0.76 6D 264671813.5 264679875 8.69623323046869e-08 622 0.00122616501607717 0.113979683394219
0.77 6D 265173638 265180559 8.74251554173748e-08 135 0 NA
0.78 6D 267369715.625 267374229.75 8.94237852216291e-08 743 0.00117048815612382 0.189382626360469
0.79 6D 270508119.4 270513578.7 9.22055114174075e-08 1533 0.00100887628180039 0.458198168127147
0.8 6D 273249133 273253043.333333 9.45619944904976e-08 222 0 Inf
0.81 6D 276455540.75 276461077.125 9.7234049406083e-08 1541 0.000218079120422731 3.07389987460536
0.82 6D 278141170 278148876 9.86015922854108e-08 304 0.00120478773026316 0.939763438891438
0.83 6D 283741263.75 283745148.25 1.02954254589807e-07 225 0.00394088533333333 0.201739304602959
0.84 6D 286312411.8 286317801.4 1.04855023536054e-07 219 0 Inf
0.85 6D 290206491.9 290212846.6 1.07620793180288e-07 980 0.00225215694897959 0.320572919617589
0.86 6D 294027615.75 294039053 1.10198103269812e-07 753 0.000692794183266932 1.16496025621517
0.87 6D 297949675.142857 297956108.714286 1.12702979855183e-07 949 0.000327940084299262 0.735876024540451
0.88 6D 303943510.2 303952367.7 1.16271726230867e-07 1195 0.00076969150162715 0.103742283144807
0.89 6D 307370940 307375518.384615 1.18163399814695e-07 738 0 Inf
0.9 6D 313148743.6 313154267.9 1.21108153951687e-07 1186 0.00028058347386172 1.38649715120262
0.91 6D 319250186 319254441.8 1.2387797665882e-07 538 0 Inf
0.92 6D 327863997.25 327868427.5 1.27237485773076e-07 1162 0.00275029637570691 0
0.93 6D 337231313.363636 337237540.272727 1.30093453719845e-07 776 0.00040270618556701 0.396028224
0.94 6D 351433932.09375 351438878.6875 1.29144706639563e-07 2594 0.00162226532741339 0.205153079394894
0.95 6D 363105887.866667 363112833 1.27044896386946e-07 3600 0.00202089735277778 0.153039766862533
0.96 6D 371320814.083333 371325810.333333 1.49571026762671e-07 2042 0.00131836775220372 0.257322546193791
0.97 6D 375764270.222222 375769416.222222 1.7326801652905e-07 1489 0.00108259120214909 0.514024255940666
0.98 6D 379512045.875 379515858.125 1.91472977130853e-07 871 0.000971788886337543 0.376712968846073
0.99 6D 381861315 381865765.714286 1.9525798727543e-07 853 0.00174899492966002 0.299261064473019
1 6D 385127406.857143 385133134.571429 2.10234458266994e-07 794 0.00115249780856423 0.228801803237008
1.01 6D 387896437.666667 387900829.5 2.30255171068217e-07 386 0.0179907901554404 0.0772103812471695
1.02 6D 392636724 392642814.1 2.52136340361186e-07 942 0.000385907879216796 0
1.03 6D 400603304.210526 400610611.052632 2.95465899593246e-07 4154 0.000540157291914085 0.553076481549717
1.04 6D 405111753.5 405117036.333333 3.38918952484352e-07 678 0.000458376002949853 0
1.05 6D 409723370.857143 409727273.571429 4.5483879899931e-07 345 0 NA
1.06 6D 411968625 411978646.5 5.10217204933753e-07 192 0.003565826875 0
1.07 6D 414417894.666667 414423126 5.61780769157505e-07 102 0 NA
1.08 6D 417754195 417758589 6.2590170990756e-07 18 0 NA
1.09 6D 419110184.5 419121575.5 6.49938996711635e-07 309 0.00230866019417476 0
1.1 6D 420521511.714286 420525450.142857 6.73521895017338e-07 584 0.00451228267123288 0.189202380588982
1.11 6D 421998303.5 422005671.75 6.96955887782215e-07 772 0.00152786224525043 0
1.13 6D 424730045.5 424738741 7.36594123931798e-07 386 0.00765098445595855 0.114144585003792
1.14 6D 425979946.5 425991629.5 7.53103284572514e-07 302 0.00309277043046358 0
1.15 6D 427229630 427232724 7.68526755441912e-07 24 0 NA
1.16 6D 428556271 428560661.5 7.82447748613365e-07 236 0 NA
1.17 6D 429118586 429123126.75 7.83392604555898e-07 131 0 NA
1.18 6D 429836321 429844955 7.85328968806466e-07 263 0.00402315 0.17172439506357
1.19 6D 430844082 430847579 7.89609160835545e-07 213 0 Inf
1.2 6D 431515509.75 431521678.5 7.93498671955486e-07 1272 0.00616035510220126 0.102132750303492
1.21 6D 432542485 432550743 8.00914646001848e-07 602 0.00554324699335548 0
1.22 6D 433382512 433386678 7.99665199156626e-07 188 0 NA
1.23 6D 433991344 433995776.5 7.98897939705146e-07 320 0.00581864975 0
1.24 6D 434481684 434485584.666667 7.9946717407217e-07 111 0 NA
1.26 6D 436477415 436481356.5 8.14238440626924e-07 69 0.00883366956521739 0.280000105000105
1.27 6D 437503044.571429 437510991.428571 8.27992898481161e-07 1071 0.0116142536283847 0.114928661650832
1.28 6D 438777371.2 438786633 8.23458614792645e-07 590 0.00430445529661017 0.182039500460427
1.29 6D 440007191 440010098.5 8.20008748096233e-07 153 0.00442924183006536 0
1.31 6D 442908587.5 442913661.166667 8.65285623928166e-07 1052 0.00620199409695817 0.0399613347098704
1.32 6D 446202732.666667 446207149 9.89797156816312e-07 297 0.00621900723905724 0.0666894905086646
1.33 6D 447837947 447841729 1.00452009178378e-06 172 0.00794573255813954 0
1.34 6D 448639756.333333 448645049.333333 1.06586615414151e-06 121 0.00922265454545455 0
1.36 6D 450100028 450105830 1.29370956982881e-06 377 0.00342319 0
1.37 6D 451002087.166667 451007766.5 1.39723519224676e-06 1116 0.00967384772401434 0.062378866520298
1.38 6D 451699170.666667 451704376.666667 1.45779735570224e-06 433 0.00977800251732102 0.0202549752123179
1.39 6D 451907708 451913442 1.4727848302703e-06 177 0.0118726 0
1.41 6D 453007774.5 453012254.5 1.52334845127222e-06 214 0.0166984454205607 0.0689501310452729
1.43 6D 454143295 454147233.666667 1.52891443183059e-06 199 0.019216248241206 0
1.44 6D 454480146 454485765 1.52191417268889e-06 205 0 NA
1.45 6D 455328405 455334026.5 1.56817492430672e-06 467 0.00309021391862955 0
1.46 6D 455885919 455891452 1.65267298140272e-06 340 0.0123457 0
1.47 6D 456729688.333333 456733271.666667 1.75632758414104e-06 193 0.0360204943005181 0.0336363564702961
1.5 6D 458762279.5 458766537 1.76841493988568e-06 453 0.0160571487417219 0
1.52 6D 459829226 459838904.5 1.63082388342559e-06 341 0 NA
1.53 6D 460628566.6 460632926 1.46428826008167e-06 252 0.00768668492063492 0.121853028061409
1.54 6D 461180494.5 461185326.5 1.37460118555743e-06 426 0.00266385830985915 0
1.55 6D 461711745 461716376 1.29758869341775e-06 258 0.00242424 0
1.56 6D 462560310.833333 462566011.5 1.14661743171875e-06 965 0.0210642833160622 0.0183524112278971
1.58 6D 463851137.333333 463854600.333333 9.19856764497314e-07 178 0.0109506584269663 0.0636461652400769
1.59 6D 465116031.75 465120697.625 7.51615277554604e-07 1030 0.00939805259361997 0.0733263229001472
1.6 6D 468190723.6 468196162.8 3.39914137670267e-07 605 0.0148841723471074 0.0814906695489622
1.61 6D 472156728.444444 472163336 2.34741642971855e-10 2687 0.0128520767845181 0.0265603155976438
0 7D 207994 212443 NA 16 0 Inf
0.01 7D 1948957.8 1954442.8 6.70321783451652e-07 947 0.0210766139281943 0.071626718146723
0.03 7D 4776625.15384615 4782380.69230769 7.09855418317706e-07 1602 0.00667047369538077 0.0472834719779113
0.04 7D 6548136.66666667 6552725.66666667 7.35549950125789e-07 326 0.00494283993865031 0.0589963649595099
0.05 7D 7318146.75 7320757.5 7.47182350549143e-07 274 0.0326650270072993 0
0.07 7D 10712165 10714174 8.0017939348012e-07 50 0 NA
0.08 7D 11225136 11230170.5 8.08457201823258e-07 157 0.00304970191082803 0
0.09 7D 12873448.25 12881692 8.35416570853088e-07 1428 0.000635526964285714 0
0.1 7D 13542435.5 13547186 8.46488989387417e-07 191 0.0181707926701571 0.0755175197156336
0.11 7D 14713813.5 14718616.5 8.64824493040641e-07 203 0.00635454975369458 0
0.12 7D 15828982 15834313 8.79668015061423e-07 141 0 Inf
0.13 7D 16922202 16927277 8.9523697358566e-07 463 0.0160413 0
0.15 7D 18707479.5714286 18712238.2857143 9.22972326656811e-07 667 0.0451491773863068 0.0184535073038862
0.16 7D 19630168.5 19634300 9.38408433292353e-07 42 0.0206513880952381 0.26639051012713
0.17 7D 20670847 20676951.6666667 9.5684572305051e-07 522 0.00875089053639847 0
0.19 7D 22643797.5 22647804.8333333 9.94572733564718e-07 653 0.0205516003062787 0.0664702047921062
0.23 7D 27341538.3333333 27345272 1.11240429367087e-06 102 0.0113099411764706 0.128492858096382
0.25 7D 29615717.6 29619677.4 1.13995043789655e-06 335 0.00548943402985075 0.0471206764430599
0.26 7D 30969449 30973512 1.14796341646607e-06 51 0.0165017 0
0.27 7D 31773718.3333333 31777739.6666667 1.18835270295057e-06 263 0.00398511174904943 0
0.28 7D 32686306 32691756 1.22545073973307e-06 19 0 Inf
0.29 7D 32992242 32998070 1.23547916624245e-06 197 0.00184803756345178 0.93294222929303
0.3 7D 34228923 34231035 1.29335506265001e-06 20 0.0571429 0
0.32 7D 35600155 35604233 1.37217619996966e-06 150 0.00353435 0
0.35 7D 37293883.5 37297750.5 1.3988224257147e-06 683 0.0138102549048316 0.0162209818809608
0.38 7D 39514328 39517510 1.31555310325248e-06 69 0.0114504 0.118820303220848
0.39 7D 40199017.5 40209077 1.2624429079232e-06 970 0.0070973213814433 0.139005364030368
0.4 7D 41008607 41012593.5 1.18363034536595e-06 36 0 NA
0.41 7D 41770728 41774203 1.09349379154336e-06 15 0 NA
0.42 7D 42495537 42499291 1.03820806314674e-06 59 0.00630252 0
0.43 7D 42806540.25 42812699.75 1.02999654175469e-06 271 0.00158144280442804 0
0.45 7D 44459131.6666667 44463964 9.95753787234915e-07 50 0 NA
0.46 7D 45225795 45230059 9.73328853249411e-07 282 0.00488656 0.7498362856488
0.47 7D 46085923.3333333 46090154.3333333 9.42938350798835e-07 144 0 NA
0.48 7D 46838388 46843665 9.12502432994739e-07 45 0.0243902 0
0.49 7D 48532308 48539318 8.24068357883383e-07 35 0 NA
0.5 7D 50502304 50508942.75 6.85674592737778e-07 1130 0.00420748976106195 0.0476363079313873
0.51 7D 53363221 53366173.6666667 6.37484973552566e-07 87 0.0183360586206897 0
0.52 7D 55404597 55407482 5.78074610116223e-07 137 0.00673778102189781 0
0.53 7D 58760763.8 58764082.8 4.93041268243886e-07 686 0.0168864265014577 0.0730584810497021
0.54 7D 60433789 60438219.5 5.08712870681843e-07 124 0.0477191564516129 0.0843948516381651
0.55 7D 62162381 62166920.5 5.20381560552282e-07 121 0.00779470016528926 0.308241480288705
0.56 7D 63630903.5 63635286.5 4.68286519207288e-07 218 0.0247314798165138 0.164246210295514
0.57 7D 64538042.6666667 64542594.1666667 4.46999007966776e-07 547 0.0160786466727605 0.0328143175183076
0.58 7D 66595264 66601382 4.24840478182016e-07 140 0 NA
0.6 7D 69870847.5 69873801 4.67591495399247e-07 16 0 NA
0.61 7D 72936703 72947152 4.99695307332626e-07 300 0.00201342 0
0.62 7D 75258098.5 75265348.6666667 5.08187501810794e-07 375 0.00179061373333333 0.283010838071684
0.63 7D 77777094.25 77781874.25 5.02426462502278e-07 302 0.00210216652317881 0.672702125081332
0.64 7D 78497293 78499128 4.99821563569194e-07 24 0 NA
0.65 7D 81118681.3333333 81128486.3333333 4.90154913037108e-07 93 0.0133701174193548 0.298331445155354
0.66 7D 83081386.4 83086740 4.88838246772409e-07 313 0.00429689201277955 0
0.67 7D 84800661.3333333 84808266 4.89519672656594e-07 61 0.0121504278688525 0
0.68 7D 87478384 87481357 4.88872676402407e-07 57 0 NA
0.69 7D 89600873.5 89604363.5 4.84025117122172e-07 106 0 Inf
0.7 7D 90928077 90932355.6666667 4.7902536174411e-07 249 0.00278342168674699 0.165369831705797
0.71 7D 94024726.1666667 94037962.6666667 4.6198067886663e-07 581 0.00738858464716007 0.0401763086326628
0.73 7D 98238239.75 98241735.75 4.26579578473834e-07 538 0.00267211657992565 0.417009219373818
0.74 7D 99616986 99618204 4.11889054559143e-07 7 NA NA
0.75 7D 101540462 101546989 3.88679757748666e-07 583 0.00457725118353345 0.12676229942646
0.76 7D 104910970 104915648.25 3.40826149244139e-07 328 0.0167329853658537 0.0441550528793428
0.77 7D 106494522 106498065 3.19774515124836e-07 334 0.00256431269461078 0
0.78 7D 110937243.222222 110942986.666667 2.92627928914427e-07 1789 0.00236149240245947 0.112255055690797
0.79 7D 115543465.444444 115549497.888889 2.77827978146482e-07 1368 0.00891745659356725 0.0855546300996575
0.8 7D 122626830.25 122633589.75 2.54235668758893e-07 1238 0.00795890483267944 0.0535959166916753
0.81 7D 130129929.888889 130135444.333333 2.36765820562894e-07 631 0.00519815650894272 0.15471302884746
0.82 7D 136482101.25 136490603.75 2.27900097328937e-07 2280 0.00201609075 0.0915767576173684
0.83 7D 140334676.6 140340299.6 2.21390197111802e-07 279 0.00360022840501792 0
0.84 7D 146067788.714286 146074513 2.08824879204644e-07 739 0.000449009269282815 1.16965702719127
0.85 7D 149561733.25 149566324.75 2.02378860817616e-07 307 0.00112261247557003 0.719190546782701
0.86 7D 153510838.75 153516450 1.96116447364279e-07 388 0.00111561268041237 0.282087023883968
0.87 7D 156344923.166667 156349663.833333 1.92354005371695e-07 684 0 NA
0.88 7D 159404960 159410646 1.8895901230479e-07 397 0.00210704 0
0.89 7D 161572039 161577214.333333 1.86978968324054e-07 191 0.00797574471204189 0
0.9 7D 166130920.142857 166140043.285714 1.839270350322e-07 4365 0.00178838420847652 0.556136321494104
0.91 7D 170115141.25 170122145.625 1.81224513945774e-07 1499 0.004549893041075 0.134250360268737
0.92 7D 175339379.444444 175346824.111111 1.76360472296825e-07 1108 0.000575127454873646 0.739527959286752
0.93 7D 180091393.666667 180095374 1.6787886711971e-07 329 0 NA
0.94 7D 184064744.933333 184071786.2 1.60323125019639e-07 3143 0.00176001962456252 0.262484892823123
0.95 7D 190489284.846154 190495907.384615 1.47216953438935e-07 1485 0.00239720052525253 0.362337936826899
0.96 7D 198530542.714286 198538880.928571 1.29406694464271e-07 1276 0.00194809973354232 0
0.97 7D 213912707.357143 213917883.214286 8.88736896166516e-08 5194 0.00121625011349128 0.166282253090408
0.98 7D 246235549.06 246240772.68 2.28617522003402e-08 6931 0.000598573831263857 0.371751368505792
0.99 7D 315072917.188679 315082077.292453 1.97559283375793e-08 16121 0.00076239322084262 0.197376494300519
1 7D 386631242.956522 386636577.565217 4.20443211113149e-08 2562 0.00115331070127505 0.0758425334714906
1.01 7D 396359303.444444 396365397.777778 4.13735780970943e-08 1500 0.00085037756 0
1.02 7D 402072312.1 402078231.4 4.24174880537422e-08 657 0.00128105540334855 0
1.03 7D 409081193.875 409085797.625 4.51620578446762e-08 848 0.00203551570754717 0.131585939361294
1.04 7D 416659522 416664766.052632 4.9833014922654e-08 1818 0.00158090862119545 0.175724115876345
1.05 7D 427123581.083333 427129236.083333 5.91550268145617e-08 2069 0.000662041023946571 0.963759704388341
1.06 7D 448137878.326923 448144641.884615 9.01307884175623e-08 6490 0.00157139198850351 0.161946655675341
1.07 7D 470770170.083333 470775674.583333 1.25661432862246e-07 1970 0.0009712138635533 0.246507563609951
1.08 7D 478972038.428571 478977162 1.29605564083021e-07 686 0.0015670574829932 0.56716806858211
1.09 7D 486779810.571429 486785882.928571 1.50000960121282e-07 1199 0.00206312977481234 0
1.1 7D 492852734.714286 492858150.142857 1.77256820720239e-07 743 0.00174610897711978 0
1.11 7D 496795940.8 496801859.9 2.00264251010542e-07 1009 0.00180936156810924 0.0565937896047063
1.12 7D 500594085.714286 500598260.857143 2.26646219537274e-07 1005 0.000396950248756219 0.78455186935215
1.13 7D 506046721.714286 506054058.428571 2.59041442682376e-07 950 0.00236879996842105 0.0759272793143401
1.14 7D 510790728.75 510797104.75 2.79977424681807e-07 302 0.00453051125827815 0
1.15 7D 512269689 512273839 2.86663511479011e-07 246 0 Inf
1.16 7D 516026115 516033172 3.04012240470112e-07 223 0 NA
1.17 7D 517881840.5 517885518.25 3.12760028821191e-07 171 0 NA
1.18 7D 520399267 520404087 3.24818498875547e-07 419 0 NA
1.19 7D 524887780.25 524894056 3.4689398509792e-07 544 0 Inf
1.2 7D 528253839.75 528259347.25 3.63875995551702e-07 533 0 Inf
1.21 7D 530919226.857143 530924602.857143 3.77616810412745e-07 1230 0.00277816013821138 0.454235530102266
1.22 7D 534414871.333333 534421242.666667 3.96042940441697e-07 202 0.00534798 0
1.23 7D 535740378.5 535743328.5 4.03093567368073e-07 121 0.00970176446280992 0
1.26 7D 544513967.5 544518773.25 4.37496259607545e-07 619 0.00734221817447496 0.141668807834426
1.28 7D 549575649.8 549581616.4 4.45983585313995e-07 1361 0.00733968339456282 0.0236417726827574
1.29 7D 550974531 550982061 4.52138064507175e-07 55 0.00892857 0.29242868678859
1.3 7D 552961791 552966500 4.64176422699414e-07 51 0 NA
1.31 7D 554567691.5 554572539 4.76622200636821e-07 80 0 NA
1.32 7D 556639160 556643446 4.96251509636608e-07 82 0 Inf
1.33 7D 557841163 557843908 5.09482929868838e-07 182 0.0293365 0.0839459376544578
1.34 7D 559813517.333333 559815942 5.34314024400214e-07 169 0 NA
1.35 7D 561853976.25 561858958.25 5.63697278421014e-07 239 0.00348223640167364 0.183162325947171
1.36 7D 562815135 562819185 5.78712556194592e-07 41 0 NA
1.37 7D 566451821 566462579 6.13705996099462e-07 105 0.00911854 0
1.38 7D 567720116.75 567732327 6.25241067150797e-07 85 0.0148306447058824 0
1.39 7D 568915267 568920507.333333 6.36310501894822e-07 242 0.00615337140495868 0.186362259463649
1.4 7D 571006247.333333 571011323.666667 6.56534407600363e-07 187 0.00176803770053476 0.288733498768461
1.41 7D 573691998 573695342 6.83783586469229e-07 148 0.00708061 0
1.42 7D 573832438 573839735 6.85272396891883e-07 16 0 NA
1.43 7D 576082184.5 576087176 6.93193970720238e-07 512 0.0086313388671875 0
1.45 7D 577707630 577710350 7.11016761603515e-07 48 0.0401606 0.131225380098903
1.46 7D 579449013.5 579453734 7.39816450379076e-07 447 0.0150101947203579 0.0278147963997337
1.47 7D 580236733.666667 580242708.666667 7.4566655303705e-07 452 0.00985784811946903 0.0554060485498577
1.48 7D 580852973 580854606 7.49907395181988e-07 79 0.0177476 0
1.49 7D 582298930 582301236 7.61248462392305e-07 8 NA NA
1.52 7D 585001864 585006386.333333 7.87207562491263e-07 58 0 NA
1.53 7D 586484621 586488990 8.04031404248684e-07 54 0.0283912 0
1.54 7D 587663989.714286 587668643.285714 8.18839428261802e-07 850 0.00345926628235294 0.0704662451473814
1.55 7D 588554001 588557303 8.30634077337293e-07 70 0 NA
1.57 7D 591759334.5 591766896 8.79061774676593e-07 144 0 NA
1.58 7D 593190980 593197390.333333 9.03417774521295e-07 96 0.00483093333333333 0
1.59 7D 593666925 593670309 9.11876899277067e-07 33 0.109091 0
1.6 7D 595656681 595661639.5 9.49524230400653e-07 130 0.00363774276923077 0
1.61 7D 596785328 596787527 9.5266041166003e-07 80 0.0139796975 0
1.62 7D 598357714 598360832 9.35899942694521e-07 8 NA NA
1.64 7D 600856559 600861221 1.02462037986834e-06 38 0.0167598 0.397188510602752
1.65 7D 600970124 600972998 1.03194843339617e-06 33 0 NA
1.66 7D 602493973 602498100.5 1.16390464988464e-06 174 0.0137298804597701 0
1.69 7D 605679933 605682628 1.23019179346373e-06 28 0 NA
1.7 7D 606760251.25 606764256.5 1.1807058254572e-06 204 0.0341436833333333 0
1.75 7D 610799892.666667 610809017 1.18563757424124e-06 507 0.0203301049309665 0.0788223868932842
1.76 7D 611405705.8 611413249.8 1.19189487411684e-06 661 0.00286333343419062 0.0449462614430014
1.77 7D 611747566 611753881 1.19422206342683e-06 1174 0.0167322436967632 0.0220979802327104
1.78 7D 612436494 612439881 1.19578954255939e-06 33 0 NA
1.79 7D 612926318 612929640.5 1.19449285966302e-06 145 0.003306832 0
1.8 7D 613522680 613527897 1.19020585794885e-06 264 0.00354645537878788 0
1.81 7D 613698515.75 613702814 1.18835037016579e-06 291 0.01182284604811 0.101801712927984
1.83 7D 614538679 614545375 1.17609315734158e-06 711 0.00216997 0.100449314967488
1.84 7D 615461477 615466202 1.15584052196629e-06 59 0 NA
1.86 7D 616035255 616041322 1.13963783442929e-06 56 0 NA
1.87 7D 616636830.333333 616641457.666667 1.11960428754451e-06 597 0.0256691435510888 0.0346303355819862
1.89 7D 618029401 618033856 1.06208500991408e-06 50 0.0452381 0
1.9 7D 618679526 618681954 1.02968301253853e-06 198 0.014452 0
1.91 7D 619393821 619401314 9.89820546026476e-07 131 0.00542636 0
1.92 7D 620181746 620188866.5 9.40687011210614e-07 355 0.00980832842253521 0.1110654656381
1.93 7D 621482763 621488760 8.89990117361748e-07 139 0.00881676 0.200139280189094
1.94 7D 623539839.75 623543596.5 8.58318863133199e-07 108 0.008177 0
1.95 7D 631763261.764706 631769523.823529 5.60007010722771e-07 2225 0.00731558433707865 0.0733001638800944
