poscM Chromosome Start End recRate nb_complete_site piSyn f0
0.02 1B 1409955.6 1415970 NA 1024 0.00722174647460938 0.0433851093836875
0.06 1B 4330336.5 4334975 7.68685814193422e-07 202 0.0045118396039604 0.132107208361367
0.07 1B 4475908 4479190 7.67437826550965e-07 49 0.0299145 0
0.09 1B 6473815 6477799 7.49121041341185e-07 28 0 Inf
0.12 1B 8662571.33333333 8671397.66666667 7.26637504832272e-07 402 0.0170313040298507 0.0728225969299476
0.13 1B 9837979 9844502 7.13613779510062e-07 206 0.0045169613592233 0
0.14 1B 10153833.5 10156831 7.10001034062584e-07 91 0.00746230868131868 0.217269118714977
0.15 1B 11857187 11860248 6.89525639551083e-07 288 0.0322867541666667 0
0.18 1B 14798200.75 14805040.75 6.5580631736794e-07 771 0.0121372146303502 0.0907056447141901
0.19 1B 15533087.3333333 15537587.3333333 6.48458856668318e-07 65 0.0169230769230769 0
0.2 1B 17594932 17601865 6.28597592332163e-07 219 0.018299499543379 0
0.21 1B 18419377 18423130 6.20777349669413e-07 33 0.0140515 0
0.22 1B 20588785 20595873 6.00431779138865e-07 45 0 NA
0.25 1B 26044066.3333333 26046542.6666667 5.41945424284386e-07 153 0.0199948699346405 0
0.27 1B 28810569 28824577 5.22267811633846e-07 130 0.00380228 0.397761343194084
0.28 1B 33153221.25 33161699 4.69499840877231e-07 569 0.00863489732864675 0.0769956135691981
0.29 1B 40508835.875 40513483.25 3.98619860445492e-07 586 0.0203458178059483 0
0.31 1B 44193451.6666667 44199945.6666667 3.5618601582004e-07 750 0.00397428712 0.148204656134658
0.32 1B 47544015 47546636 3.19486715217127e-07 72 0.0101449 0
0.33 1B 51851272.6 51855913.8 2.77926585922111e-07 499 0.000643453258517034 1.48487568218149
0.34 1B 55232244 55246733 2.48795113560228e-07 187 0.00379750053475936 0
0.35 1B 56936763 56943352 2.35608114493241e-07 82 0.00973207317073171 0
0.38 1B 61523932 61528965 2.0473857406945e-07 8 NA NA
0.39 1B 68591647 68599390 1.70695755370498e-07 1122 0.00439640338680927 0.155050394661039
0.4 1B 72468584.5 72473591 1.57929057169792e-07 449 0 Inf
0.41 1B 95416437.4117647 95420989.4117647 8.47134436609015e-08 1692 0.00265805918882979 0.0402231874182489
0.42 1B 116171955.3 116178364.15 6.85206921998636e-09 3645 0.00204024205761317 0.166405152873076
0.43 1B 207587377.340278 207596284.402778 5.36216164668005e-09 22254 0.000683670654661862 0.280951045245173
0.44 1B 322258887.230769 322265801.430769 2.64720694499582e-08 9466 0.00116884298576526 0.35264971260292
0.45 1B 361843046.538462 361849774.410256 3.16759174364786e-08 5281 0.00157722267891847 0.160768582501952
0.46 1B 387958402.840909 387963461.431818 3.52358755700338e-08 4731 0.000845712687086166 0.289743052366683
0.47 1B 410580714.548387 410587536.483871 4.94018731495448e-08 5953 0.000879912463197345 0.339991252097418
0.48 1B 428902351.24 428908751.44 6.63859643676087e-08 3536 0.00212644473333805 0.0331545036149353
0.49 1B 443468493.782609 443475574.565217 7.56401775101084e-08 2864 0.00146710435072493 0.486598507409819
0.5 1B 454940165.857143 454946656.142857 8.05503107235054e-08 2932 0.000675045204638472 0.361522414642597
0.51 1B 466936757.111111 466942679.888889 8.51559922388356e-08 1537 0.00263141169160703 0.0638186821738015
0.52 1B 475447578.75 475453209.5 9.24256401905077e-08 1995 0.00178114977990431 0.0700310992216734
0.53 1B 482833197.266667 482839243.466667 1.01995044974487e-07 1490 0.00384282520613615 0.175803834865832
0.54 1B 490516907.083333 490520506.833333 1.15169708282633e-07 965 0.00453145367875648 0.111992679012657
0.55 1B 499874064.538462 499878564.307692 1.35126776843657e-07 1433 0.00186624111653873 0.209654720458054
0.56 1B 510523285.375 510527277.5625 1.59849612400879e-07 2370 0.00152196925316456 0.103947538675278
0.57 1B 519812044.5 519818114.4 1.8950829811645e-07 1656 0.00226936570048309 0.108812692558967
0.58 1B 527194767 527201073.5 2.03340539952384e-07 164 0 Inf
0.59 1B 530816098.714286 530820469.857143 2.11641090093588e-07 960 0.00456213192361111 0.0288463449662439
0.6 1B 535897528.25 535903761.5 2.35785853640883e-07 384 0.0045795 0
0.61 1B 540906371.666667 540909999 2.55887543637894e-07 210 0.00152214752380952 0
0.62 1B 543167217.6 543171231.8 2.62099962189397e-07 562 0.00831300427046263 0.0879982235953085
0.63 1B 545520242.6 545524096.8 2.66677267873519e-07 326 0.00509702656441718 0.0572461367558059
0.64 1B 547965998 547975530 2.6974256063876e-07 1439 0.000886361 0.176226165185517
0.65 1B 551765551.25 551772070.25 2.70302308124852e-07 682 0.0053286768914956 0.0689783019428954
0.66 1B 554913678.4 554917553.4 2.67161425590695e-07 399 0.000747894887218045 0.795241185903719
0.67 1B 558684626 558689435.333333 2.59155942236603e-07 107 0.00320111757009346 0
0.68 1B 562657175.8 562663165 2.58323886981564e-07 684 0.0117255682748538 0.0429231169695924
0.69 1B 566445843.5 566453826.25 2.73375360870182e-07 1347 0.00177024579064588 0.349220201483813
0.7 1B 569469539.166667 569478462.5 2.64220935920594e-07 820 0.00242186436585366 0
0.71 1B 572934921.75 572941604.875 2.31508235013662e-07 1246 0.00583914559390048 0.121914501605035
0.72 1B 576368576.25 576372095.5 1.91892920552876e-07 192 0.00944110833333334 0.0913869134361873
0.73 1B 582604779.571429 582611020.5 1.82673885896069e-07 2358 0.00336411472434266 0.0280370257024443
0.74 1B 587627226.4 587633159.6 2.18245258534869e-07 835 0.00571552386706587 0
0.75 1B 593353398 593356729.25 2.24419112739907e-07 588 0.000594560969387755 0
0.76 1B 598489575.428571 598494418.857143 2.36573062563252e-07 761 0.0104296676872536 0.09223966377295
0.77 1B 604562640 604566950 3.08313551409377e-07 1002 0.01424674500998 0.109729652012469
0.78 1B 607422720.5 607428429 3.42512073080156e-07 380 0.00512877789473684 0.227666181478752
0.79 1B 610212344.5 610218355.25 3.69069294977813e-07 220 0 NA
0.8 1B 613211136.666667 613218204 3.95099350809212e-07 319 0.0151860215987461 0
0.81 1B 614894397.4 614899395.4 4.08629614123258e-07 514 0.00370163360894942 0.203896440612172
0.82 1B 616615780 616619878 4.21703508884683e-07 177 0 NA
0.83 1B 617821668.333333 617828258.333333 4.30388385254475e-07 534 0.00631077988764045 0.024886062771268
0.84 1B 619416561 619420464 4.41251542446307e-07 43 0 NA
0.85 1B 622199162.6 622203545.8 4.58548617794189e-07 632 0.0165686830696203 0.074983409250697
0.86 1B 623727376 623731829 4.67207429156021e-07 232 0 Inf
0.87 1B 625805503.25 625811696 4.77858528688253e-07 495 0.00837979210774411 0
0.88 1B 628128255.5 628132218.5 4.88437924402596e-07 726 0.000505828925619835 0.946225857891392
0.89 1B 630705805.5 630709941 4.98981321384723e-07 399 0.014331154887218 0.0519921894756237
0.9 1B 634243194 634245901.333333 5.1700728189313e-07 117 0.0221538153846154 0.10040185240998
0.91 1B 637777962.666667 637783058 5.47587617017712e-07 197 0.00238877360406091 0
0.93 1B 640756441.333333 640761444 5.67948894892531e-07 198 0.00454545454545455 0
0.94 1B 641631365 641633178 5.89976590426719e-07 67 0 Inf
0.95 1B 642854797 642860349.5 5.84027508626333e-07 557 0.00180017055655296 0.763702920628905
0.98 1B 645636742.75 645642927.75 5.97398478422298e-07 705 0.0138446565106383 0.0439943456731696
0.99 1B 647227620 647240151 6.1372518545546e-07 558 0.00514072 0.139458285998848
1 1B 648444810 648454449 6.04980349192439e-07 446 0 NA
1.01 1B 653138822.5 653143062.333333 5.19201234198102e-07 682 0.00251859560117302 0.132063282719004
1.02 1B 655813510 655818286.5 5.40378974929814e-07 35 0 NA
1.03 1B 657486857.333333 657491315.666667 6.44318212360735e-07 956 0.00251819105648536 0.171066212290888
1.04 1B 659783632.25 659786671.5 8.26172864320269e-07 316 0.0013325810443038 0
1.05 1B 661536232.5 661539690.5 9.14214432781794e-07 50 0 NA
1.06 1B 662537811.75 662541698.25 9.44159042597483e-07 788 0.0188685 0.0176313626139987
1.08 1B 664657366 664661604 1.00421718343368e-06 581 0.0137800705679862 0.065060463232279
1.09 1B 665309787 665314775 1.02182170066867e-06 445 0.00603076 0.162373233224337
1.1 1B 666256742 666260483 1.04648954775992e-06 35 0.0561224 0
1.11 1B 666822513 666824459 1.06077214127809e-06 50 0.017673 0
1.12 1B 667450425 667456842.5 1.07628887558723e-06 234 0.0138340102564103 0
1.13 1B 668123309 668130260 1.09246520473414e-06 380 0.00888453163157895 0.292437984809566
1.14 1B 668756926 668763446 1.10723304577469e-06 317 0.00490046 0.30918526015925
1.15 1B 668987252.2 668990753.8 1.11246138187393e-06 911 0.00380370072667399 0.0268840037816289
1.16 1B 669895813 669902629 1.13274477897187e-06 100 0.0031746 0
1.17 1B 670384230 670390259 1.14326435948687e-06 303 0.0034622 0.456903125180521
1.19 1B 671199121 671202722 1.16025531563072e-06 98 0 NA
1.21 1B 673176183 673181970 1.19870390918206e-06 72 0.00711111 0
1.22 1B 673794184 673798839.5 1.20987376459671e-06 182 0.00477173489010989 0
1.23 1B 674623817 674629699 1.22427476220541e-06 168 0 Inf
1.24 1B 675599505.666667 675606198 1.24031229765958e-06 1066 0.00593558580675422 0.0398580570057963
1.25 1B 676426163.5 676432089 1.25394724774921e-06 91 0.00753531428571429 0
1.26 1B 677254014 677257494 1.2683718979755e-06 20 0 Inf
1.27 1B 678154485 678159353 1.28447931491315e-06 117 0.026048 0.122231934731935
1.28 1B 679750355.5 679755356 1.31370306265128e-06 113 0 NA
1.29 1B 680861625 680868122 1.33459882282223e-06 691 0.00108544 0.112142541273585
1.3 1B 681685814 681695473 1.35039832240591e-06 424 0.00248869 0
1.31 1B 683516039 683524121 1.38625935121547e-06 276 0.00186123097826087 0
1.32 1B 686157900 686164857.142857 1.44023525214361e-06 1941 0.00334481761978362 0.251658537795056
1.33 1B 688374878.5 688380653.25 NA 667 0.00245560010494753 0.0639588021937581
0.01 2B 1590376 1597994.5 1.17722694242774e-06 110 0.00700423272727273 0
0.03 2B 3397884 3406507 1.15548714767731e-06 182 0 NA
0.04 2B 4815316 4822770.5 1.13830941548685e-06 611 0.00175613483633388 0.0805734810122757
0.05 2B 6124976.5 6129137.5 1.12234219947809e-06 307 0.0123392576547231 0.0229048025817126
0.06 2B 6952532.66666667 6960036.66666667 1.11216509019637e-06 513 0.00743623245614035 0.194342895531068
0.09 2B 10478355.5 10482808 1.06845079985331e-06 49 0 NA
0.1 2B 11358443 11363727 1.05741389792829e-06 11 0 NA
0.11 2B 12024654 12027137 1.04904723225022e-06 88 0 NA
0.13 2B 14045642 14051486 1.02328403551549e-06 294 0.00545653 0
0.17 2B 18019768 18029453 9.73553707362327e-07 175 0.0168420142857143 0.0967445393789851
0.19 2B 19440639 19445593 9.56256878498299e-07 466 0.0035059 0.322473544596252
0.22 2B 22317103 22320961 9.21921174854031e-07 27 0 NA
0.23 2B 23113724 23118094 9.12579179744517e-07 181 0.0103306 0
0.24 2B 24238176 24243776 8.98837144744607e-07 13 0 NA
0.25 2B 25173159.5 25178016.5 8.86276709160899e-07 241 0.00378269834024896 0.155962565088063
0.27 2B 26391285 26398526.25 8.71192654766029e-07 466 0.0242713963519313 0
0.29 2B 27781568.3333333 27787225.6666667 8.55782261241684e-07 93 0.0173477462365591 0
0.32 2B 30494467 30499674 8.28655036283557e-07 273 0.00911751 0.0669080702955083
0.35 2B 34062375 34066465 7.84402239194024e-07 11 0 NA
0.38 2B 36972177 36975156 7.4940841029066e-07 66 0 Inf
0.39 2B 39303538 39310656 7.22149323497966e-07 131 0.0251479 0
0.4 2B 40246829.6666667 40259372.6666667 7.11305979612609e-07 305 0.00866197232786885 0.0968313444653858
0.41 2B 42160290 42166861.25 6.89760890980778e-07 953 0.00232552293809024 0.312733910538692
0.42 2B 42942475 42955169 6.81044949993734e-07 516 0.00268250953488372 0
0.43 2B 45433101.6666667 45440713.6666667 6.54004482627073e-07 2743 0.00714413311702516 0.0761673017253451
0.44 2B 46975450 46981333.3333333 6.37607242410321e-07 256 0.0107388506640625 0.180088700789409
0.45 2B 49284884.5 49296405 6.13651663332567e-07 427 0.002681367470726 0.313630724495491
0.46 2B 52791565.6666667 52797023 5.47484090565708e-07 559 0.00442135813953488 0.034439693289105
0.47 2B 56126247.5 56130634.8333333 4.68676366450442e-07 570 0.0168294582807018 0.0888569390755489
0.48 2B 58577449.625 58583181.75 4.53214863518012e-07 799 0.0019453889612015 0.477278054204204
0.49 2B 64227022.4 64232780.8 4.32263845458324e-07 684 0.00840923469298246 0
0.5 2B 67380179 67387043 4.36565146025946e-07 616 0.00625850137987013 0.0644137970407707
0.51 2B 69225190 69229779 4.32165283391578e-07 163 0 Inf
0.52 2B 72956158.6666667 72962679.6666667 4.09906456549208e-07 225 0.00226468666666667 0
0.53 2B 74246457 74252163 4.02785308949077e-07 19 0 NA
0.54 2B 77099149 77104245.5 3.88134635533976e-07 347 0.00792507838616715 0
0.57 2B 81759951 81763276 3.67313517310657e-07 164 0.00202634 0.645380340910212
0.58 2B 85144923 85148421 3.54652439979839e-07 289 0 NA
0.59 2B 87350408 87356624 3.47504179613544e-07 924 0.0168555 0
0.6 2B 88839830.3333333 88846902.8333333 3.43207963840907e-07 722 0.0039922671468144 0.0898368975690983
0.61 2B 91162960 91167343.3333333 3.38830899510849e-07 544 0.0244134733455882 0.0968979392594472
0.63 2B 96553401 96557307.2 3.31120368533049e-07 598 0.00456735910367893 0.0625203507091397
0.64 2B 98734976.875 98740918.875 3.2283635624452e-07 874 0.00246458493625368 0.327517313017351
0.65 2B 102417183 102426990 3.02019027524217e-07 767 0.00226843 0.757228567775951
0.66 2B 104525842.714286 104531538.571429 2.8572781788889e-07 812 0.00537218945812808 0.146135215017139
0.67 2B 109702233.666667 109707356.666667 2.30675521271972e-07 427 0.0126918545667447 0
0.68 2B 114491040.0625 114496222.4375 1.83280401401231e-07 2157 0.00131790441786432 0.755945807377471
0.69 2B 124901904.647059 124909791.058824 1.27668794256687e-07 3033 0.00347381746455654 0.110195724943412
0.7 2B 139942271.384615 139948402 9.41253907446266e-08 3493 0.0036448126458111 0.0606621658283861
0.71 2B 147575692.25 147579899.875 1.06586105347409e-07 1314 0.0018223996347032 0.191486502116032
0.72 2B 154420177.25 154424971.5 1.19108934486501e-07 569 0 Inf
0.73 2B 159795911.375 159800620.375 1.21734484388279e-07 845 0.00105828369230769 0
0.74 2B 165751246.8 165755540.7 1.2578786643344e-07 1387 0.0013010404037491 0
0.75 2B 173700404.380952 173705606.666667 1.17367584843032e-07 2974 0.00148648316408877 0.0544323229682274
0.76 2B 185610580 185616993.941176 9.02379336217427e-08 1348 0.000648518127101879 0.548390612162811
0.77 2B 206188816.137931 206194160.655172 6.43327524609823e-08 3295 0.00123540188770865 0.207720444160502
0.78 2B 221833023.678571 221840769.821429 4.64197422001314e-08 5100 0.00104839060920842 0.245821108613446
0.79 2B 241598481.84 241603613.52 2.74753210721532e-08 4104 0.00170405286464955 0.0754169481470934
0.8 2B 263241616 263250028.607143 1.51789031641147e-08 3033 0.000813212679723047 0.10390333754792
0.81 2B 337847553.862069 337861092.12069 5.80789386922119e-09 9362 0.000551059332087161 0.361693104343196
0.82 2B 404198765.788889 404205717.555556 2.35381811587136e-08 13975 0.000965353397051385 0.126279546232281
0.83 2B 446904599.131579 446909807.947368 4.36074656446319e-08 5062 0.00103928915250889 0.12336298822945
0.84 2B 464217254.684211 464225190.473684 5.92481207385989e-08 2630 0.000674452836501901 0.258769141893226
0.85 2B 477866754.588235 477871111.117647 7.0939869809994e-08 1189 0.00374027880571909 0.0509065283111825
0.86 2B 491649223.827586 491653489.241379 8.07714336919328e-08 1948 0.00212196623621568 0.260807667260669
0.87 2B 510015708.266667 510020890.8 9.12048865304698e-08 2468 0.00327865677471637 0.0618610954955696
0.88 2B 519381890.235294 519387110.529412 9.52332825023353e-08 1442 0.00207137248613037 0.11071403569556
0.89 2B 528658351.307692 528663876.615385 9.84104375514379e-08 1461 0.00210765342915811 0.128669311465324
0.9 2B 539138375.5 539143301.2 1.00983876446215e-07 1393 0.00237268467336683 0.0264055315496673
0.91 2B 545890220.615385 545898273 1.02893777848306e-07 1074 0.000922254990689013 0.296721785055507
0.92 2B 554345775.818182 554349788.909091 1.06020162160965e-07 471 0.0047831939447983 0
0.93 2B 560155362.5 560162959 1.03583171929575e-07 131 0.0102413129770992 0.0901964204255776
0.94 2B 571087215.75 571091806.166667 9.80874565141039e-08 2953 0.0023864165621402 0.256587675829865
0.95 2B 582346203.857143 582351490.214286 8.89182443144533e-08 1506 0.000634730037797528 0.210616970043035
0.96 2B 597807681.181818 597812702.181818 7.48683271427563e-08 712 0.00225459916432584 0.118225591689342
0.97 2B 609013846.888889 609023649.777778 7.36301048070562e-08 1253 0.00548044162809258 0.0212246076789566
0.98 2B 621107153.833333 621118400 8.22192065612523e-08 1058 0.00148365766540643 0.549371505807178
0.99 2B 632276383.266667 632280779.6 9.43845893283775e-08 2859 0.00522164223941938 0.207404769096837
1 2B 643669604.4375 643675506.75 1.03967884723514e-07 2367 0.00790175401098437 0.0326657057226167
1.01 2B 653481250.733333 653485962.933333 1.07245777660808e-07 1556 0.00236438318720162 0.279846597863575
1.02 2B 663151619.142857 663155882.428571 1.11696962876754e-07 710 0.00539040356807512 0
1.03 2B 673355227.6 673359368.4 1.17442498849118e-07 418 0.00131472602870813 0
1.04 2B 678892041.777778 678896563 1.17181898189249e-07 363 0.00152788484848485 1.78960488779569
1.05 2B 685370461.888889 685376166.222222 1.20570552687687e-07 2514 0.00772104263573986 0.0831165043482743
1.06 2B 694536695.727273 694541588.636364 1.23979249194704e-07 1303 0.00587098834996163 0.120016511540804
1.07 2B 700643364.75 700646767.25 1.23819235446705e-07 729 0.0154236466392318 0.0188621627646303
1.08 2B 710331224.666667 710337075.666667 1.25273490035634e-07 399 0.0067427745112782 0.136358495294228
1.09 2B 715126779.6 715132227 1.82536537076842e-07 1817 0.0051665921849202 0.123146553926213
1.1 2B 720537634 720544081.4 1.77099935022506e-07 1814 0.00826470006615215 0.0724717671747859
1.11 2B 727193315.833333 727198613.5 2.39880343470463e-07 2360 0.00829323318027735 0.0621233576842497
1.12 2B 731892718.5 731898837.75 3.3846285082288e-07 226 0.00895917575221239 0.0571491860334892
1.13 2B 735880602.5 735884528.5 4.34543262468858e-07 122 0.0125980114754098 0
1.15 2B 740892272 740897650.5 5.74174896152916e-07 206 0.0268382660194175 0.11767976813573
1.16 2B 742415256.25 742422500.25 6.0678697007902e-07 689 0 NA
1.17 2B 743830264.5 743836342.25 6.32591747599014e-07 250 0 NA
1.18 2B 745987831.25 745994333.5 6.6842781194594e-07 529 0.00814691052930057 0
1.19 2B 746585181.666667 746590438.666667 6.84221844425558e-07 213 0 Inf
1.2 2B 748566686.5 748572888.5 7.2888365462248e-07 228 0.0133633333333333 0
1.21 2B 749005616 749007517.5 7.36857489134571e-07 72 0.0107660222222222 0
1.23 2B 751416474.5 751424236 7.6869602683294e-07 331 0 Inf
1.24 2B 752637047 752640647.5 7.77077341578824e-07 145 0 NA
1.25 2B 753449728 753452465 7.79605745833346e-07 101 0.00633663366336634 0
1.26 2B 754663266 754667763 7.79576490208516e-07 199 0.00835465 0
1.29 2B 758592408 758597224 7.43535303388165e-07 112 0.00489297 0
1.31 2B 760906372.666667 760909701 7.31375211482853e-07 276 0.00609694869565217 0
1.32 2B 762243827.5 762250286.5 7.27582205668427e-07 94 0.0363270063829787 0
1.33 2B 763838760 763842823 7.13449327987703e-07 36 0 Inf
1.34 2B 764911031 764917830.666667 6.9760600182568e-07 473 0.00452529634249471 0.34005856773647
1.35 2B 766557473 766568984 6.64093889868835e-07 401 0.00665103 0.10636277388615
1.36 2B 767228086.4 767232323.2 6.47096700419614e-07 236 0.00724269025423729 0
1.37 2B 769071305.5 769077928 5.90635830494017e-07 57 0 NA
1.38 2B 770679795 770687184 5.45539331900259e-07 230 0.0374181 0.0568465528714713
1.39 2B 772582084 772594144 5.41701077932671e-07 481 0.00313189623700624 0.170941816289798
1.4 2B 775060546 775066337 5.18293743544842e-07 289 0.0306413010380623 0.0923272476617488
1.41 2B 776384876.666667 776390534.666667 4.95391548758845e-07 439 0.00561987888382688 0.128498918719959
1.42 2B 779356981.666667 779360319.333333 4.60055985880321e-07 121 0.0180315603305785 0
1.43 2B 781268878.333333 781273346.333333 4.41152752358399e-07 242 0.00876330884297521 0.0824549865061441
1.44 2B 785440951.571429 785446095.571429 3.87930321152681e-07 625 0.00617905890933333 0.188654561334449
1.45 2B 789592278.333333 789598489 3.29123960697468e-07 458 0.00913073947598253 0.129509337176659
1.46 2B 794475805.285714 794479791.571429 2.67477336119794e-07 442 0.00651346538461538 0
1.47 2B 798887053.75 798894309.25 2.18911426235282e-07 593 0.0089101307925801 0
1.48 2B 801216576 801224385 NA 71 0 NA
0 3B 218045 222328 NA 330 0.0072904 0.134500438933392
0.01 3B 981835 986933 NA 123 0.012828 0
0.02 3B 1616559 1618398 6.68250919828261e-07 25 0 NA
0.03 3B 2397871 2404559.5 6.72722133898524e-07 162 0.00297418660493827 0
0.04 3B 3252358.5 3261908 6.7660733094685e-07 731 0.0233526998632011 0
0.06 3B 4325448.5 4329499 6.79957752758495e-07 77 0 Inf
0.08 3B 6099731 6102990 6.81832021495217e-07 48 0 NA
0.09 3B 7229826 7234528 6.80633254258341e-07 414 0.0062672347826087 0.412060439170794
0.1 3B 8361251.66666667 8367140.16666667 6.79003460700373e-07 1100 0.01587023 0.0277136179443581
0.11 3B 9873855 9879998.33333333 6.85012775425552e-07 827 0.0045809892623942 0.750683641271762
0.12 3B 10915976 10921578 6.9296712313704e-07 363 0.0135946650137741 0
0.15 3B 16449576 16455782 7.2529930618912e-07 658 0.00374618 0.103936810297423
0.16 3B 18111430 18119560.5 7.55825018828422e-07 134 0.00216005731343284 0
0.17 3B 19443506 19448563.75 7.49700199785319e-07 534 0.0147791116104869 0.0329652844377889
0.18 3B 20382504 20383873 7.53330857975824e-07 4 NA NA
0.19 3B 22195429 22198079 8.07194486542663e-07 25 0 NA
0.2 3B 23596453 23600686 9.00532520329674e-07 88 0.0179641 0
0.21 3B 24397786.5 24401311.5 9.65785389858932e-07 94 0 NA
0.29 3B 31105028 31108804 9.48490162983793e-07 26 0 NA
0.3 3B 32285208 32288072 9.44110326343273e-07 49 0 NA
0.32 3B 33955369 33956554 8.97877769978347e-07 89 0.0156346 0
0.37 3B 42659857.6666667 42664005.3333333 5.74814706235052e-07 373 0.0098089308310992 0.0676354141566891
0.38 3B 44007715.5 44011486.5 5.28133672226695e-07 229 0.0104762279475983 0
0.39 3B 48885976 48889542 4.1164343393052e-07 97 0 NA
0.4 3B 50482944 50490108 3.84281741273596e-07 526 0.0147341171102662 0.0217583174179334
0.41 3B 54866252.5 54870749.75 3.42738720652256e-07 953 0.00859498834207765 0.0915730664533564
0.42 3B 57075031.6666667 57083117 3.10620047767723e-07 1563 0.00284506145873321 0.258009471131112
0.43 3B 59942444 59947729.75 2.75846689561657e-07 385 0.00654705496103896 0.0914002114467123
0.44 3B 62904748.3333333 62910479 2.57785771261699e-07 278 0.00690627615107914 0.0770608417032746
0.45 3B 66270674 66273766.1666667 2.34084623409166e-07 697 0.0251955167862267 0.0271470833735354
0.46 3B 70457754.6428571 70464192.1428571 1.90958647472088e-07 1373 0.00215014839766934 0.0669087611036519
0.47 3B 76071666.8 76078376.8 1.58201656987609e-07 164 0 NA
0.48 3B 81111456 81116111.4285714 1.3085016401451e-07 1072 0.0130107003731343 0.175952567830434
0.49 3B 102160835.789474 102165942.578947 4.77082196455696e-08 2610 0.00129857619199659 0.225021895882479
0.5 3B 121330501.5 121337179.272727 4.27530432254696e-08 3821 0.000825042973828841 0.467932881608667
0.51 3B 137803020.928571 137809278.5 5.75101291049463e-08 2257 0.00701199759585563 0.0564212823198289
0.52 3B 150905408.1875 150916751.1875 5.2588169629303e-08 1083 0.00390097893153937 0
0.53 3B 166937169.642857 166942802.5 4.57633314883939e-08 1336 0.00237840594426532 0.127998624380083
0.54 3B 186487101.913043 186492109 3.62870179773116e-08 2232 0.000550200967741935 0.398659788339315
0.55 3B 228288351.152174 228294741.413043 2.41089534015582e-08 5319 0.000840159707566357 0.035684158174897
0.56 3B 327829246.210526 327839871.359649 6.28093478792369e-09 15641 0.000621640123798176 0.328704874049631
0.57 3B 416931832.547945 416938677.109589 1.15174525613744e-08 9098 0.000744763617112855 0.288155563448956
0.58 3B 458622225.113636 458628580.318182 2.7058304869671e-08 5557 0.0029573997802857 0.0820687647911921
0.59 3B 494510652.645833 494516490.645833 4.24312095131924e-08 4645 0.0034290064726803 0.07216963523893
0.6 3B 525294104.678571 525299851.285714 5.53335619678313e-08 3343 0.00143588044823857 0.229437158163208
0.61 3B 541365518.777778 541371394.037037 6.26332471624262e-08 3010 0.00159010757475083 0.274789432955475
0.62 3B 551539715.928571 551548592.071429 6.59761095279363e-08 1589 0.00368836343772527 0.086595909219697
0.63 3B 561714618.555556 561720512.777778 6.8460261964864e-08 2154 0.00125855399373259 0.17559624422739
0.64 3B 575246170.842105 575250281.157895 7.35393051603547e-08 1703 0.00767670240475286 0.0618922445238242
0.65 3B 587041395.4 587049199.666667 7.25076239655778e-08 2345 0.00411177295719206 0.137068320778059
0.66 3B 603981189.611111 603986106.055556 6.8856732437667e-08 2214 0.00187645822041554 0.156274333830347
0.67 3B 618191641.529412 618196663.647059 7.77493372238917e-08 1862 0.00483647348549946 0.0529810230268898
0.68 3B 635099125.894737 635105151.842105 1.02628219057939e-07 2201 0.00236528144025443 0.139780486282474
0.69 3B 650458056.157895 650463744.052632 1.12553724464338e-07 1916 0.00118435639468801 0.193836861177006
0.7 3B 658411910.583333 658417901.416667 1.08814227574679e-07 976 0.00633429829918033 0.0383899025238142
0.71 3B 665874577.875 665878930.625 1.03611985853841e-07 573 0.00263309738219895 0.0625162735769021
0.72 3B 670618888.307692 670623083.384615 1.00889830312856e-07 1235 0.00404997376518219 0.117740923238049
0.73 3B 677085075.933333 677089882 9.27860976356492e-08 1210 0.0101026814049587 0.116539862483935
0.74 3B 687359932.6 687365248.9 7.35678934495403e-08 1856 0.00181058652478448 0.37590286480175
0.75 3B 701586191.137931 701591160.517241 4.29488598635277e-08 3418 0.00344573888353674 0.0813812244780027
0.76 3B 719341158.666667 719347013.4 2.05409484946798e-07 2253 0.00451015108664638 0.12130471681143
0.77 3B 724445025.9 724449780.7 2.78150450611219e-07 1070 0.00992059979231568 0.00888987425977158
0.78 3B 728905345.5 728910322 3.32232903380183e-07 270 0.00492452333333333 0.157265779361387
0.79 3B 730305007.333333 730308965.333333 3.53728725011675e-07 197 0.0062976130964467 0.178395201830477
0.8 3B 732522272.5 732526594.25 3.81171736006154e-07 458 0.0100699126637555 0
0.81 3B 734122220 734127455.5 3.95736214611697e-07 500 0.00184176594 0.349365712561717
0.83 3B 738121684.666667 738128899.333333 4.12813544380547e-07 115 0.0115917634782609 0.102439753324099
0.84 3B 739144006.5 739153503 4.13570030968118e-07 100 0 NA
0.85 3B 741797641.75 741802748.75 4.0586825455098e-07 756 0.00557652470899471 0.211366523604425
0.87 3B 749440919.2 749444542 4.31315594539354e-07 475 0.00607402115789474 0
0.89 3B 755381109.5 755389711.5 4.75593189594624e-07 257 0 Inf
0.92 3B 760131208 760137461 5.54767275268854e-07 4 NA NA
0.93 3B 760708913 760713984 5.71508525490522e-07 70 0 NA
0.94 3B 762306125 762309180 6.13095730466061e-07 46 0.0134228 0
0.97 3B 767832970 767839099 7.06963208671101e-07 85 0 Inf
1 3B 772663753 772676184 7.9446092435845e-07 479 0.000873744 0
1.03 3B 776356068 776361743 8.61442677574165e-07 307 0.00555556 0
1.05 3B 777991113 777993967 8.85163064950164e-07 67 0.00880302985074627 0
1.06 3B 779540580 779542761 8.96604897269941e-07 90 0.0647931 0.0386326630459108
1.07 3B 780383833 780388967 8.98311436818148e-07 24 0 Inf
1.08 3B 781251521.5 781257232.5 9.07939336477604e-07 242 0.00545680123966942 0.253120486005068
1.09 3B 782768946.666667 782778088.333333 9.31937183108583e-07 1087 0.00489988589696412 0.0451664618959257
1.1 3B 783468780.5 783472566.5 9.40090163860636e-07 70 0.0226439471428571 0
1.11 3B 784641989.5 784650372.5 9.49746773629925e-07 454 0.00417103799559471 0.246738410781816
1.12 3B 786141043 786143751 9.54678951717676e-07 18 0 NA
1.13 3B 786854303 786856956 9.54123382674694e-07 69 0.00454545 0.71983631983632
1.17 3B 791280668 791287389 9.08704176208958e-07 17 0.0375 0
1.2 3B 793263736 793268962 8.64948380561249e-07 80 0.0102881 0
1.21 3B 794866023 794869187.5 8.25992518702104e-07 249 0.0151271602409639 0
1.24 3B 797942310.2 797947648.2 7.79083291042173e-07 498 0.00726428493975904 0.0587676330660937
1.25 3B 798486036.333333 798491130.666667 7.75034870704605e-07 139 0.00254430561151079 0
1.26 3B 800663411.5 800666066.5 7.57263900421098e-07 83 0 Inf
1.27 3B 803756193 803760108 7.34557291077021e-07 289 0.0277825003460208 0.0284045733600497
1.28 3B 806786574.666667 806790485.666667 7.05752443933302e-07 193 0.0039216381865285 0.43700216245413
1.29 3B 809174776.2 809180260.2 6.75542859401073e-07 267 0 Inf
1.3 3B 810471600.666667 810476940 6.62258736638876e-07 539 0.0135747625974026 0
1.31 3B 810946802 810954391 6.57459732741668e-07 30 0.0179104 0
1.32 3B 812337170 812345279 6.43689826682962e-07 368 0.000959233 0
1.33 3B 812569181 812573220 6.41446757063926e-07 33 0.0176471 0
1.36 3B 815531254 815537399.666667 6.13423490642619e-07 776 0.00358542289948454 0.111765482221779
1.37 3B 816796236.666667 816798958.333333 6.01963891097943e-07 269 0.00862625130111524 0
1.39 3B 820241923 820246949.25 5.72033319565216e-07 136 0.0175560463235294 0.252398966117882
1.4 3B 823921419.2 823928743.6 5.39413555726739e-07 1060 0.00180435182075472 0.589179563896392
0.02 4B 1533460 1538009.75 1.05283894926374e-06 157 0.0414145222929936 0.0821377692471742
0.03 4B 2091971.5 2095095.5 1.0486231788709e-06 83 0.00990881325301205 0
0.06 4B 4520661 4526800 1.01381315479273e-06 48 0 NA
0.07 4B 4871309.5 4875177.5 1.00848981564178e-06 192 0.0067086196875 0.091705736039311
0.09 4B 7040331 7045203.5 9.73666533033466e-07 332 0.0374978231927711 0.0490427327857819
0.1 4B 7811580 7819291 9.60523416957625e-07 197 0.0247431664974619 0
0.13 4B 9676275 9683977 9.27202275840585e-07 368 0.00275862 0
0.14 4B 10588066 10592794 9.10112336478481e-07 616 0.0270142 0.0334582923055282
0.15 4B 11826059 11832957.5 8.88340531449909e-07 236 0.00634284877118644 0.0839302270151015
0.16 4B 12526842 12530906 8.76180389993564e-07 15 0 NA
0.17 4B 13418909 13424077.5 8.60628463053494e-07 229 0.0147139074235808 0
0.18 4B 14158566 14162307.3333333 8.4772671317101e-07 204 0 NA
0.2 4B 16071949.5 16078269.5 8.14436340575942e-07 300 0.0021578424 0
0.21 4B 17172173 17178059 7.95851628541062e-07 143 0.00696975524475525 0
0.22 4B 18298330.5 18310471.5 7.77151769045386e-07 774 0.00451106922093023 0.20814236871349
0.24 4B 19737929.3333333 19744140.3333333 7.53911421232997e-07 94 0.00643487446808511 0
0.25 4B 21195818.5 21201579.375 7.30984375419991e-07 890 0.0137645683483146 0.0744132494755916
0.26 4B 21937120 21944075 7.19536270484521e-07 51 0 NA
0.27 4B 22975082.6 22987148.4 7.03790647785976e-07 1083 0.0197925742012927 0.042518694857003
0.28 4B 24398379 24403352 6.82810659125814e-07 106 0 NA
0.29 4B 25704551 25711913.3333333 6.64043503962081e-07 555 0.00135850342342342 0.573465745426804
0.3 4B 27014369.8 27018462.8 6.45773363688555e-07 556 0.0206054149640288 0.0359098209806329
0.31 4B 28346318.2142857 28350932.1428571 6.27700379034259e-07 1282 0.0211942479719189 0.0324026944451884
0.32 4B 28949360 28960436 6.19633601322531e-07 86 0 NA
0.33 4B 30780898.5 30787678 5.9601127604787e-07 26 0 NA
0.34 4B 32309788.1428571 32317867.7142857 5.77079662188314e-07 1844 0.00412046317245119 0.0280019034252132
0.35 4B 33578506.75 33586004 5.61516923384659e-07 588 0.0080475487585034 0.0623978323969596
0.36 4B 35248441.75 35255614.75 5.35857508236213e-07 1379 0.010223615453227 0.0308545803781678
0.37 4B 37689759 37694794 4.96595597975177e-07 33 0.0352941 0
0.38 4B 38532609.875 38537819.625 4.83778091577675e-07 1419 0.003143891465821 0.0859917467747152
0.39 4B 41349696.1428571 41358695.8571429 4.30168510620471e-07 2564 0.00473125796021841 0.135678313303035
0.4 4B 50474040.05 50480629.75 2.84844003866199e-07 1712 0.00423047289719626 0.139499171368374
0.41 4B 66301031.047619 66308178.4761905 1.13362782092837e-07 2442 0.00537842657371007 0.0713402376848946
0.42 4B 88087464.8947368 88093941.7894737 2.77226388355777e-08 1699 0.00311326429664509 0.065675015705455
0.43 4B 121268487.294872 121274833.935897 2.03838430722682e-08 8181 0.00146042919800989 0.116589140439031
0.44 4B 174744153.897436 174750876.897436 2.15868170807104e-08 4452 0.00120176528265462 0.20962533072891
0.45 4B 326653684.443609 326663715.541353 8.81154228482238e-09 19880 0.000810802276319068 0.193652061736957
0.46 4B 413183719.833333 413188885.666667 4.27749435444488e-08 1575 0.00178394112268908 0
0.47 4B 429081588.36 429087792.52 5.47146613040329e-08 3030 0.00146608947983929 0.106638066964753
0.48 4B 446975701.206897 446980220.517241 6.79769530343442e-08 3838 0.000609576143631907 0.38134108366691
0.49 4B 463303482.682927 463309446.707317 7.74524591913075e-08 6766 0.00165474787747182 0.0854822878220349
0.5 4B 480575354 480579996.076923 8.50117166458733e-08 968 0.000659171590909091 0
0.51 4B 490940725.545455 490946067 8.80879938444822e-08 2054 0.0008992629406037 0.320730723064082
0.52 4B 502102759.818182 502109863.909091 9.03260406731812e-08 1951 0.00105588719118401 0.410381052532235
0.53 4B 512042901.545455 512049991.454545 9.13259949947335e-08 1743 0.000929244153757889 0.371706414536034
0.54 4B 521713505 521718855.409091 8.92180720310893e-08 1816 0.00339734210247535 0.0163023016622716
0.55 4B 531075676.272727 531081281.636364 8.65809823492356e-08 1089 0.00306266011937557 0.0599061649255514
0.56 4B 551828912.923077 551834435.038462 6.95690186156973e-08 5133 0.00320979333458017 0.177099824332215
0.57 4B 571000887.444444 571004726.777778 4.96820347625866e-08 971 0.00246863134912461 0
0.58 4B 577752275.411765 577756429.176471 6.15550396864259e-08 1320 0.0058476927282197 0.0972238694503067
0.59 4B 592423208.35 592429059.3 8.05134918365168e-08 3495 0.00546158110443491 0.0598194903178944
0.6 4B 603841352.923077 603847081.384615 1.20097463081127e-07 1577 0.00559993333544705 0.1066239441271
0.61 4B 611413544.307692 611419783.384615 1.4622208197889e-07 1597 0.00808302706741808 0.0577564997712785
0.62 4B 616863856.5 616869224.5 1.48753388252953e-07 833 0.00731157013205282 0
0.63 4B 621156371.25 621161596.5 1.49589354126554e-07 474 0.00596571179324895 0
0.64 4B 629989292.666667 629993334.666667 3.17268347976942e-07 111 0.0161013477477478 0
0.65 4B 634100421.666667 634107286.666667 4.65803689023797e-07 585 0.00482287388034188 0.0867249658661866
0.66 4B 637777440.25 637780089.25 5.70519084526791e-07 145 0.0452558082758621 0.0275312193876215
0.67 4B 639426090.333333 639429738.333333 6.24908084573207e-07 273 0.0030080080952381 0.104821684718744
0.68 4B 640683127 640690347 6.6921966797882e-07 378 0.00666535936507936 0.0567224785634948
0.69 4B 641805092.5 641810046 7.10755412025776e-07 444 0.00356495081081081 0.213417806404162
0.71 4B 643717891.5 643737238 7.77662348216508e-07 1540 0 NA
0.72 4B 645043282 645047330.5 8.14466931234529e-07 145 0 Inf
0.73 4B 646166706 646169287.5 8.46142344250284e-07 90 0 Inf
0.74 4B 646818111.5 646822993 8.64701140627294e-07 276 0.00120773054347826 0
0.75 4B 647622640 647626484 8.87703444458192e-07 8 NA NA
0.77 4B 649602163 649607404 9.45032401499275e-07 17 0 NA
0.78 4B 650760662.2 650765287.8 9.79005987552772e-07 409 0.0124858349633252 0.0544216512149269
0.8 4B 652767652 652779567 1.03875254331083e-06 247 0 NA
0.85 4B 656995990.333333 657000729.666667 1.16219558982191e-06 306 0.00478852117647059 0.135807561803504
0.86 4B 657977741 657983272 1.19054715715654e-06 772 0.0119238 0.00934869756285748
0.87 4B 658771762 658782331 1.21355984862287e-06 328 0 Inf
0.88 4B 659294551.333333 659305721.333333 1.22868206127209e-06 1590 0.00270260443396226 0.194837620003188
0.89 4B 660495258.666667 660499334 1.2633178116555e-06 476 0.0118979331932773 0
0.9 4B 661185709 661191597 1.28333593274345e-06 121 0.0177579 0.050182341380456
0.91 4B 662401027 662402631 1.31849572538117e-06 17 0 NA
0.94 4B 664773687 664777343 1.3874020957506e-06 106 0.00819672 0.140391522462644
0.97 4B 667653915 667657270 1.47120970774769e-06 87 0.0169379850574713 0.35079362192588
1 4B 670416070 670426539.5 1.55189685674916e-06 779 0.00270991807445443 0.131825300243316
1.01 4B 671754911 671761689 NA 171 0 NA
1.02 4B 672110644 672117065 NA 95 0.00622407 0
1.03 4B 673248310 673252632 NA 40 0 NA
0 5B 151854 156895.333333333 NA 492 0 NA
0.03 5B 1748923 1752849 NA 122 0 NA
0.05 5B 2558977 2563902 NA 28 0 NA
0.07 5B 3917424 3923351 NA 282 0.00196078 0
0.08 5B 4546069 4552406 NA 411 0.0108315 0.115388450353137
0.11 5B 6393220 6407926 NA 398 0.00454485 0.139755327458552
0.13 5B 7541069 7545930 9.84490759401226e-07 138 0 NA
0.15 5B 8905295 8919306 9.58926801831145e-07 581 0.00636273 0.100759422449169
0.16 5B 9263459 9267479 9.52231292372983e-07 102 0 NA
0.2 5B 12499911.3333333 12507320.6666667 8.88925150894505e-07 431 0.00496673707656613 0.1730227234948
0.21 5B 13448021.8 13452732.2 8.69771225444833e-07 527 0.00828302815939279 0.0744640942761851
0.22 5B 13717504 13721589 8.64279563026764e-07 45 0 NA
0.24 5B 15546995 15553626 8.26839557756668e-07 25 0 NA
0.25 5B 17544779 17547737 7.87135030065212e-07 116 0.00737705 0
0.26 5B 17973950 17977809.75 7.78629329442691e-07 381 0.00477202619422572 0
0.28 5B 21093008.5 21098312.75 7.18261688174197e-07 938 0.0046926328358209 0.129264618295665
0.29 5B 21749294 21752624 7.05975650465433e-07 121 0.00672269 0
0.3 5B 24340843 24346794.3333333 6.58741981466207e-07 431 0 NA
0.31 5B 27309076.75 27313968.5 6.07321314742091e-07 781 0.00499875730016462 0.0600813225129739
0.35 5B 33625527 33628992 4.76767934915129e-07 57 0.0235632 0
0.36 5B 35873217.5 35876492.5 4.39699564775671e-07 61 0 NA
0.37 5B 38166442 38168625 4.13492449015646e-07 80 0 NA
0.38 5B 41093348 41097077 3.57790508369955e-07 325 0.0149873 0
0.39 5B 45527004.2857143 45531588.7142857 2.96998103770827e-07 628 0.0104532337101911 0.402747221074857
0.4 5B 51059527.6666667 51067161.6666667 2.42488061337166e-07 218 0.001619 0
0.41 5B 55243512.5 55248565.5 1.92928533850588e-07 174 0 NA
0.42 5B 58986061.75 58991664.5 1.57287181085942e-07 423 0.00250829314420804 0.410338910419777
0.43 5B 68225624 68233045.8 7.72706235146645e-08 1666 0.00499542004134987 0.133517978301375
0.44 5B 82934844.8461538 82940872.3461538 1.83721036926984e-08 2484 0.00379808654814815 0.0315604826413748
0.45 5B 125732400.746667 125738200.506667 0 9809 0.000791772394690646 0.303658440511172
0.47 5B 158744083.1875 158760911.125 0 1569 0.000249082391332059 0.708537071702879
0.48 5B 210806696.059702 210815737.791045 2.88231831228161e-08 11436 0.000625891842427422 0.388401459146352
0.49 5B 270402105.75 270407811.625 5.01534424939514e-08 5313 0.00151635443497901 0.115778100743259
0.5 5B 298187538.66 298195759.06 4.01871562850423e-08 12368 0.000640591150064683 0.518410528467258
0.51 5B 324265763.862745 324272292.843137 2.64775355012428e-08 6082 0.00145593462032495 0.113691264234827
0.52 5B 364208793.017241 364214109.155172 2.40612707706184e-08 6050 0.00281442171729634 0.119526134906102
0.53 5B 400359290.529412 400364635.411765 7.60586573080942e-08 1414 0.00204096571782178 0.0308925488037326
0.54 5B 412526253.222222 412530641.333333 1.29038447288833e-07 830 0.0074875974126506 0.0434224906865775
0.55 5B 420903399.166667 420909644.833333 1.81997975136182e-07 1102 0.00180387511796733 0.122702727730165
0.56 5B 427028739.666667 427034494.166667 2.1858560163207e-07 783 0.00304805628812261 0.143763756320209
0.57 5B 431025314.6 431032171.6 2.38758533482227e-07 1590 0.00505753577106918 0.171175597386871
0.58 5B 435156029 435159077 2.56412503482985e-07 30 0.021978 0
0.59 5B 439056797 439060935.25 2.70065965066144e-07 268 0 Inf
0.6 5B 441584019.8 441589035.8 2.77380977766998e-07 1313 0.00295734906321401 0
0.62 5B 446515645.5 446520786 2.88232247986098e-07 95 0 NA
0.63 5B 448590992.75 448595212 2.91547892255271e-07 364 0.00598988967032967 0
0.65 5B 455012125.5 455017220 2.96409010927244e-07 1319 0.00249587052615618 0.545924387521385
0.66 5B 457672148.4 457676646.2 3.00909941765379e-07 416 0.00469041274038461 0
0.67 5B 461305942.5 461310351.166667 3.07887125144046e-07 581 0.00348091815490534 0
0.68 5B 465235336.9 465239847.2 3.11537563433425e-07 592 0.0107767407282282 0.119540145359417
0.69 5B 469788287.8 469792487.4 3.11088508923581e-07 581 0.00435464182444062 0.0791654889875757
0.7 5B 472456103.363636 472460877.181818 3.08502892842264e-07 1434 0.00228745488145049 0.103802442178783
0.71 5B 476699975.142857 476705939.714286 3.04341700395389e-07 931 0.00306759052631579 0
0.72 5B 479534580.2 479539686.5 2.95145105483732e-07 614 0.0054461328990228 0.21049577179588
0.73 5B 484544025.4 484548358.2 2.90635575851711e-07 367 0.0104496422343324 0
0.74 5B 488393838.5 488398127.333333 2.93509259502184e-07 405 0.00248196 0.208820070318778
0.75 5B 491443485.75 491449243 2.97665719147721e-07 793 0.00467069697351829 0.146469546508838
0.76 5B 496299377.5 496303114 2.90403943452117e-07 217 0 NA
0.77 5B 498469116.6 498472607.4 2.914624477256e-07 420 0.00893314214285714 0
0.78 5B 501595930 501599274.5 2.974054165447e-07 227 0 NA
0.79 5B 502621605 502626289 3.00717018287645e-07 142 0.00704834971830986 0
0.81 5B 506314645.625 506320487.625 3.17806796869717e-07 2429 0.00230051994236311 0.0564119893751479
0.82 5B 508126991.666667 508130829.833333 3.29108683973672e-07 741 0.00807026062078272 0
0.83 5B 510515840.333333 510521225 3.47065511430613e-07 200 0.0019589535 0
0.84 5B 514939083.666667 514944497.5 3.86913628282237e-07 474 0.00657793637130802 0.028399163468681
0.85 5B 518279354.4 518283565.4 4.09395333328732e-07 280 0.0169845133928571 0
0.86 5B 522598921.5 522604490.5 4.41306619318844e-07 299 0.00186645331103679 0
0.87 5B 525815081 525817733 4.68003738120915e-07 123 0 NA
0.88 5B 530053395.5 530058337 5.4844319121834e-07 90 0.0115107555555556 0
0.91 5B 536045679 536052111 6.0043275923267e-07 376 0.0220785 0
0.92 5B 536591016 536592976 6.10819169024205e-07 17 0 NA
0.93 5B 539216658.333333 539220818.333333 6.46238044779549e-07 146 0.0124636917808219 0.0921436127623305
0.94 5B 539583796.6 539590264.6 6.49208303185436e-07 404 0.00207494358910891 0
0.96 5B 541613075.5 541618016 6.57194554376501e-07 615 0.0161096528455285 0.0489676418314667
0.97 5B 542458456 542465046.666667 6.55939432208148e-07 413 0.00307389508474576 0.357503604102175
0.98 5B 543160659.333333 543167963 6.5322156175267e-07 325 0 Inf
0.99 5B 544757410 544760771 6.40549720310287e-07 30 0 NA
1 5B 545531673.666667 545538628.666667 6.31023313357137e-07 303 0 NA
1.01 5B 546791972.666667 546802141.666667 6.11050076311388e-07 279 0.00294931039426523 0
1.02 5B 548418669.666667 548425508 5.84597267405097e-07 116 0.0046551724137931 0
1.03 5B 549822674.5 549825959.5 5.62780885766773e-07 128 0.00216851765625 1.26576204525658
1.04 5B 550924087.875 550930431.75 5.42436617084669e-07 701 0.0120019025820257 0.111825831760571
1.05 5B 552399465.428571 552404141.285714 5.15944589421587e-07 965 0.0316279653678756 0.0406647716300657
1.06 5B 554488706.6 554495872 4.89159328490157e-07 1552 0.00230021949097938 0.0240525903420831
1.07 5B 557722318.428571 557727733.142857 4.54570328724605e-07 1163 0.0061220124677558 0.183389589503393
1.08 5B 561424419.25 561431349.25 4.21413420745227e-07 309 0 NA
1.09 5B 566788867 566795348.25 3.84106406047497e-07 1695 0.00389338012642225 0.0696160548717233
1.1 5B 571408301.25 571413907 3.66912987812418e-07 1859 0.00119680936525013 0.344793359280663
1.11 5B 575033633.25 575038917.125 3.73884430244697e-07 725 0.00405444413793103 0.0575565983084231
1.12 5B 577691842.6 577697495.8 3.80475854680566e-07 546 0.0113954103663004 0
1.13 5B 580635788.857143 580641001.714286 3.87441763107111e-07 413 0.00467121502824859 0.151900993445783
1.14 5B 582864658.4 582869273.4 4.1070498209503e-07 710 0.00672703073239436 0.140701878259153
1.15 5B 584379089 584382185 4.20494564400075e-07 148 0.00621047027027027 0.135216269473435
1.17 5B 587361116.6 587365286.4 4.08328421974095e-07 522 0.00389515333333333 0
1.18 5B 588639178.9 588644204.1 4.2049005950028e-07 1451 0.00210722855501953 0.324784012711658
1.19 5B 591371189.666667 591375873.666667 4.423367365604e-07 355 0.0265806974647887 0.0487885349525478
1.21 5B 595217777.666667 595221756.5 4.84415815808641e-07 437 0.00780649508009153 0.0709064081430638
1.22 5B 597859242 597867140 4.5756853985608e-07 49 0 NA
1.23 5B 601021196.833333 601025974.5 3.91495707754757e-07 489 0.0107150034846626 0.0793901164335381
1.24 5B 603733055.142857 603740436.285714 3.45508425990153e-07 1361 0.00495374922483468 0
1.25 5B 606023885.5 606027915 2.99614485894191e-07 162 0 NA
1.26 5B 607609380.333333 607614902 2.7335329193373e-07 1085 0.00096998549124424 0.301491865727541
1.27 5B 611346836.333333 611352678.333333 2.29589644379147e-07 553 0.00496281547920434 0.059068915906161
1.28 5B 619221860.272727 619226970 1.93706676886124e-07 1369 0.00801703763330898 0.0340185751518899
1.29 5B 625738984 625744426 1.29696446619952e-07 618 0.00320804608414239 0.0429292108402514
1.3 5B 632152829 632156564 1.67928632293941e-07 166 0.00192926 0
1.31 5B 638199217.666667 638205113.444444 2.02662596819647e-07 1369 0.00374590672023375 0.132873989963976
1.32 5B 642090187.285714 642094073.285714 2.57250146562681e-07 1231 0.00186817651502843 0.0680024425873927
1.33 5B 646809052.333333 646813137 3.24287024969072e-07 354 0.0109867412429379 0.0849221444728551
1.34 5B 650442765.857143 650449757.428571 3.52494734534011e-07 797 0.0125080333500627 0.0292266770451277
1.35 5B 653800690.2 653804432.4 4.11392365194033e-07 743 0.00226604211305518 0.090098848925373
1.36 5B 657039202.166667 657045267.833333 5.08031956783451e-07 1098 0.00510601696721311 0.173504511926564
1.37 5B 658809839 658813499 5.60382076324882e-07 262 0.00716152690839695 0.104447426226672
1.38 5B 660310016.25 660315884.5 5.98666375545388e-07 688 0.00603564639534884 0
1.39 5B 661437186 661441405 6.23663713267665e-07 83 0 NA
1.4 5B 662456581 662459290 6.43602968601466e-07 72 0 NA
1.41 5B 663219257.666667 663224216.666667 6.56824049743067e-07 838 0.0176931575178998 0.0521308731056179
1.42 5B 664867532 664873323.333333 6.80662750925515e-07 324 0 Inf
1.43 5B 665874912.4 665881966.2 6.91799711420415e-07 408 0.00273098881740196 0.0944007803501199
1.45 5B 668880297 668888994 7.10629127574601e-07 212 0.00323505849056604 0.120663721923899
1.46 5B 669894375.333333 669897641.666667 7.12180435159325e-07 416 0.00974414278846154 0.0603255890853958
1.47 5B 671871447.5 671874805.5 7.07014628561972e-07 74 0 NA
1.48 5B 673855351.6 673860003.6 6.93316350630787e-07 431 0.00257932064965197 0.111307779742359
1.49 5B 675039879 675043896 6.80321819469945e-07 286 0.0169116968531469 0.0472914234288913
1.5 5B 676434443 676439235.4 6.60402589380497e-07 694 0.00727304266930836 0.167193482136767
1.51 5B 678265287.25 678269912.25 6.35009478043034e-07 472 0.00292815826271186 0.149603358158766
1.52 5B 679428306.333333 679438633.666667 6.4099949259603e-07 584 0.0060002273630137 0.240446088347143
1.53 5B 680607231.4 680613396 6.4680144517413e-07 1688 0.00774169636848341 0.0404053624043955
1.54 5B 682164965 682171734 6.4868026244342e-07 38 0 NA
1.55 5B 683150781.5 683162913.75 6.46156484197594e-07 245 0 NA
1.56 5B 684453548 684457528.666667 6.38846698974246e-07 64 0.0115899609375 0
1.57 5B 685428909 685431848 6.33911663124191e-07 27 0.0237288 0
1.58 5B 686932232 686935350 6.35249334706992e-07 172 0.0107218 0
1.59 5B 687800680.5 687808373.5 6.36240247813229e-07 68 0.0258793441176471 0
1.6 5B 689370089 689374127 6.3691965912554e-07 68 0 NA
1.61 5B 690110364.714286 690115519.857143 6.3672446438775e-07 491 0.00873449519348269 0.0664974903892195
1.62 5B 692719146 692726400 6.33478185185653e-07 309 0 Inf
1.63 5B 694842031.25 694846541.25 6.27003271439841e-07 345 0.0123243536231884 0.0258629516860925
1.64 5B 698863436.75 698868659.75 6.11947591309141e-07 735 0.00828844353741497 0
1.65 5B 704218307 704223748.357143 5.98610534087038e-07 1609 0.00692626593536358 0.241510207274864
1.66 5B 708805289.428571 708811974.714286 5.93065612548501e-07 1301 0.00621812134511914 0
0 6B 163680 173488 NA 610 0.0161699 0.0570273780295487
0.02 6B 3384708 3387486 7.08632553100864e-07 272 0.0079929 0
0.03 6B 4005325 4009627 7.08910515021514e-07 219 0.0171017095890411 0
0.04 6B 4873125 4877529 7.1001589055629e-07 116 0.0357143 0
0.05 6B 6801204 6802304 7.15554562929438e-07 21 0 Inf
0.06 6B 8646975.66666667 8650716.66666667 7.2497942769197e-07 224 0.0225356383928571 0
0.09 6B 13201506.5 13206455.5 7.49627700665948e-07 134 0.00756521791044776 0
0.1 6B 15780439 15788214 7.48659882239638e-07 79 0 Inf
0.11 6B 17406539.5 17413404 7.5265334734992e-07 165 0.0143731025454545 0
0.12 6B 18655748 18659002 7.63377775603143e-07 94 0.0634441 0.0876472359131897
0.13 6B 20679829 20687936 7.66567465903525e-07 509 0.036886 0.0164537493900125
0.14 6B 21785427 21789217 7.60895314471756e-07 101 0.0164204 0
0.17 6B 25257957.5 25267853 7.74768569512342e-07 71 0 Inf
0.19 6B 27740218.5 27749757.5 7.77554727119737e-07 1010 0.00306623940594059 0.0548507563268554
0.21 6B 30147004 30151265 8.09809159338788e-07 251 0 NA
0.24 6B 32326215 32330387 8.27369861248473e-07 223 0.0111796965919283 0.314612984715879
0.27 6B 35808295.5 35812762 8.18671191229172e-07 46 0 NA
0.3 6B 38980691 38983634.5 7.72181040939858e-07 584 0.00943217738013699 0
0.31 6B 40106526 40110816.6666667 7.46615142077379e-07 223 0.00139376905829596 0
0.33 6B 42893230 42896051 6.63122900218364e-07 193 0.00677363191709845 0.0654607225200652
0.36 6B 48825101.5 48830102.5 3.88334247515235e-07 409 0.00211041134474328 0.425973202781451
0.37 6B 57082590.2 57086715.4 2.2181610279734e-07 543 0.00392412 0.233247157134375
0.38 6B 66216920.125 66220992.125 4.84552253252184e-08 585 0.0027696717948718 0.323598908322008
0.39 6B 77530345.375 77534023.375 2.11888376941971e-08 432 0.00478599127314815 0.180749524764411
0.4 6B 96789179.1428571 96793688.2142857 6.44553003932035e-08 821 0.0033260520266092 0.0986394272636987
0.41 6B 113093850.833333 113099778.166667 8.3908593630812e-08 342 0.00159489526315789 0
0.42 6B 121802481.444444 121808178.888889 1.01054727191669e-07 618 0 Inf
0.43 6B 130924583 130930742.933333 1.25574118139665e-07 2090 0.00373619331100478 0.165166184000279
0.44 6B 140196028.25 140202841.1875 1.50275391239048e-07 3075 0.00162970549528455 0.113573008517863
0.45 6B 148953928 148958856 1.42514166156519e-07 821 0.00724268649005278 0.0866922686382532
0.46 6B 154729042.25 154739197.25 1.1640145835549e-07 950 0.00217032066315789 0.159576981840418
0.47 6B 162765417.2 162773146 8.07714307225838e-08 808 0.00133735767326733 0.399239717375311
0.48 6B 201761594.658228 201767275.772152 1.95286784439679e-08 10208 0.00171733638522466 0.255016007913472
0.49 6B 255968007.857143 255974410.771429 1.52944091299399e-08 5148 0.00196682113811189 0.176844188904127
0.5 6B 344818853.125 344834157.140625 1.69451942652511e-09 9833 0.000733452569809146 0.331888482946464
0.51 6B 414330025.555556 414335722.888889 2.13952408685417e-08 1329 0.00196892492099323 0.108183579036968
0.52 6B 440114029 440121267.166667 4.29545548317436e-08 3902 0.00122467844424771 0.531179692073099
0.53 6B 466536397.208333 466543683.166667 7.01120393026911e-08 3423 0.000678421866402469 0.515671262516518
0.54 6B 478841500.285714 478847214.5 7.66236677767734e-08 1036 0.000301640926640927 0.78300672
0.55 6B 489672969 489677610.625 8.08581491970511e-08 714 0.00102203117647059 0.169595296760751
0.56 6B 495899911.5 495906505 8.27097507999346e-08 644 0.00427874447204969 0
0.57 6B 507952148.615385 507958514.384615 8.50342546004713e-08 1835 0 Inf
0.58 6B 525300182.178571 525305289.357143 8.54864497413718e-08 3001 0.00126849304744572 0.293742725212833
0.59 6B 541270769.388889 541277259.833333 8.19293279095264e-08 3299 0.00183447578517554 0.140035816364084
0.6 6B 553991748.166667 553997293.388889 6.2567391499931e-08 3185 0.00207803370486656 0.17562125081911
0.61 6B 562733120.384615 562737740.076923 5.85334004226735e-08 1764 0.00175210263605442 0.258163157577061
0.62 6B 569877802.133333 569882377 6.64744985411101e-08 1941 0.00117310293111062 0.330108832878056
0.63 6B 578295601.555556 578299507.333333 8.35004421372025e-08 762 0.0123376467060367 0.0793036062672863
0.64 6B 596937647.806452 596945248.193548 6.0553427083426e-08 5272 0.000497354992667835 0.514595254180856
0.65 6B 615686489.928571 615691437 1.20021842501165e-07 1013 0.000675852675222112 0
0.66 6B 625353976 625358238 1.91149058890654e-07 56 0 NA
0.67 6B 632896809.333333 632903005.333333 2.84947006907231e-07 792 0.00422796601010101 0.148894643049401
0.68 6B 634758588.2 634762465.6 3.10349163357412e-07 139 0 NA
0.69 6B 637024174 637042881 3.35929109483295e-07 388 0.00227998 0
0.7 6B 640280737.5 640289527 3.59897437846766e-07 386 0.00765098445595855 0.114144585003792
0.71 6B 641181099.333333 641192918 3.64132436450936e-07 426 0.0133679255164319 0.125171331244107
0.72 6B 643819037.5 643823580.5 3.69971948971648e-07 90 0 NA
0.73 6B 645676256.5 645681938.5 3.68937756838538e-07 497 0 NA
0.74 6B 649639329.333333 649646286.333333 3.85259716859508e-07 845 0.0035370498816568 0.357342891460896
0.75 6B 652627128 652632631 3.8011110770034e-07 1693 0.00545911853514471 0
0.76 6B 656787351 656791835.166667 3.48041807485986e-07 378 0.00554157119047619 0
0.77 6B 658938716.666667 658944658.666667 3.32087594620941e-07 376 0 Inf
0.78 6B 661007404 661010736.666667 3.1591737209066e-07 233 0.0473708141630901 0.0154625695035761
0.79 6B 662395850.6 662405763.6 3.07159388731645e-07 870 0.00231148176551724 0.710885083568149
0.8 6B 664368696.571429 664375630.571429 2.96183943892571e-07 712 0.00532742648876405 0.136507468193148
0.81 6B 668636202.333333 668641433.833333 2.61331205744369e-07 1095 0.00598707321461187 0.0397702558921171
0.82 6B 676335736.666667 676340232.333333 2.82442878941627e-07 242 0.0040318002892562 0.126246844981899
0.83 6B 679816878.8 679822835.4 5.38837037355068e-07 260 0.00525640769230769 0
0.84 6B 682548356 682554118 7.53565948056966e-07 377 0.00342319 0
0.86 6B 684899455.8 684905806 9.27807583363927e-07 1104 0.00930295911231884 0.0655708381303321
0.87 6B 686005148.8 686010354.2 9.78142561978847e-07 719 0.00881130082058415 0.0449447805702176
0.89 6B 688295935 688300481 1.01629708905854e-06 214 0.0166984454205607 0.0689501310452729
0.91 6B 689919228 689923507 9.88441452826664e-07 99 0.0386266 0
0.92 6B 690643550.5 690648018.5 9.61438320501137e-07 100 0 NA
0.93 6B 690955423 690960962 9.58488744614178e-07 205 0 NA
0.94 6B 692233497 692235643 9.93424445893496e-07 32 0 NA
0.95 6B 692774342 692783735 1.00863117490826e-06 435 0.00331754 0
0.96 6B 693119120 693125739 1.01575891871563e-06 340 0.0123457 0
0.97 6B 694353227.8 694356616.6 1.02533539107926e-06 587 0.0144217197444634 0.0479962429467765
1.01 6B 697756697.5 697762314.5 9.25433900959639e-07 453 0.0160571487417219 0
1.02 6B 699193117.5 699202599 8.82440463093536e-07 341 0 NA
1.03 6B 701386578 701392566 8.66875156386406e-07 80 0 NA
1.04 6B 701970085.166667 701973905.333333 8.64114502250303e-07 563 0.00564405063943162 0.0742808132290991
1.05 6B 704038332 704042869 8.52143082850115e-07 258 0.00242424 0
1.06 6B 704688429.25 704692691 8.47572756880063e-07 350 0.0130433857142857 0
1.07 6B 705437490.5 705442930.5 8.41966737839581e-07 383 0.0243281227154047 0.00936527840487177
1.08 6B 707013137.333333 707017294.666667 8.28534288943299e-07 389 0.00292403753213368 0.109068648783516
1.09 6B 708678835.6 708684327.2 8.11991925986182e-07 236 0.00429961122881356 0.516693271193961
1.1 6B 709767913 709772305 7.99952946515655e-07 1016 0.00833660915354331 0.0238063001667215
1.12 6B 712433729.5 712439679.75 7.66256493008611e-07 592 0.00561359535472973 0.101310872498865
1.13 6B 713971067 713976790 7.43997763622906e-07 236 0.00230382 0.156795235738903
1.14 6B 715650345.5 715655170 7.19466188569516e-07 261 0.0293768218390805 0.0519036139015687
1.15 6B 716622427 716628907 6.9021376832338e-07 231 0.0305031 0.0118852837908278
1.16 6B 718122117.5 718131041.5 6.68981079794639e-07 1092 0.0165394785714286 0.0124853621127817
1.17 6B 719349988.75 719356419.5 6.54278035283979e-07 800 0.005981082675 0
1.18 6B 720498209.5 720505127 NA 526 0.00882383551330799 0.130991483084311
0 7B 115309 119981 NA 211 0.00389307 0.291055645030785
0.01 7B 426179 431580 NA 183 0 NA
0.04 7B 2944187 2948732 7.6272321530102e-07 57 0.0156522 0
0.05 7B 3684186 3689427 7.54813196122462e-07 133 0.0229797 0.289738334268942
0.06 7B 4980056 4983483 7.40971775019594e-07 269 0.0172275304832714 0
0.07 7B 5647914 5655158.66666667 7.33809931935026e-07 191 0.0262285151832461 0.035140021060169
0.08 7B 6205105 6208685 7.27870104075744e-07 211 0.0101924963507109 0.211761827966436
0.1 7B 8519789 8526697 7.03080800760974e-07 140 0 NA
0.14 7B 11956967 11960056 6.66273770612381e-07 0 NA NA
0.17 7B 15592400 15602503 6.27228280230967e-07 300 0.00201342 0
0.19 7B 17648831 17657232 6.05146527467924e-07 32 0 Inf
0.2 7B 18207990 18218252 5.9912665183851e-07 155 0.00433213 0
0.22 7B 21384655.3333333 21388591.6666667 5.64991444150955e-07 121 0 NA
0.23 7B 22060069 22069630 5.57690923219157e-07 72 0 NA
0.24 7B 24229226.5 24235930.5 5.34342583566993e-07 151 0.00420433304635762 0.672702125081332
0.25 7B 25714900.3333333 25719248 5.18341209181536e-07 155 0 NA
0.26 7B 27279409.5 27282027.5 5.01476235851671e-07 12 0 NA
0.27 7B 28772636.5 28780012 4.85335883513059e-07 92 0.00901029652173913 0.298331445155354
0.28 7B 31952729 31957214.5 4.50999065484224e-07 137 0 NA
0.29 7B 33224779 33230147.6 4.37239899408962e-07 195 0.00862132820512821 0
0.3 7B 36298825.3333333 36302132 4.03983983075719e-07 109 0.0045331871559633 0
0.31 7B 41989979 41995389.3846154 3.25532601542909e-07 901 0.0146158392203108 0.036606515823055
0.32 7B 49405901.2727273 49418698.2727273 2.36906239280484e-07 1801 0.00277210091171571 0.163751141569584
0.33 7B 58879660.375 58885076.75 1.78462948369942e-07 829 0.0056175281544029 0.0726379569768315
0.34 7B 63956967 63961389.5714286 1.01125582162751e-07 756 0.00953606777777778 0.033615266563485
0.35 7B 70415908.3333333 70420723.2222222 1.39282942597419e-07 1472 0.00548429606657609 0.0847668293147402
0.36 7B 75451392.875 75457828.125 1.44391486593665e-07 909 0.00558953467546755 0.205414492763116
0.37 7B 82192512 82199758.5714286 1.50462447770304e-07 1279 0.00867107546520719 0
0.38 7B 89742393.7777778 89748817.5555556 1.56266089042084e-07 716 0.00275389959846369 0.0811144048787242
0.39 7B 96004335 96007272 1.56411187570708e-07 30 0 NA
0.4 7B 103340081.6 103348245.8 1.53091919078651e-07 2390 0.00225952212970711 0.0779499223138026
0.41 7B 107715025.555556 107722744.111111 1.53043122273876e-07 778 0 Inf
0.42 7B 113505776.333333 113511692.333333 1.52151739074626e-07 699 0.00125134079935622 0.475841742714387
0.43 7B 120310928.4 120315850.3 1.50956720804382e-07 1272 0.00185523751572327 0
0.44 7B 129634254.5 129643234 1.59375661495524e-07 4416 0.00176773031476449 0.556136321494104
0.45 7B 137193444.928571 137199912 1.47738123019743e-07 1813 0.00392337076329076 0.121298061666266
0.46 7B 143934722.833333 143941075.166667 1.19165343027846e-07 1132 0 Inf
0.47 7B 151608998.9 151617560.6 9.36033912179719e-08 2525 0.00089323184950495 0.51787687759286
0.48 7B 156979184.545455 156987328.090909 8.14529556456316e-08 1140 0.00518232636842105 0.116927266117087
0.49 7B 173889643 173895350.871795 5.53267019073121e-08 5112 0.00126809091858167 0.150468232220565
0.5 7B 214649582.689655 214655558.5 2.09827469942173e-08 7867 0.000889908052389494 0.197211330075373
0.51 7B 247993042.677419 248001603.258065 3.40757754758002e-08 3110 0.000552846995927117 0.232178988971346
0.52 7B 274140157.352941 274147409.529412 3.46051761366112e-08 1904 0.00124886389705882 0.216557876052102
0.53 7B 325637813.910714 325647970.053571 2.20331423235983e-08 9583 0.00122188076977223 0.172851349651767
0.54 7B 401070145.875 401075891.8 1.14098250824564e-08 9539 0.00114070821766555 0.121608154153822
0.55 7B 454728254.116279 454734969.255814 2.77158387232583e-08 5509 0.00109250461466602 0.147707902461703
0.56 7B 484137448.25 484142721.35 3.61879914343694e-08 2762 0.0023065235573002 0.216174870086909
0.57 7B 509032806.257143 509038393.285714 4.29570834675472e-08 4588 0.00176646427405732 0.0972295997236492
0.58 7B 530211264.307692 530217448.269231 5.31253330048433e-08 3020 0.00138158219232892 0.127497960917619
0.59 7B 561926322.4375 561931689.71875 4.43579398252057e-08 4359 0.00200303960334199 0.417123032237329
0.6 7B 577658220.5 577661213 1.38761620268786e-07 121 0.00970176446280992 0
0.62 7B 588389704 588393790.333333 1.62276551700565e-07 334 0.0112674431137725 0.147872249175331
0.63 7B 594288102 594294105.8 1.84839987622601e-07 1164 0.00900376327319588 0.0362361201305435
0.64 7B 602959760.666667 602963844.166667 1.69169642390569e-07 439 0.012162284738041 0.142250674861586
0.65 7B 607810153.4 607813589 1.66721895068061e-07 338 0.0129912603550296 0.110784888156489
0.66 7B 612831213.666667 612837512.666667 1.75855162311041e-07 253 0.00344700592885375 0
0.68 7B 624022433 624030771.666667 1.89737109309395e-07 579 0.00626865402202073 0.0869338856727763
0.69 7B 631046389 631051342.333333 1.97617773626955e-07 162 0 Inf
0.71 7B 638354930.6 638359908.4 2.40753023404844e-07 572 0.00848150052447552 0
0.72 7B 641737612.666667 641741334.666667 2.88470313948521e-07 249 0.0125794198393574 0.166275863457402
0.73 7B 646400048.666667 646406375 3.78542908249652e-07 597 0.0153255323283082 0.0473804869350835
0.74 7B 648965923.333333 648969386.333333 4.35738829818261e-07 192 0.017263694921875 0
0.75 7B 653015028.5 653019244.5 5.20128625383932e-07 46 0 NA
0.76 7B 653895158 653900231 5.36091024245036e-07 12 0 NA
0.77 7B 656507357 656510577 5.78490580432808e-07 54 0.0283912 0
0.78 7B 658575493.25 658580462.75 6.06595173013854e-07 646 0.00381392107327141 0
0.79 7B 660149794.5 660154132 6.25171381775605e-07 94 0.00414893617021277 0
0.8 7B 662816967 662818558 6.50445260009652e-07 101 0.0319780841584158 0
0.83 7B 667467588 667470488.5 6.75907700310935e-07 85 0.0619294470588235 0
0.84 7B 667989506 667994094.5 6.77294256455245e-07 50 0.009275392 0
0.85 7B 670278572 670289261 6.79952217689818e-07 83 0 NA
0.87 7B 672385976 672389869 6.77361845052183e-07 61 0 NA
0.88 7B 673955432 673963147 6.72300466347913e-07 112 0.00422238 0
0.89 7B 675435024 675437393 6.65061305918546e-07 80 0.0139796975 0
0.91 7B 677449647 677453105 6.51479448701285e-07 8 NA NA
0.93 7B 680116875.5 680120794 6.48343086906238e-07 71 0.0089700338028169 0.397188510602752
0.94 7B 682043665 682047228.5 6.54545265006776e-07 196 0.0121887714285714 0
0.95 7B 683509522 683515042 6.74360757170699e-07 22 0 NA
0.97 7B 685478267 685479217 6.97520556297162e-07 15 0 NA
1 7B 690553554 690556213 7.18220733428081e-07 27 0 NA
1.02 7B 692605245 692611235 7.10785634680443e-07 125 0.0255102 0
1.03 7B 693190704 693194113 7.06959807709439e-07 52 0.0166436 0
1.07 7B 699374666 699380885 6.20799909778814e-07 32 0 NA
1.08 7B 700379773.5 700389655.5 5.98703056802715e-07 1126 0.0108348371225577 0.0735669800916664
1.09 7B 701445152.2 701450742.4 5.7591242119342e-07 1287 0.0156356990986791 0.0215714335710732
1.1 7B 704110177.4 704115204 5.23978316803999e-07 459 0.00766168283224401 0.099594017983421
1.11 7B 705948111 705952407 5.01783550061617e-07 855 0.00396994230409357 0.0456583276106769
1.12 7B 709102345 709106967 4.62969912371811e-07 698 0.0211733878223496 0.0281011236147403
1.13 7B 711717954.5 711724314 4.25682553886696e-07 69 0.0393374710144928 0.0888888070175374
1.14 7B 714194027.5 714198589 3.81481179700874e-07 329 0.0108582041337386 0
1.15 7B 716957346 716966718 3.41042778691405e-07 271 0.00993125 0.143690874764002
1.16 7B 720522967.75 720527128.25 3.13627219541201e-07 213 0.00767154704225352 0.200139280189094
1.17 7B 725176500 725184438.5 2.81312157336874e-07 303 0 NA
1.18 7B 728151692.75 728155800.5 2.51453715875402e-07 987 0.011372712816616 0
1.19 7B 732789561.666667 732795116.666667 2.10952669188531e-07 819 0.00871599711843712 0.154577909124206
1.21 7B 741243768.5 741250954.333333 1.39745524833761e-07 781 0.0026108042637644 0.236734948159111
1.22 7B 748181676 748185957.666667 8.51634680429781e-08 104 0.0414049259615385 0.0577283365322358
