poscM Chromosome Start End recRate nb_complete_site piSyn f0
0.03 1A 1204175.16666667 1209050.16666667 1.28172625511137e-06 968 0.00523517800413223 0.0759726590934857
0.08 1A 3403685.33333333 3408569 1.22348203918487e-06 807 0.0163872727385378 0.038542678241753
0.12 1A 5491027 5495112 1.15658401937862e-06 28 0 Inf
0.14 1A 6569388 6576401 1.12599356487817e-06 43 0 NA
0.15 1A 7417672.5 7427479 1.10124111080895e-06 361 0.0181639130193906 0.0760367422690688
0.16 1A 8239469 8244826 1.07686217957833e-06 133 0.00761659593984962 0
0.17 1A 9104841 9110639 1.05050385683924e-06 206 0.0045169613592233 0
0.18 1A 9602738.33333333 9605994 1.03510898989329e-06 101 0.0143396147524752 0.101871745466959
0.19 1A 10066113 10069211 1.02151723414911e-06 288 0.0322867541666667 0
0.2 1A 11266930 11272520 9.88888332459153e-07 89 0 Inf
0.21 1A 11985899 11990353.25 9.6980810316892e-07 253 0.0240243889328063 0.0589124780048944
0.22 1A 13762566 13768572 9.23164064854122e-07 176 0.0227704 0
0.23 1A 14715713.8 14721242.2 8.95166696686152e-07 152 0.00989275986842105 0
0.26 1A 19895297 19897721 7.53136045557493e-07 15 0 NA
0.27 1A 20427511 20434169.6666667 7.39967854933247e-07 268 0.0132593712686567 0.0553289330849218
0.28 1A 21760904.8 21768164.8 7.08024633342341e-07 574 0.0106996005662021 0.0769956135691981
0.3 1A 24142617.5 24145840.5 6.51408299436471e-07 98 0.0156648821428571 0
0.31 1A 25620304.5 25627185 6.06857316574939e-07 176 0.00945711511363636 0
0.32 1A 27708166.4 27714360 5.38347341427891e-07 802 0.00746749655860349 0.0737620454359991
0.33 1A 30486931 30497827 4.62628958990486e-07 47 0 NA
0.34 1A 33228994.4285714 33235743.7142857 4.25355460330258e-07 598 0.00172444109698997 0.462336410183081
0.35 1A 36291198.5 36295503.5 3.33523217394584e-07 430 0.00331598469767442 0
0.37 1A 45668347 45673189.5 2.30131335000653e-07 135 0.00582714592592593 0.328467821169553
0.38 1A 49387375.1111111 49394362.4444444 2.22158153302377e-07 1112 0.00372850710431655 0.122146853721494
0.39 1A 53713747.7142857 53717730.4285714 1.76307989281087e-07 727 0.00338562404401651 0
0.4 1A 59094003.6923077 59098622.8461538 1.48615246274315e-07 1205 0.00284305834854772 0.0995880475053031
0.41 1A 64775706.2222222 64780089.6666667 1.30883463409857e-07 1576 0.00214699672033629 0.0283411397036314
0.42 1A 79095857.5238095 79102158.7142857 5.31983113889187e-08 5060 0.00208472981422925 0.161074209059077
0.43 1A 156097098.093023 156106492.596899 6.11183332573284e-09 20278 0.000756994335183802 0.295314855736981
0.44 1A 280632151.773333 280639163.426667 1.10923360634481e-08 10260 0.0010733992566891 0.360598793968969
0.45 1A 328489634.244444 328498638.244444 2.9807925908735e-08 5907 0.00151241391280761 0.204231133805035
0.46 1A 354159313.206897 354164633.931035 2.44325451961453e-08 3271 0.000937283061864 0.197390366975401
0.47 1A 368555777.75 368561122.5 1.50477995816951e-08 2395 0.000297450155323591 1.09594029741348
0.48 1A 380398366.444444 380408011.666667 1.43309027721436e-08 2966 0.00172265266373061 0.174264679080747
0.49 1A 394903622.111111 394910762.916667 2.24263052477748e-08 5535 0.00154032779975363 0.10177775139934
0.5 1A 425402533.552632 425409200.894737 7.09039987522369e-08 3951 0.000651565043308305 0.4741632325748
0.51 1A 446653218.566667 446659110.666667 1.28191281908653e-07 3780 0.00204633794198139 0.119275683314315
0.52 1A 459749671.235294 459755214 1.85450305716632e-07 1866 0.00282939816586281 0.189071143850652
0.53 1A 465318442.181818 465321569.636364 2.1316251890371e-07 596 0 Inf
0.54 1A 470444027.857143 470448130.857143 2.39478103704498e-07 710 0.00414126253521127 0.0963688558745302
0.55 1A 474064866.166667 474070229.166667 2.58489361724945e-07 1055 0.00135681850236967 0.391691702932156
0.56 1A 478601615.5 478609791.25 2.8388736536664e-07 650 0.00375106243076923 0.0832788140785943
0.57 1A 481707826.933333 481711394.533333 3.02690847006269e-07 1803 0.00116214584026622 0.0820369943631585
0.58 1A 485698321.625 485704891.875 3.28286120927254e-07 1439 0.00127797491313412 0.222362349136563
0.59 1A 487753958.5 487760107.25 3.42047038980063e-07 342 0.00901686842105263 0
0.6 1A 491215005 491221320 3.66534698038158e-07 96 0 Inf
0.61 1A 493675153 493679436.4 3.80050076434921e-07 648 0.00236426666666667 0
0.62 1A 494943518.5 494948047 3.8447332583479e-07 423 0.00522510127659574 0.0489945751229662
0.63 1A 496557717 496562939.5 3.88331965752947e-07 239 0.00416208577405858 0
0.64 1A 498620230.6 498624280 3.90287901996443e-07 607 0.000526607874794069 1.28615166454362
0.65 1A 500199006.6 500202978.6 3.8942500037167e-07 347 0.00490049337175793 0.0699232189289651
0.66 1A 502504691 502511770.5 3.88936682341671e-07 1465 0.00154672264778157 0.099195450489724
0.67 1A 506952646 506957774.444444 3.95884898047635e-07 1191 0.0033019040302267 0.124088389628995
0.68 1A 510513398 510517359.666667 3.78581982527248e-07 93 0.00368300623655914 0
0.69 1A 513506779.2 513512887 3.31331066173407e-07 684 0.0117255682748538 0.0429231169695924
0.7 1A 516542205.875 516548182.375 3.29299021494606e-07 1999 0.00218631808904452 0.190534832494337
0.71 1A 518755842.833333 518766001.166667 3.44917023453299e-07 1009 0.00141647632309217 0
0.72 1A 520237762.75 520244000.75 3.44801096399149e-07 405 0.0144354340740741 0.15171825645495
0.73 1A 521385322.5 521389414 3.47291645867981e-07 254 0.00310115275590551 0.187321275502328
0.74 1A 522706702 522713199 3.53111210590764e-07 96 0.0106770833333333 0.161616
0.75 1A 529496843.416667 529502591.75 4.31377231892195e-07 2220 0.00320978061261261 0.0312117568092442
0.76 1A 532226198.5 532233110.666667 4.62856639904845e-07 701 0.00755796770328103 0
0.77 1A 534436312.333333 534439769 4.69188795260149e-07 511 0.000684152348336595 0
0.78 1A 536507226.5 536510721 4.42775488527179e-07 47 0 NA
0.79 1A 537652724.2 537657647 4.35567456989524e-07 714 0.0111162144397759 0.09223966377295
0.81 1A 540142265 540146865.5 5.02838921799184e-07 625 0.0125598336 0.0540769703190972
0.82 1A 541700340.8 541703989.4 6.0731133229022e-07 489 0.00270717423312883 0.305693729650564
0.83 1A 542136091 542142921 6.42801153157682e-07 47 0 NA
0.84 1A 544231463.125 544236511 8.2286264196845e-07 754 0.00247814911140584 0.166095321536684
0.85 1A 546472766.875 546478704.875 1.024129561296e-06 1116 0.0124026560573477 0.0627862100118317
0.86 1A 549878478.538462 549883073 1.28554409214039e-06 1812 0.00510872505334805 0.128785711758235
0.87 1A 551550532.333333 551553982.166667 1.40077748283423e-06 836 0.00907525077751196 0
0.88 1A 552211319 552213816 1.47409451758736e-06 84 0.0308571 0.10040185240998
0.89 1A 553704158 553707207 1.60887420646116e-06 11 0 NA
0.9 1A 554365500 554371756.5 1.655161717973e-06 194 0.00161714226804124 0
0.91 1A 554887656 554890251 1.68619660190251e-06 3 NA NA
0.92 1A 555635269 555637755 1.7216065105036e-06 48 0.0650602 0
0.93 1A 556297389 556306081 1.74436526871546e-06 96 0 NA
0.94 1A 556796077 556800728 1.755984037852e-06 75 0.012 0
0.95 1A 557016652.666667 557021536.333333 1.75958576642677e-06 190 0 Inf
0.96 1A 557487151 557491334 1.76450617803736e-06 111 0 NA
0.98 1A 557943068 557947079 1.7652612809824e-06 149 0 NA
0.99 1A 558184883 558189224 1.76409132394855e-06 31 0.032345 0
1 1A 558528046.5 558535823 1.76053402265437e-06 406 0 Inf
1.07 1A 560420185.666667 560425939.333333 1.70167176801759e-06 562 0.0173674071886121 0.0439943456731696
1.08 1A 560946979 560952119 1.67343969526347e-06 143 0 NA
1.09 1A 561335324 561346990 1.64908765145755e-06 558 0.00514072 0.139458285998848
1.1 1A 561967125 561976767 1.60385723153153e-06 446 0 NA
1.14 1A 564264417 564269505.666667 1.37662985299256e-06 501 0.00395041548902196 0
1.16 1A 566058875.5 566063816.5 1.22396996481466e-06 35 0 NA
1.17 1A 566511867.833333 566517791.5 1.21307014206836e-06 401 0.00336867082294264 0
1.18 1A 567811677.333333 567818219 1.17066819525564e-06 798 0.00257621711779449 0.200320527865346
1.19 1A 570727474 570732247 1.06165974362002e-06 184 0 NA
1.2 1A 572192425 572196839.666667 1.00463914584926e-06 753 0.0182738346613546 0.00629093906537315
1.21 1A 573459068.4 573463536.2 9.51325763360273e-07 916 0.00948680262008734 0.110087152213937
1.22 1A 575141209.5 575147201.5 8.91803160691067e-07 300 0.0190414363333333 0.0248553816204586
1.23 1A 576595861.75 576602057.75 8.40104217903847e-07 928 0.00609133820043103 0.276106899851088
1.24 1A 577632517.75 577638336.5 8.0222678524424e-07 690 0.00271390253913043 0.235632386982559
1.25 1A 578516213 578522072 7.69298887934663e-07 303 0.0034622 0.456903125180521
1.27 1A 579580153 579584504 7.28816037104827e-07 170 0.00301176423529412 0
1.28 1A 580456142 580461126 6.94844470758705e-07 182 0.00477173489010989 0
1.29 1A 581942416.8 581948362 6.35740467671764e-07 1135 0.002396562 0.124331327093021
1.3 1A 583289126.25 583294014.75 5.81364132623396e-07 257 0.016704086381323 0.0410466909213156
1.31 1A 584592927.5 584597374 5.2985549296462e-07 117 0.026048 0.122231934731935
1.32 1A 586972662.5 586977589.5 4.36257269328613e-07 113 0 NA
1.33 1A 591657258.45 591663047.8 2.89818523925691e-07 3742 0.00261236814804917 0.208095662715896
0 2A 1856337.33333333 1863476.33333333 5.95241604245269e-07 632 0.00342225930379747 0.358000452621267
0.01 2A 4079357.25 4084722.375 5.26402585480676e-07 959 0.00633762432221064 0.028500873976352
0.02 2A 5675975 5678969 4.57788804178607e-07 80 0.00963082 0
0.03 2A 7687208 7692711 3.80057626927135e-07 11 0 NA
0.04 2A 8368596 8370950 3.56016959623875e-07 88 0 NA
0.05 2A 15643443.4736842 15649253.2631579 7.9736030781955e-08 1926 0.0110239096313603 0.0428993308298052
0.06 2A 21396309 21401317 5.83360703499767e-07 22 0 NA
0.07 2A 24278547 24285255 8.39343336967196e-07 131 0.0251479 0
0.08 2A 25466400 25468918 9.14247735940395e-07 66 0 Inf
0.1 2A 27238197 27251005.3333333 9.92973995209054e-07 305 0.00866197232786885 0.0968313444653858
0.12 2A 28802715.3333333 28808923 1.03018434813217e-06 133 0.0108019360902256 0.117158752173013
0.13 2A 29360308.6 29368894.2 1.05203821082466e-06 1429 0.00251952293911826 0.192503202173511
0.14 2A 30147679 30153701 1.12847700725556e-06 54 0.0127298 0
0.15 2A 30903397.3333333 30908643 1.15548348998035e-06 1099 0.00982970652411283 0.0610057697130477
0.17 2A 32239902.5 32248781 1.09722928216637e-06 427 0.002681367470726 0.313630724495491
0.18 2A 33041451 33044917 1.04375131102864e-06 183 0.0119181 0
0.19 2A 34309675.6666667 34314894.6666667 1.10539961388041e-06 559 0.00442135813953488 0.034439693289105
0.21 2A 36047512 36055933 1.00277953976e-06 293 0.0201621 0.0318719280233706
0.22 2A 36968662.75 36973758 9.10949224016113e-07 229 0.0160929952838428 0.180203385132774
0.23 2A 38351939.3333333 38355352 8.60538870337976e-07 253 0.0027986414229249 0.373111131787434
0.24 2A 38859897.25 38867323 8.47881062387143e-07 427 0.00198198946135831 0.564428255856752
0.25 2A 39704200 39709256 8.33632639584544e-07 119 0 NA
0.26 2A 40540614 40547241 8.28118799137629e-07 370 0.00776322 0
0.27 2A 41231826 41242893 8.29957531551943e-07 59 0.0134078 0
0.28 2A 42154322.5 42158668 8.41339858989785e-07 142 0.00881287042253521 0
0.29 2A 44126185.5 44132419.5 8.72132878525724e-07 616 0.00625850137987013 0.0644137970407707
0.3 2A 48200913.3333333 48207390 9.33943073554878e-07 225 0 Inf
0.31 2A 49998029 50004174 9.56144150109449e-07 169 0.00301511538461538 0
0.32 2A 51553565.25 51558413 9.60105295394037e-07 347 0.00792507838616715 0
0.35 2A 53786665 53790183 9.42477446904814e-07 164 0.00202634 0.645380340910212
0.36 2A 54705404 54707580 9.27272103490306e-07 163 0 NA
0.37 2A 55362377.5 55366716.5 9.13423075064561e-07 151 0 NA
0.39 2A 56918400 56923605 8.71521894277281e-07 126 0 NA
0.4 2A 57518567 57527463 8.58259140801204e-07 113 0.00637477433628319 0.359474657787643
0.41 2A 58186889.5 58196191 8.68894930591292e-07 613 0.0152555291680261 0.091741112455087
0.43 2A 59554058 59558659 8.73803503636968e-07 0 NA NA
0.44 2A 61478854 61485655.5 7.87839568926311e-07 401 0.00075851183042394 0.561411128295304
0.45 2A 62368982 62371951 7.58692322681011e-07 31 0.0258065 0
0.46 2A 63564603 63569365.2 7.3373108101372e-07 658 0.00239115602203647 0.49042628932145
0.47 2A 65402191.75 65408847.75 6.93045703135805e-07 350 0 NA
0.48 2A 67096165.6 67102505 6.52924593089074e-07 1510 0.00338448877483444 0.333510151948467
0.49 2A 69294220.6666667 69299650.6666667 5.97314409659036e-07 332 0.0203585548192771 0.0350890589465646
0.5 2A 71248205 71253319.5 5.44274858954541e-07 300 0.01237569 0
0.51 2A 73342760.5 73348533 4.83865830881955e-07 758 0.00248526627968338 0.357209016596726
0.52 2A 74612900.8181818 74616960.9090909 4.45259239270138e-07 1254 0.000622980861244019 0.80515885962689
0.53 2A 78563190.8181818 78570889.4545455 3.16648399207933e-07 1565 0.00232723256230032 0.23629480789941
0.54 2A 81153951.75 81160968.625 2.32925911569398e-07 1660 0.00575058484681583 0.0530603034411829
0.55 2A 114843537.337079 114848749.280899 1.87457171072972e-08 11204 0.00208147618511033 0.119645120940516
0.56 2A 180400181.1 180406124.69 4.40108653532001e-08 15187 0.00136630849417611 0.15778627205777
0.57 2A 231347815 231369634 1.68898999431179e-08 0 NA NA
0.6 2A 264072650.185185 264083325.111111 5.41727443349623e-09 2596 0.000730096557781202 0.431485264019345
0.61 2A 405326425.623188 405335271.695652 3.9355377640965e-09 19930 0.00059496005906126 0.2988043380045
0.62 2A 505495667.62 505501142.88 3.12167110087425e-08 7452 0.00110332784445451 0.119562742953471
0.63 2A 534426434.384615 534432490.974359 4.63315373253903e-08 3745 0.00112148289986649 0.16319195594134
0.64 2A 553358423.809524 553364016.714286 5.24084781597013e-08 3405 0.00365397139559471 0.0910102131844123
0.65 2A 568236402 568240990.65 5.24424009886456e-08 1790 0.0017523127197883 0.440503799208149
0.66 2A 583610409.52 583616583.28 4.74411908546359e-08 1737 0.00104175359815774 0.134490122779691
0.67 2A 599590349 599594919.045455 5.26338481247961e-08 2376 0.00270783078483245 0.0451050806461244
0.68 2A 610334362 610341793.307692 6.26165564926341e-08 1075 0.00334632663410853 0.0885095311770996
0.69 2A 621011589.526316 621016092.157895 7.86703299138832e-08 1517 0.00307440199589834 0.225423047264767
0.7 2A 632418465.375 632423037.625 1.00604326046275e-07 2102 0.0017769188715509 0.167951471332421
0.71 2A 639164328.428571 639169482.285714 1.16781668625039e-07 1437 0.00124891686847599 0.150843269876594
0.72 2A 646849400.375 646853692.25 1.38167738691714e-07 385 0.00224936862337662 0
0.73 2A 654784785.375 654789187 1.62736296708212e-07 514 0.00153912744487678 0.29078311303541
0.74 2A 660655257 660661171.6 1.85128892391637e-07 308 0.011114941038961 0.0425743885210975
0.75 2A 667773389.5 667786381.25 2.15496908485346e-07 692 0.00226836677745665 0.0789537538788778
0.76 2A 672415091 672421141.75 2.35870527771224e-07 494 0 Inf
0.77 2A 674942238.333333 674946696.666667 2.47185414439042e-07 671 0.00226581424739195 0
0.78 2A 678210140 678214937.1 2.61994983238463e-07 1181 0.00522879274626023 0
0.79 2A 681726860.666667 681734159 2.78212090097311e-07 651 0.0056284679078341 0.159661937650047
0.8 2A 685524894 685531555.6 2.9601065885611e-07 1995 0.00514240718295739 0.0221116236784822
0.81 2A 688871913.888889 688877186.777778 3.11955220087652e-07 435 0.00094976149137931 1.56468914931664
0.82 2A 691705781.4 691712103.2 3.25524082813403e-07 620 0.00453947383870968 0.0542168561257657
0.83 2A 695473685.2 695478145.4 3.38774779639149e-07 608 0.00674433717105263 0
0.84 2A 698297049.666667 698300641.666667 3.463005978577e-07 229 0.00131107812227074 0.285424712466213
0.85 2A 701482165 701486777.5 3.56166171491448e-07 119 0 NA
0.86 2A 705121324.555556 705126078.222222 3.70838069921975e-07 548 0.00100283846715328 0.313879137371171
0.87 2A 707238335 707242149.25 3.80863009482266e-07 200 0.002773111 0.155592942366894
0.88 2A 709980058 709985882.166667 3.95612321582489e-07 1311 0.0100517391762014 0.189535431237759
0.89 2A 712449042.75 712452705.75 4.10505700901897e-07 232 0.0167872512931034 0
0.9 2A 715042274 715047035.75 4.2794826154529e-07 401 0.00696041197007481 0.0631425670192079
0.91 2A 717558173.142857 717563440.857143 4.46438333655105e-07 1243 0.0132695288173773 0.0577350324896332
0.92 2A 720385563 720389137 4.85968735146211e-07 14 0 NA
0.93 2A 722132281 722142129 5.1204088553919e-07 220 0.00855513 0.194914630169267
0.94 2A 722902294.25 722907805.25 5.17761064674738e-07 506 0.00488867041501976 0
0.95 2A 725105716.571429 725110856.428571 5.27406454232778e-07 1369 0.00439441468224982 0.138608248929841
0.96 2A 727195149.666667 727201612 5.41784773234468e-07 285 0.002429504 0.124180408840652
0.97 2A 728971795.090909 728977732.272727 5.61597717626712e-07 1719 0.00671952721349622 0.0866190516908095
0.98 2A 730661085.8 730666845.8 5.72994720863903e-07 872 0.00799866533256881 0.0334587199343494
0.99 2A 732581817 732588435 5.72369990708213e-07 284 0.00274443 0.295488680709656
1 2A 734130142.666667 734134932 5.59717274269796e-07 978 0.00783141012269939 0.117791763911858
1.01 2A 734913175 734919242.75 5.50841351273789e-07 376 0.0226474479255319 0.0135887475330372
1.02 2A 737046055 737049316 5.44060602862044e-07 101 0.0152174 0
1.03 2A 739027258.5 739032973.75 5.24566481868348e-07 139 0.0185584215827338 0.149346702379412
1.04 2A 740445854.833333 740452098 5.1530402410236e-07 916 0.00321950021834061 0.0899798858091227
1.05 2A 743293065.888889 743298651.111111 4.84989519830051e-07 820 0.00507541215853658 0.0914330189553247
1.06 2A 745914066.25 745919012.25 4.45568215111473e-07 776 0.00492524948453608 0.0561868680261526
1.07 2A 748340515.666667 748346333 4.19594996088813e-07 300 0.00767525116666667 0
1.08 2A 751545455.5 751550559.5 3.59292061512037e-07 134 0.00408964656716418 0
1.09 2A 753298467.142857 753304445.571429 3.23347667238662e-07 719 0.00893330087389893 0.132211071386366
1.1 2A 756835020.666667 756840377.444444 2.45212743043906e-07 1088 0.0127743601746324 0.0617473342474236
1.11 2A 770485691.75 770491633.361111 5.16232691854277e-08 3304 0.00751206887340021 0.0669071734417587
0.02 3A 1347737.5 1350731.25 4.33233988064602e-08 191 0.00826096335078534 0
0.03 3A 1922070 1925901.5 7.39269714746069e-08 77 0 Inf
0.07 3A 8446240.8 8450725.4 3.94836040813168e-07 1226 0.00234413280587276 0.414452476924774
0.08 3A 12216662 12222330.3333333 5.72649434254348e-07 363 0.0135946650137741 0
0.09 3A 13198207.5 13204411 6.34369405282821e-07 720 0.00401855344444444 0
0.1 3A 14231245.75 14235615.75 6.64638468903047e-07 414 0.0062672347826087 0.412060439170794
0.15 3A 20325413 20329973 1.18287977299788e-06 88 0.0179641 0
0.16 3A 21213339 21216022 1.25112664343835e-06 25 0 NA
0.17 3A 21786689 21788782 1.28334387652264e-06 16 0 NA
0.18 3A 22474899 22475966 1.27772565270291e-06 13 0 NA
0.19 3A 23433908.6666667 23438195.6666667 1.21918661687121e-06 275 0.0198594923636364 0.0316678240095636
0.2 3A 23830836.5 23838001 1.18751703516895e-06 343 0.00708654577259475 0.0358804702476487
0.22 3A 25277161 25281792.5 1.10522328227134e-06 903 0.00363969943152455 0.174079502035719
0.24 3A 27007424 27010880 1.10378797369014e-06 26 0 NA
0.25 3A 27588851 27591922 1.114246842628e-06 49 0 NA
0.26 3A 28476216 28477243 1.12541959669079e-06 89 0.0156346 0
0.28 3A 30344590 30347556 1.13006841325151e-06 11 0 NA
0.29 3A 31697437 31704492.5 1.11739203425777e-06 427 0 NA
0.3 3A 32831843.3333333 32835622 1.09578358282345e-06 344 0.00181902093023256 0.296406065619251
0.31 3A 34519740 34524754 1.04774933609685e-06 140 0.0216642 0.0815894424903758
0.32 3A 36159245 36162739 9.80124498594783e-07 304 0.00789163223684211 0
0.33 3A 36930600.5 36932930 9.42665391966108e-07 62 0 NA
0.34 3A 38390898 38398088 8.97205870457875e-07 12 0 NA
0.37 3A 40349096 40361359 8.48398860185471e-07 464 0.0167029 0.0217583174179334
0.38 3A 40826191 40831652 8.37238073414822e-07 50 0 NA
0.39 3A 42251633 42258495 8.05131968609941e-07 636 0.0170346645283019 0.0482976410742127
0.41 3A 44628017 44634421 7.56541068273447e-07 493 0.00222993 0.602696048754894
0.42 3A 45724214 45731383.75 7.36241040209762e-07 1770 0.00651892624858757 0.107017771182528
0.43 3A 47166572.2 47171857 7.10813189371512e-07 481 0.00524036623700624 0.128480287930868
0.44 3A 50112595.5 50117206.5 6.65893692340074e-07 165 0.00951468909090909 0
0.45 3A 51945509.75 51951552.5 6.40528392288276e-07 626 0.00523271006709265 0.045167024249698
0.46 3A 55055623.3333333 55058996.6666667 5.87291689177327e-07 519 0.0270675011560694 0.0162854337238143
0.47 3A 56498401.8571429 56503974.4285714 5.59447115365679e-07 355 0.00997911126760563 0.0669087611036519
0.48 3A 57757750 57762856.8571429 5.32953315260028e-07 429 0 Inf
0.49 3A 60165360.75 60171380 4.82511695148704e-07 153 0 NA
0.5 3A 61277097.5 61282245 4.60376513907397e-07 526 0.0199454800380228 0.225625015340058
0.51 3A 63206811.6666667 63210382.6666667 4.23942201728492e-07 376 0.00919188377659574 0.0251692041108305
0.52 3A 64601460.6666667 64606946.3333333 3.99029702941921e-07 133 0 NA
0.53 3A 66936004 66939581.3333333 3.60100194493091e-07 238 0 NA
0.54 3A 68223825.4 68228576 3.39489993910475e-07 220 0 NA
0.55 3A 72202295.6 72206253 2.73042729222387e-07 849 0.000849410706713781 0.327175216562875
0.56 3A 77295277.875 77302231.875 2.24577859616271e-07 1768 0.00125439824660633 0.180099024423611
0.57 3A 84012160.7 84018915.1 2.02515418083797e-07 1140 0.00146869468421053 0.441886922218329
0.58 3A 96021237.1764706 96028388.5294118 1.47579248698523e-07 3124 0.000513154255381722 0.62574023802303
0.59 3A 109872491.857143 109877196.642857 7.80630256322246e-08 2591 0.00811885951691753 0.0308665083620415
0.6 3A 119940437.875 119945919.125 2.98309439919748e-08 486 0 Inf
0.61 3A 133303472.555556 133308504.222222 1.43186282300044e-09 409 0 NA
0.62 3A 145358175.375 145363527.9375 0 1912 0.000642284811715481 0.398659788339315
0.63 3A 165408167.4 165413587.88 3.47724699426523e-09 1819 0.00106941301473861 0.093347929683934
0.64 3A 298064025.006289 298073760.842767 9.11236909761486e-09 20681 0.000695061667622016 0.254771123034447
0.65 3A 433370651.288136 433376647.949153 2.49288465779733e-08 7477 0.00102640526640746 0.136431878672475
0.66 3A 467121327.882353 467127935.441176 3.86710474297396e-08 4697 0.000794369804130296 0.386559767309799
0.67 3A 491130867.914894 491137134.744681 3.90938737326546e-08 5257 0.00439088093741678 0.0530287497475505
0.68 3A 508323867.545455 508328741.954545 3.84281697944338e-08 1742 0.00406607058384192 0.0664293213497202
0.69 3A 516148668 516153920.142857 3.43650971412357e-08 1979 0.00225342068721577 0.173513040375645
0.7 3A 520054363.25 520059069.5 3.14728592190367e-08 376 0.00307128085106383 0
0.71 3A 535424554.7 535430502.84 3.88065603447756e-08 6145 0.00200663014985083 0.137539306589696
0.72 3A 555869258 555877932.25 7.77248502551249e-08 236 0 NA
0.73 3A 559783608.571429 559791375.857143 8.5070227079551e-08 1293 0.0012881805645785 0
0.74 3A 566063643.5 566069931.25 1.06290634545064e-07 1188 0.00310663645454545 0.0943032849236741
0.75 3A 571142277.5 571146955.333333 1.36681065585526e-07 648 0.00137795168518519 0.568659765001974
0.76 3A 575201599.75 575206022 1.59453365443744e-07 439 0.00687053204035145 0
0.77 3A 578252515.6 578256144.8 1.70275803308064e-07 776 0.0103135077319588 0.0403787421210448
0.78 3A 579360289 579364323 1.74144107909172e-07 198 0 NA
0.79 3A 581255835 581259159 1.80655831438572e-07 282 0.00679353460992908 0.104784327794017
0.8 3A 582944918 582949429 1.86366865871325e-07 14 0 NA
0.81 3A 585079644.333333 585084110 1.93453220213584e-07 382 0.00139616109947644 0.552071936072125
0.82 3A 587675718.666667 587684749.166667 2.0187503609931e-07 1369 0.002196554623813 0
0.83 3A 595971949.764706 595976613.411765 2.26937756450302e-07 1707 0.00360044101713532 0.198016269956098
0.84 3A 601515670.545455 601520817.909091 2.42399471560274e-07 1632 0.00215064051470588 0.184976345339344
0.85 3A 605365441 605368976.571429 2.52557632871286e-07 417 0.0123813148441247 0.0272872116577601
0.86 3A 610161481.285714 610167618.857143 2.64942505129714e-07 943 0.00481133249204666 0.219512157464821
0.87 3A 614658843.416667 614662931.75 2.76233520852328e-07 1476 0.00267117628233555 0.0767951141471951
0.88 3A 620805922 620814202.857143 2.9125661747106e-07 795 0.00187725383647799 0.301624653381013
0.89 3A 624517813.857143 624521338.571429 3.00044191685971e-07 1007 0.00120858232373386 0
0.9 3A 628565543.375 628570847.375 3.09418715967205e-07 836 0.000349204425837321 0
0.91 3A 632290207.5 632297382.25 3.17842035156767e-07 1128 0.00164703808510638 0.224295440596847
0.92 3A 636060764.8 636065250.2 3.2616387031291e-07 239 0.0116974979079498 0.0543674540419544
0.93 3A 638880865.166667 638889734.333333 3.32270250687165e-07 486 0.00480491288065844 0.101635060884143
0.94 3A 642710574.142857 642715141.857143 3.40193375427354e-07 548 0.0027532204379562 0.0625162735769021
0.95 3A 645584257.444444 645589525 3.48275726322182e-07 1773 0.00312053289340102 0.169302913940744
0.96 3A 648068210.636364 648072941.636364 3.60927230154627e-07 707 0.00250677482319661 0.367278432680705
0.97 3A 649856853.571429 649862075.285714 3.7254903123116e-07 610 0.0171343519672131 0.0900145436910476
0.98 3A 652598721.2 652602559 3.5508173489318e-07 407 0.00393083685503686 0
0.99 3A 653851435 653857638 3.44164741459042e-07 149 0.00818452 0
1 3A 656761993.5 656765865.5 3.28174319348739e-07 163 0 Inf
1.01 3A 658510474.666667 658517048.833333 3.23875249824774e-07 1481 0.00144561452397029 0.414470578040284
1.02 3A 660158117.285714 660163274.571429 3.23653243796655e-07 1240 0.000795188564516129 0.288290720089094
1.03 3A 662111565.5 662117580 3.28425205586899e-07 898 0.00592405174832962 0.0158930178420838
1.04 3A 663511787.75 663515996.875 3.34899345675386e-07 1044 0.00564374429118774 0.0697911649046122
1.05 3A 670266366.083333 670271716 4.06661567457139e-07 1122 0.00280151494409334 0.0798029229355218
1.06 3A 674825468 674830720 4.86223134094563e-07 923 0.0031676935915493 0.0941116768285107
1.07 3A 676207398 676243866 5.17092874212752e-07 40 0.0203436 0.281138539884779
1.08 3A 678500286 678503878 5.73117883370475e-07 131 0.00634417 0.544238253388544
1.09 3A 679928392 679932970 6.13029778657194e-07 222 0 NA
1.1 3A 681686762.8 681690677.4 6.96727916877187e-07 581 0.00457790447504303 0.0730146612714481
1.11 3A 683559510.142857 683564415.428571 7.96819578018883e-07 1036 0.00570693583976834 0.0143647175186832
1.12 3A 684722075 684726939.25 8.48509451036548e-07 361 0.00318204513388735 0
1.13 3A 686768952 686774353.5 9.18526890520346e-07 270 0.00492452333333333 0.157265779361387
1.14 3A 687623921.666667 687627717 9.39769955863766e-07 197 0.0062976130964467 0.178395201830477
1.15 3A 688827687.833333 688832251.333333 9.6173063154762e-07 563 0.0108867868561279 0
1.16 3A 689492814 689498441 9.70225661015953e-07 441 0.00208817 0.349365712561717
1.17 3A 691107122 691112178 9.78731282892471e-07 64 0.0129032 0
1.18 3A 692915492.5 692924142.5 9.68478801418994e-07 151 0.0033592582781457 0.269212692805097
1.21 3A 695320715.666667 695326417.666667 9.23124438120564e-07 686 0.0061455578425656 0.102972484560348
1.22 3A 695728816 695732219 9.19616449717503e-07 70 0 Inf
1.24 3A 697318919.5 697322172.5 9.25585699708416e-07 116 0.0130300284482759 0
1.25 3A 697782664 697785686 9.09903585238436e-07 35 0 NA
1.27 3A 699840224 699858359 7.41012730893915e-07 14 0 NA
1.28 3A 701386842 701392774.5 5.75568437802899e-07 311 0 Inf
1.29 3A 705895399 705900820 1.56297401687511e-07 120 0.00771811 0
1.31 3A 711433452.25 711439172.75 5.7809918674133e-07 174 0.00457201695402299 0.301685308409434
1.32 3A 714150436 714156128 8.36660232616683e-07 99 0 NA
1.35 3A 716216026.5 716220996 9.5814157770294e-07 327 0.00521577039755352 0
1.38 3A 717903102 717905777 9.96376550632402e-07 18 0 NA
1.39 3A 718399151 718401813 9.97066259864105e-07 69 0.00454545 0.71983631983632
1.41 3A 721463087.5 721467136.5 9.87584277484228e-07 114 0.0115421333333333 0
1.43 3A 724326790.666667 724331010.666667 1.11872461031025e-06 309 0.0121898475728155 0.0224302525187481
1.44 3A 725970205.666667 725975571.333333 1.22587168178776e-06 315 0.00865458095238095 0
1.45 3A 727071777 727074292 1.28149355180831e-06 32 0 NA
1.46 3A 727989884 727993508 1.3153957337639e-06 257 0.0312418 0.0284045733600497
1.47 3A 728882516 728886033 1.33748182008205e-06 123 0.00318069243902439 0.270657849033589
1.49 3A 730073530.333333 730075542.666667 1.35039171088911e-06 147 0.00929172380952381 0.298618081162711
1.51 3A 731083694 731089749 1.34677858151927e-06 130 0 Inf
1.54 3A 732770739 732776539.333333 1.31004283228825e-06 539 0.0135747625974026 0
1.56 3A 734000241.5 734007681.5 1.25940316861365e-06 635 0.022003305511811 0.0235258424664755
1.57 3A 734280335 734283310 1.24516120024032e-06 3 NA NA
1.58 3A 734783072 734791156 1.21662274415416e-06 368 0.000959233 0
1.59 3A 735893045 735897077 1.14212823964889e-06 33 0.0176471 0
1.61 3A 737898954.5 737904848.5 1.02136945597014e-06 666 0.00609500337837838 0.0766057952875666
1.62 3A 739185273.25 739188826 1.00617280336616e-06 276 0.0169626630434783 0.0353229567496388
1.63 3A 739703481.666667 739706224.333333 9.9590861912811e-07 269 0.00862625130111524 0
1.65 3A 742449576.666667 742453534.333333 9.06548625549497e-07 109 0.00880733944954128 0.14619875
1.66 3A 743710638.4 743715681.4 8.43893306760191e-07 376 0.00998744015957447 0.123102114291154
1.67 3A 744664249 744666619 7.9220287203183e-07 54 0.0166667 0
1.68 3A 746324072 746326541.5 7.22003003787667e-07 192 0.0245736041666667 0.0796240630825929
1.69 3A 749336369 749342036 6.03200582318725e-07 863 0.000850757508690614 1.75852259699089
0 4A 207440 212052 NA 27 0 NA
0.01 4A 745038 750274 NA 1 NA NA
0.02 4A 1884466.5 1893753.5 NA 473 0 NA
0.03 4A 2226351 2231243 NA 266 0.0022745954887218 0.282660124315255
0.04 4A 3292645.5 3296910 1.08424082047671e-06 940 0.00679876265957447 0
0.06 4A 4575265.5 4580630 1.06574237196229e-06 137 0 NA
0.07 4A 5463217 5465561 1.05290961601132e-06 54 0 NA
0.08 4A 6006592.33333333 6014478 1.04498147837742e-06 422 0.0229375957345972 0.0869360639263419
0.09 4A 7003804.4 7007580.2 1.03049125063437e-06 278 0.00601937095323741 0.150421021580433
0.1 4A 7754615 7758881 1.01952163149836e-06 358 0.00138694458100559 0
0.11 4A 8587332.5 8590787 1.00732700640213e-06 49 0 NA
0.12 4A 9667170.5 9670872.25 9.91444909111736e-07 517 0 NA
0.13 4A 10636377 10639773 9.77142184670035e-07 179 0 NA
0.14 4A 11472577.5 11476856.5 9.64748028587023e-07 259 0.00252252 0
0.15 4A 12395602 12399697 9.5103546589563e-07 230 0.00576132 0
0.16 4A 13656187 13659029 9.32236068802801e-07 42 0.00996678 0
0.18 4A 15638398 15642171 9.02475043828397e-07 70 0.00719424 0
0.19 4A 16239822 16246028.25 8.93383393550754e-07 1710 0.00146293085380117 0.13271163839588
0.2 4A 17263279 17267968 8.7791529395957e-07 213 0 NA
0.22 4A 19625981 19629035 8.41964905664125e-07 197 0 NA
0.23 4A 20264810 20267038 8.32194442962212e-07 68 0.0111498 0.251636800660102
0.24 4A 21577275.5 21583785.5 8.12002752773067e-07 1313 0.00306500332063976 0.316002783615188
0.26 4A 24206080 24214430 7.70443828010229e-07 24 0 NA
0.27 4A 24885646.25 24890784 7.59152780167367e-07 752 0.00759818395390071 0.178817516760345
0.28 4A 25885947 25893930.5 7.42586730837752e-07 153 0.00375930882352941 0.166255071397929
0.3 4A 28816522.5 28822373 6.95157996249536e-07 213 0 Inf
0.31 4A 30413523 30417839 6.69950468345724e-07 467 0.00900387653104925 0
0.32 4A 31281656.5 31290654.5 6.5639770868382e-07 269 0.0016055531598513 0.317882451658255
0.33 4A 33861179 33867212 6.17046173825782e-07 43 0 NA
0.34 4A 34481418 34486658.6666667 6.0778331261739e-07 437 0.00363430732265446 0
0.35 4A 36357801.4 36362897.8 5.80088502177032e-07 614 0.0123918580618892 0.0262599200482438
0.36 4A 37510436.7272727 37515401.2727273 5.63388923601766e-07 1285 0.00278668178210117 0.026810823798084
0.37 4A 38952043.5 38962568.25 5.42787086207342e-07 134 0 NA
0.38 4A 40697274 40701544 5.18438437644932e-07 302 0.00254741960264901 0
0.39 4A 42785139.5 42791018.5 4.90002828273839e-07 474 0.00634910925457103 0
0.4 4A 45408228 45411913.3333333 4.55303348110366e-07 99 0 NA
0.41 4A 46723762.8571429 46732383 4.38382170753996e-07 1430 0.00202442142657343 0.143893171528756
0.42 4A 48891214 48897025 4.11151061440311e-07 68 0 NA
0.43 4A 51137760 51142248 3.83817069209793e-07 41 0 NA
0.44 4A 57455682.5 57461213.75 3.11950007165504e-07 616 0.000725745097402597 0.804347963215055
0.45 4A 71089042.3902439 71095105.3170732 1.20029661025253e-07 7745 0.00105520699031633 0.199506446627869
0.46 4A 87688634 87695114.2173913 2.41287334319698e-08 2931 0.00268858616773082 0.0351202702815337
0.47 4A 96786025 96789958.35 1.90596712988247e-08 1534 0.000441939889178618 0.742575042394502
0.48 4A 120738183.720588 120743089.264706 2.29271449323897e-08 8235 0.00110482397258652 0.114075596441249
0.49 4A 164225012.122449 164230902.204082 4.45588924087696e-08 6625 0.000144240884528302 2.10060339733996
0.5 4A 221042765 221053764.923077 5.91443881342451e-08 7699 0.000962033012599039 0.147644713157543
0.51 4A 330218886.306452 330235062.870968 3.00967691359331e-08 7370 0.000696103411346091 0.143177521201865
0.52 4A 406209500 406212933.5 0 334 0.00502405497005988 0
0.53 4A 464152936.402439 464159078.731707 0 9173 0.0010027513063981 0.178706723250756
0.54 4A 518823982.68 518830161.52 0 4022 0.00170701667424908 0.155710852769081
0.55 4A 549519447.8125 549525167.09375 6.0045021356053e-08 3700 0.00472030556567568 0.0985336378583814
0.56 4A 565244079.666667 565251153.25 1.83891717642348e-07 870 0.00385270394984326 0.137698674129091
0.57 4A 572338462.941176 572344975.882353 2.73436171447553e-07 3205 0.00510058439687988 0.148328322252142
0.58 4A 577662709.666667 577669099.75 3.60860173568833e-07 3013 0.00638612844009293 0.0371580741308434
0.59 4A 582447926.958333 582454116.416667 4.34130584767786e-07 3664 0.011272176527435 0.0350790217414541
0.6 4A 584816188.555556 584821445.777778 4.70006229238696e-07 1205 0.0132474579419087 0.0384041073322476
0.61 4A 588930398 588934318 5.40401092248651e-07 32 0 NA
0.62 4A 590377393.166667 590387390.75 5.67481740135512e-07 1874 0.014952815683031 0.0650570250444285
0.63 4A 591799778 591805367.75 5.95174027915925e-07 248 0.0182972431451613 0
0.64 4A 593472499.666667 593481959.333333 6.39793957783572e-07 721 0.00131929067545076 0.54483565280131
0.65 4A 594689598.166667 594693769.666667 6.71208720741257e-07 562 0.00793267459074733 0.155181647996765
0.66 4A 596197231.222222 596202628.888889 7.08847769738231e-07 677 0.00718817889217134 0.0258170854453758
0.67 4A 597860302.2 597865733.8 7.48471892165017e-07 1134 0.0182660311816578 0.0348877652994625
0.68 4A 598916453.333333 598921470 7.72494777604805e-07 484 0.0253330188016529 0.0497950870328471
0.69 4A 600562521 600566960 8.08281841039026e-07 240 0.00536689575 0.091705736039311
0.7 4A 601320216.5 601324064.5 8.24188850158074e-07 108 0.0628028296296296 0.0143308180735428
0.71 4A 603414713 603418680.5 8.98042577192258e-07 212 0.0268820353773585 0.0702843231122559
0.73 4A 605676821 605681007.666667 9.64133147745602e-07 312 0.0129202165865385 0
0.74 4A 606747020.5 606754705.25 1.03097681294643e-06 944 0.00572285044491525 0
0.75 4A 607633229 607636147 1.07744277740027e-06 175 0.00623229 0
0.76 4A 608715302.5 608722596 1.12189786000295e-06 401 0.00394315279301746 0.230886001212228
0.77 4A 609975675.5 609979822 1.15727719759523e-06 182 0.00593522247252747 0.157592155951013
0.78 4A 610531726.666667 610538973.666667 1.18771336325686e-06 494 0.0104606526315789 0.265800830968195
0.79 4A 611687436 611690373 1.27818201728942e-06 10 0 NA
0.81 4A 613412066 613416488 1.38120464862827e-06 100 0.00935374 0
0.82 4A 613650859.333333 613655692.666667 1.39238403616423e-06 245 0.0135368489795918 0.0331571860692869
0.83 4A 614639215 614643695.5 1.43061541941584e-06 364 0.00301691428571429 0
0.84 4A 615212569 615216659 1.44748793527475e-06 168 0.0329435 0
0.86 4A 616506978 616509241 1.46912580394445e-06 61 0.0214286 0
0.87 4A 617227996 617235045 1.47175319689946e-06 38 0 NA
0.88 4A 617849660 617854328 1.46859242161599e-06 47 0 NA
0.89 4A 617945330 617951208 1.46765390996455e-06 166 0.0106477 0
0.93 4A 620188580 620195028 1.41169772934462e-06 244 0 NA
0.95 4A 621170216 621174899 1.36670361189088e-06 29 0 NA
0.96 4A 621774018 621779332 1.33274603232796e-06 362 0.00765268494475138 0.0311391114507729
0.97 4A 622268197.75 622273218.5 1.30149528891848e-06 187 0.00811959994652406 0.131009194171529
0.98 4A 623316419 623319706 1.22472137949293e-06 94 0 NA
1.01 4A 625917395.5 625929913.5 9.70898845389928e-07 58 0.0110461655172414 0
1.02 4A 627516023 627521263 8.08785986336385e-07 58 0 NA
1.03 4A 628011733.333333 628017972.666667 7.69166421310083e-07 145 0 NA
1.04 4A 629586671 629592856.2 6.81141673574697e-07 1688 0.00774169636848341 0.0404053624043955
1.05 4A 631453417.5 631460115.75 5.87329037030291e-07 984 0.00505007475609756 0.393898533933801
1.06 4A 633795823 633801482.5 4.85083714617921e-07 636 0.00364905882075472 0.128532966118803
1.07 4A 636929126 636933174.111111 3.71367577971916e-07 1169 0.00729539946107784 0.160798667554293
1.08 4A 639784497.222222 639789047.222222 2.93832426129924e-07 519 0.00737273044315992 0.170018875734621
1.09 4A 647178286 647182770 1.7075895931823e-07 3 NA NA
1.24 4A 681179228.789474 681184738.526316 1.19348868411359e-07 2776 0.00658938980227345 0.0859604729478033
1.25 4A 688092001 688096031 2.3023283364882e-07 150 0.00353435 0
1.28 4A 699899776 699902312 3.80558973263715e-07 27 0.031746 0
1.36 4A 713351688 713353828 5.89898241931571e-07 41 0 NA
0 6A 511420 515433 NA 491 0.0120556887983707 0
0.01 6A 1473111.8 1478374.2 3.01482458754873e-07 1029 0.016036350787172 0.0393070669783744
0.02 6A 3262932.5 3266955.25 4.17667871154633e-07 620 0.0116168208387097 0.0334071151097177
0.03 6A 6841682.66666667 6849376 6.57078230825793e-07 174 0.015846708045977 0
0.04 6A 9185065.5 9191095.5 8.03491571645627e-07 288 0 Inf
0.05 6A 10491634 10496460 8.99799116888823e-07 9 NA NA
0.06 6A 11332982 11339117.3333333 9.3216729594354e-07 615 0.0200045184715447 0.0618541691807667
0.07 6A 12334617 12340784 9.48354988043472e-07 693 0.0283046993362193 0.0157489803762281
0.08 6A 13071476 13080970 1.03950682254111e-06 88 0.00943396 0.125592010142082
0.09 6A 13382681 13386524 1.06311635043408e-06 101 0.0164204 0
0.14 6A 16226818 16234941 1.04114270876002e-06 314 0.0037293 0.145061807845976
0.15 6A 17900120.6 17905770.6 9.4825767310685e-07 1170 0.0037769008034188 0.177496618140274
0.16 6A 22406154.6 22411812.8 6.39212257663566e-07 701 0.00833091393723252 0
0.17 6A 23774035.2 23777744.8 5.88034587336056e-07 465 0.00406219950537634 0.0894558118964281
0.18 6A 24577300.5 24581179.5 5.53005225781583e-07 75 0 NA
0.21 6A 29873273.6666667 29878365 3.27218508504218e-07 689 0.00311439005805515 0.215271127202383
0.22 6A 36604520 36608291.8461538 4.25145286666863e-07 837 0.00554617470728793 0.161792022311188
0.23 6A 40809649 40816705 5.04439182300971e-07 55 0 NA
0.24 6A 42922554 42927225 5.28969439054196e-07 55 0 NA
0.28 6A 47884419 47886741 5.35082294752356e-07 47 0 NA
0.29 6A 48871024 48876155 5.28428785016886e-07 287 0.00506763240418118 0.101044051868437
0.3 6A 51406171 51409969 5.00086274474512e-07 61 0 NA
0.31 6A 52105145.4 52112000.8 4.89091449292095e-07 245 0.00737339571428572 0
0.32 6A 53092676.5 53095837 4.83991186188187e-07 111 0.00409500135135135 0
0.33 6A 55705333.25 55710242.25 5.05118120657364e-07 126 0.00792206031746032 0.250570167933707
0.35 6A 60093561.5 60098752 3.89429339631082e-07 154 0 NA
0.36 6A 61011863 61022288.5 3.69995481226246e-07 1518 0.000751043604743083 2.24131086803105
0.37 6A 64270035.5714286 64275335.1428571 2.91325863195596e-07 395 0 NA
0.38 6A 72261155.5 72267200.25 1.32650507210552e-07 2199 0.00446027532060027 0.119559073462882
0.39 6A 82643940.9047619 82651443.9047619 1.34934030355613e-07 3829 0.0015340588790807 0.127113194778281
0.4 6A 92854856 92859809.3333333 1.3282576453416e-07 730 0.00908142723287671 0.079979871246718
0.41 6A 99139204 99146513.5 1.2485317512297e-07 528 0 NA
0.42 6A 104423346 104428649 1.15396497791392e-07 555 0 Inf
0.43 6A 107946949.454545 107954051.545455 1.07200874625676e-07 1273 0.00170093616025137 0.182853576794612
0.44 6A 121077788.066667 121082566.266667 8.22757185776398e-08 1395 0.00114760491756272 0.144354350065874
0.45 6A 135187777 135195938.647059 6.45461614282939e-08 2438 0.00248050833367514 0.243654781709801
0.46 6A 149375122.833333 149380413.5 4.89903235174288e-08 3656 0.00138467854438208 0.273442130024882
0.47 6A 284665490.754839 284674458.122581 8.15779425749253e-09 22442 0.0011694608922224 0.30165957070335
0.48 6A 410392769.25 410403069.375 1.2328542886669e-08 993 0.000976745814990649 0
0.49 6A 422252442.583333 422259189.333333 2.47283399869166e-08 2045 0.00108825336430318 0.515671262516518
0.5 6A 431081007.666667 431091326 3.58693795400301e-08 217 0 NA
0.51 6A 433172893.75 433177896.5 3.88209831152182e-08 192 0.00330687770833333 0
0.52 6A 436784387.666667 436792274.333333 4.41610041480293e-08 819 0.00191964992673993 0.575348396252219
0.53 6A 440834137 440837793 5.04974892808431e-08 168 0 NA
0.54 6A 445019436.833333 445024756.166667 5.62555540188343e-08 337 0 NA
0.55 6A 448163789.222222 448168591.777778 6.01797875799705e-08 1230 0.00052755356097561 1.26975202671981
0.56 6A 455204840.125 455212038 6.83634800274145e-08 1356 0 Inf
0.57 6A 468863597.307692 468868725.692308 7.77954720162813e-08 1715 0.00181274859475219 0.0398083757827104
0.58 6A 485969467.428571 485974423.857143 8.78176998168441e-08 1875 0.000657777173333333 0.189157771117952
0.59 6A 499043848 499049514.565217 8.95999843133925e-08 2504 0.00219499517172524 0.173318839029791
0.6 6A 506338404.3 506345406.8 8.21588605615332e-08 2650 0.0022824235245283 0.166629833755954
0.61 6A 514575691.764706 514580505.470588 8.83124529834199e-08 2265 0.00215211618101545 0.106250300605094
0.62 6A 525027129.607143 525032416.785714 1.08172051532251e-07 3085 0.00370426518389228 0.171525193177207
0.63 6A 540490823.117647 540496959.411765 1.41462127453223e-07 2507 0.000549374220781811 0.42816032336212
0.64 6A 548601715.571429 548609127.785714 1.31277156299375e-07 2888 0.00043130098652248 0.6114654111226
0.65 6A 553351227.909091 553355142.909091 2.14279643148003e-07 884 0.000351559875565611 0.305952401599426
0.66 6A 556338284.285714 556343743.285714 2.59035175205161e-07 482 0.00142041236514523 0.155896738887527
0.67 6A 559615851.75 559620725 3.02228042530118e-07 120 0 NA
0.68 6A 563622220.2 563628739.6 3.79031532241272e-07 1169 0.00318272890409657 0.0905222807724234
0.69 6A 565180414 565187839 4.15632146822511e-07 424 0.00208639679245283 0
0.7 6A 569723183.333333 569734976 5.45925919029386e-07 629 0.00618012189189189 0.0867185987119424
0.71 6A 571237175.5 571243077.25 5.96580264111755e-07 249 0.0191193558232932 0.149728986349039
0.72 6A 573414801 573419255.2 6.76084225784419e-07 464 0 NA
0.73 6A 574751924.333333 574758605.666667 7.28979582798415e-07 294 0.00359894030612245 0.17172439506357
0.75 6A 578113397.5 578119818.5 8.74449424430803e-07 364 0 Inf
0.76 6A 579160667.666667 579165369.666667 9.23407669451279e-07 639 0.00522227651017214 0
0.77 6A 580239952.5 580244118.25 9.75844103665647e-07 320 0.00581864975 0
0.79 6A 581818740 581822881.5 1.08321855140928e-06 62 0 NA
0.8 6A 583268859 583272768 1.18535983914619e-06 37 0 NA
0.82 6A 584810760 584817394.5 1.28239494916675e-06 318 0.00191673962264151 0.45880688052563
0.83 6A 585532417.8 585541275 1.32511382787175e-06 844 0.0143514257535545 0.0870027756021614
0.84 6A 586321104 586326773.5 1.38164136406816e-06 227 0.00143727885462555 1.15168706283257
0.85 6A 586770093 586782183 1.41026912870965e-06 402 0.0031072 0.226395468589083
0.87 6A 587915374.75 587919080.25 1.46874177061874e-06 269 0.00723807930607187 0.0596191962856502
0.88 6A 588380959.5 588383616 1.48736738705515e-06 39 0 NA
0.91 6A 590074286 590079890 1.5271423180115e-06 53 0.0163636 0
0.93 6A 591379933.25 591385560 1.52860096568664e-06 963 0.00495908015576324 0.0545958533382
0.94 6A 591881064 591884602.5 1.52235463967017e-06 128 0.0136951740625 0
0.96 6A 593358660 593362173 1.48267496205091e-06 93 0.00451467 0.29337692455927
0.97 6A 593430767 593435915 1.47986774932404e-06 112 0.00496278 0
0.98 6A 594754504.833333 594759491.833333 1.44284367202264e-06 637 0.00417144211930926 0
0.99 6A 596292433 596298158.5 1.32361729667747e-06 214 0.00354682158878505 0
1 6A 596853051.5 596858920.25 1.25357133709533e-06 999 0.00952096800800801 0.0917237814951866
1.01 6A 597317928.5 597322595.5 1.19690636843101e-06 146 0.0139568650684931 0
1.02 6A 597831273 597837358 1.14135286821226e-06 177 0.0118726 0
1.04 6A 599044971.5 599049451 1.03869786057233e-06 214 0.0166984454205607 0.0689501310452729
1.06 6A 600450493.25 600454774.5 9.77183604094323e-07 404 0.00946542920792079 0
1.07 6A 602785286.857143 602790492 7.96583935721429e-07 1106 0.0120476585352622 0.0239363529759102
1.08 6A 605216036 605223124.5 5.92371837822689e-07 794 0.00916106848866499 0
1.1 6A 607092153.166667 607096270.166667 5.90975156922923e-07 533 0.00651000939962477 0.0302658194690358
1.11 6A 607951066 607957068 5.98954517131791e-07 354 0.00320566 0
1.13 6A 609268484.571429 609273752.428571 5.70966834629102e-07 986 0.0183299806896552 0.0206408800679428
1.14 6A 613286996.852941 613292308.970588 4.30344200318197e-07 4483 0.00734050863788453 0.0875803534329763
1.15 6A 617044838 617053409 2.55418019287355e-07 1038 0.0173999138728324 0.0124853621127817
0 7A 3282039.66666667 3291575.33333333 1.71136608343294e-08 90 0.00911765111111111 0.214659574846641
0.01 7A 8619918.33333333 8624227.66666667 8.6010020590617e-08 89 0.0838152606741573 0
0.02 7A 13100401 13106973 1.89388597574018e-07 174 0.0199461 0.0755175197156336
0.04 7A 20670303.4 20674037.8 4.10357484344333e-07 233 0.00663581759656652 0.149440023594157
0.05 7A 24586444 24591932 5.78564665581568e-07 79 0.010582 0
0.06 7A 27288188 27291915 8.06130156832566e-07 44 0.0262185 0.128492858096382
0.07 7A 28038794 28042795 8.70401041625239e-07 36 0 Inf
0.14 7A 34032459 34033437 1.26969658622696e-06 17 0.0500736 0
0.15 7A 34538999 34540876 1.29860125393025e-06 20 0.0571429 0
0.16 7A 35010693 35020004 1.3211485248424e-06 23 0 NA
0.19 7A 36878637.5 36882310.5 1.36700901345882e-06 683 0.0138102549048316 0.0162209818809608
0.23 7A 40043614 40051845 1.28938065762783e-06 37 0 NA
0.31 7A 47444352 47448384 9.05036030758963e-07 282 0.00488656 0.7498362856488
0.32 7A 49046290 49052241 8.52160238487931e-07 45 0.0243902 0
0.34 7A 52966911 52972823 6.91961618238618e-07 28 0 NA
0.38 7A 59400338 59403948 5.8581209405526e-07 42 0.021978 0
0.41 7A 63997138 64000113.5 5.38169002908875e-07 92 0.0546195652173913 0.0993789333333333
0.42 7A 65222687 65227233.4 5.45913173633387e-07 480 0.011138492375 0.259292504416095
0.43 7A 68209914.6666667 68214230.6666667 5.89468839219268e-07 568 0.014803552165493 0.0541622157747177
0.44 7A 69901221 69903230 6.05700234882596e-07 14 0 NA
0.46 7A 74405643 74416635 6.40111391723838e-07 140 0 NA
0.48 7A 76314717.5 76320013.5 6.67838309668061e-07 195 0 Inf
0.49 7A 77314685 77318869.5 6.75723809443852e-07 316 0.0019114746835443 0
0.5 7A 78427689 78434616 6.72757378343076e-07 32 0 Inf
0.51 7A 79827589.25 79833878 6.51174652900952e-07 87 0 NA
0.52 7A 81288874.3333333 81294257.6666667 6.08196426762324e-07 174 0.00364858787356322 0.672702125081332
0.53 7A 81948763 81953997 5.82127989080614e-07 4 NA NA
0.54 7A 83285019 83288075 5.20657392035587e-07 1 NA NA
0.55 7A 84124668 84130942.4 5.07703901757537e-07 253 0.00204779466403162 0.298331445155354
0.56 7A 85339249.4 85344923.4 4.92031269914019e-07 195 0.00862132820512821 0
0.57 7A 87303238 87309615 4.64488457456799e-07 42 0.0117647 0
0.58 7A 92081795.6428571 92086069.6428571 3.84344710063383e-07 749 0.0131883115025162 0.0439469416018246
0.59 7A 99397103.6 99408446.9 1.92908469174516e-07 1530 0.00302670785947712 0.200614572809568
0.6 7A 107247396.583333 107253179.416667 1.68000235397913e-07 1104 0.00969323038043478 0.0542560205672599
0.61 7A 112817229.5 112818963 2.11030403828471e-07 233 0.0036758817167382 0
0.62 7A 115866733.714286 115871997 2.43148957038858e-07 1384 0.00305253606069364 0.0557880401571941
0.63 7A 118757325.75 118764771.75 2.47983178036276e-07 355 0.00154611943661972 1.09455376149356
0.64 7A 121681249.2 121689063.2 2.35176920166141e-07 1120 0.010401971625 0.0584945974467742
0.65 7A 125762174 125768501.5 1.91342811496199e-07 889 0.00322310356805399 0
0.66 7A 129772619.555556 129778021.777778 1.89203530232764e-07 622 0.00527337099219109 0.0557278576316303
0.67 7A 140687701.769231 140693258.692308 1.09938836443335e-07 2948 0.00198449097043193 0.0779499223138027
0.68 7A 190369256.347826 190376120.826087 1.0705714429525e-08 17951 0.0020809417363885 0.27166374380598
0.69 7A 235834833.47619 235840686.333333 1.39786063551768e-08 3672 0.000737334523420479 0.324058525417008
0.7 7A 252712667.722222 252718991.222222 1.21601869340875e-08 2482 0.000147402900886382 1.96350089926583
0.71 7A 266465196.470588 266470999.705882 1.10686853547948e-08 2917 0.000808243090718204 0.242948383086962
0.72 7A 275743712.1 275750581 1.05153771123627e-08 1318 0.00112361671471927 0.115181120055742
0.73 7A 287746691 287752759.7 1.00372095512979e-08 1079 0 Inf
0.74 7A 294836687.214286 294841608.071429 9.87871055181494e-09 1468 0.000913794986376022 0.227219697857926
0.75 7A 301809926.666667 301819351 9.80707174000431e-09 211 0 NA
0.76 7A 309530191 309550609.5 9.83227996451393e-09 320 0 NA
0.77 7A 318215836.666667 318225644.333333 9.99268580160083e-09 247 0 NA
0.78 7A 325478547.6 325495247.6 1.02276859509928e-08 818 0.000467620537897311 0.228573946128974
0.79 7A 330944681 330964938 1.04680585453037e-08 96 0.006249990625 0
0.8 7A 345188887.761905 345201100.952381 1.13892269155266e-08 4345 0.0011658411593786 0.120717166161928
0.81 7A 392657457.37931 392666632.241379 1.72040652965745e-08 4310 0.000946084943569771 0.10804407815924
0.82 7A 422828435 422835023 2.25540773940796e-08 759 0 Inf
0.83 7A 423556015 423563387 2.27105057778797e-08 65 0 NA
0.86 7A 424628142 424634545 2.29425179875405e-08 482 0.00193596 0
0.9 7A 474547451.636364 474553416.727273 3.67771220576356e-08 12948 0.00121854140734885 0.210987255022922
0.91 7A 528405580.230769 528411538.384615 5.55545373977183e-08 2404 0.00106332688655272 0.181710285628513
0.92 7A 540478018.458333 540483689.416667 6.14193547336339e-08 2494 0.00175663980140162 0.311612319225844
0.93 7A 553654258.5 553659805.125 6.96237739420922e-08 1411 0.0011105731892275 0.0914428485116359
0.94 7A 563602329.15 563607407.35 7.70127218141405e-08 2124 0.000760634195658638 0.264510921655018
0.95 7A 573641445.571429 573648954.714286 8.19309685647587e-08 932 0.00209362786480687 0.0436003008249275
0.96 7A 591930734.882353 591935390.235294 8.42930497106832e-08 1273 0.000652554281225452 0.584087145991155
0.97 7A 609239832.058824 609246167.411765 1.07314833987876e-07 3235 0.00228071286553323 0.455192207915817
0.98 7A 616172168.333333 616177481 1.55105470828083e-07 297 0.00363734666666667 0
0.99 7A 620994328 620999234 1.81387004879516e-07 121 0 NA
1 7A 626280767.25 626285040.25 2.2700100547176e-07 619 0.00734221817447496 0.141668807834426
1.01 7A 634378971 634387635 3.08141424806366e-07 252 0 NA
1.02 7A 635528592.4 635535921.4 3.2591091552687e-07 1164 0.00900376327319588 0.0362361201305435
1.03 7A 638473111.5 638477520.5 3.62647469613645e-07 77 0 NA
1.04 7A 641694271 641698091.333333 3.96841779704845e-07 142 0 NA
1.05 7A 643951253.5 643954109.333333 4.20240729011391e-07 554 0.0175636985559567 0.0960577121604507
1.07 7A 648425798 648431018 4.65299838222688e-07 41 0 NA
1.09 7A 652772159.333333 652777878.333333 5.07315819983165e-07 177 0.0107508491525424 0.111811428060629
1.11 7A 654773271 654803669 5.26199891807727e-07 15 0 NA
1.12 7A 657620459.75 657626014.75 5.52162791185265e-07 320 0.004136433 0.186362259463649
1.13 7A 659461855 659466206.5 5.68635626241734e-07 87 0.00380026494252874 0.288733498768462
1.14 7A 660506958.5 660511549 5.77852018347594e-07 114 0 NA
1.16 7A 663536218 663541048.5 6.0400481587806e-07 62 0 Inf
1.17 7A 666183734 666190033 6.35663388609527e-07 26 0 NA
1.18 7A 667039275.25 667044107 6.48807510078936e-07 546 0.0088853815018315 0
1.19 7A 669646219 669649478 6.81210836291459e-07 73 0.0372216616438356 0.191677242884014
1.2 7A 671279662.333333 671285693.333333 7.10901118726343e-07 740 0.0122593227567568 0.0477849593172933
1.21 7A 672227524.75 672231373.5 7.23619119749555e-07 257 0.0136010348249027 0
1.22 7A 674270191 674272522 7.39643856140998e-07 8 NA NA
1.23 7A 675285646.666667 675290417.666667 7.41324535267686e-07 58 0 NA
1.25 7A 678142233 678145813.666667 7.49364727000248e-07 136 0.0112729764705882 0
1.26 7A 679971908.666667 679975769.833333 7.57882283384308e-07 769 0.00397978102470741 0
1.28 7A 681992243 681996670 7.57477551032402e-07 61 0 NA
1.29 7A 683482195 683492670 7.73598778063299e-07 83 0 NA
1.3 7A 685581322 685586908 7.83406245346194e-07 18 0 NA
1.31 7A 686165730.333333 686170120.666667 7.83464359879174e-07 131 0.0401832290076336 0
1.33 7A 688652805 688658424.5 7.7054541056031e-07 127 0.0037236737007874 0
1.34 7A 690052934 690056735 7.54257314923966e-07 63 0.0102564 0
1.35 7A 690868974 690871794 7.47957583803186e-07 8 NA NA
1.37 7A 692673877.666667 692679845.333333 7.62118545983608e-07 78 0.0122475461538462 0.397188510602752
1.38 7A 693933675.5 693937580.5 7.69590469085231e-07 196 0.0121887714285714 0
1.39 7A 694542511 694547765 7.69169464994618e-07 22 0 NA
1.4 7A 696891503.5 696900715 7.43136761156264e-07 36 0 NA
1.42 7A 699251788.5 699257006.5 7.12709279169325e-07 242 0.0323585892561983 0
1.43 7A 700889968.333333 700898111 6.97440097134213e-07 786 0.0145514113486005 0.0594222804294985
1.44 7A 701752925.555556 701758251.888889 6.93400684847316e-07 1608 0.0126904672761194 0.0212721408980889
1.45 7A 704281023.5 704284860 6.95507569131383e-07 134 0.0106482047761194 0
1.46 7A 705373641.625 705378739.875 6.98014541275697e-07 613 0.00875720133768352 0.0652445589585723
1.47 7A 707237618.666667 707242207.333333 7.05416948188296e-07 811 0.00190240279901356 0.100449314967488
1.48 7A 709189650.2 709193989.4 7.01278257457775e-07 698 0.0230204573065903 0.0330272976586068
1.49 7A 711607430 711611179 6.95936901398978e-07 50 0.0452381 0
1.5 7A 712307027 712309502 6.9454105325482e-07 198 0.014452 0
1.51 7A 714165965.5 714171468.5 6.91156488150192e-07 215 0.00698344651162791 0
1.52 7A 715968797.5 715975331 6.88298719789364e-07 362 0.0135305639502762 0.113477013158352
1.53 7A 717036374 717042876 6.86811181073104e-07 139 0.00881676 0.200139280189094
1.55 7A 719571877 719574968 6.83903090977459e-07 19 0 NA
1.57 7A 721093026 721106211 6.82565973393392e-07 296 0 NA
1.58 7A 722255299.5 722259004.5 6.81268583221999e-07 222 0.023875327027027 0
1.59 7A 723259779 723265225 6.79003409019998e-07 385 0.00228287 0
1.6 7A 724656305.5 724662240.5 6.76244570847522e-07 564 0.0117266353191489 0
1.61 7A 726204595.5 726210835.5 6.73821050918168e-07 635 0.00877199892913386 0.198096185555581
1.63 7A 729666301 729672067 6.71284807629635e-07 102 0.00784312156862745 0.31757313514627
1.64 7A 730716196 730723327.666667 6.7129063015098e-07 537 0 Inf
1.65 7A 733233317 733237594.333333 6.72032177725506e-07 200 0.0259143965 0.0479626643051479
1.66 7A 736207758.5 736214534.5 6.71327116194227e-07 245 0.00964160379591837 0.0608355262497547
