poscM Chromosome Start End recRate nb_complete_site piSyn f0
0 1D 1551160.53333333 1555970.66666667 6.17950204941713e-07 5244 0.00471651277402746 0.13370916900638
0.01 1D 3963719.5 3967548.5 7.9084805232784e-07 407 0.0123628621621622 0.166498430774153
0.02 1D 5333951.33333333 5338693 8.98727598151081e-07 251 0 NA
0.03 1D 5511254 5517977 9.13196172291157e-07 647 0.00210137 0.126050148236627
0.04 1D 6416174.33333333 6422734 9.88522845321933e-07 1496 0.00608503148395722 0.113404009011286
0.05 1D 6778533 6780323 1.01923951577083e-06 111 0.0152296 0
0.06 1D 7487543 7492403.5 9.76008496030621e-07 686 0.00144299308600583 0.385688807656965
0.07 1D 9341325.75 9346118.8125 9.60535167943412e-07 4772 0.00822000587007544 0.127000975771294
0.08 1D 10697069.25 10702023 1.29464426977971e-06 545 0.0318737220795107 0.0717616987015558
0.09 1D 11224145 11230447 1.34929603459414e-06 237 0 Inf
0.1 1D 11509124.2 11515078.8 1.22095314455609e-06 1399 0.00365311689778413 0.135897972417745
0.11 1D 12319059 12322633.5 1.07218306101116e-06 252 0.0021957280952381 0.157513225355989
0.12 1D 15021591.5714286 15025509.1428571 3.66972615636919e-07 1042 0.00621329376199616 0.104338988436981
0.13 1D 17066692 17071329.5 8.46413239667381e-07 101 0 NA
0.14 1D 17648124 17652973 9.61828737076586e-07 71 0 NA
0.15 1D 18187983.75 18191296.75 1.06177225725564e-06 553 0.0090173747920434 0.0247311899330949
0.16 1D 19572558.5 19578499.5 1.33785684435231e-06 3163 0.00510579822004426 0.173517183287612
0.17 1D 20762767 20765853 1.22880805383746e-06 367 0.00199368588555858 0.374240244460058
0.18 1D 21828436 21832490 1.07349020733297e-06 139 0.00264092568345324 0.531140228326851
0.19 1D 22160936 22163312.5 1.05190513965086e-06 40 0 NA
0.2 1D 22883248 22888807 1.02679634502334e-06 240 0.00295161 0.613848035478942
0.21 1D 24399054 24402498.6666667 9.84558259357803e-07 1023 0.00333130416422287 0.0919810187325295
0.22 1D 24779031 24786455 9.74006980762083e-07 267 0.00657138 0.137125535275696
0.23 1D 25806653 25810798.6666667 9.45894765317149e-07 1115 0.00444483018744395 0.166105675165756
0.24 1D 27862652.8 27869461.8 8.90457296975697e-07 1942 0.00239286003604531 0.106870689748245
0.25 1D 28818410 28822056 8.65161766754268e-07 376 0.00205775 1.1534102782165
0.26 1D 30081081 30086656 8.32081747354384e-07 177 0 Inf
0.27 1D 31421662 31431937 7.97441065649626e-07 886 0.00179775 0.251133917396746
0.28 1D 32737866 32740293 7.64103826208086e-07 336 0.00106232 0
0.29 1D 33587682.5 33590251 7.45648997026356e-07 205 0.00583637712195122 0.0668354443837198
0.3 1D 34617511 34621584 7.23920571919075e-07 669 0 Inf
0.32 1D 36714047.6666667 36718650.8333333 6.8006407043811e-07 3110 0.000488950374919614 0.711241599932327
0.34 1D 38549079 38552961 6.42062547973078e-07 351 0 Inf
0.35 1D 39758504 39763081 6.172023558411e-07 319 0.00111019529780564 0
0.36 1D 41307468.75 41310346 5.85636262753449e-07 873 0.00715403122565865 0.111209802672217
0.37 1D 43173708.6666667 43178988 5.47845694936579e-07 360 0.0142315927777778 0.0344410735317477
0.38 1D 45717473.3333333 45722837.3333333 4.96996221198324e-07 719 0.00510864029207232 0.0642196375277242
0.39 1D 47633416 47640006.3333333 4.5912925663838e-07 194 0.00406328004123711 0.512020652737399
0.4 1D 49593458.375 49601172.875 4.20808518182698e-07 3258 0.00176599541589932 0.332785481465115
0.41 1D 52871412 52877225.25 3.57635070844686e-07 711 0.00419067642756681 0.462125758281157
0.42 1D 55564793.1666667 55568601 3.06598980610327e-07 1603 0.00304301992514036 0.134625758401419
0.43 1D 59832154.1428571 59838048.7857143 2.27272712680354e-07 4084 0.0018174826764861 0.305192131251659
0.44 1D 71384079.9137931 71389636.3793103 5.7361533197187e-08 14227 0.00136045415859432 0.237431954894479
0.45 1D 84498956 84507724 0 200 0 Inf
0.46 1D 85557991.6666667 85564106.1666667 0 1872 0.000583556346688034 0.0384737652326162
0.47 1D 87210038.8333333 87219862 0 2083 0.0013097930281325 0.232912973141341
0.48 1D 91118041.6363636 91122788.7272727 0 3777 0.000644553109346042 0.105345552698801
0.49 1D 117846706.614815 117852524.014815 0 34830 0.000529483007954414 0.340654928767523
0.5 1D 150285006.5 150301843 0 1204 0 Inf
0.51 1D 153886905.5 153900059 0 1060 0.000279595547169811 0.847182297825889
0.52 1D 208695300.567839 208702602.874372 3.60474961348253e-08 54556 0.000522506097673625 0.259246354809652
0.53 1D 251200936.955556 251206481.288889 7.76808294750577e-08 13754 0.000832222751158341 0.32814112556941
0.54 1D 262073583.783784 262078550.540541 8.73967049075719e-08 8185 0.00159021230788027 0.255426465517442
0.55 1D 280984542.113208 280989003.811321 1.03334337815079e-07 13921 0.00113149891480083 0.383024927498008
0.56 1D 293482347.741935 293486129.225806 1.13044726422279e-07 8323 0.00191732090352037 0.219583294012067
0.57 1D 301674337 301679494.184211 1.19262712917705e-07 11093 0.00146984051189331 0.206534587444308
0.58 1D 309741062.37931 309745516.724138 1.26681264456706e-07 6365 0.00166963919636764 0.335794202499941
0.59 1D 316708746.458333 316715375.25 1.34599637142651e-07 8460 0.00185376159810875 0.219791805443764
0.6 1D 324050154.666667 324054880.285714 1.39909709132315e-07 5781 0.00093925626424494 0.444512361759107
0.61 1D 328872425.809524 328877692.52381 1.41897615686345e-07 4600 0.000602245058695652 0.527600844935552
0.62 1D 335203551.555556 335209548.703704 1.45662536999641e-07 7802 0.000886422922840297 0.176559108186942
0.63 1D 343042306.589744 343047636.512821 1.52072602466277e-07 8002 0.00361406404219216 0.143992556832261
0.64 1D 349827982.9 349831896.3 1.5918165673162e-07 4953 0.00310430212396527 0.242139263520604
0.65 1D 355830177 355834977.235294 1.66711772894623e-07 4102 0.00114235815455875 0.220421377089525
0.66 1D 361790032.125 361794618.958333 1.75380001437502e-07 7163 0.00168871084196566 0.291989387424771
0.67 1D 365835476.28 365839130.8 1.81877240869503e-07 4343 0.00203312185332719 0.312229302785742
0.68 1D 371230164.307692 371234039.769231 1.91617569434258e-07 3102 0.000394731615839243 0.560122487575155
0.69 1D 376105548.473684 376109469.684211 2.17817663837486e-07 4935 0.00212224185430598 0.0992028321392521
0.7 1D 381111822.5625 381115322.75 2.49745187971755e-07 4935 0.00117390324562539 0.213219127298054
0.71 1D 386649473.9375 386655538.875 2.87540768555354e-07 5270 0.000810500681810789 0.212015315365296
0.72 1D 392125267 392129745.272727 3.32656916334851e-07 2794 0.000948701983536149 0.130731552813119
0.73 1D 396508781.428571 396512753.857143 3.80587683585946e-07 1243 0.00459712749798874 0.0203104359750004
0.74 1D 398996420.8 399000014.6 4.00572329048372e-07 1238 0.00172694451211632 0.318986916196165
0.75 1D 400131786.8 400137957.2 4.06835555490069e-07 1572 0.00252294996183206 0.0792709924814527
0.76 1D 402271265.2 402274995 4.14252646743613e-07 670 0.000420568388059701 1.78622803354749
0.77 1D 403640374.8125 403643683.9375 4.15964458331781e-07 3226 0.00168346638282703 0.174198481754211
0.78 1D 405856924.571429 405860155.857143 4.14173843768063e-07 1388 0.00242911393371758 0.129677724246019
0.79 1D 408351899.833333 408356341.25 4.13849835237483e-07 2524 0.000116963730190174 1.18673718475483
0.8 1D 410381597.714286 410387075.285714 4.2041077630263e-07 3016 0.0015794061505305 0.251795739339334
0.81 1D 412029942.333333 412038037 4.30543173313123e-07 1269 0.000598380677698976 0.348258136208639
0.82 1D 414045912.5 414049746.75 4.32975446338234e-07 1019 0.00463530412168793 0.177312494081298
0.83 1D 415704408.875 415708236.125 4.25221589706331e-07 1231 0.00202468391226645 0.259627987131465
0.84 1D 418980057.3 418985175.1 4.90223389236002e-07 3650 0.00246813524505327 0.109344756174217
0.85 1D 421947352.043478 421956759 5.07414620358122e-07 5307 0.00131814895666958 0.143003101121207
0.86 1D 426531350 426535461.533333 5.52242859470455e-07 2326 0.00172019337059329 0.471312184608172
0.87 1D 430413348.5 430418318 6.17892992914589e-07 949 0.00157619114857745 0.20021714121369
0.88 1D 430564939 430573646 6.20568788217035e-07 1212 0.000755635 0.648962792882807
0.89 1D 430976701 430983376 6.27658063680163e-07 670 0.00161588 0
0.9 1D 431750628 431755464.625 6.40707569982776e-07 2447 0.0114938251532489 0.0430436399475155
0.91 1D 432165357.333333 432168071 6.4753696520545e-07 386 0 NA
0.92 1D 432674688.428571 432679420.285714 6.55801705498359e-07 1481 0.00180920696826469 0.37320335665327
0.93 1D 433619798.5 433624869 6.70705800277083e-07 1485 0.000247768775757576 0.721119047477719
0.95 1D 435790629.666667 435792997.666667 7.02800242914568e-07 583 0.00329182303602058 0.331329640168784
0.96 1D 436614945.2 436619116.8 7.14234148011313e-07 1151 0.00385412662901825 0.0464778006851627
0.97 1D 437571307.333333 437578144 7.41380122234163e-07 777 0.00136249846718147 0.535734184463333
0.98 1D 438644065.8 438648126.8 7.71628417063249e-07 1166 0.000967254584048027 0.701717570608603
0.99 1D 439995376 439999239.5 7.42535937072787e-07 1872 0.00191724886698718 0.163600768940231
1 1D 443617987.111111 443621668.722222 7.20634916567946e-07 3926 0.00168210093479368 0.175317607288306
1.01 1D 445999742 446003976 7.2920519692159e-07 2043 0.000810580014684288 0.615814003178969
1.02 1D 446981946.5 446985864 7.2825582144251e-07 688 0.00154777577034884 0
1.03 1D 447963893.333333 447968144 7.25394809725849e-07 949 0.0031305340516333 0.131556442874593
1.04 1D 449091864.666667 449095399.666667 7.24756327596659e-07 367 0.00936688882833787 0.121573894617838
1.05 1D 449866275.1 449870821.5 7.27959553582292e-07 2666 0.00275839045386347 0.152857436492664
1.06 1D 451128789 451132397 7.38813049530761e-07 274 0.000623701 1.72244392745883
1.07 1D 451950313.333333 451952514 7.5021698278203e-07 506 0.000731722134387352 0.5998373348487
1.08 1D 452444906 452449739 7.58399423327619e-07 981 0.00207905557594292 0.105736014223348
1.09 1D 453274017 453278271 7.74903385554547e-07 340 0.00318547 0.304131258495607
1.1 1D 454394531 454399086.5 8.02456861524297e-07 385 0 Inf
1.11 1D 455714085.2 455716709 8.42590566173026e-07 1110 0.00355046212252252 0.0417893711689691
1.12 1D 457175633 457180862 8.96202827401749e-07 447 0 Inf
1.13 1D 458691890.733333 458695457.6 9.53310085173881e-07 2789 0.000913825650770885 0.201979784088401
1.14 1D 461451334 461454558.333333 1.00867173533747e-06 1236 0.00317379033495146 0.0325899079251012
1.15 1D 462643573.75 462649028.75 1.04080241209485e-06 593 0.00138615354131535 0
1.16 1D 463490591 463494658 1.10445679939063e-06 233 0.00105949 0.518136084342467
1.17 1D 464140500 464147926 1.14170428773417e-06 503 0.0055167 0.248269798974024
1.18 1D 464512902.666667 464517485 1.15727490624447e-06 1178 0.00250551692699491 0.475588288708652
1.19 1D 465217661.125 465221208.75 1.17594807102137e-06 1176 0.00184043715306122 0.141272745125293
1.2 1D 466224813.333333 466230976 1.17939046041983e-06 1430 0.000615155152447552 0.443615573256004
1.21 1D 467156825 467159287.333333 1.1572087043754e-06 259 0 NA
1.22 1D 467897212.5 467902927 1.12802522305065e-06 2718 0.001141196866078 0.396084734930974
1.23 1D 469078805.75 469084527 1.15099376049844e-06 1448 0.00105722863950276 0.420116429181536
1.24 1D 469783173.5 469785860.5 1.16261532394141e-06 967 0 Inf
1.25 1D 470550894 470554968.8 1.15697512247751e-06 1108 0.00107051902527076 0.172973505682
1.26 1D 471602007 471608469.666667 1.11510282779764e-06 1115 0.0022147297470852 0.290503907570064
1.27 1D 472116569.5 472120408.5 1.08015212803411e-06 805 0.000202923428571429 0.274503218054407
1.28 1D 472653724.75 472656604.5 1.05231527086348e-06 899 0.000956274765294772 0.134364945217399
1.29 1D 473836791.111111 473841315.777778 1.02041059090317e-06 2204 0.000553603699637024 0.301981060157336
1.3 1D 475387521.333333 475393748.583333 9.91784137854289e-07 2465 0.00216283832594505 0.321872713871613
1.31 1D 476884663.555556 476888952.888889 9.84192665341942e-07 2848 0.00245639049983477 0.0586042129563933
1.32 1D 478258399.5 478263063.25 9.92015451560388e-07 1193 0.00165122377200335 0.187772411689314
1.33 1D 479071286 479075978.166667 1.00394539331038e-06 1299 0.00319546163202463 0.264676444291062
1.34 1D 479750606.666667 479756894 1.01795443385136e-06 2159 0.00138828597498842 0
1.35 1D 480609073.714286 480613905.857143 1.04062832729679e-06 2573 0.00209623341054541 0.0866113584887356
1.36 1D 481553347.5 481559681.5 1.05690333698491e-06 1706 0.00171329952872216 0.145631909587578
1.37 1D 482217137 482218242 1.06049841476365e-06 11 0 NA
1.38 1D 483144074.666667 483149189.333333 1.05786936433025e-06 1079 0.00351572841519926 0.0111561223075766
1.39 1D 483939215.6 483947634.2 1.05197797396691e-06 437 0.00422959229595728 0.0764174109789629
1.4 1D 484793726.428571 484798699.285714 1.05088588774064e-06 1891 0.00270399598096245 0.197938617746609
1.41 1D 485596969.333333 485601289.666667 1.05144543645458e-06 1247 0.00728477598716921 0.0642052134612321
1.42 1D 486396028.8 486399529.4 1.05231815542467e-06 951 0.0019778733044164 0.24918569432599
1.43 1D 487150645.833333 487155011.333333 1.05328366814042e-06 1078 0.00127055443413729 0.396075726892577
1.44 1D 488098497.4 488103183.6 1.05328566729534e-06 1978 0.000554370879676441 0.378039130034051
1.45 1D 489091076 489092196 1.05137329002858e-06 52 0 NA
1.46 1D 491039837 491046036.333333 1.04846471535028e-06 2453 0.00179221922543824 0.565084573945423
1.47 1D 492883339.125 492889903.625 1.04805968518512e-06 3744 0.0026110247293956 0.210711568684748
1.48 1D 494046605.8 494051580.8 NA 3316 0.000841816609167672 0.44982543059067
0 2D 249612.4 255229.4 1.65063745148952e-06 629 0.0049166246263911 0.0521572073650681
0.01 2D 672180 675387 1.63675003794495e-06 200 0.00769835 0
0.02 2D 2014157 2015713 1.57271633822152e-06 123 0.00985818 0.169959363695936
0.03 2D 2479121 2483873 1.55087131557287e-06 243 0.0459790333333333 0.0801958525540506
0.04 2D 3077076 3080377 1.52307003389834e-06 248 0.00115153 0.302216181949233
0.05 2D 3773856 3790417 1.49011709750458e-06 1787 0.00105394 0.36596106040192
0.06 2D 4461128 4465758 1.45761527914681e-06 60 0 NA
0.07 2D 5114340.66666667 5118127.66666667 1.42593366066748e-06 1163 0.0123007048925193 0.162541645868488
0.08 2D 5293241.33333333 5296648.66666667 1.41716802697136e-06 658 0.00520436375379939 0.0757584142147955
0.09 2D 5744852.5 5750534 1.39478607304196e-06 786 0.000394460368956743 0.479110170318358
0.1 2D 6650325.5 6658024 1.34920845502006e-06 690 0.00500146785507246 0.0501445723403601
0.11 2D 7259349.6 7261539.6 1.318146239149e-06 779 0.0045593544801027 0.151239522472094
0.12 2D 8613291.25 8618070.5 1.24706926382026e-06 956 0.00535939330543933 0.0205259096178844
0.13 2D 9873285 9874766 1.18204965736991e-06 208 0.003412 0.844029894490035
0.14 2D 10589015.3333333 10593648.6666667 1.14094361970319e-06 1513 0.00799762810310641 0.216613820033351
0.15 2D 11570148 11577493.2 1.06632687444298e-06 1831 0.00301825750955762 0.0563270334670876
0.16 2D 12520876.5 12526565.25 9.59164814140977e-07 921 0.00127661029315961 0
0.17 2D 12756911 12760875 9.28156377717672e-07 670 0.00153423044776119 0.132178068950703
0.18 2D 13682709.0833333 13687257.6666667 8.54792112602187e-07 2713 0.00776503529303354 0.107453797130884
0.19 2D 14459789.8333333 14464013 8.50608807390349e-07 1101 0.00703836377838329 0.0963148537851433
0.2 2D 15640547.6666667 15647965 8.86469540382204e-07 1171 0.00910386264389411 0.0222013718838558
0.21 2D 18160341.6 18164849.8 8.80103072198831e-07 1215 0.0026586995627572 0.233425201619201
0.24 2D 22338892.25 22346450.5 1.07053745167231e-06 529 0.0071362224952741 0.0983625751070505
0.25 2D 22742692.6666667 22746194 1.090966135917e-06 339 0.0190552424483776 0
0.26 2D 23414974 23417753 1.11936696810481e-06 32 0 Inf
0.27 2D 24558625 24563390 1.14726776318953e-06 23 0 NA
0.28 2D 25141476.5714286 25150414.1428571 1.15161971589165e-06 2658 0.00148305043416102 0.280479593554786
0.29 2D 26516591.5 26521336.5 1.13736138041395e-06 272 0.00229668386029412 0.585175595484929
0.3 2D 26979932.3333333 26989046 1.1236129321101e-06 716 0.0015750251396648 0.144025354742941
0.31 2D 27777054.1666667 27780619.8333333 1.11734732307396e-06 1063 0.00541999339604892 0.0927039657971833
0.32 2D 28575825 28582516.3333333 1.18193086214088e-06 2210 0.00165513708144796 0.0980376849211503
0.33 2D 28954921 28959378.8333333 1.20012992432243e-06 1819 0.0171539453161078 0.0746091770220342
0.34 2D 29631250.3333333 29633989.3333333 1.21505753342334e-06 430 0.015657027255814 0.12670381433244
0.35 2D 30412271 30418445.25 1.19733815880309e-06 1396 0.0034291304512894 0.0737403421821555
0.36 2D 31805895 31811622 1.08079072254637e-06 501 0.00149436 0.701825530661956
0.37 2D 32249896.75 32256377.75 1.01890433857953e-06 1234 0.00178402773905997 0.217027545927378
0.38 2D 32840182.75 32844809.25 9.60562541182913e-07 1379 0.00458205644670051 0.219745803563183
0.39 2D 33957876.7142857 33961258.5714286 9.35488497716996e-07 1292 0.00185086842105263 0.275708209099402
0.4 2D 35412603 35418456.5714286 9.00184426697367e-07 3651 0.00154924720569707 0.0967008246215942
0.41 2D 36641836.1666667 36647566 8.68191642448712e-07 2097 0.00202520116642823 0.138191241003373
0.42 2D 37739084.3 37743662.2 8.37801059794964e-07 2261 0.00366153155929038 0.258016570314871
0.45 2D 43369633 43377942 6.46586993945924e-07 827 0.00472944 0.186230505091512
0.46 2D 43973202.75 43977060.75 6.24199497383479e-07 1016 0.000400195915354331 0.720978996384768
0.47 2D 46063167.875 46071681 5.59395929766091e-07 1493 0.00105535442732753 0.386037226831723
0.48 2D 48168312 48171044.5 5.12663466466884e-07 232 0 Inf
0.49 2D 49798778 49803915.4 4.90755537628222e-07 2339 0.00436704992161893 0.142490054300961
0.5 2D 51667330.625 51673066.875 4.80461827122812e-07 1356 0.00132851792035398 0.261745172818003
0.51 2D 53424285 53425836 4.8468816045083e-07 314 0.00401668292993631 0
0.52 2D 55895274.875 55901850.9375 5.13744445037348e-07 4416 0.000475123106884058 0.520380513318907
0.53 2D 58128603.8333333 58133140.1666667 5.30575298326282e-07 682 0.0024467087829912 0
0.54 2D 59949332.8333333 59953487.1666667 5.19601858415036e-07 1702 0.00147866127262045 0.411278734221196
0.55 2D 62319868.7272727 62323196.9090909 5.10392568657773e-07 2016 0.00560719428571428 0.0555832380688143
0.56 2D 63974051.7777778 63978144.7777778 5.04093239151361e-07 1541 0.000253419005191434 0.359519471599575
0.57 2D 66398316.1111111 66402713.3333333 4.82482115955238e-07 1740 0.00142820145517241 0.156472608319513
0.58 2D 68130618.8 68135314.2 4.66823506328049e-07 2380 0.0013944171372549 0.214069238788682
0.59 2D 70226834 70230179.6 4.47614721177842e-07 1428 0.00150837771008403 0.0619971211488151
0.6 2D 72340723.6 72344864 4.27948821711226e-07 1548 0.00359118045865633 0.0777817447130629
0.61 2D 73776582.6 73780354.2 4.14435892834044e-07 1006 0.00382664029821074 0.0585848975992608
0.62 2D 75404522.9333333 75409062.1333333 3.98529108550394e-07 4730 0.00182512020295983 0.216449662878123
0.63 2D 77783831.4166667 77790843.1666667 3.74529845258428e-07 3174 0.00117501206553245 0.350559098711273
0.64 2D 79869005.4 79874044.45 3.55296372323821e-07 5238 0.00190514643508973 0.203128143541137
0.65 2D 83193956.2222222 83199653.5555556 3.28184131497092e-07 2142 0.00278357414098973 0.283876834312902
0.66 2D 86154053.2 86161174.4 3.07803920932191e-07 4333 0.00166240321563197 0.166230299389045
0.67 2D 89022783.3333333 89026962.25 2.91424954713927e-07 2895 0.00307505324697755 0.201077295245229
0.68 2D 95614164.125 95619287.9375 2.59730923372412e-07 3026 0.000470719882617317 0.580173757488623
0.69 2D 101737756.666667 101741335.222222 2.11771461639663e-07 3268 0.00229753916156671 0.201159549268054
0.7 2D 108543420.375 108547585.708333 1.86406856752652e-07 5719 0.00205489039692254 0.254770545041354
0.71 2D 115663219.681818 115668347.227273 1.65518304060271e-07 5339 0.0017737194761994 0.175836209454355
0.72 2D 121121177.44 121125709.08 1.52254074766896e-07 6853 0.0016235447033416 0.145402187253915
0.73 2D 126622698.368421 126628020.947368 1.42719008475552e-07 4409 0.00230029993019329 0.232425055455625
0.74 2D 131596683.961538 131601544.461538 1.28903208809054e-07 6108 0.00155664514882122 0.285464028727315
0.75 2D 136523489.4375 136528627 1.18079595481903e-07 2798 0.00227276407433881 0.0660080604430321
0.76 2D 145131418.818182 145136753.590909 9.99005240742779e-08 6498 0.00131532563773469 0.179437218696348
0.77 2D 170712419.460938 170718287.148438 4.7651098059814e-08 31886 0.00104987476717301 0.238355955316458
0.78 2D 195971948.619048 195978761.52381 1.83408852399191e-08 6101 0.000458856711058296 0.659550229866358
0.79 2D 206898831.195122 206906398.707317 1.11609057196837e-08 12243 0.000676966018933268 0.54874358742836
0.8 2D 301507143.287081 301515462.229665 1.14349189047279e-08 59587 0.000796410251937885 0.262699735988079
0.81 2D 353826221.103448 353832705.258621 4.73559497003622e-08 15619 0.000942147974712575 0.198966102856107
0.82 2D 372091673.068182 372096521.045455 6.18991300499576e-08 11941 0.000936880992546688 0.362098948005195
0.83 2D 382951684.414634 382956940.414634 6.816029849384e-08 10079 0.000771436546431906 0.235763407799611
0.84 2D 398965421.917808 398969707.068493 7.44770259942642e-08 14066 0.000887439292227987 0.249765945441651
0.85 2D 415102232.041667 415106282.666667 7.91239561130618e-08 4401 0.00233285290750126 0.0389082140509515
0.86 2D 422094536.027027 422099663.216216 7.94887947093769e-08 8784 0.00119235037431694 0.251461034932345
0.87 2D 439826077.727273 439830620.077922 8.62832903994802e-08 17095 0.00142444275519158 0.207169381154511
0.88 2D 454271592.346154 454275585.5 9.45981337200518e-08 4623 0.00120967032982912 0.236263252183333
0.89 2D 460937796.095238 460943703.238095 9.72819327589345e-08 6677 0.00171361773881983 0.329863900448083
0.9 2D 471177412.724138 471182546.482759 1.00740075206595e-07 7117 0.00155933404939659 0.334976629593323
0.91 2D 478217366.676471 478221100 9.68593020136303e-08 5684 0.0035366595762907 0.158322989392031
0.92 2D 488902372.266667 488906833.311111 8.93678199136987e-08 10329 0.00150465722364217 0.252216457981028
0.93 2D 498847295.12 498851181.8 9.10442783370527e-08 5340 0.0012798727928839 0.448280716850279
0.94 2D 509510238.185185 509516349.962963 1.02950813067606e-07 5324 0.00213651905240421 0.181074748849585
0.95 2D 517612879.206897 517617811.758621 1.1886005409496e-07 9024 0.000748003951573581 0.202089546812903
0.96 2D 525975060.357143 525980955.928571 1.38588139553939e-07 7533 0.00184316352130625 0.290011130663293
0.97 2D 534873256.363636 534877513.606061 1.56347554957144e-07 7501 0.002607178518404 0.102444443640396
0.98 2D 540244600.130435 540250204.913043 1.69731044379688e-07 8387 0.00136981501073089 0.242682181053343
0.99 2D 545973702.681818 545977446.090909 1.86439236837529e-07 5313 0.00198487713194052 0.19490448021889
1 2D 551692985 551700914 2.09785914675349e-07 600 0.0010024854 0.995318734816487
1.01 2D 554592464.615385 554596445.076923 2.1364968853099e-07 2771 0.00174899193179358 0.183144368222506
1.02 2D 557946522.833333 557949647.833333 2.30575251724741e-07 2035 0.000341848180835381 3.20855776015793
1.03 2D 563095415.5 563098897.666667 2.58170133429973e-07 1634 0.000820175373317013 0.417197507151648
1.04 2D 565901036.263158 565905522.368421 2.71425272675862e-07 5756 0.00247509140340514 0.183673650471804
1.05 2D 571492024.866667 571497569.533333 3.05756436871095e-07 4685 0.00419407471803629 0.1728024757023
1.06 2D 575351992 575355752.333333 3.37627956187839e-07 2403 0.00093463049937578 0.188818461682395
1.07 2D 578203636.461538 578207897 3.74499999745511e-07 3066 0.0147315066658513 0.072937046789207
1.08 2D 580105697.142857 580109996.571429 4.02026884686059e-07 2166 0.00285930367497692 0.141205335563494
1.09 2D 583231043 583234065 4.24808767177548e-07 488 0.00161128 0.735632540588849
1.1 2D 584825921.5 584829466.666667 4.26400804445004e-07 511 0.017641485146771 0.0774996688195677
1.11 2D 587636119.714286 587640862.714286 4.20581432806605e-07 1040 0.00163577679326923 0.176388667236734
1.12 2D 589107085.8 589112147.4 4.19965278494581e-07 1047 0.00134719047755492 0.120940736242179
1.13 2D 590426089.153846 590430921.307692 4.17713981336986e-07 2728 0.00218097200788123 0.335404055341683
1.14 2D 593081805.4 593087379.9 4.1681601004571e-07 3347 0.00132019277296418 0.107974050471006
1.15 2D 595308204.277778 595311991.833333 4.22433948420198e-07 2589 0.0013425940058619 0.173720605133055
1.16 2D 598809617.375 598813249.75 4.50975795411966e-07 1642 0.00197022287454324 0.218194715637691
1.17 2D 601116657.230769 601121850.230769 4.64323434271547e-07 3345 0.00241529065112108 0.151980660105381
1.18 2D 604731023.75 604734872.25 4.70094564294852e-07 754 0.0025669175994695 0
1.19 2D 606807788 606812224.375 4.78947561292535e-07 2457 0.00191079538665039 0.345951109844151
1.2 2D 608926558.461538 608932597.153846 4.86052058677282e-07 4786 0.00159872563602173 0.170890996043057
1.21 2D 610647904.2 610652885.4 4.83597237323465e-07 1227 0.00120682534637327 0.564415623794761
1.22 2D 611881854 611886799.5 4.77694175234441e-07 1016 0.000724684674212598 0
1.23 2D 613346392 613352710.571429 4.65656369951714e-07 2146 0.00298747404939422 0.179553008100235
1.24 2D 615714709 615718894 4.35386053315782e-07 61 0 NA
1.25 2D 617147857.769231 617153188.076923 4.10243427526433e-07 3760 0.00400973463670213 0.110443198716547
1.26 2D 620021048.923077 620024416 3.85909149255702e-07 1836 0.00334479364760349 0.17047185951785
1.27 2D 622252564 622257651.9 3.54951376682082e-07 1588 0.0082721184697733 0.134440620575957
1.28 2D 624788970.222222 624793385.888889 3.3089683012835e-07 3259 0.00389580786253452 0.189459962971107
1.29 2D 628429171.5 628434391.1 2.96236954332697e-07 1868 0.0028079264525339 0.0962184510087063
1.3 2D 634246660.375 634251044.21875 2.40554090054548e-07 8121 0.00432689368653948 0.188854857973068
1.31 2D 645282375.028169 645286818.84507 1.82161721858877e-07 17830 0.005240951131971 0.125777597812788
0 3D 1642058.95454545 1646493.09090909 8.99743662255587e-07 4992 0.00357376507211538 0.258487215553106
0.01 3D 3883763 3888403.14285714 9.29260044150707e-07 1712 0.000638497066004673 1.21807970419715
0.02 3D 6100152.05555556 6104715.5 9.64520129592423e-07 3303 0.00213009230759915 0.294251032169403
0.03 3D 7393342.88888889 7399419.88888889 9.83400461548284e-07 2789 0.0111886294370742 0.167126398860442
0.04 3D 8525241.14285714 8529715.14285714 9.97928987598097e-07 1512 0.00546250091049383 0.0974493475449572
0.05 3D 9118922.66666667 9122109.33333333 1.00486909862596e-06 500 0.00197889314 0.355089653805157
0.06 3D 10474615.3333333 10477986 1.01979411052965e-06 1086 0.00426968372007366 0.150823556327957
0.07 3D 10654008.3333333 10656927.6666667 1.02131048965909e-06 198 0 Inf
0.08 3D 11603558.8 11608743 1.02705732607378e-06 1511 0.00266499349768365 0.168311695139311
0.09 3D 12407512.7777778 12410295.1111111 1.03347140228905e-06 727 0.00430465796423659 0.286552168494207
0.1 3D 13334051 13337865.4 1.05414550563159e-06 1048 0.00138146619274809 0.497478333276246
0.11 3D 13909324.6 13913634.6 1.06295706773367e-06 975 0.00165408548717949 0.199751697948083
0.12 3D 14558941 14565283.5 1.06953673857727e-06 324 0.00336286666666667 0.457631257429545
0.13 3D 15590258 15592577.5 1.08036448925727e-06 418 0.0261467366028708 0.0941212960615475
0.14 3D 16379107.25 16383936.25 1.09339999123138e-06 1314 0.00254393914764079 0.261409876383778
0.15 3D 17441498.6666667 17442629 1.09496939641542e-06 336 0 Inf
0.17 3D 18658138 18661111 1.07420505880111e-06 23 0 NA
0.18 3D 19747491.5 19750560 1.10501800430377e-06 553 0.00478937160940326 0.332486225810806
0.19 3D 21004883 21005972 1.20693226838003e-06 133 0 NA
0.2 3D 22047120 22052398 1.26047788850451e-06 372 0 NA
0.21 3D 22227893 22233567.6666667 1.26553621623324e-06 1437 0.00137901520668058 0.355800802191371
0.22 3D 23143320 23146079.4 1.27405196647086e-06 602 0.00314876850498339 0
0.23 3D 23673037 23676997 1.2651293189624e-06 212 0.00145985 0
0.25 3D 25126814.5 25130889.5 1.18811242126333e-06 725 0.002982654 0.0399528741852055
0.26 3D 26215820.5 26219240.5 1.08021369422023e-06 369 0.00438363143631436 0.173854064145998
0.27 3D 26446348 26450227.5 1.05186019510033e-06 221 0.00625735846153846 0.173492968155892
0.29 3D 28227578.3333333 28230780.6666667 8.94635402822036e-07 175 0.00236648777142857 0
0.3 3D 29144113 29147502.3333333 8.31409601983745e-07 755 0.00207058132450331 0.480638479554227
0.31 3D 30089465 30095701.375 7.85649209339053e-07 2068 0.0101411943907157 0.0592009738158917
0.32 3D 31795268.6666667 31801570.3333333 7.23043639935628e-07 729 0.0123776189986283 0.249789113093716
0.33 3D 33239028.6666667 33247311.6666667 6.89323078927085e-07 1962 0.00771705115698267 0.0759749067581845
0.34 3D 36670884.7 36675134.2 6.09431285236096e-07 2529 0.00364047017002768 0.0925510038827973
0.35 3D 39541162.7142857 39545533.7142857 5.6192616042713e-07 1889 0.00295960907887771 0.13362140624373
0.36 3D 42422987.2727273 42426305.7272727 5.36039821555785e-07 2220 0.00533441533333333 0.0974649995922618
0.37 3D 44333752.9375 44338509.8125 5.52550536485548e-07 4623 0.00196763232641142 0.382435434895011
0.38 3D 46740281.7142857 46747232 5.32130202633543e-07 2352 0.00163665291454082 0.416783893468929
0.39 3D 49059630.4615385 49063744.7692308 4.97625669114295e-07 3058 0.00339804567495095 0.209677769274818
0.4 3D 50246834.75 50252400 4.8057553889268e-07 391 0.000855757033248082 0.135580335982259
0.41 3D 51735746 51741079.5 4.59758323782326e-07 485 0.00230369211546392 0.451628571542827
0.42 3D 53812346 53816551 4.31910339902444e-07 1504 0.00302000084441489 0.0563691241482344
0.44 3D 57328399.6666667 57335036.3333333 3.87576145098189e-07 807 0.000809549962825279 0.209996981204023
0.45 3D 58922829.1 58926909.7 3.68776640794619e-07 2346 0.00167654882779199 0.117486708953616
0.46 3D 61531335.8 61535714.3 3.39482646584716e-07 1139 0.00227514951712028 0.225779141710517
0.47 3D 63823381.4166667 63827201.6666667 3.15502059187717e-07 2529 0.00121453265480427 0.320698324376649
0.48 3D 67033587.0833333 67040974 2.84478040962382e-07 3028 0.000335637594451783 0.543009312755042
0.49 3D 70353604.9285714 70360830.6428571 2.5500293800317e-07 4095 0.000577866824908425 0.251757181423207
0.5 3D 82190038.8723404 82195601.1489362 1.82792960892261e-07 11742 0.0011297328917523 0.237694400362145
0.51 3D 93256397 93264153 1.26350710440072e-07 601 0 Inf
0.53 3D 95030982.4285714 95034644.2857143 1.18634970849721e-07 1835 0.000498906931880109 0.41841367715025
0.54 3D 96214656.5 96218236.25 1.13637243392696e-07 818 0.00422708515158924 0
0.55 3D 110310449.6 110315363.816667 6.63897109794874e-08 13361 0.00089297065055527 0.334635132117429
0.56 3D 131208813.867925 131214454.830189 2.68007991745153e-08 11941 0.000747946784136383 0.286481421717222
0.57 3D 147810705.676471 147815247.794118 2.59324907733954e-08 7516 0.000901372564210492 0.16325488983285
0.58 3D 166009907.169231 166014823.830769 2.71006264310846e-08 15852 0.00136982614793776 0.206636375190255
0.59 3D 240349022.547368 240357463.105263 1.74161731911742e-08 53914 0.000635448028330344 0.329886762276014
0.6 3D 307863891.123288 307869590.90411 3.97229058397795e-08 20537 0.000707968146748534 0.37644544712088
0.61 3D 327786844.54386 327793023.315789 3.47355045194729e-08 14953 0.000474559786831466 0.505872057093202
0.62 3D 344124527.916667 344130455.833333 3.90755358195665e-08 16946 0.00132747807696605 0.210080314246659
0.63 3D 365776985.340206 365782767.721649 6.52837518127025e-08 24550 0.00145052991550375 0.300468739414801
0.64 3D 385395681.854545 385400534.2 1.06743721184417e-07 11587 0.00153435286429254 0.285905925804417
0.65 3D 396218663.185185 396223015.148148 1.37917272902281e-07 6867 0.00187759674543805 0.180538124929942
0.66 3D 402600006.190476 402605699.619048 1.60377952503954e-07 5231 0.00217613568151405 0.174097829809255
0.67 3D 409188816.466667 409193852.4 1.88130325930788e-07 4225 0.00213533651437025 0.244975475647615
0.68 3D 415071690 415076283.153846 2.07471006722529e-07 8951 0.00186953887386884 0.218604380433962
0.69 3D 420468422.3 420476130.85 2.19719611846317e-07 6389 0.00109047016025982 0.15201696712676
0.7 3D 426084075.916667 426093660 2.268732234648e-07 8191 0.00196550088090322 0.243917728217412
0.71 3D 430064636.25 430068828.964286 2.36253526516994e-07 3702 0.00205916775755309 0.144575100254661
0.72 3D 434127802.125 434131641.125 2.48045359891977e-07 2656 0.00302924693697868 0.224683969719859
0.73 3D 438038939.222222 438042045.166667 2.57429929159681e-07 3245 0.000848115383359014 0.466105147388152
0.74 3D 441517923.857143 441522349.571429 2.64097365623548e-07 3735 0.00239442580722892 0.330538363097918
0.75 3D 444471146.041667 444475992 2.68633878216193e-07 5358 0.00260650387868608 0.123354201816573
0.76 3D 447872125.125 447877903.625 2.72486325149464e-07 2272 0.000503037066901408 0.218141194226531
0.77 3D 450671626 450678412.25 2.74600346514378e-07 1347 0.00094983795545657 0.260094353795945
0.78 3D 454015748 454019027.75 2.77622048652165e-07 2612 0.00115437686983155 0.218303566393818
0.79 3D 456734105 456738137 2.80115901352054e-07 3249 0.00244081368944291 0.125077744960926
0.8 3D 459276649 459282176.642857 2.81674318886328e-07 3541 0.00208023612821237 0.203196725735031
0.81 3D 462626861.076923 462630216.692308 2.82676813006531e-07 2312 0.00206543440681032 0.209253780388597
0.82 3D 466021524.222222 466026513.333333 2.8250213439799e-07 2792 0.00177367788543159 0.197356902935922
0.83 3D 469474338.571429 469478847.5 2.81027277459151e-07 3031 0.00310975709336853 0.245722502754777
0.84 3D 472654747.0625 472658520.375 2.78546895587449e-07 2609 0.00296202270090712 0.0183066833124396
0.85 3D 477336051.222222 477341578.944444 2.72913300176536e-07 3384 0.00110291781678487 0.395174402168446
0.86 3D 480289507.083333 480293611.666667 2.67690205896612e-07 2085 0.000668637875735775 0.711369867620878
0.87 3D 484606526.375 484611739.125 2.51435344854355e-07 1536 0.000470349611979167 0.220452695618133
0.88 3D 488064148.722222 488070136.888889 2.4028586081513e-07 4173 0.000398907155044333 0.243320762776202
0.89 3D 491407612.5 491413331.5 2.3518138197474e-07 2333 0.00110231422760394 0.285548277789901
0.9 3D 497059594.72 497063936 2.39847298552234e-07 5476 0.00116222778414901 0.194754894972896
0.91 3D 502649613.333333 502655248.166667 2.42338142685338e-07 3848 0.00172107354632276 0.152702396887551
0.92 3D 506746275.611111 506750872.222222 2.30490793817659e-07 5132 0.00134825840997662 0.447953479334565
0.93 3D 509931581.615385 509935169.230769 2.30263345458714e-07 3399 0.00235560551044425 0.177733191588933
0.94 3D 514629124.166667 514633757.944444 2.44928963055337e-07 5375 0.00266278589674419 0.179793922416221
0.95 3D 518065985.611111 518069453.388889 2.54790133114794e-07 3658 0.00157604132449426 0.118017994911681
0.96 3D 522835822.666667 522840351.888889 2.60775802493844e-07 3490 0.00176926100802292 0.254758442995269
0.97 3D 526145734.882353 526150596.823529 2.6661485190132e-07 4138 0.000967455965140164 0.174827735241235
0.98 3D 530214650 530220639.333333 2.86690348557306e-07 2903 0.00183710862487082 0.127249135120714
0.99 3D 533568487.555556 533572084 3.02438426757154e-07 1860 0.0024056006344086 0.262165902912075
1 3D 536504367.3 536509003.6 3.18993324428831e-07 3005 0.001615374518802 0.233329371451877
1.01 3D 539961974 539967571 3.46709974382348e-07 1756 0.000394980728929385 0.313308431644599
1.02 3D 542130076.5 542131863.75 3.68806670228826e-07 539 0 Inf
1.03 3D 544421512.5 544425326.666667 3.99639900836947e-07 2645 0.000958816324385633 0.336924659395076
1.04 3D 546937538.666667 546942092.611111 4.42344375749951e-07 3721 0.00509657317564855 0.0742730630091065
1.05 3D 549455156.666667 549460157.25 4.73594774064652e-07 1581 0.00216042012333966 0.241551022028927
1.06 3D 551800214.8 551803946.8 5.06651016089706e-07 1030 0.0105426196990291 0.201485057836378
1.07 3D 554401824.75 554406474.75 5.51306758404708e-07 972 0 Inf
1.08 3D 556031321 556040837.333333 5.66462493385297e-07 2303 0.000885123181068172 0.367427203056918
1.09 3D 558854994 558858469.142857 5.30400420785563e-07 2111 0.000866138009000474 0.527881650686842
1.11 3D 561276693 561280072.5 4.63484099571129e-07 350 0.0127595307714286 0.158504401517658
1.12 3D 562525032 562527759.666667 4.2327279088209e-07 360 0.00200333333333333 1.03623817249029
1.13 3D 563823335 563826227.75 4.05145358398221e-07 508 0.00154597039370079 1.26617661439768
1.14 3D 565503493.833333 565508915 4.26174442484478e-07 674 0.0016969959347181 0.484406587881609
1.15 3D 570667054 570670855.5 4.20108489191147e-07 247 0.0171848526315789 0.126824953601687
1.16 3D 574112810.428571 574115634.285714 4.41006104033482e-07 696 0.0159920122126437 0.141882159111313
1.17 3D 575938579.8 575943755.6 6.33810003944168e-07 1115 0.00494146362331839 0.0347893244330867
1.18 3D 577491037 577492676 7.32926960465068e-07 203 0 Inf
1.19 3D 578707958.666667 578711545.666667 7.95577674141635e-07 531 0.00179586553672316 0.219548211071968
1.21 3D 580724691 580727646 8.77240081869549e-07 212 0 NA
1.22 3D 581368883.25 581373275.5 8.98610235239676e-07 544 0.000510329 0.29556670146352
1.23 3D 581998814.5 582002790.5 9.30562688215982e-07 206 0 Inf
1.24 3D 583217107 583222273 1.02956665706932e-06 808 0.000245290306930693 1.48392684505864
1.25 3D 584103839 584108633 1.09161694199584e-06 2175 0.00276498868965517 0.190231087856791
1.27 3D 586060681 586068672 1.16977055148923e-06 1364 0.0011915894941349 0.389275853705031
1.28 3D 586995295.666667 586998740 1.1783020171141e-06 1093 0.00540823870082342 0.214715412757896
1.29 3D 587634055.666667 587639570.666667 1.17274057191159e-06 1099 0.00275138756141947 0.383962439294382
1.3 3D 588393624 588396164 1.15647821665452e-06 215 0.0065907 0
1.31 3D 589663030.666667 589667179 1.11199595136209e-06 437 0.00461292167048055 0.254520599301305
1.32 3D 590692655 590698167.333333 1.11623734415524e-06 482 0.00644183598547718 0.0219539720117517
1.33 3D 591640763 591649997 1.10638708702691e-06 666 0.00211065298648649 0.222183302681127
1.35 3D 593163141.5 593167985.25 1.09469248816046e-06 991 0.00388658284561049 0.170784760923995
1.36 3D 594710801 594716503 1.07608455652039e-06 1031 0.00275974213385063 0.102058646913742
1.37 3D 595065084.5 595070126.25 1.06306744810928e-06 1517 0.00462473847725775 0.0872549349748405
1.38 3D 596912028 596915547 9.73379670328619e-07 155 0.00459609 0.5611726489255
1.39 3D 597095910 597097486 9.60798988867951e-07 20 0 NA
1.4 3D 598409412 598413468 9.0140850957583e-07 898 0.00966140409799555 0.151708804636299
1.41 3D 599163786 599166700 8.75597627263629e-07 232 0.00179171 0.32679284035921
1.42 3D 600123710 600126996 8.54213563703903e-07 174 0 NA
1.44 3D 601917967 601925473 8.39242228673895e-07 350 0 NA
1.45 3D 602612134 602616126.666667 8.44039551807496e-07 1145 0.0109190435982533 0.0795092206085788
1.46 3D 604198255.538462 604202787.538462 8.49195984150529e-07 4606 0.00166041369952236 0.348190584287864
1.47 3D 607058486.470588 607063577 8.3294028672758e-07 4450 0.00336479016876404 0.110618142115938
1.48 3D 609489927.166667 609493688.833333 8.12911785092623e-07 2015 0.00190417067493797 0.291594265127166
1.49 3D 610230565 610234546.6 8.09929846748294e-07 1400 0.00286231858571429 0.0679328557920684
1.5 3D 611359280.428571 611362063.571429 8.0488480211073e-07 1066 0.00413839678236398 0.0296633769296649
1.51 3D 611918053 611919686 8.0204523381903e-07 31 0.0186335 0
1.53 3D 612893125 612902319 7.96489615194158e-07 1239 0.000563975593220339 0.122466382726023
1.54 3D 613630203 613636698 7.91834839663841e-07 2078 0.00175542868142445 0.179640972944427
1.55 3D 614204249 614208876 7.87942240021488e-07 64 0.00925480828125 0
0 4D 2386002.15789474 2389680.31578947 2.02210293629563e-06 3891 0.00427839175507582 0.174509790181892
0.01 4D 4559557 4564983.75 1.93178181045906e-06 1973 0.00501573548403447 0.145699183691455
0.03 4D 5647780.83333333 5652316 1.88511629262179e-06 2000 0.0008584088055 0.316068146973359
0.04 4D 6036118.33333333 6040771.5 1.86859598486944e-06 687 0.0159795331004367 0.0577800269370046
0.05 4D 6355708 6358335.66666667 1.85510409468519e-06 160 0.00414959625 0
0.06 4D 6623648.2 6628917 1.84373547456766e-06 1240 0.00159845683870968 0.0996408794433631
0.07 4D 6896320 6899884 1.832296722521e-06 290 0.00437815 0.0352018546646415
0.08 4D 7107798 7112439 1.82339986465315e-06 414 0.00207214 0.174375283523314
0.09 4D 7479896.5 7482829.75 1.80753029218503e-06 181 0.00376694751381215 0.0743119691119691
0.1 4D 7759937.28571429 7764937.14285714 1.7954617512442e-06 2661 0.000186090095452837 2.16423438272488
0.11 4D 7992093 7994735 1.7855648438491e-06 451 0 NA
0.12 4D 8256254 8259493 1.77425436330342e-06 280 0.00112233 0.478696105423539
0.13 4D 8402325 8412432 1.76787184137447e-06 121 0 NA
0.14 4D 8662258.5 8670233.5 1.75683893321785e-06 727 0.000665694429160935 0
0.16 4D 9301807.42857143 9308307.28571429 1.72971658282469e-06 4349 0.00165601940216142 0.0496291503227873
0.18 4D 10254737 10259290.6666667 1.68955274965127e-06 653 0.00369404511179173 0
0.2 4D 10980040.25 10985607.25 1.65914580410993e-06 1215 0.00304189535802469 0.047504542908901
0.21 4D 11484327.6 11490011 1.63812459993134e-06 2323 0.000692003399483427 0.304221438892861
0.22 4D 11904451.1666667 11909437.6666667 1.62069545320507e-06 1428 0.00223360334033613 0.0141334019767339
0.23 4D 12458543 12464968 1.59775350538049e-06 466 0.0112460017167382 0.129606371500502
0.24 4D 12657529.2 12662138.2 1.58959030833694e-06 722 0.00454450770083103 0.0809861208496124
0.25 4D 13210367.2 13215576.4 1.56686336325356e-06 1718 0.00149236941792782 0.436392510981728
0.28 4D 14637822 14640485 1.50875406067158e-06 199 0.00142139324623116 0.308369476652209
0.29 4D 15215711.8571429 15220283.5714286 1.48537979236205e-06 938 0.0106961045522388 0.0830744957846664
0.3 4D 15871533.1875 15876090.375 1.45902634279555e-06 4099 0.00848025867174108 0.0780329917589748
0.31 4D 16535155.1111111 16539828.5555556 1.43245778744328e-06 3469 0.00106128557221101 0.239674888332847
0.32 4D 17464819.25 17469364.25 1.39280414705221e-06 1510 0.00238284092980132 0.0970062975115226
0.33 4D 19364812.1428571 19369713 1.31200566943313e-06 2184 0.00323955129578755 0.176424135316314
0.34 4D 20551554.5 20553444.5 1.26260994795163e-06 147 0.0119961918367347 0
0.35 4D 21502651.3333333 21510849 1.22336847226199e-06 4139 0.00168934681565596 0.118545385860152
0.36 4D 22094224 22098539.5714286 1.19933184829577e-06 1333 0.00156193972993248 0.109968049230494
0.37 4D 23212902.75 23219218.375 1.15417084850939e-06 1806 0.00978402667774086 0
0.39 4D 25609759.5 25615339.75 1.05961138000748e-06 1761 0.000154261706984668 0.166184854203937
0.4 4D 26851909.2727273 26856180 1.01178529690173e-06 2618 0.00171661295416348 0.104106008881952
0.41 4D 28861282.375 28867648.875 9.35877204151197e-07 3483 0.000980265952339937 0.103401226424308
0.42 4D 30392209.9 30395961.7 8.76258577686663e-07 1343 0.00212885549516009 0.122839642566533
0.43 4D 32254191.0769231 32259526.2307692 7.45092223340012e-07 2935 0.00309953635008518 0.167611109885527
0.44 4D 35707845.3529412 35714551.9411765 4.97843888480657e-07 4273 0.00131888357921835 0.230142449015344
0.45 4D 39665427.9285714 39670199.2142857 2.91259551966855e-07 2016 0.00078166572008547 0.621322088720369
0.46 4D 43639948.4761905 43645596.6190476 1.687259668339e-07 6299 0.00282660705878711 0.176236207515047
0.47 4D 48805739.6666667 48811002.1666667 1.30417736528307e-07 2458 0.00140760975072121 0.231125056788347
0.48 4D 51881230.8125 51886021.1875 1.55572193040391e-07 2251 0.00138681204886717 0.452051107583842
0.49 4D 55114174.75 55120978.0833333 1.55018896366057e-07 1967 0.00104100593085918 1.00545486910756
0.5 4D 58485125.6 58491277.1333333 1.06567284290806e-07 4800 0.000810779184166667 0.452632526319556
0.51 4D 74648589.3047619 74654105.2095238 6.65160894546235e-08 28381 0.000940484074234523 0.231528000332308
0.52 4D 96065787.7317073 96070756.5365854 5.36745654784079e-08 11473 0.000667453608724609 0.356860074082643
0.53 4D 107354913.55 107359578.6 5.40246551359235e-08 9551 0.000888866255575332 0.362015214008918
0.54 4D 140345436.205882 140351785.980392 2.15309716150348e-08 26444 0.000741184234109663 0.268047767070068
0.56 4D 201896944 201905027 0 978 0.000756813 0.185119705924713
0.57 4D 236058234.527273 236071497.109091 8.99032269558673e-09 20290 0.000220154278197616 0.514772429007268
0.58 4D 281998243.9 282012882.8 1.96472248685142e-08 6188 0.000721781547188106 0.308588517906668
0.59 4D 304387398.390244 304393480.792683 2.27333593896656e-08 25900 0.000549255169789355 0.391676854427745
0.6 4D 337075239.853333 337079818.973333 2.812867850858e-08 35077 0.00103906508813615 0.270013082228479
0.61 4D 367103213.285714 367107881.545455 8.97438238396365e-08 19337 0.00151012934437253 0.183252143330144
0.62 4D 378717184.5 378722344.444444 1.16485151435675e-07 4628 0.00170634778956734 0.193832057020268
0.63 4D 381164382.5 381168679.3 1.27614388589156e-07 4144 0.00167598200075075 0.10095270583112
0.64 4D 387408081 387411678.933333 1.19714618203817e-07 5350 0.0015570716871028 0.284850130861375
0.65 4D 396190328 396194718.054054 1.11534762440612e-07 6845 0.00201590704054054 0.145708535441049
0.66 4D 406316688.891304 406322225.586957 1.24851917439477e-07 13689 0.00170146517578266 0.247986393250307
0.67 4D 418292312.478261 418297804.652174 1.51964780544732e-07 9449 0.00131231252069002 0.221488337435989
0.68 4D 423312254.75 423316969.3125 1.65676010896389e-07 3362 0.00235691202284355 0.114426434507856
0.69 4D 428231981.730769 428237626.461538 1.80328161601774e-07 6661 0.00228508977663414 0.159867366772217
0.7 4D 432656602.25 432659924.416667 1.94550903629749e-07 1407 0.000104519189765458 2.42262456097403
0.71 4D 435661998.764706 435667068.941176 2.04819855191234e-07 5163 0.00200118832461747 0.21552066896468
0.72 4D 441039455.5 441044366.714286 2.14164776251677e-07 3373 0.00163497825229766 0.184170854692108
0.73 4D 444779286.545455 444784647.181818 2.00207932598235e-07 5033 0.00159601582714087 0.24540499933877
0.74 4D 449605717.764706 449610078.411765 1.96760630131858e-07 4343 0.00108490021484285 0.277757061757513
0.75 4D 455362772.136364 455365663.409091 2.48728638010806e-07 2727 0.00487873518298497 0.0863509701457483
0.76 4D 459326640.333333 459330617 3.28363068375273e-07 1876 0.00228587272814499 0.229093168098158
0.77 4D 460687926.6 460691214.2 3.65206848788195e-07 1333 0.00133570436609152 0.625905912107804
0.78 4D 463460553.916667 463464896.5 3.89274014797394e-07 2780 0.00202175359928058 0.19465659785553
0.79 4D 465824459.6 465829678.9 3.75457048398099e-07 2351 0.00249769881374356 0.17131866501923
0.8 4D 468714440.842105 468719033.473684 4.10842262815196e-07 5182 0.00209764079293709 0.247640584893735
0.81 4D 470070596 470074362.333333 4.48257861002196e-07 537 0.000543132290502793 0
0.82 4D 473597086.076923 473601484 6.1729745146182e-07 3225 0.0017027367144186 0.0864462050693832
0.83 4D 476129838.333333 476135062.333333 7.91867254770627e-07 905 0.00270853796685083 0.404358572914789
0.84 4D 477245135 477251524.923077 8.85511455385515e-07 2717 0.00323298510121457 0.151524008621055
0.85 4D 478082578.166667 478088044 9.61762906747749e-07 2110 0.00210621591658768 0.341891233088145
0.86 4D 479272313 479275009 1.07908540460661e-06 565 0.00277616396460177 0.0430882177880595
0.87 4D 479818594 479826531.5 1.1369360031931e-06 1319 0.00228163476118271 0.46115690396294
0.88 4D 480854903.2 480858498 1.33244619306042e-06 843 0.000354008854092527 0.409522308427294
0.89 4D 481180529.142857 481184346.285714 1.4247324566952e-06 1305 0.00193698391596424 0.217258057749194
0.9 4D 481888141 481893010.5 1.57190091324002e-06 966 0.00171426083850932 0.162769441636282
0.91 4D 482503854.833333 482511001 1.57722811763065e-06 2786 0.000779441351399856 0.530336205578571
0.92 4D 483130056 483134523.166667 1.4841118343016e-06 2045 0.00362559221515892 0.067359480418913
0.93 4D 484149604 484156045 1.41106265236574e-06 873 0.000787656 0.468523060828585
0.94 4D 484559510.818182 484563922.636364 1.37631749648595e-06 2312 0.0019354051600346 0.0502767555981886
0.95 4D 485531492.666667 485535351.666667 1.28034043823756e-06 479 0.0032502969519833 0
0.97 4D 486181976 486186469 1.20437339667996e-06 304 0.00552382460526316 0.117393810524158
0.98 4D 486822992.1 486825805.4 1.12047472454421e-06 1437 0.00117568340292276 0
0.99 4D 487509035.25 487511184 1.02055272782272e-06 379 0 Inf
1 4D 489106916 489110275.5 7.03064301705428e-07 1831 0.00397964580010923 0.0827386520704854
1.01 4D 493527293.933333 493532961.933333 4.10911253998334e-07 3110 0.00313373778488746 0.130534143637592
1.02 4D 495978547 495980686 7.54922996620186e-07 404 0 Inf
1.03 4D 497132907.5 497137475.25 8.9333312284132e-07 861 0.00174009146341463 1.0385960661619
1.04 4D 498027895.4 498031321.2 9.95332318069393e-07 812 0.00307987955665025 0.0171856138255039
1.05 4D 498585442 498593011 1.05683436446447e-06 726 0.000724229641873278 0.504753678421711
1.06 4D 498922999.75 498928584.75 1.0930692100857e-06 907 0.00298378875413451 0.305182519919104
1.07 4D 499488065.5 499492654.75 1.13008952919617e-06 1260 0.00307149288888889 0.269261296915891
1.08 4D 500148022 500161406 1.1897877741121e-06 1889 0.00137835244044468 0.11603097676369
1.09 4D 500821807 500826460 1.32253621577868e-06 545 0.000862457805504587 0.272088824261886
1.1 4D 501363941.333333 501367988.666667 1.49099603477403e-06 573 0.00176717596858639 0.259525108947403
1.11 4D 502438808.444444 502442458.333333 1.9515869404181e-06 2085 0.00175168340527578 0.17369911599117
1.12 4D 504105755.833333 504110587.333333 2.58176564456629e-06 2834 0.00200177164431898 0.251394776296997
1.13 4D 504339499 504344372 2.77226059342016e-06 349 0.000900257 1.06935686142957
1.16 4D 505328257.5 505331672 3.10684724661953e-06 348 0.0041767841954023 0.0590431654611915
1.17 4D 505427738 505432457 3.07149578258463e-06 158 0 NA
1.18 4D 505514818 505517173 3.03101096174713e-06 110 0.00299862 1.56606705751312
1.21 4D 505983762 505988144 2.64345342213718e-06 59 0.00798817 0.167322428040465
1.22 4D 506167612.5 506170110.5 2.41585076838613e-06 301 0.00701489069767442 0.0200921561210488
1.24 4D 506746643 506747502 2.02571467249547e-06 32 0 NA
1.25 4D 508882870.392857 508888200.428571 1.24510900592021e-06 9698 0.00161658681890882 0.155178820375863
0 5D 554527 558722 NA 536 0 Inf
0.01 5D 934076.5 938539 9.27956340645568e-07 406 0.00197263960591133 0
0.02 5D 1873321.25 1877496.75 8.97574557270106e-07 966 0.00820599043478261 0.00830550838462609
0.03 5D 2663968 2669672.5 8.70726806700462e-07 736 0.00742602216032609 0.268040446034995
0.04 5D 3603096.5 3605654.75 8.37410080846522e-07 774 0.0071096557622739 0.066876441006215
0.05 5D 5194822.5 5198704.5 7.77194484988952e-07 412 0.00141481922330097 0.724796841862125
0.06 5D 5900671.5 5910466 7.48903276855727e-07 1195 0.00110193989121339 0.4005362061491
0.07 5D 6842803 6847634.5 7.09944945310843e-07 1437 0.00358800991649269 0.078770610730347
0.08 5D 7569228.66666667 7579056.66666667 6.78727181681707e-07 635 0.00335291222047244 0.0253490501894214
0.09 5D 8495791.25 8502128.75 6.37678846526502e-07 1845 0.00436341502439024 0.175328609125322
0.1 5D 9116808.33333333 9120892.33333333 6.09606129640193e-07 507 0.00209652923076923 0.206918394063742
0.11 5D 10502250.5 10507322 5.58946031615133e-07 439 0 Inf
0.12 5D 13818008.625 13823710.5 4.55348609353068e-07 4089 0.00304626312521399 0.166474155738434
0.13 5D 22633605.1666667 22637832.5 2.40350045042015e-07 1404 0.00261196225071225 0.141237019302219
0.14 5D 25294577.75 25298338.75 3.63499756939303e-07 632 0.0170227006329114 0.0591287213384867
0.16 5D 28801701.3333333 28806151.1666667 4.23709076863368e-07 1531 0.00556949602220771 0.0814912497591255
0.17 5D 30115396 30119401 4.57036293589867e-07 630 0.00473672 0.240189413771555
0.18 5D 33191592.25 33196955 5.68049880110395e-07 1962 0.00168119972477064 0.348771068222827
0.19 5D 36198361 36202766.5 6.55013028012925e-07 1324 0.00214116009063444 0.516826236543792
0.2 5D 37349102 37355164.6666667 6.82085520398193e-07 1646 0.00165749027946537 0.0754713401990815
0.21 5D 40091358 40094384 6.75780263502659e-07 218 0.00328365 0
0.22 5D 40779590.6666667 40783589.3333333 6.59031734753496e-07 347 0.00105513659942363 0
0.23 5D 41514478.6666667 41517455.5 6.52495020255445e-07 984 0.00476542658536585 0.0419971839595247
0.24 5D 42705984 42708310 6.36859958115435e-07 320 0.00373563666666667 0
0.25 5D 43588072.75 43593123.75 6.16310375359721e-07 805 0.00366759384099379 0.560595552334645
0.26 5D 44704410.5 44708583.25 5.94511664277382e-07 1382 0.00256325922575977 0.197923668515989
0.27 5D 45413442 45416601.1666667 5.91292904101339e-07 764 0.00475632994371728 0.119398075974355
0.28 5D 46174537.5 46184476.5 5.86424330656518e-07 505 0.00542739287128713 0.0898119181559886
0.29 5D 47023818 47035761 5.78025927267768e-07 295 0.00212465 0.494034311533664
0.3 5D 49532501.4 49536656 5.34644806826702e-07 570 0.00157405147368421 0
0.31 5D 52816440.0625 52820921.375 4.55796498618491e-07 3093 0.00327696854510184 0.139254084328731
0.32 5D 85969133.8797468 85974380.4810127 1.70416414502303e-07 42385 0.00110512699249244 0.23869197023951
0.33 5D 116741713 116747451 5.0118143789295e-08 17 0 NA
0.37 5D 116958786 116968730 4.94930611113363e-08 779 0 Inf
0.46 5D 117264378.5 117267745 4.86336184033483e-08 185 0 Inf
0.47 5D 117342860 117345201 4.84124661441701e-08 127 0 Inf
0.52 5D 117739586 117745517 4.72853664508308e-08 404 0.000664898 0.162236914534259
0.55 5D 119310832 119315666.416667 4.29001871097841e-08 3673 0.000574868649753731 0.744222605927592
0.56 5D 136979440.118421 136986199.592105 1.38402971920632e-08 23324 0.000180228616283656 0.562360262254559
0.57 5D 184827231.705882 184838713.794118 0 11987 0.000419241665804622 0.0520948326057198
0.58 5D 214357707.188235 214363462.505882 0 23826 0.000626599525555815 0.286266734062899
0.59 5D 255918319.277228 255923974.633663 7.57371954863536e-09 58293 0.000672908862103021 0.273947570799999
0.6 5D 288837017.827586 288842314.12069 6.67424504525685e-08 11864 0.000787594401945261 0.280297068389529
0.61 5D 299598506.034483 299602577.965517 9.96813379447333e-08 7023 0.00214417831041374 0.247045732869108
0.62 5D 310045411.948718 310050017.820513 1.37928755493894e-07 8997 0.000301721229146558 0.407126894355479
0.63 5D 320073801.88 320078505.24 1.88278245237938e-07 7190 0.0013228344650904 0.347683075091196
0.64 5D 326488285.526316 326492449 2.20049179655506e-07 4200 0.00226827805642857 0.129862452425374
0.65 5D 330756225.666667 330763142.833333 2.39232747082447e-07 1508 0.00627049311671087 0.106405209320439
0.66 5D 333858046.5 333864146.375 2.53710939457173e-07 1498 0.00346610102136182 0.130047596621848
0.67 5D 336939247 336946554.533333 2.7022719933142e-07 2091 0.0018550036527977 0.0727720625726186
0.68 5D 339919361.583333 339922928.916667 2.85312725627374e-07 2141 0.00211698192433442 0.153720659713516
0.69 5D 342485392.4 342488829.4 2.97679824781151e-07 1390 0.000223715741726619 1.76038884596746
0.7 5D 346406157.444444 346408411.555556 3.15345174792196e-07 1889 0.00283469736156697 0.133838398912341
0.71 5D 350308106.4 350311305.533333 3.31307205928881e-07 2075 0.000836007936660929 0.489307088725001
0.72 5D 353148192.45 353151322.5 3.42639752175325e-07 2229 0.00128726103799202 0.212240510287309
0.73 5D 355905997.214286 355909718.214286 3.54463614100017e-07 2364 0.00129572213282572 0.0833916244057782
0.74 5D 358235782.333333 358238645 3.65112230852837e-07 381 0 Inf
0.75 5D 361640627.615385 361646301.846154 3.81906540838046e-07 2670 0.00130354937715356 0.22836643949198
0.76 5D 364632189.285714 364636802.857143 3.97731874098597e-07 2799 0.00328900595331666 0.113063005206849
0.77 5D 366784826.461538 366788678.538462 4.09773839558135e-07 1493 0.00167446735432016 0.252846087441924
0.78 5D 369464135.727273 369466732.727273 4.25437961005462e-07 2360 0.00416364311186441 0.345601635523121
0.79 5D 371460499.727273 371464969.727273 4.37760044351883e-07 2528 0.00362294178006329 0.137730434771235
0.8 5D 374063699 374068128.5 4.54701843215768e-07 487 0.000637057404517454 0.143819750482902
0.81 5D 375550067.833333 375554163.666667 4.63858835203767e-07 1841 0.00107648806681152 0.261511626791074
0.82 5D 377891541.714286 377894465 4.77530121832546e-07 1291 0.00412126415182029 0.101442530800905
0.83 5D 379668353.333333 379672422.833333 4.87307664913796e-07 2092 0.00281114993642447 0.173984331368356
0.84 5D 381489113.9 381493055.5 4.96761097977761e-07 2350 0.00522775106553191 0.196413306825672
0.85 5D 384200789.769231 384205867.615385 5.09797158964436e-07 1981 0.00274028036446239 0.431789105713606
0.86 5D 385289904.625 385297775.625 5.14664193592788e-07 1640 0.00184116835365854 0.29583176887184
0.87 5D 387420423.857143 387423602 5.23612073122364e-07 1811 0.0042213279679735 0.111898846029169
0.88 5D 389416267.5 389420804 5.31326963630836e-07 1852 0.00127880556479482 0.386022103291441
0.89 5D 390646173.333333 390651083 5.35715444864751e-07 1261 0.00170005238699445 0.059443744528729
0.9 5D 391791552.5 391796472.5 5.39595856139635e-07 286 0 NA
0.91 5D 393899032.833333 393902700.5 5.46118519183191e-07 1126 0.00193940439609236 0
0.92 5D 396310485.666667 396313022.333333 5.52661561960744e-07 770 0.00208259757402597 0.656286476284725
0.93 5D 396977923.333333 396984050.111111 5.54290864977559e-07 2718 0.00181137012693157 0.189888269777889
0.94 5D 398568989.666667 398575327 5.57885630832286e-07 1273 0.00407118695051061 0.146174178809157
0.95 5D 399467271.538462 399472085.153846 5.59717546776497e-07 2299 0.00302196164977526 0.12288566997468
0.96 5D 400895699 400903146 5.62371298311859e-07 193 0 Inf
0.97 5D 402757349.166667 402762869.5 5.65279046446082e-07 2915 0.0015674341619211 0.309216315363106
0.98 5D 404810990 404815008.6 5.6777827902467e-07 694 0.00207340471902017 0
0.99 5D 406495262.571429 406500016.714286 5.69355658950711e-07 1544 0.0009902461126943 0.35365949854626
1 5D 408488550.25 408492980.25 5.70543420048378e-07 1800 0.00103631405277778 0.0725073771676448
1.01 5D 410114497.375 410117242.375 5.71028259359533e-07 1296 0.00085774676366843 0.792552084933822
1.02 5D 412994539.722222 412999191.5 5.68739747592605e-07 2456 0 Inf
1.03 5D 415282286.833333 415285958.666667 5.52813389221184e-07 1766 0.00174839856964892 0.199219250588024
1.04 5D 417456097 417458615.5 5.42187416157032e-07 139 0.00264278330935252 0.50121386630533
1.05 5D 420164621 420170640.142857 5.40960233085305e-07 3062 0.00359365404964076 0.0962385556141325
1.06 5D 421774800.916667 421778848.666667 5.46225741727257e-07 1635 0.00182428144342508 0.131499942655986
1.07 5D 423560509.142857 423564301.642857 5.57903789644923e-07 1697 0.00318310522539776 0.138918854036714
1.08 5D 425757638.875 425761095.375 5.77525627607043e-07 1088 0.00304825930147059 0.299655014657413
1.09 5D 426746301.8 426750325 5.83437895301193e-07 726 0.00533799822658402 0.229016258787103
1.1 5D 429113932.5 429118233.375 6.06260149812767e-07 2131 0.00388200430549038 0.146485934914751
1.11 5D 431477495.5 431486820 6.36116109059827e-07 1053 0.00126598589268756 0.157018555883099
1.12 5D 432634708.333333 432639077.666667 6.51795347104894e-07 688 0.0145880165988372 0.0886039154656509
1.14 5D 435183074.25 435186154 6.93596139697673e-07 739 0.0015637098376184 1.77010461494293
1.15 5D 436255101.25 436258986.5 7.11172394410001e-07 896 0.00233717477678571 0.266422070947037
1.16 5D 437593619 437598238 7.22635940720421e-07 660 0.0002481732 2.89640884477112
1.17 5D 439370873.333333 439375908.666667 7.36053387245915e-07 653 0.00534340535987749 0.118646318685049
1.18 5D 441037920.5 441041571.5 7.77959800278415e-07 889 0.00255463235095613 0.0893904919172483
1.19 5D 442914221.916667 442919794.416667 8.16735581660909e-07 3415 0.00631958724158126 0.0775066806017651
1.2 5D 444229321.666667 444232903 8.39194034774739e-07 468 0.0020456766025641 0.0679047478335721
1.21 5D 444889175 444894724.4 8.48722141853475e-07 2630 0.0024572286026616 0.234443833403168
1.22 5D 445419310 445426011.666667 8.55701010687627e-07 1941 0.00275558574343122 0.181738438281545
1.23 5D 446747151.230769 446752295.769231 8.6980599441538e-07 2898 0.00182974036663216 0.454561671746481
1.24 5D 448658121.333333 448665610.111111 8.82865076941941e-07 3231 0.0037577384370164 0.211858017727197
1.25 5D 450021441 450024230.666667 8.8721377216548e-07 701 0.00252552370898716 0.256714241362529
1.26 5D 450640118.571429 450645377.285714 8.87555377135533e-07 2646 0.00239777109977324 0.248886769657787
1.27 5D 451674383.5 451681753 8.86041168860999e-07 663 0.00110819992458522 0.382357547069082
1.28 5D 452004345.833333 452008456.333333 8.84984138553901e-07 1251 0.00285414382094325 0.128332006435609
1.29 5D 452590561.333333 452594810.833333 8.82509880859653e-07 1384 0.0016130041300578 0.1872379493153
1.3 5D 453406278 453410936 8.77689869556267e-07 44 0.0271493 0
1.31 5D 453875290.142857 453880249.571429 8.74159996973964e-07 2608 0.00363701041027607 0.0612704344184626
1.32 5D 454517087.666667 454521390.833333 8.68416508257225e-07 1622 0.00276339367077682 0.205453798223309
1.34 5D 456417587.6 456421971.8 8.45701191556323e-07 2714 0.000156523165070007 2.96150208565661
1.35 5D 457894499.6 457899396 8.22166777979616e-07 1382 0.00194193986034732 0.195471325907285
1.36 5D 459480682.428571 459485636.428571 7.90305377397207e-07 2134 0.000867571619025305 0.649325344940426
1.37 5D 461636274 461641028.466667 7.37903850249123e-07 3514 0.00296561071143995 0.130591273537825
1.38 5D 464278074.647059 464284685.705882 6.55051958487503e-07 7029 0.00164390089600228 0.221314967159754
1.39 5D 466123376.263158 466127711.578947 6.11119247497766e-07 5384 0.000570498261040944 0.382644384238709
1.4 5D 469751578.125 469756076.1875 6.04648738578497e-07 4137 0.000876855968576263 0.314865325410579
1.41 5D 473204003.941176 473208371.235294 5.42486736726842e-07 2304 0.0013354957156033 0.376594847142724
1.42 5D 475565211.7 475569530.9 5.21193413814001e-07 2222 0.00209840119666967 0.251272421366224
1.43 5D 476853879.1 476857077.8 5.1710146481774e-07 1771 0.00264659836250706 0.0992744348631401
1.44 5D 478581093 478585688.75 5.19773784312768e-07 739 0.000217004395128552 2.73853672750391
1.45 5D 480005614.166667 480010317.75 5.2919571719907e-07 3515 0.00237484952290185 0.170416328312919
1.46 5D 480894114 480897916 5.38271430279327e-07 1144 0.0044220613548951 0.108333672689908
1.47 5D 482379900 482383783.666667 5.59148379241653e-07 894 0 Inf
1.48 5D 483876725.071429 483879623 5.86410051349546e-07 1904 0.00377302727415966 0.159780418280885
1.49 5D 486166559 486170950 6.42262515187996e-07 25 0.0202874 0
1.5 5D 487194048.5 487198164 6.29127671975155e-07 1239 0.00278191430992736 0.203531637128199
1.51 5D 488394774.076923 488398933.307692 6.20771502032949e-07 3815 0.00161186783302752 0.236697632918637
1.52 5D 489875448.625 489880166.25 6.42702775410245e-07 3114 0.000508887384393064 0.658893332985376
1.53 5D 491219481.222222 491226376.666667 6.70016708673394e-07 2446 0.00183860472444808 0.268950594898525
1.54 5D 492623808.666667 492627924.333333 6.88394078528738e-07 1216 0.00214934853618421 0.132323488380135
1.55 5D 493441271.333333 493444033.666667 6.96494762642168e-07 203 0.00645364507389162 0
1.56 5D 494667514 494672341.8 7.08257408341671e-07 1147 0.00184796282999128 0.204868040542447
1.57 5D 495974527.444444 495977417.777778 7.20152842849803e-07 979 0.000849998426966292 0.611104177252218
1.58 5D 497194747.888889 497199966.333333 7.30759445366109e-07 1149 0.0031120720691906 0.133524811838769
1.59 5D 498539103 498544065.25 7.41855453286122e-07 1333 0.00239899189797449 0.116550338317276
1.6 5D 499703881 499706284.666667 7.50915878003838e-07 1235 0.00378021732793522 0.108182337651945
1.61 5D 500931659.444444 500936251.555556 7.59967288780245e-07 1357 0 Inf
1.62 5D 501726459.25 501733653.75 7.65552036669486e-07 1573 0.000413606357279085 0.0656388659870508
1.63 5D 503040641.125 503046209.625 7.74275116013255e-07 789 0.00210725675538657 0.366548203835526
1.64 5D 503663583 503667476 7.78204523887457e-07 119 0 Inf
1.65 5D 505336680.666667 505338647.333333 7.88060064004248e-07 128 0.0135958359375 0.589931631180733
1.66 5D 506292491.2 506300936.4 7.93254712622057e-07 1888 0.00186332378707627 0.151750758027679
1.67 5D 507872013.428571 507876299.857143 8.01133854500441e-07 2560 0.00209294503671875 0.218041840322501
1.68 5D 509073567 509076375 8.06525684832601e-07 869 0.000187877192174914 0
1.69 5D 510176809.5 510178707.333333 8.11009076455298e-07 610 0 NA
1.7 5D 511089780.666667 511092470.333333 8.14441417804499e-07 1245 0.00121324156626506 0.143502674553534
1.71 5D 512480253.166667 512485578.333333 8.19088937409168e-07 1214 0 Inf
1.72 5D 513963061.571429 513966357.428571 8.23271312877326e-07 935 0.00092107186631016 0.693647119265258
1.73 5D 515148244 515151023.666667 8.26065249387021e-07 859 0.00111505753201397 0.0889640351408545
1.74 5D 517276410.090909 517281224.909091 8.29806614139561e-07 3062 0.0019582604735467 0.0450288506613371
1.75 5D 519331961.4 519337100.5 8.31950205779614e-07 2060 0.00683650499244876 0.11847943630782
1.76 5D 520488826.4 520493872.8 8.32472160136599e-07 1603 0.00246716648783531 0.4390904995289
1.77 5D 521503645.4 521507697.3 8.32580868801141e-07 1696 0.000821500719339623 0.342686175716064
1.79 5D 524721557.5 524724215.5 8.30444980270426e-07 1082 0.00225465895009242 0.411747756888679
1.8 5D 526144628.555556 526149545.222222 8.47485987180493e-07 1757 0.00212570291804212 0.0844563353699145
1.81 5D 527252834.5 527259409.666667 8.85090979250161e-07 1581 0.00217550480708412 0.0554196623895678
1.82 5D 528737268.4 528742370.5 9.43122517460671e-07 2562 0.00259087832747853 0.195351248718091
1.83 5D 529956565.888889 529960385 9.84253556432394e-07 1885 0.00212497489655172 0.10230221549467
1.84 5D 530797615.25 530800595 1.00943718614651e-06 578 0.00497857446366782 0.110921091474038
1.85 5D 532242855.2 532246231.4 1.04576691120207e-06 838 0.000953442601431981 0.441543707521882
1.86 5D 532924664.5 532929134.5 1.06002263176868e-06 449 0 NA
1.87 5D 534124210.4 534128680.6 1.08057377691404e-06 1915 0.0021828054464752 0.282580293949595
1.88 5D 535066321 535069324.5 1.09279709744951e-06 240 0.00188814554166667 0
1.89 5D 536165543.5 536171696.5 1.10232029593749e-06 1005 0.00214317707462687 0.182995306786276
1.9 5D 536662787 536666990.5 1.10517394247161e-06 419 0.00217812023866348 0.0472399368516817
1.91 5D 537782965.5 537787694 1.10770111472263e-06 2883 0.00329388764828304 0.389269043615381
1.92 5D 538611478.375 538618179.125 1.10645607526021e-06 2317 0.00306500473457057 0.155809038488461
1.93 5D 539125019.285714 539129270.571429 1.10431611444369e-06 1361 0.00325026907421014 0.00960928140734886
1.94 5D 540117934.111111 540121587 1.09700823106586e-06 1419 0.00149253573643411 0.182492050493539
1.96 5D 541607250 541611954 1.07890040834517e-06 703 0.000443525 1.11333070289161
1.98 5D 542957543.833333 542961639.5 1.04570906175806e-06 1272 0.00246463380503145 0.163303294766576
1.99 5D 543589839.333333 543593173 1.02548798583452e-06 605 0.000960484 0.637448643746794
2 5D 544441577.666667 544443845 9.8368558278041e-07 483 0.00178795395445135 0.545966927323708
2.01 5D 545607628.428571 545612729.142857 9.15201324971465e-07 1050 0.00014702380952381 0
2.02 5D 546866402 546871467.363636 8.02537554267879e-07 2374 0.00277399399326032 0.0902117041226634
2.03 5D 548219784.8 548223756.6 7.11125567264548e-07 1977 0.00514676608902377 0.256192555971088
2.04 5D 549727347.25 549731522.5 5.89630202340609e-07 2166 0.00397041415512465 0.327014873908563
2.05 5D 551027924.833333 551031000.333333 6.21834612510552e-07 875 0.00467334737142857 0.0663933770861263
2.06 5D 553746005.7 553750799 6.41818755840008e-07 1970 0.0112937165329949 0.082082802984185
2.08 5D 556640934.166667 556645048.5 7.26972747146139e-07 1534 0.00367868238852673 0.0793488844231439
2.09 5D 557398980.714286 557403095.285714 6.08637834378197e-07 1920 0.00425295487847222 0.221015930423309
2.1 5D 558439670 558443849.909091 4.76619047107357e-07 4139 0.00168789816139164 0.14907440235171
2.11 5D 562653807.3 562658446.966667 1.44818534764668e-07 8583 0.00454512392741466 0.182806293188429
0.01 6D 1474982.66666667 1478165.33333333 8.88949760267612e-07 467 0.023614008993576 0.0485861765974181
0.02 6D 2441253.57142857 2447967.28571429 9.43870532408138e-07 2590 0.00997422997297297 0.061708881444611
0.03 6D 3515858 3519286.5 1.03630522449491e-06 657 0.00554150890410959 0.0876645906368166
0.04 6D 4549970 4554131.25 1.13241564799674e-06 1208 0.00713529437086093 0.0239899240038408
0.05 6D 5966375.33333333 5970832.66666667 1.2574716215396e-06 737 0.00139071112211669 0.279585793977269
0.06 6D 6325563 6327477 1.26680811333168e-06 632 0 Inf
0.07 6D 7046989.8 7053013.8 1.37304632643522e-06 1319 0.00607300497346475 0.18223792599681
0.08 6D 7569883.66666667 7574164.66666667 1.42686002525831e-06 632 0.00420461219936709 0.176491840780738
0.1 6D 8751075 8754537.25 1.46307577317974e-06 1393 0.00227645896147404 0.293190398054434
0.11 6D 9382794.5 9388691.75 1.47879581739633e-06 1480 0.00455542580405405 0.199776827015365
0.12 6D 10069074.75 10072360 1.43997589263012e-06 1267 0.0183181938121547 0.170952689922457
0.13 6D 11012959.5 11018427.5 1.28576758571585e-06 2481 0.0347358549060863 0.0134902748475025
0.14 6D 12168115.3333333 12171505.3333333 9.1404947172646e-07 613 0.00372627645676998 0
0.15 6D 13343503.0909091 13355048.0909091 1.00534688000069e-06 844 0.0039899106943128 0.229562120649753
0.16 6D 14153195.6666667 14156182.3333333 9.70659757402769e-07 393 0.00675507847328244 0.354683079567421
0.18 6D 15435249.5 15440740.5 8.94095224501724e-07 484 0.00272597004132231 0
0.19 6D 16385990.3 16390105.6 8.51290935127079e-07 2710 0.00261303053210332 0.0336054170561586
0.2 6D 17731472.6666667 17734864.6666667 7.37281161907468e-07 1163 0.00343519964746346 0.186796970794387
0.21 6D 20669270.2 20673904.6 8.83226827845556e-07 709 0.00932238769393512 0.352213684080153
0.22 6D 21980166 21985295 1.15826557640829e-06 670 0.000923361 0
0.23 6D 23075148 23077733 1.61234452382925e-06 307 0.0173511179153094 0.0408167795963996
0.24 6D 23736724.5 23739390.5 1.87812832407229e-06 687 0.00122741681222707 0.128041501106423
0.25 6D 24439300 24445791 2.06237684793939e-06 223 0.000670466 0
0.26 6D 24643765 24647753 2.09427810017561e-06 622 0.00307776588424437 0.132261322388408
0.29 6D 25645821.6666667 25648983 2.1348383371438e-06 313 0.00330609201277955 0.224009660547263
0.3 6D 25808173.8 25810627.8 2.12139837287223e-06 948 0.00773171297468354 0.0116685103391985
0.31 6D 26252078 26254649 2.05654892766947e-06 296 0 NA
0.34 6D 27421302 27423375 1.85287195635347e-06 97 0.00434546 0.202098972260704
0.35 6D 27569751.3333333 27575138 1.86506298509225e-06 522 0.000281702229885057 4.20778240989827
0.37 6D 28677542.3333333 28681324.3333333 1.8827354830251e-06 173 0.0038150289017341 0
0.38 6D 29156079 29157550.6666667 1.8478104991791e-06 168 0 Inf
0.4 6D 30618511.6666667 30622545 1.59213091967759e-06 627 0.000359228306220096 0.825952004826508
0.41 6D 32074053.5 32078152 1.31000276206438e-06 506 0.0063419493083004 0
0.42 6D 32710270 32714171 1.2507187971472e-06 596 0.00175484001677852 0.362660949273899
0.44 6D 34390111.5 34393450.75 1.09259530948423e-06 581 0.0022875978313253 0
0.45 6D 35426661.75 35429954.75 9.93841258645523e-07 780 0.00274618846666667 0.497944820493962
0.46 6D 36622175.75 36627262.25 8.78793612258096e-07 1373 0.00201611615440641 0.209971643719241
0.47 6D 37795522.5 37800650 7.64951661996202e-07 360 0.00213147333333333 0
0.48 6D 39709023 39716951 6.37840343606178e-07 912 0.000842429815789474 0.441200505442699
0.49 6D 42162802 42169304.1666667 5.19924927229613e-07 992 0.00326525070564516 0
0.5 6D 48394415.0416667 48399873.9583333 4.05422111358387e-07 3830 0.00225624647610398 0.120687565012156
0.51 6D 53611597.4 53618755.4 3.34501748318734e-07 3476 0.00158742365995397 0.386739151405406
0.52 6D 56253641.6666667 56257612.3333333 3.13130442242194e-07 1829 0.00113204557791143 0.42455545626704
0.53 6D 57541412.2 57546392.3 3.06484251332382e-07 2543 0.00129124615414864 0.148535840406353
0.54 6D 59318992.5 59325269.75 3.00608209339346e-07 2757 0.000548660307580704 0.275561333863942
0.55 6D 60303284 60307578.2857143 2.99266747682114e-07 1639 0.000932144585723002 0.796713420488565
0.56 6D 61145392 61151221 2.99214720779429e-07 501 0 NA
0.57 6D 62626241.3333333 62632867.1666667 3.01655853917511e-07 1947 0.00108371266563945 0.368291410072858
0.58 6D 64952439.25 64957807.25 3.11773419284882e-07 2412 0.00142026927446103 0.546514445942968
0.59 6D 67175469 67178299 3.28267559827723e-07 695 0.00425395847482014 0.0870402999404898
0.6 6D 68912398 68917117.8 3.35810611279379e-07 1663 0.00290511666867108 0.049192166808796
0.61 6D 72630983.8571429 72635802.8571429 3.3286721682644e-07 1563 0.00072335097568778 0.228092092891673
0.62 6D 75611673.75 75616007.75 3.29666282571099e-07 1025 0 Inf
0.63 6D 78716812 78721603.75 3.27353307933882e-07 2472 0.00192970979530744 0.0969974499288643
0.64 6D 84008052.8888889 84014087.5 3.06809833781578e-07 2544 0.00247283179669811 0.113193716260228
0.65 6D 88282290.9166667 88285406.9166667 2.68377099699441e-07 2420 0.00270647626859504 0.0373815086759368
0.66 6D 91474796.2727273 91480688 2.38666157171461e-07 4333 0.00117710025340411 0.293798339547241
0.67 6D 95035412.75 95040877.5 2.11211585814945e-07 1581 0.00068519161543327 0.285594250091645
0.68 6D 99647105.0909091 99650924.1818182 1.75606688140558e-07 2528 0.000226678862341772 0.463791759338116
0.69 6D 109543338.528302 109549439.754717 1.05980428773701e-07 12511 0.000628711311645752 0.216596049502469
0.7 6D 146844093.843374 146851315.722892 5.17737618565957e-09 44494 0.000684903025934416 0.18579522636749
0.71 6D 217905110.714286 217923108.342857 3.29904817640914e-08 12709 0.000472599310493259 0.504861076791756
0.72 6D 243690908.2 243697720.2 6.55296667086595e-08 710 0 Inf
0.73 6D 247350667 247356069.5 6.95569282291163e-08 797 0.000930213048933501 0.627683044507013
0.74 6D 254309602.866667 254317234.133333 7.68092740860063e-08 4444 0.00037547974279928 0.207687567886037
0.75 6D 262820886.444444 262827328.777778 8.52318110839177e-08 2088 0.00104389809482759 0.240509309131352
0.76 6D 264595771.666667 264603157.333333 8.68915544266923e-08 1121 0.00122207389830508 0.539350944962134
0.77 6D 265892083.333333 265896173 8.80820570832687e-08 299 0 NA
0.78 6D 267255581.8 267259712.3 8.93204446316988e-08 2080 0.000369742663461538 0.0623876957354722
0.79 6D 270467071.727273 270472343.363636 9.21697638568354e-08 4835 0.000717878102171665 0.222750242010478
0.8 6D 273193486.7 273197565.7 9.45136948186856e-08 1467 0.000747026697341513 0.287892629992952
0.81 6D 276599055 276602918.4 9.73506621445246e-08 2084 0.000207829692898273 0.77939650867613
0.82 6D 277653193 277659017.5 9.82091194448666e-08 1002 0.000768153313373254 0.675439655792682
0.83 6D 283741263.75 283745148.25 1.02954254589807e-07 807 0.000970990037174721 0
0.84 6D 286039832.5 286044377.142857 1.04654316682613e-07 2441 0.000593419965178206 0.139176172949012
0.85 6D 290303984.857143 290308361.428571 1.07687136762263e-07 4151 0.000333896795952783 0.233671719147455
0.86 6D 293279014.5 293290135.125 1.09704927931557e-07 3086 0.000830411617627997 0.420701862908759
0.87 6D 298190096.083333 298195688.416667 1.12854910967986e-07 2865 0.00175308554275742 0.0977243846664867
0.88 6D 304068250.85 304076101.4 1.16345802314696e-07 5203 0.000810076967134346 0.130346493462515
0.89 6D 307472789 307478307.185185 1.18218378807802e-07 5920 0.00036210144897973 0.653479599236313
0.9 6D 314017291.208333 314021444.958333 1.21522310460155e-07 4390 0.000775474304526097 0.127663005099307
0.91 6D 319481328.259259 319485737.444444 1.23982496847354e-07 6270 0.00138553864118513 0.350327940744164
0.92 6D 327790091.1 327793986.4 1.27204708320016e-07 2910 0.000540718958943751 0.221214547785732
0.93 6D 336585316.678571 336590869.214286 1.29924548127832e-07 5478 0.000506032642935378 0.595220506120615
0.94 6D 350555391.56962 350559467.468354 1.29866561108823e-07 14599 0.00108879001547073 0.130380353224563
0.95 6D 363734361 363739832.769231 1.27741408783185e-07 12241 0.00179470077077036 0.157991604483601
0.96 6D 371591048.9375 371595751.625 1.51140681360837e-07 4966 0.00311625687313733 0.139053574176742
0.97 6D 375914530.785714 375918845.642857 1.73949202470082e-07 4288 0.00105164104127799 0.117462147548433
0.98 6D 379343326.5 379346924.75 1.90473312512805e-07 3233 0.00120295322610578 0.0854699180394734
0.99 6D 382059190.727273 382063154.636364 1.95869811383684e-07 2796 0.000157897964592275 0.299224550151068
1 6D 385448056.6 385451929.2 2.12122516131407e-07 2578 0.000920656847362296 0.239168296892588
1.01 6D 387962893.142857 387967951.571429 2.3094632864421e-07 2453 0.000591377950672646 0.275494441022389
1.02 6D 391991640.551724 391995597.241379 2.50532651111336e-07 6949 0.000494446253006599 0.427156920802723
1.03 6D 399973800.575758 399979569.545455 2.91121058769711e-07 13434 0.000627530182298645 0.13614262306282
1.04 6D 405522601.3 405526956.1 3.48302765669465e-07 2760 0.00130230375724638 0.147371608997352
1.05 6D 409749621.571429 409754650.928571 4.56396698758474e-07 3665 0.00226820515143247 0.115742468624831
1.06 6D 412446745.583333 412452077.916667 5.20418056589028e-07 1682 0.00337633194033078 0.186925451861645
1.07 6D 414245485 414250581.8 5.58270709926874e-07 1851 0.00311519017287952 0.0724604960714095
1.08 6D 417754195 417758589 6.2590170990756e-07 366 0.00165063 0.350117833796793
1.09 6D 419161176 419169650.333333 6.50793496164525e-07 1469 0.00317931247106875 0.009134710403863
1.1 6D 420365462.75 420368883.916667 6.70943285907765e-07 2091 0.000695141276901004 0.447442850935255
1.11 6D 422070104.777778 422074949.444444 6.98036674321404e-07 3409 0.00125785445291874 0.17402930476284
1.12 6D 423784057.666667 423787277 7.23403166735841e-07 358 0.00118954011173184 0.226500918058188
1.13 6D 424730045.5 424738741 7.36594123931798e-07 1596 0.00317858779448622 0.147558131319064
1.14 6D 426024041.25 426032545.25 7.53646997178066e-07 1957 0.00130056803525805 0.161495861771448
1.15 6D 427475337 427478458.714286 7.71430496771082e-07 861 0.000607778571428571 0.512562798187302
1.16 6D 428473479 428479541 7.82354972945499e-07 797 0.00279725332496863 0.237918986132166
1.17 6D 429026786.25 429030967.375 7.83196182651351e-07 2641 0.00347828408708822 0.471426587926638
1.18 6D 429836321 429844955 7.85328968806466e-07 485 0.00711238 0.0543261186831975
1.19 6D 430947676 430955418 7.90181889203111e-07 406 0.00162421763546798 1.21627042991945
1.2 6D 431638403 431644857 7.94320597491364e-07 2037 0.000680562312223859 0.0857206034315252
1.21 6D 432585388.333333 432591489.333333 8.01249949315147e-07 1775 0.00181318610704225 0.190036056800726
1.22 6D 433268376.25 433272440 8.00115703777031e-07 1231 0.000569698781478473 1.04684921927759
1.23 6D 434039371.2 434042548.6 7.98898200219194e-07 1116 0.00513005209453405 0
1.24 6D 434510186.625 434513580.125 7.99566211142938e-07 1815 0.00523832055096419 0.10810308611729
1.25 6D 435944107 435948027 8.08288850387361e-07 128 0.0201446 0.168245088013661
1.26 6D 436685041.285714 436688941.285714 8.16835461842497e-07 1108 0.000982463366425993 1.08329289264154
1.27 6D 437466284.7 437472639.9 8.27743872589049e-07 3895 0.000778296087291399 0.912143320582417
1.28 6D 438797647.875 438805098.75 8.23219890803406e-07 4269 0.00158394152471305 0.511710763625603
1.3 6D 440365647.5 440369573 8.21162293245505e-07 192 0.00297714 0
1.31 6D 443059389.909091 443063735.636364 8.69585122877146e-07 3946 0.00216547775468829 0.123161975301784
1.32 6D 445960711.142857 445964845.571429 9.77438514911319e-07 1341 0.00201414790753169 0.210927614000034
1.33 6D 447854842.25 447858737 1.00396842160164e-06 837 0.001168727479092 0.298719836307581
1.34 6D 448717946.428571 448722651.285714 1.07778235414499e-06 1303 0.00224901174213354 0.0306589100293152
1.35 6D 449518691 449521013 1.2089369275398e-06 164 0.002781345 0
1.36 6D 450393118.333333 450396777.666667 1.32987362510804e-06 614 0.00140994882736156 0.217878065849827
1.37 6D 451016150.555556 451020679.666667 1.39873980493241e-06 2133 0.00167049751898734 0.717391015694354
1.38 6D 451716952.5 451724186.5 1.45899652006567e-06 1409 0.0016580852661462 0.124392546912967
1.39 6D 451907708 451913442 1.4727848302703e-06 405 0.000349264 0.308302602043154
1.4 6D 452735812 452739910 1.51494267208496e-06 205 0.000739827 1.60524014397961
1.41 6D 453078039 453081950 1.52463064590372e-06 1183 0.00314461290786137 0.14508563662634
1.42 6D 453809467 453815198 1.53239052768754e-06 140 0.00232098 0.527535782298857
1.43 6D 454143295 454147233.666667 1.52891443183059e-06 1443 0.003042569002079 0.266941402809818
1.44 6D 454671664.5 454674562 1.5200840140392e-06 757 0.0119500525231176 0.055242406352823
1.45 6D 455251536 455255376.25 1.55856962009773e-06 1119 0.000866877560321716 0.608061445225347
1.46 6D 455976854.625 455979641.375 1.66650885465818e-06 1205 0.00781165747717842 0.158477399804322
1.47 6D 456640504.833333 456643551.833333 1.7492866300521e-06 1044 0.00321745370402299 0.0265136235574035
1.48 6D 457471571 457473456 1.80400226957593e-06 74 0 NA
1.49 6D 458360206 458365689 1.79477551608772e-06 811 0.00239728 0.492896115597677
1.5 6D 458762279.5 458766537 1.76841493988568e-06 753 0.0113562954714475 0.0357208898887494
1.51 6D 459621080 459625456 1.66545632379222e-06 758 0.00132957732189974 0.188570579609976
1.52 6D 459829226 459838904.5 1.63082388342559e-06 1534 0.00371401865710561 0.342006876051504
1.53 6D 460674721.375 460679253.5 1.45296637606592e-06 1804 0.00148568822283814 0.145664537694225
1.54 6D 461300209.6 461304884.4 1.35839380784812e-06 1457 0.00706150761839396 0.164003208750144
1.55 6D 461694887 461699720.333333 1.29939183060777e-06 892 0.0043254819058296 0.606315070220564
1.56 6D 462485060.444444 462489620.333333 1.16110328221033e-06 2365 0.00319383830739958 0.0381498551881863
1.57 6D 463445414 463448615 9.74474646237728e-07 315 0.000924793 0.155922460485752
1.58 6D 463677036.5 463681684.5 9.43908074205552e-07 785 0.0115790235286624 0.0188248152190368
1.59 6D 465082069.692308 465087461.846154 7.54894408836293e-07 3758 0.00274362709952102 0.12712798098919
1.6 6D 468389777.647059 468394490.647059 3.11989189562556e-07 3878 0.0120560159906363 0.0820359762438596
1.61 6D 472086820.478261 472092423.217391 5.49962344684321e-10 6890 0.00512241793033382 0.0821771269748412
0 7D 286960.5 291116.5 NA 307 0.018220906514658 0.0501229680627989
0.01 7D 1957721.77777778 1964911.88888889 6.70778361056263e-07 3458 0.025372028189705 0.0591651494424756
0.03 7D 4725378.21052632 4730819.78947368 7.09119048890893e-07 6997 0.0179032448635129 0.0987898713505788
0.04 7D 6508292.83333333 6511383.33333333 7.34939496529147e-07 799 0.00563016028785982 0.0701492909610162
0.05 7D 7264619.75 7267865.75 7.46372533895396e-07 1307 0.0194215227926549 0.0895533270076594
0.06 7D 9309478 9314442 7.77966065010262e-07 846 0.00296971 0.170344579100316
0.07 7D 10587977 10590015.5 7.98193929520959e-07 509 0.00669421567779961 0.131540774999434
0.08 7D 11415473.8333333 11420566.8333333 8.11538100989695e-07 1771 0.0082991374647092 0.102776600817493
0.09 7D 12914476.75 12924148.5 8.36106043962284e-07 2140 0.00376976220560748 0.107680531801609
0.1 7D 13600940.3333333 13604875.3333333 8.47459609840158e-07 886 0.0119096498871332 0.154107541338
0.11 7D 14916521.3333333 14920285 8.67478011544376e-07 1112 0.0172481991007194 0.0280462645943842
0.12 7D 15828982 15834313 8.79668015061423e-07 563 0.00112652 0.139882114831517
0.13 7D 16794528 16798151.5 8.93355111979085e-07 675 0.00779555140740741 0.118368175870561
0.14 7D 18104947 18108364 9.1327455041694e-07 421 0.0125997 0.158981563053089
0.15 7D 18712691.5 18717192.6666667 9.23054715803769e-07 2259 0.0233039547675963 0.0162203400342701
0.16 7D 19630168.5 19634300 9.38408433292353e-07 689 0.00805395397677794 0.181046116142083
0.17 7D 20355431 20361029.625 9.51127557819724e-07 1675 0.0171143255880597 0.116994079692993
0.19 7D 22584020.25 22587731.875 9.93295444659394e-07 2097 0.00321417996185026 0.101983524847241
0.21 7D 25126364 25129088.6 1.05714930078814e-06 696 0.000761264996408046 0
0.22 7D 26190512 26193239 1.0870743131112e-06 98 0.0050459693877551 0
0.23 7D 27419641.3333333 27424237 1.11393892594089e-06 963 0.00440713618899273 0.107178467736464
0.25 7D 29623426.6 29627592.8 1.14000819715696e-06 1244 0.00406151004823151 0.219310926224219
0.26 7D 30770387.6666667 30773611.6666667 1.14441862467242e-06 321 0.00257942825545171 0
0.27 7D 31773718.3333333 31777739.6666667 1.18835270295057e-06 902 0.00185186536585366 0
0.28 7D 32686306 32691756 1.22545073973307e-06 356 0 NA
0.29 7D 33249052.8333333 33252723.1666667 1.24273949681039e-06 1089 0.00288005035812672 0
0.3 7D 34055571.75 34057932.75 1.2795688660003e-06 526 0.00212627726235741 0
0.31 7D 34434567 34438473.6666667 1.30836387566082e-06 135 0 NA
0.32 7D 35321267.6666667 35324052.3333333 1.3597432058954e-06 314 0.00139747694267516 0.466378944620305
0.35 7D 37473938 37476624 1.39659169868809e-06 745 0.00162760459060403 0.280288613211484
0.36 7D 38110721.6666667 38113270.3333333 1.38376483885216e-06 91 0 NA
0.37 7D 39014309 39018176 1.34598925141187e-06 240 0.00301961 0
0.38 7D 39501113 39510968 1.31622054239274e-06 248 0.00312663 0.110467819985096
0.39 7D 40272629 40284776 1.25599029843771e-06 688 0.000964362 0.462325350853725
0.4 7D 41052790.3333333 41062170.3333333 1.17856894464043e-06 761 0.00178433691195795 0.0670811587462427
0.41 7D 41772487.5 41775814 1.09327614250652e-06 258 0.00549443968992248 0.0906298675001558
0.42 7D 42495537 42499291 1.03820806314674e-06 220 0 Inf
0.43 7D 42812419.8 42817875.2 1.02994980782751e-06 1235 0.000927068482591093 0.563574891002728
0.44 7D 43362708 43366803 1.020772409004e-06 215 0 Inf
0.45 7D 44461415.6666667 44465394 9.95706499345252e-07 1016 0.00637205220472441 0.24188902546792
0.46 7D 45412393.3333333 45415331.6666667 9.67191352821031e-07 724 0.00499121679558011 0.139100798215437
0.47 7D 46121321.5 46125455 9.41481510429801e-07 521 0.00123316527831094 0.296365285713336
0.48 7D 46838388 46843665 9.12502432994739e-07 499 0.0063725 0.0983130639466458
0.49 7D 48224549.3333333 48229748.3333333 8.41733312608241e-07 1093 0.00783984526989936 0.00560965895045485
0.5 7D 50803828.1111111 50808383.6666667 6.73918195884088e-07 3174 0.00239659871833648 0.06855329655402
0.51 7D 53872810.5833333 53876069.75 6.31195241821406e-07 1458 0.00272368398765432 0.220250721534071
0.52 7D 55943505 55947460.6666667 5.57835583151221e-07 1123 0.00124715123775601 0.290498020050454
0.53 7D 58740915.2 58744090 4.93342518573781e-07 1740 0.00276793137931034 0.107373261196803
0.54 7D 60361880.6666667 60366254.6666667 5.07586760732287e-07 1399 0.00165270150107219 0.843423088690451
0.55 7D 61136169.5 61137918.5 5.26775508833426e-07 618 0.00328715753398058 0.8558939814812
0.56 7D 63652153.25 63656168.125 4.67526278992214e-07 1213 0.00187475131079967 0.353465460353183
0.57 7D 64578474.375 64583319.625 4.45167336459556e-07 1796 0.00671643623926185 0.231488046682636
0.58 7D 66662067 66668357.3333333 4.24854678774458e-07 619 0.00327424147011309 0.0591139097801473
0.59 7D 68415945 68417871 4.40219479634783e-07 123 0 NA
0.6 7D 70061429.2 70064063 4.69044570808071e-07 565 0 Inf
0.61 7D 72529127 72538026 4.94638937970769e-07 1345 0.00150762281784387 0.166333283966695
0.62 7D 74991380 74997168.7222222 5.08550338132686e-07 2702 0.00218049170928942 0.231027345725051
0.63 7D 77670120.3333333 77673925.1666667 5.02718723899975e-07 1849 0.00669996583017848 0.0854676460729784
0.64 7D 79025771.4 79030478 4.97505477511468e-07 668 0.00285574416167665 0.0896452265475441
0.65 7D 81410464.6 81418246.2 4.90130958054869e-07 1176 0.00653851558843537 0.0433476231509147
0.66 7D 83276476 83281431.8888889 4.88683928686474e-07 2166 0.00203264251246537 0.33610274592175
0.67 7D 84799418.75 84804571.125 4.8965670325327e-07 1227 0.000757770118989405 0.55624704834651
0.68 7D 87378408.3333333 87385172.3333333 4.89003147347654e-07 901 0.00321451644839068 0.120087298762331
0.69 7D 89325722 89329926.5 4.84742054696295e-07 1252 0.00567215523642172 0.118220163056738
0.7 7D 91108808.8888889 91115508.3333333 4.78205818748705e-07 1929 0.00723571515811301 0.068525316502592
0.71 7D 93844713 93852577.6 4.63195469823712e-07 2198 0.00227457318471338 0.275903511508022
0.72 7D 95060669 95065742 4.54783083395734e-07 311 0.00236546 0.177236985618019
0.73 7D 98243978 98247794.2 4.26517533612605e-07 1328 0.00078836688253012 0.596845721236181
0.74 7D 99795335.7777778 99802325.8888889 4.09761354293771e-07 707 0.00420288878889675 0.261534698389336
0.75 7D 101661257.666667 101667545.555556 3.87105346748281e-07 3133 0.00148275655282477 0.119245985688253
0.76 7D 104591119.125 104596249.5 3.4561483476882e-07 1878 0.00114920429453826 0.0847005203487142
0.77 7D 106882457.333333 106886191.333333 3.16357607718904e-07 781 0.00261731254801536 0.289516066342645
0.78 7D 111385099.357143 111389690.785714 2.91320401024053e-07 3661 0.0022409030210325 0.240496571359668
0.79 7D 115744318.5 115749272.571429 2.77077664690028e-07 5010 0.00167629345588822 0.242349224305272
0.8 7D 122513027.133333 122517892.266667 2.5457101801745e-07 3130 0.00133068455335463 0.11691404210859
0.81 7D 130046236.666667 130051013.666667 2.3700484370794e-07 4415 0.00261243838029445 0.180583010319413
0.82 7D 137024941.25 137030089.333333 2.27366351283385e-07 3576 0.00102322301250763 0.215408932124082
0.83 7D 140404764.125 140409487.375 2.21248904198574e-07 2255 0.000538278380487805 0.335070043810234
0.84 7D 146023636.666667 146031144.166667 2.08902056916077e-07 2386 0.000287390557418273 0.315349730347441
0.85 7D 148785327.333333 148788862.333333 2.03765511676719e-07 2593 0.00106196654261473 0.426442930901344
0.86 7D 153334483.9 153339496.1 1.96380511059794e-07 1990 0.00277404869681742 0.25968452720912
0.87 7D 156243374.4 156248339.9 1.92486596621147e-07 3235 0.00137494720247295 0.320263204248921
0.88 7D 159650010 159654816.8 1.88718552456509e-07 1343 0.000724957974683544 0.256170596419197
0.89 7D 161832117.285714 161836433.571429 1.86793650635371e-07 1551 0.00111212618533497 0.201443856555145
0.9 7D 166300246.625 166305737.791667 1.83821137018306e-07 7261 0.00145257499765872 0.331803651618337
0.91 7D 170712522.125 170717886.5625 1.80791986160068e-07 5603 0.000960335455113332 0.191163230485589
0.92 7D 175444053.785714 175450370.5 1.76201844213718e-07 2804 0.00170544620827389 0.299290050130847
0.93 7D 180422968.933333 180426762.533333 1.67275718538011e-07 2153 0.000317580405016256 0.542662822508743
0.94 7D 184094819.884615 184101115.923077 1.60267185051701e-07 6515 0.00140240132279355 0.0968076527194089
0.95 7D 190375658.708333 190380972.541667 1.47472915235466e-07 5783 0.0012095878571826 0.0888461526995804
0.96 7D 197861138.586207 197866940.793103 1.3096704055805e-07 7363 0.00138827535930618 0.181951702804717
0.97 7D 213746797.807229 213751436.915663 8.89831585176316e-08 21130 0.00122143737129469 0.30428272185946
0.98 7D 245168105.26087 245172786.130435 2.37040693378575e-08 20981 0.000958603010327863 0.252494243204773
0.99 7D 316462568.88 316470537.553333 2.1646686131389e-08 49362 0.000514835344539954 0.275963508018481
1 7D 386401748.5 386406147.36 4.20839254604681e-08 10164 0.000632171123060967 0.268958040433478
1.01 7D 395879045.894737 395883428.315789 4.13384759074263e-08 4238 0.000727047732420953 0.139220307748693
1.02 7D 402258466.954545 402263529.909091 4.24683849399041e-08 4738 0.000838046893505397 0.251577878652722
1.03 7D 408958514.407407 408966330.333333 4.50984689849048e-08 5361 0.00073085161353364 0.524518328512312
1.04 7D 416492607.081081 416497419.27027 4.97357072096034e-08 9528 0.00165780335757767 0.349141045135234
1.05 7D 426552427.5 426559432.333333 5.85835334397586e-08 6787 0.00280301470150736 0.168452376689065
1.06 7D 446857837.747573 446863443.660194 8.77220614290927e-08 23589 0.00161437986794443 0.207704934467725
1.07 7D 471186883.571429 471193269.285714 1.25095388967707e-07 2715 0.000673910958747698 0.346057723549152
1.08 7D 479451478.045455 479457559.272727 1.30368271847804e-07 4142 0.00263622135924674 0.0727412687705666
1.09 7D 486361355.433333 486366285.966667 1.48420465362574e-07 7355 0.00223386030849762 0.163333711104519
1.1 7D 492229115 492233971.076923 1.73877067022248e-07 2080 0.000316595783653846 0
1.11 7D 497124994.117647 497131019.235294 2.02517660081297e-07 3501 0.00190002132819195 0.144914546254579
1.12 7D 501230005.5625 501234576.3125 2.31066375333633e-07 3149 0.00263999203493172 0.0837425996987843
1.13 7D 506098721.857143 506105448.928571 2.59267359372624e-07 4472 0.00274799355165474 0.214878526182325
1.14 7D 510011187.75 510016933.375 2.76490294608437e-07 1830 0.000780176409836066 0.762054330951618
1.15 7D 512321404.5 512327192.75 2.86903921252188e-07 409 0.00222328288508557 0.352930725252982
1.16 7D 515615843.75 515620578.25 3.02089757135998e-07 923 0.000632921863488624 1.91700871474553
1.17 7D 518061476.6 518065104.8 3.13614107734927e-07 871 0.00288557113662457 0.0931488387334161
1.18 7D 520464526 520469290.615385 3.25140206756803e-07 2941 0.00933952979598776 0.0701850561692087
1.19 7D 524415972.818182 524419992.272727 3.44538538706583e-07 2431 0.00279355117647059 0.0973365964304127
1.2 7D 527826571.222222 527830926.111111 3.61704877890873e-07 2741 0.00186307126819591 0.117465536125881
1.21 7D 530769429.363636 530774744.363636 3.76839109884397e-07 4321 0.00170435309905115 0.234841468179681
1.22 7D 533530229.444444 533534350.777778 3.91331259824423e-07 2106 0.000963296981837607 0.240460068376615
1.23 7D 536059171.4 536062554.2 4.04820412106568e-07 1279 0.000414068960125098 0.540782395275477
1.24 7D 539452304.625 539454411.125 4.2302584192067e-07 1045 0.00321507271770335 0.134995981949246
1.25 7D 541337152 541340431.25 4.29944124709405e-07 403 0.00146859568238213 0
1.26 7D 544589360.857143 544593057 4.37413199922089e-07 1859 0.0029503551640667 0.319609482014114
1.28 7D 549253602.25 549257841.375 4.44844848695875e-07 1796 0.00270052317371938 0.0485408984989179
1.29 7D 551737692 551738568 4.56306538839236e-07 62 0 NA
1.3 7D 552883077.714286 552887392 4.63772616436347e-07 477 0 Inf
1.31 7D 554575448.8 554580209 4.76687861902579e-07 579 0.0091694869775475 0.103190922911074
1.32 7D 556356357.333333 556362701.666667 4.93365711092546e-07 810 0.00181678303209877 0.564953604983356
1.33 7D 557598405.25 557601842 5.06715049435668e-07 660 0.00230199783333333 0.335160134322586
1.34 7D 559974159 559976410.333333 5.36379805517211e-07 692 0.0012828248699422 0.355569834415627
1.35 7D 561538243.375 561541389.625 5.58843543150417e-07 1502 0.00256921022636485 0.301283525615503
1.36 7D 563170820.5 563174287 5.83579541442096e-07 338 0.00698913357988166 0
1.37 7D 565731959 565737440.666667 6.0735181009475e-07 1318 0.00204586462063733 0.254360456665244
1.38 7D 567705870.5 567710841 6.25076636155445e-07 770 0.00054346561948052 0.464774573118613
1.39 7D 568915267 568920507.333333 6.36310501894822e-07 1249 0.00117242517213771 0.170848916260318
1.4 7D 571288838.846154 571293614.230769 6.5933099807537e-07 2068 0.000973103325878465 0.196618484778143
1.41 7D 573117262.5 573121231.5 6.77856014824193e-07 355 0.000433706450704225 0
1.42 7D 574324842 574329951.5 6.86406492171654e-07 608 0.00229416092105263 0
1.43 7D 576035960 576041853.5 6.9293271479083e-07 3459 0.00124687759063313 0.304633961005451
1.44 7D 577148177 577150350.2 7.03738273014424e-07 305 0.00173615937704918 0.394145211530686
1.46 7D 579477776.333333 579481289 7.40247725279672e-07 800 0.00375636313125 0.0398563313819395
1.47 7D 580133451 580139936.25 7.4498276457246e-07 1235 0.00352517014574899 0.0840258842027054
1.48 7D 581062182.5 581063896 7.51457458690099e-07 302 0.000890009271523179 0.201220018542853
1.49 7D 582207279.5 582210777 7.60485880808951e-07 428 0.000343684074766355 0
1.5 7D 583239714 583241845.333333 7.6959276704258e-07 151 0.00546133112582782 0
1.52 7D 585195151 585199186.2 7.89316860882767e-07 816 0.00665539274509804 0.108997791795143
1.53 7D 586487116 586491091 8.04058951511862e-07 219 0 NA
1.54 7D 587732539.230769 587737860.307692 8.19733995248386e-07 3109 0.00183445299356706 0.336053526662257
1.55 7D 588548206.5 588553435 8.30567756008977e-07 782 0.00201877947570332 0.376816218403975
1.56 7D 590382063 590385535.333333 8.57307732934268e-07 182 0 Inf
1.57 7D 591445043 591450136.8 8.7392826661553e-07 1131 0.00333202342528736 0.114989252060176
1.58 7D 593149494.857143 593154020.857143 9.02673838905494e-07 1057 0.0124416095402081 0.130597931553281
1.59 7D 593674884 593677471.5 9.12013398857277e-07 418 0.000644567416267943 1.01710750483671
1.6 7D 595689986 595696238.75 9.50169419232959e-07 1113 0.0066423274393531 0.268805680270083
1.61 7D 596896124 596898941 9.49509830158822e-07 338 0.00509025 0
1.62 7D 598357714 598360832 9.35899942694521e-07 117 0 Inf
1.63 7D 599200501.666667 599203623.666667 9.51904849880374e-07 735 0.001059304 1.34667317947849
1.64 7D 600856559 600861221 1.02462037986834e-06 248 0.00981461 0.0858321420820593
1.65 7D 601240662.666667 601243138.333333 1.05800361845776e-06 318 0.00584905660377358 0
1.66 7D 602581622.857143 602585315.142857 1.17032731236565e-06 1782 0.00208857804433221 0.270294607763971
1.67 7D 603155990 603158677 1.20486879925704e-06 174 0.00184336 0
1.68 7D 605223207 605238360 1.23979638968342e-06 9 NA NA
1.69 7D 605755030.5 605758357 1.22789820370456e-06 640 0 Inf
1.7 7D 606747114.222222 606751179.555556 1.18248110476687e-06 1591 0.00204986329352608 0.151681968643185
1.72 7D 608422527 608424543 1.13101483755965e-06 31 0 NA
1.75 7D 610796724.5 610803298 1.18557905382346e-06 1617 0.000754112393939394 0.455639821232339
1.76 7D 611348102.428571 611358437.857143 1.19142802426433e-06 1850 0.00207821845351351 0.133510861809385
1.77 7D 611792765.833333 611797592 1.19443634759117e-06 2284 0.00360994053415061 0.0394388432093771
1.78 7D 612396936 612400370.666667 1.19579352971228e-06 598 0.00254763759197324 0.171803477742197
1.79 7D 612992410 612996025.333333 1.19413004375103e-06 661 0.00314090857791225 0.374084857847559
1.8 7D 613493451 613497869 1.19048031594647e-06 1255 0.00388146995219124 0.231142620323952
1.81 7D 613715921 613719704.428571 1.18815997349037e-06 2038 0.000371535736997056 0.795792605413645
1.82 7D 614275351 614277978 1.18061052139255e-06 64 0.0071599 0
1.83 7D 614614593 614618628.333333 1.17465141039092e-06 984 0.00200783548170732 0.0665001809572151
1.84 7D 615472198 615477189.666667 1.15555959397556e-06 1557 0.000883142233782916 0.530179634790341
1.85 7D 615847533.5 615850005 1.14527406390122e-06 292 0.00591480976027397 0.0897359521486712
1.86 7D 616154485.5 616159376.5 1.13589013243262e-06 514 0.0011692233463035 0.285115348110955
1.87 7D 616702473.5 616706924.5 1.11723424608966e-06 940 0.0177620099361702 0.0135364686965829
1.89 7D 618029401 618033856 1.06208500991408e-06 184 0.00283104 0
1.9 7D 618450381.5 618453459 1.04128768722435e-06 237 0.00747211898734177 0
1.91 7D 619013080.8 619017464 1.0114436284144e-06 1071 0.00403700599439776 0.102060832668834
1.92 7D 620181746 620188866.5 9.40687011210614e-07 801 0.00229192782771536 0.0933267617158824
1.93 7D 621236359.5 621240548.5 8.93652712641789e-07 533 0.00468469046904315 0.106540104235263
1.94 7D 623534641.2 623537827.4 8.58428812604183e-07 1089 0.00454476006703398 0.117471907773074
1.95 7D 632435115 632439921.47619 5.51289180821529e-07 15582 0.00406732795902965 0.143761536899304
