poscM Chromosome Start End recRate nb_complete_site piSyn f0
0.02 1B 1387527.71428571 1393146.85714286 NA 2902 0.00610731547553412 0.138244658270994
0.06 1B 4307058.25 4312010.75 7.68883329190219e-07 1869 0.00334815214927769 0.0683445879949324
0.07 1B 4475908 4479190 7.67437826550965e-07 122 0.00134499 0.254929032929613
0.09 1B 6476483.5 6480206 7.49096467401861e-07 407 0.0123628621621622 0.166498430774153
0.12 1B 8619544.66666667 8627181 7.27116975116748e-07 1621 0.00563804475015422 0.0565280625777383
0.13 1B 9854240.66666667 9858683.66666667 7.13436402872417e-07 1219 0.0015540953461854 0.74564186749412
0.14 1B 10131654.6666667 10134220.3333333 7.10260219114051e-07 760 0.016725282381579 0.147607127687383
0.15 1B 11804436.6666667 11808489.6666667 6.90174550159893e-07 898 0.0118469543429844 0.0637676115152748
0.18 1B 14798200.75 14805040.75 6.5580631736794e-07 2218 0.00499004386474301 0.0988894343103843
0.19 1B 15642792.6 15647794.8 6.4739079926367e-07 788 0.0196028970494924 0.085432098696499
0.2 1B 17548396.1428571 17552728.1428571 6.29055555563961e-07 1371 0.00492637460977389 0.08824399312118
0.21 1B 18419377 18423130 6.20777349669413e-07 246 0.011068 0.0696920852909288
0.22 1B 20711757 20716284.5 5.99304154237414e-07 370 0.00390212659459459 0
0.23 1B 22021104 22025774 5.87244660248546e-07 59 0 Inf
0.25 1B 25766012 25768344.25 5.44659338558096e-07 470 0.00361853693617021 0.0725135883648191
0.26 1B 27009017 27014424 5.33903620130794e-07 190 0.0172941889473684 0
0.27 1B 29397478 29401871.8 5.15640593273728e-07 1269 0.00519284115839243 0.192486585114951
0.28 1B 32698410.4 32706002.8 4.75266433759512e-07 1631 0.00448957440833844 0.0943459002515571
0.29 1B 38619975.4545455 38623982.7272727 4.15493642783343e-07 2932 0.00395041740515007 0.208843923890361
0.3 1B 42347605 42351160 3.7779501087664e-07 174 0 NA
0.31 1B 44121018 44126453.1428571 3.57053969694245e-07 2284 0.00456082273204904 0.0597877728458354
0.32 1B 48157426.3333333 48161005.6666667 3.13246535018141e-07 291 0 Inf
0.33 1B 51577480.8 51582575.8 2.80494230347666e-07 2271 0.00118923326287979 0.355645674391761
0.34 1B 55749799.6666667 55757832 2.44729889548409e-07 1855 0.000233745649056604 1.78980104065428
0.35 1B 57138480.4 57143394.4 2.34128670387031e-07 1430 0.00183377203496503 0.174846677470769
0.36 1B 58728757 58731810.5 2.22771542986487e-07 319 0.00111019529780564 0
0.37 1B 59831630 59834138 2.15367092149455e-07 222 0.017759 0.0556814572892618
0.38 1B 62550753.1428571 62554423.4285714 1.98787243910638e-07 1156 0.00853434968858132 0.180492726592126
0.39 1B 68535256.9090909 68542105.2727273 1.70784051711435e-07 4020 0.00244964091330846 0.270188704233419
0.4 1B 71881233.3333333 71885455.3333333 1.59557075946936e-07 1174 0.00275755759795571 0.121344866998968
0.41 1B 95481871.3333333 95486860.4074074 8.10537234954202e-08 7390 0.00249829865280525 0.196999220375962
0.42 1B 115576063.043478 115581964.086957 9.22963733204173e-09 11647 0.000789970293313924 0.364054508364448
0.43 1B 207781802.207317 207789999.02439 5.19481986881061e-09 66471 0.000379950913323759 0.367907376120926
0.44 1B 322900099.171429 322906092.390476 2.65261010861125e-08 31165 0.000842972283492638 0.188126418880451
0.45 1B 361130421.555556 361135911.522222 3.15913259555541e-08 22321 0.00124360499759132 0.327348506452733
0.46 1B 387338243.347222 387342726.138889 3.50415435604949e-08 19825 0.001474258007314 0.327529828214185
0.47 1B 410552426.727273 410557414.863636 4.93817642873187e-08 16794 0.0018765664340181 0.214355613257454
0.48 1B 428898112.243243 428904319.135135 6.63721235083569e-08 13133 0.00159473247734714 0.256133011598943
0.49 1B 442919824.948718 442925754.794872 7.54293108435784e-08 11101 0.000706835209900483 0.363689093573179
0.5 1B 455279297.822222 455285311.222222 8.07297730120655e-08 10927 0.00197080880456667 0.12084352677546
0.51 1B 467004705.888889 467010249.888889 8.5191888469038e-08 5667 0.00404801594220409 0.165852972526049
0.52 1B 475026268.12 475031327.08 9.20298453060831e-08 5862 0.00200962002388263 0.224939580689254
0.53 1B 483307388.966667 483311896.666667 1.02753726318011e-07 8114 0.00179013100209514 0.249284161808125
0.54 1B 490517037.586207 490520911.827586 1.15184670686785e-07 5562 0.00210439783872708 0.295262329874652
0.55 1B 500563789.692308 500568745.653846 1.36672462173365e-07 6399 0.0018605195436912 0.118642477399513
0.56 1B 509990530.387097 509994560.451613 1.58413439157314e-07 4995 0.00151423009095993 0.240532775386643
0.57 1B 519296376.4 519301538.95 1.87997338210985e-07 6427 0.000819879668931418 0.311808936065704
0.58 1B 526789989 526794731 2.02606365506012e-07 962 0.00248643155925156 0
0.59 1B 531274156.25 531277738.6875 2.13478740810479e-07 3553 0.00192459922938362 0.0676481862151221
0.6 1B 535862139.875 535866698.5 2.35665775194484e-07 1878 0.00243537651011715 0.167933628654331
0.61 1B 540431220.625 540434872.5 2.54317218543596e-07 1372 0.000745488251457726 0.653123354016561
0.62 1B 542832518.4 542836155 2.61266158330294e-07 2087 0.00141762105893627 0.221518821991052
0.63 1B 545378926.818182 545381843.818182 2.66501705636067e-07 1747 0.00326889812020607 0.0842172636507585
0.64 1B 548290623 548295662.714286 2.69875136606072e-07 1998 7.96972297297297e-05 0.502868791493884
0.65 1B 551419872.625 551424422.625 2.70469520179885e-07 2613 0.00132427766551856 0.440263449848306
0.66 1B 554278478.833333 554281844.333333 2.68059111445745e-07 1409 0.00102138594748048 0.247438637351605
0.67 1B 558948098.222222 558951894.111111 2.58441131818405e-07 1039 0.00454607786333013 0.220725097218093
0.68 1B 562445522.4 562449180.8 2.56795037168886e-07 1411 0.00165599700744153 0.259627987131465
0.69 1B 566405165.875 566410768.25 2.73087747378213e-07 3476 0.00233251561565017 0.109344756174217
0.7 1B 569877913.9375 569888712.4375 2.6180700204145e-07 2575 0.00128315333053722 0.063173328586856
0.71 1B 573535330.666667 573540305.866667 2.23516987776707e-07 4373 0.0012935628154585 0.231778261457299
0.72 1B 576797070.4 576800574.9 1.89196773864047e-07 1434 0.00258693863040446 0.387841618136213
0.73 1B 582784795.714286 582789536.357143 1.83097244275181e-07 9207 0.00381328861963723 0.111311330412665
0.74 1B 588096348.8 588100617 2.22026473189412e-07 2828 0.00141831638330976 0.197282960297879
0.75 1B 592962473.6 592966741 2.25371057664606e-07 3055 0.00170046351239186 0.324013557022374
0.76 1B 598672874.846154 598677152.230769 2.38688068375444e-07 3857 0.00148877586543946 0.171736237332279
0.77 1B 604390167 604394297.555556 3.06190737987266e-07 2062 0.00127465324442289 0.265405754081598
0.78 1B 607293476.6 607296333.6 3.40998846634355e-07 809 0.00204342972805933 0.161622189245141
0.79 1B 609798896 609803678.333333 3.65238816517934e-07 1714 0.000624073103850642 0.953383288710174
0.8 1B 613199337.833333 613204685.333333 3.94993248747712e-07 863 0.00106092122247972 0.146087929234286
0.81 1B 614851340 614855057.25 4.08289551024725e-07 1474 0.00553021199457259 0.103810084800153
0.82 1B 615731931 615733485 4.15085670086282e-07 223 0.000979401973094171 0.256990936722437
0.83 1B 617821668.333333 617828258.333333 4.30388385254475e-07 1221 0.00364594803439803 0.194976791070643
0.84 1B 619416561 619420464 4.41251542446307e-07 274 0.000623701 1.72244392745883
0.85 1B 622158374.833333 622162456.5 4.58312898533941e-07 1503 0.00160332995342648 0.0921612414170023
0.86 1B 623727376 623731829 4.67207429156021e-07 340 0.00318547 0.304131258495607
0.87 1B 625648080.875 625652587.5 4.77084693691623e-07 1994 0.00423239506318957 0.12847121103773
0.88 1B 628091269.8 628094609.6 4.88289922152383e-07 1383 0.000893898481561822 0.150041491218363
0.89 1B 630904476.375 630907020.5 4.99687823489078e-07 1390 0.00189936408633094 0.368086925177926
0.9 1B 633842355.5 633845519.5 5.12818372115709e-07 1034 0.00237396086460348 0.0346887149933194
0.91 1B 637430623.857143 637435147.714286 5.46483862420884e-07 961 0.00113407247658689 0.332738003290656
0.92 1B 639544972.5 639550970 5.45021920047094e-07 736 0.00410565389945652 0.270316380751018
0.93 1B 640706092 640710608.5 5.66007900939366e-07 1573 0.00341912532739987 0.260993709789383
0.94 1B 641736285 641738700 5.90708688187233e-07 154 0 NA
0.95 1B 642777977.2 642783371.4 5.8544770912681e-07 1877 0.000603001304208844 0.420066133263805
0.97 1B 645140868 645142804 5.86747198937558e-07 90 0 NA
0.98 1B 645813202.285714 645817673.857143 6.00564868498258e-07 1315 0.0017302213095057 0.343751947348636
0.99 1B 647227620 647240151 6.1372518545546e-07 1589 0.00104112 0.321858191178731
1 1B 648518875 648524414.5 6.03867660585682e-07 943 0.00162340092258749 0.0940357068363878
1.01 1B 651836871.461538 651840281.923077 5.40907349309788e-07 2548 0.000299573037676609 1.52536162992831
1.02 1B 655614918.2 655620281.6 5.34914367683827e-07 1648 0.00159755887621359 0.272479293677581
1.03 1B 657446243 657450409.625 6.4016969187225e-07 2044 0.00042059247260274 0.238260858453035
1.04 1B 659645887.777778 659648846.111111 8.14619477164476e-07 2060 0.00237443166699029 0.282381901099402
1.05 1B 661300341.8 661308384.8 9.06976431494402e-07 404 0.00213826188118812 0.122953604169575
1.06 1B 662538757.142857 662541817.714286 9.44151184872094e-07 1509 0.00382580145791915 0.0331201934256026
1.07 1B 663043769 663047956 9.58974392254877e-07 85 0 NA
1.08 1B 664725784.5 664730490.8 1.00610580060932e-06 1434 0.000646218952425229 0.28679623550878
1.09 1B 665353617 665358673 1.02298458975038e-06 693 0.00228461832611833 0.0675727079998269
1.1 1B 666256742 666260483 1.04648954775992e-06 286 0 Inf
1.11 1B 666675110.5 666679505.5 1.05709766232139e-06 389 0.00176301341902314 0.324239264794669
1.12 1B 667452993.75 667458277.75 1.07635059519881e-06 1314 0.0019948104109589 0.105015566876865
1.13 1B 668100086 668105738 1.09189990681212e-06 1833 0.00163519335515548 0
1.14 1B 668706764.333333 668712498.333333 1.10606858792522e-06 1198 0.00216872819198664 0.23117283642633
1.15 1B 669003007.625 669006936.375 1.11282437903205e-06 2266 0.00253987751985878 0.0823790140577871
1.16 1B 669825274.5 669831843.5 1.13119860693066e-06 996 0.000315912361445783 1.37145077523788
1.17 1B 670384230 670390259 1.14326435948687e-06 712 0.00388422 0.0758988934715335
1.18 1B 670783507 670784392 1.15163385561795e-06 11 0 NA
1.19 1B 671199121 671202722 1.16025531563072e-06 214 0 Inf
1.21 1B 673166562 673170213.5 1.19850698320878e-06 367 0 NA
1.22 1B 673793207 673801030.6 1.20987979353586e-06 1074 0.00685414046554935 0.0312051102018035
1.23 1B 674612817.333333 674617213.666667 1.22407447117058e-06 1330 0.00437097188345865 0.200408058626207
1.24 1B 675643603.4 675648844.4 1.2410111458607e-06 932 0.00203596537553648 0.243105677747024
1.25 1B 676291038.4 676294867 1.2515551995843e-06 1384 0.00499294651734104 0.0376473653661346
1.26 1B 677419368.333333 677422139 1.27132156225082e-06 491 0.00459704483706721 0.129150819269236
1.27 1B 678158774.166667 678163014.5 1.28455067951736e-06 1072 0.00127766574626866 0.36432910097653
1.28 1B 679623695.666667 679627724.333333 1.3113461616955e-06 1014 0 Inf
1.29 1B 680861625 680868122 1.33459882282223e-06 535 0.00920388 0.042374411661169
1.3 1B 681685814 681695473 1.35039832240591e-06 999 0.000987878918918919 0.0826582752235749
1.31 1B 683501821 683508194.333333 1.38595897915944e-06 2352 0.00298802587585034 0.223447875823344
1.32 1B 686222829.625 686228218.0625 1.44155086642476e-06 5542 0.00290870420892578 0.12157817767037
1.33 1B 688167535.666667 688173727.666667 NA 1613 9.07508394296342e-05 4.98422495843452
0.01 2B 1643473.66666667 1648898.33333333 1.17660482105855e-06 455 0.00720989789010989 0.0733403717040342
0.02 2B 2305960 2309487.33333333 1.16867148619013e-06 705 0.00126395943262411 0.235838417922112
0.03 2B 3348906 3356671.5 1.15608384055444e-06 690 0.00500146785507246 0.0501445723403601
0.04 2B 4815316 4822770.5 1.13830941548685e-06 1088 0.00192036422794118 0.0704120869227722
0.05 2B 5964265 5968599.66666667 1.12430756199129e-06 1809 0.00469634841348811 0.164599320774994
0.06 2B 7261612.33333333 7269600.33333333 1.10835721889062e-06 2095 0.00103530798090692 0.35756803290734
0.07 2B 8385714 8389997 1.09450277683112e-06 335 0.0110101 0.273584254457271
0.08 2B 9122805 9127661 1.08535472371395e-06 32 0.0184843 0.80691722164215
0.09 2B 10416086.2 10421454.8 1.06922414533824e-06 701 0.00447582025677603 0.0841107934534908
0.1 2B 11100464.75 11105250.75 1.06065572244936e-06 798 0.0105759712656642 0.0174040802502142
0.11 2B 12024654 12027137 1.04904723225022e-06 190 0 Inf
0.13 2B 14004688 14009153.3333333 1.02381500473602e-06 860 0.0095849148372093 0.15967927295677
0.14 2B 14833211 14836760 1.01329985014103e-06 77 0.0250078 0.256741896528283
0.15 2B 16124597 16129184 9.97055943430969e-07 25 0 NA
0.17 2B 18119702.25 18128058.75 9.72334764394452e-07 1691 0.00309057550561798 0.0849201611420025
0.18 2B 18828926.5 18832470 9.63694086010981e-07 271 0 NA
0.19 2B 19440639 19445593 9.56256878498299e-07 904 0.00254607 0.149071313828764
0.21 2B 21827606 21832501.5 9.27690926403811e-07 989 0.00122576084934277 0.730444153759253
0.22 2B 22157151.2 22163344 9.23792683179064e-07 706 0.000694602280453258 0.570619100693508
0.23 2B 23270941.3333333 23275349.6666667 9.10747472768069e-07 877 0.00117210307867731 0.132178068950703
0.24 2B 24143150 24146931.3333333 9.00179077814878e-07 775 0.00362801576774194 0.18884901030163
0.25 2B 25082711.375 25087129.75 8.87465798257585e-07 1469 0.0128991257385977 0.0771540176639356
0.26 2B 25717907 25723415 8.79343448692891e-07 511 0.00316955260273973 0.185767145564038
0.27 2B 26444595 26448774.3333333 8.70596956158443e-07 873 0.00150244219931271 0.117375645992911
0.29 2B 27717616.5 27723088.5 8.56446726203674e-07 874 0.0093856866590389 0.0185363896293842
0.3 2B 29151886 29157623 8.41542888642923e-07 161 0 NA
0.32 2B 30461942 30465639.5 8.28954976431018e-07 551 0.0014216695553539 0.663627798621397
0.33 2B 31620046 31627420 8.14623021609614e-07 140 0.00164835 0
0.35 2B 34062375 34066465 7.84402239194024e-07 220 0.0028634 0.940574142627645
0.37 2B 35387429 35396358 7.68295963785389e-07 171 0.0146341 0.148385619887796
0.38 2B 37063045.6666667 37066365.6666667 7.48335879893648e-07 196 0.0286548685714286 0.0882217856685621
0.39 2B 39045921 39050346.6666667 7.25152281960576e-07 375 0.00530452157333333 0
0.4 2B 40596040.4285714 40603572.7142857 7.07369547952987e-07 2643 0.00154480169277336 0.289091065767898
0.41 2B 42160290 42166861.25 6.89760890980778e-07 1604 0.00196707238154613 0.103728123186219
0.42 2B 43283115.3333333 43288859 6.77333923805202e-07 586 0.00266470730375427 0.0523583300788089
0.43 2B 45336685.375 45341832 6.55051776555235e-07 4020 0.00482501 0.0527037556419469
0.44 2B 47111399 47116598.25 6.36186067428353e-07 724 0.0296238850828729 0.117475666660052
0.45 2B 49406237.6 49412597.4 6.12444508332662e-07 1310 0.00673610195419847 0.0821798606391785
0.46 2B 52732146.5 52738013.1666667 5.4940219005002e-07 1867 0.00213584496518479 0.251584193193009
0.47 2B 55637878 55641847.8181818 4.77355636400831e-07 2752 0.00349824026889535 0.215548512461086
0.48 2B 58577449.625 58583181.75 4.53214863518012e-07 3811 0.00202235989189189 0.0709684532021222
0.49 2B 64275869.7777778 64281376.4444444 4.32254144246075e-07 3502 0.00308236519017704 0.228961794861673
0.5 2B 67216322 67220857.6 4.36210657886946e-07 1491 0.00280591241448692 0.24435789665475
0.51 2B 68937553.6666667 68941760.3333333 4.34000451123207e-07 811 0 Inf
0.52 2B 72736837.6 72746427 4.11137025749242e-07 1063 0.00134145444967074 0.087951735850547
0.53 2B 75309604.6666667 75313279 3.97205642662214e-07 607 0.000259449341021417 1.56503114091275
0.54 2B 77291225.2222222 77296357.7777778 3.87204699603677e-07 2330 0.0039455265193133 0.142490054300961
0.55 2B 78824549 78829537 3.79961075991409e-07 31 0 NA
0.56 2B 80770281.7142857 80775811.8571429 3.71424053450321e-07 821 0.00219423909866017 0.17097611878475
0.57 2B 81909931 81912417 3.66712458805603e-07 549 0.00229733777777778 0.129648565896866
0.58 2B 84747822.3333333 84750796.6666667 3.56059660739059e-07 724 0.000857475883977901 0.069578483385661
0.59 2B 86698845 86701301 3.49549997534875e-07 343 0.000448804297376093 1.24866478713631
0.6 2B 89015580.3571429 89021960.0714286 3.42731319294785e-07 4163 0.000369799769397069 0.410795975611033
0.61 2B 91041221 91045299.8571429 3.38776300310679e-07 1092 0.0025662939981685 0
0.62 2B 92898299.6666667 92900248 3.3813067598528e-07 490 0.00116833297959184 1.02186160375442
0.63 2B 96446178.1111111 96449399.6666667 3.31396663896159e-07 1240 0.00722914970967742 0
0.64 2B 98892424.25 98897980.625 3.22147395537856e-07 2551 0.00174909413053704 0.329558522459869
0.65 2B 100951314.875 100954775.5 3.11167232011019e-07 1804 0.00070292466518847 0.371548650867926
0.66 2B 104824736.428571 104829239.071429 2.83279979046327e-07 2657 0.00111768543168988 0.190019326433496
0.67 2B 108758541.571429 108762540.142857 2.43012995486118e-07 2124 0.00289457641478343 0.0781382331016901
0.68 2B 114306899.619048 114312055.333333 1.85112863274246e-07 6371 0.00221644989483598 0.182365394179371
0.69 2B 125355123.25 125360445.75 1.24707024647152e-07 7365 0.00218422276972166 0.186858999371258
0.7 2B 139193040.571429 139199319.392857 9.57115811570115e-08 8682 0.00213030402228536 0.218049705987772
0.71 2B 147721903.666667 147726512.833333 1.06744478889181e-07 3520 0.000727454943950535 0.311530344694327
0.72 2B 154223617.952381 154227810.904762 1.18939682928963e-07 4490 0.00310632340089087 0.145119655476925
0.73 2B 159638230.5 159642200.666667 1.21825109756115e-07 4182 0.00215274912721186 0.21361259684539
0.74 2B 166216307.866667 166220963 1.25756369829713e-07 3742 0.00187206916247996 0.181333153561195
0.75 2B 174303228.294118 174307524.823529 1.16001470304909e-07 9250 0.00206825012345946 0.130368346819872
0.76 2B 186517640.707317 186522778.682927 8.83395139707495e-08 9805 0.00144796890158083 0.277595926544829
0.77 2B 206621552.076923 206626415.096154 6.3827960744312e-08 13713 0.00137329972223438 0.130442280041166
0.78 2B 222492283.14 222498877.14 4.56866787401578e-08 14168 0.000911975861942405 0.314982525192971
0.79 2B 241023332.745098 241028286.431373 2.77930071629094e-08 8366 0.0010661579592227 0.193740627279168
0.8 2B 260233237.93617 260241262.06383 1.65836031778162e-08 13916 0.000639545143331417 0.554601015708693
0.81 2B 342368827.554348 342380074.641304 6.4311215710995e-09 29262 0.000641118849326772 0.321861127610678
0.82 2B 401533801.021858 401540203.68306 2.28673679069761e-08 46998 0.000872200859547949 0.247606129247405
0.83 2B 447555978.292308 447560431.738462 4.41310621286234e-08 16670 0.000973194145890822 0.260218756879207
0.84 2B 463395680.902439 463401336.829268 5.84917785843059e-08 9832 0.00112015664474974 0.219652987359886
0.85 2B 478666975.621622 478671098.918919 7.15548570649964e-08 6882 0.00112707204546851 0.148155372236002
0.86 2B 491691204.966667 491695393.333333 8.08217920139564e-08 12516 0.00165966169450899 0.143502792128537
0.87 2B 510858944.535714 510863285.714286 9.16110640786564e-08 7438 0.00126536727063727 0.208653191119556
0.88 2B 519849122.837838 519854167.864865 9.54187894638743e-08 7609 0.0013736730450782 0.1973028304968
0.89 2B 529456808.551724 529461105.931035 9.86492302371936e-08 4719 0.00119268302106984 0.232033723955833
0.9 2B 539313834.3 539318548.4 1.01014148161362e-07 5572 0.0012879876879038 0.120235436486956
0.91 2B 546075489.137931 546082963.758621 1.02922112227811e-07 8287 0.00133366125206433 0.430714004738517
0.92 2B 554049143.884615 554053135 1.05917387138736e-07 4985 0.0025113160155346 0.290815479822702
0.93 2B 560141000.652174 560145325.347826 1.0373068509546e-07 3325 0.00310558890079484 0.176072169481643
0.94 2B 571127215.026316 571131038.473684 9.79125095719365e-08 6651 0.00283628398887385 0.1263923924441
0.95 2B 583899000.918919 583903206.72973 8.74147686746958e-08 8361 0.00138160571211578 0.394950925452577
0.96 2B 597412393.548387 597417822.096774 7.49215394986721e-08 5821 0.00200586086840749 0.201277919117371
0.97 2B 609173027.5 609178674.192308 7.35398122628922e-08 7565 0.000753898473231989 0.211917838414693
0.98 2B 620834385.217391 620840971.434783 8.18673269804543e-08 6263 0.00209963826377136 0.244105225669308
0.99 2B 632933759.964286 632938396.071429 9.52187224104931e-08 7095 0.00267424978794665 0.115771765122099
1 2B 642779350.774194 642784199.967742 1.03675499836842e-07 7722 0.00151611116772857 0.210719523729566
1.01 2B 653574726.214286 653579353.464286 1.07284747963499e-07 6038 0.00138915327650804 0.317205790271676
1.02 2B 662798953.25 662802585.5 1.11470252256573e-07 4730 0.00124916959260042 0.504864712769584
1.03 2B 673936633.692308 673940355.538462 1.17882882923642e-07 3188 0.00118786974529486 0.171651248612296
1.04 2B 679219757.857143 679223933.714286 1.17245036398589e-07 4229 0.00286308679782454 0.208607050169889
1.05 2B 685384487.421053 685389603.894737 1.20461938946134e-07 5049 0.00432740361536938 0.181857294167066
1.06 2B 693769822.32 693773846.2 1.22985899305971e-07 5476 0.0087254019357195 0.0762402552334186
1.07 2B 700806836.5 700811380.5 1.25194075813578e-07 2707 0.00328828951923584 0.242927361210628
1.08 2B 709530054.3 709533801.6 1.20515718540723e-07 1283 0.00205735848272279 0.329008906531578
1.09 2B 714786903.0625 714792012.125 1.79269895897402e-07 3661 0.00187903854320313 0.312074489682663
1.1 2B 720968388.055556 720973497.888889 1.78001352725492e-07 4546 0.00157758755568082 0.108594484563281
1.11 2B 727732265.15 727736467.95 2.50269739368069e-07 3944 0.00194392353047934 0.212211598316751
1.12 2B 732848413.666667 732855166.666667 3.61239836958286e-07 1281 0.00218471135362998 0.138681274902682
1.13 2B 736342570.4 736345649.2 4.48075740655976e-07 933 0.00274718211146838 0
1.15 2B 740763832.333333 740768147.166667 5.71180916415028e-07 2169 0.0024372058483172 0.426151853748029
1.16 2B 742442332.142857 742449179.857143 6.07320269562728e-07 2449 0.0010699929399755 0.326339969172261
1.17 2B 743877093 743883735 6.33369350271138e-07 1366 0.000820322528550513 0.0403530153114239
1.18 2B 745934067.8 745940389.8 6.6690817841733e-07 1235 0.000619117651821862 0.629618481466964
1.19 2B 746585181.666667 746590438.666667 6.84221844425558e-07 1276 0.00150442494435737 0
1.2 2B 748566686.5 748572888.5 7.2888365462248e-07 1257 0.00143836516308671 0.0514808821145677
1.21 2B 748962993.6 748967477.8 7.36022549006426e-07 620 0.00810248951612903 0.216048793545831
1.23 2B 751442572.8 751448944.2 7.68938556868952e-07 1708 0.00054585418618267 1.06692800140982
1.24 2B 752559008.666667 752562151 7.76686309293351e-07 533 0.0231387412007505 0.0255285507519967
1.25 2B 753150776.75 753154668.5 7.79077591782727e-07 739 0.00289611684709066 0.234884657158516
1.26 2B 754663266 754667763 7.79576490208516e-07 501 0.000591774 0.145046081781221
1.29 2B 758356836 758361278.5 7.4711943473511e-07 357 0 Inf
1.3 2B 759310072 759312231 7.31128085007146e-07 237 0.000893408860759494 1.78376898986908
1.31 2B 760928263.833333 760931734 7.31375871190392e-07 938 0.00129783403731343 0.213927673510106
1.32 2B 762219823.8 762224135.4 7.27745835206288e-07 738 0.00360110953929539 0.358115293162205
1.33 2B 763739102.4 763745061.4 7.14511717836519e-07 627 0.00991895215311005 0.210597527842483
1.34 2B 765117670.5 765121258 6.94172851890237e-07 768 0.006979836328125 0.0635725268002736
1.35 2B 766236747.333333 766242680.333333 6.7146252158685e-07 789 0.00283790534854246 0.158880848998341
1.36 2B 767349181.142857 767353347.571429 6.43532102167572e-07 2284 0.0038635260525394 0.193545371901537
1.37 2B 769363987.666667 769368874.333333 5.8000030058675e-07 515 0.00101103355339806 0.384120984489812
1.38 2B 770743808 770747034.75 5.46171045904223e-07 1420 0.00497687096338028 0.0415160597803146
1.39 2B 772572807.5 772578868.166667 5.41913596997547e-07 553 0.00460037099457505 0.177639474599179
1.4 2B 775057422.666667 775063041.333333 5.18346220180185e-07 1415 0.00101835058657244 0.833683370950689
1.41 2B 776583114.1 776587552.8 4.91592880280792e-07 2274 0.00263010896657872 0.171247116800086
1.42 2B 779115694.214286 779120112.285714 4.62079136499663e-07 2365 0.00386193226215645 0.120302258588769
1.43 2B 781505351.25 781508837.5 4.3864084892969e-07 2086 0.00228803782550336 0.222521523393075
1.44 2B 785766017.230769 785771724.384615 3.83342285482073e-07 3710 0.00286311426145553 0.0836863081190282
1.45 2B 789740284.166667 789744324.416667 3.2721528653861e-07 2541 0.00332567469106651 0.206089836000398
1.46 2B 795197048.307692 795201224.692308 2.59129981810659e-07 3904 0.0046949041982582 0.0663837572555524
1.47 2B 799398027.25 799403547 2.16211403167299e-07 3006 0.00812333518962076 0.100029160711703
1.48 2B 801216576 801224385 NA 1471 0.00676739 0.0634786823280467
0 3B 276271.5 280059 NA 520 0.000294563028846154 6.97634648193845
0.01 3B 984551.5 988494.5 NA 325 0.00420477489230769 0
0.02 3B 1616559 1618398 6.68250919828261e-07 95 0.0100532 0
0.03 3B 2397871 2404559.5 6.72722133898524e-07 859 0.000832487427240978 0.417181903064256
0.04 3B 3252358.5 3261908 6.7660733094685e-07 1673 0.00457740547519426 0.151850934732907
0.06 3B 4401404.66666667 4404524.33333333 6.8012299182922e-07 545 0.00234752651009174 0.421899138768546
0.07 3B 5670628 5675430 6.81810194375509e-07 229 0.0131346 0.106436435064638
0.08 3B 6022662.75 6025429.5 6.81848676731638e-07 886 0.0020785566027088 0.192303701048406
0.09 3B 7299419.71428571 7303511.57142857 6.80503232608643e-07 1975 0.00238912511088608 0.310396229120634
0.1 3B 8431086.42857143 8436810.14285714 6.79131027271354e-07 2136 0.00638521297659176 0.111926501985544
0.11 3B 9447870.11111111 9453036.55555556 6.82677409746171e-07 2169 0.00987595435684647 0.180760898690511
0.12 3B 10476293.875 10480845.125 6.89334837298667e-07 1858 0.00475233358142396 0.134767141801383
0.13 3B 11950249.3333333 11952671.6666667 7.03676085971943e-07 145 0.002363734 0
0.14 3B 14077095 14080200.5 7.29888045877971e-07 733 0.00697101500682128 0.515269752712166
0.15 3B 16331224.5 16335618 7.23469460290594e-07 1000 0.00171794544 0.203547700560269
0.16 3B 17959247 17964259.25 7.60883610930861e-07 582 0.0061923725257732 0.114323770351987
0.17 3B 19406896 19410887.875 7.50863304308239e-07 1581 0.00143773761995121 0.426017975853834
0.18 3B 20846134.1666667 20850264.6666667 7.62006203579211e-07 775 0.00187962472258065 0.270591513270913
0.19 3B 22124595.5 22127537.5 8.03739148247765e-07 249 0.0261067477911647 0.103092900845989
0.2 3B 23431319.6666667 23435297 8.88865939142056e-07 832 0.00695180254807692 0.132002696270813
0.21 3B 24416092.5 24427448.75 9.66960601373466e-07 1004 0.000733860784860558 0.413361387349556
0.22 3B 25273924 25276372 1.02240327940346e-06 57 0 NA
0.23 3B 26549511.6666667 26551345.3333333 1.03565576953788e-06 198 0 Inf
0.29 3B 31105028 31108804 9.48490162983793e-07 228 0 NA
0.3 3B 32282460 32284859 9.44150767368841e-07 519 0.00623107510597302 0.507615729277929
0.32 3B 33955369 33956554 8.97877769978347e-07 133 0 NA
0.34 3B 36542350 36544671 7.85097105698212e-07 78 0.0115057035897436 0
0.35 3B 38055678 38062529.5 7.38513970342744e-07 405 0.000338056543209877 0
0.36 3B 40040673.4285714 40044502.2857143 6.72446319607577e-07 1250 0.0009725458816 0.414075467305953
0.37 3B 42821732.6666667 42825628.3333333 5.6845603397558e-07 868 0.00578686192396313 0.0171999056778094
0.38 3B 43857091.6666667 43860757 5.32752651879795e-07 556 0.00429794392086331 0.117681910492905
0.39 3B 47463248 47468255 4.44337535115524e-07 72 0.00575188 0
0.4 3B 50637643.5555556 50641717.6666667 3.82423557092889e-07 1810 0.00323333837569061 0.130158750142588
0.41 3B 54173572.4444444 54178395.8888889 3.50735466809833e-07 2310 0.0139386195021645 0.119792545710393
0.42 3B 57838448.2 57845296.2 3.00281705047408e-07 2057 0.00525826597472047 0.125232303296201
0.43 3B 59861775.6666667 59865760.2222222 2.76759094686082e-07 2435 0.00361449323203285 0.12983780281816
0.44 3B 63196520 63200807 2.56440479939443e-07 2600 0.00599270759615385 0.0634774622149334
0.45 3B 66462083.2307692 66464989.3076923 2.31517005123779e-07 2342 0.00367750575149445 0.188911909830486
0.46 3B 70215724.8 70221724.9333333 1.93092788043869e-07 5216 0.00148325700747699 0.457836489394671
0.47 3B 75237451.3333333 75243031.1111111 1.61506077839372e-07 3019 0.00236169026498841 0.29554139810076
0.48 3B 80517764.9 80522819.25 1.35189800041536e-07 4848 0.00401965684818482 0.292551843158705
0.49 3B 101745155 101749712.217391 4.78028350560913e-08 9376 0.00134855938665082 0.202840322228608
0.5 3B 120415857.1 120421770.2 4.04457984406785e-08 11700 0.000614345476134122 0.409598208744172
0.51 3B 136604909.384615 136610073.846154 5.79251244932421e-08 6046 0.00134764135397949 0.181735309866164
0.52 3B 151299308.181818 151308179.575758 5.24252621550175e-08 9927 0.0013173021486854 0.355782214581947
0.53 3B 167558939.421053 167563530.973684 4.54882013135756e-08 6831 0.000589936607753999 0.304837141525856
0.54 3B 185316905.877551 185322032.571429 3.6880749861577e-08 9818 0.000884594465072656 0.252101296038744
0.55 3B 229276828.360825 229282338.587629 2.3877846987029e-08 23670 0.00101265584617393 0.243723936297701
0.56 3B 322855412.474747 322865078.626263 7.30484649513610e-09 61502 0.00068091454343736 0.275487446370559
0.57 3B 417311681.129032 417317637.167742 1.16045046103635e-08 40858 0.000622195228155887 0.365027179614603
0.58 3B 460192032.532468 460198684.935065 2.77191192202389e-08 21769 0.00180636446496884 0.266234631151277
0.59 3B 495587768.527473 495593086.978022 4.28954978925368e-08 22880 0.00140660515995914 0.263970336487863
0.6 3B 524745864.140351 524750760.263158 5.5102051851794e-08 13343 0.00224043488846836 0.220963359901971
0.61 3B 540817705.434783 540823392.76087 6.24110378968973e-08 13745 0.00179789507457257 0.192359711355276
0.62 3B 551539224.083333 551545844.208333 6.59470816443785e-08 9338 0.00169078431585574 0.274001928092861
0.63 3B 561739932.192982 561745765.22807 6.83608181344433e-08 9841 0.00169361917200085 0.212127361513493
0.64 3B 575821546.707317 575825482.268293 7.34701640142601e-08 7707 0.00131274056296549 0.311756722339844
0.65 3B 588577492.5 588583034.425 7.19638721284428e-08 9751 0.0016860951383816 0.115122572520081
0.66 3B 603112704.868421 603117252.368421 6.89104235232509e-08 8961 0.00200149257750251 0.184876359451832
0.67 3B 618938875.292683 618943220.731707 7.8727838863728e-08 8580 0.00275780823322308 0.185517504660907
0.68 3B 635386217.195652 635391445.934783 1.03118739061002e-07 9087 0.00158041645415529 0.173515654470064
0.69 3B 650631721.358974 650636838.410256 1.12478107814029e-07 9439 0.000593865021671007 0.209247262030283
0.7 3B 658023446.56 658028129.08 1.09101266547016e-07 6842 0.00125832011429407 0.207052755205084
0.71 3B 665210256.611111 665215834.944444 1.03895353350144e-07 4172 0.000931722052672579 0.316574855808764
0.72 3B 670791365.6 670795455.84 1.00768035665852e-07 7053 0.00142248671799234 0.390523830340191
0.73 3B 677196913.818182 677201324.318182 9.27167284194386e-08 6304 0.00257196678965736 0.180072690465009
0.74 3B 686562383.555556 686566335.37037 7.59825433379498e-08 7036 0.00180853815989198 0.172858145140057
0.75 3B 701483310.510638 701488071.744681 4.47188134651336e-08 11859 0.00167520115212075 0.164412085439407
0.76 3B 719259676.588235 719263095.058824 2.04189727949938e-07 5621 0.000850781949475182 0.33161778179771
0.77 3B 724528199.611111 724532743.333333 2.79276343548362e-07 3903 0.00437217608192793 0.0520244522772838
0.78 3B 728216865.25 728222155.5 3.25078149428201e-07 818 0.00381760391198044 0.130065209854404
0.79 3B 730379817.666667 730383572.5 3.54646743179158e-07 869 0.0158091211967779 0.152625973816202
0.8 3B 732495447.666667 732499505.333333 3.80889272816623e-07 1065 0.00392954107042253 0.259299542520972
0.81 3B 734325683.666667 734329779 3.97238010818283e-07 861 0.000537793693379791 1.41541526929931
0.83 3B 738192090.6 738197350 4.13116405828344e-07 1543 0.00173869309786131 0.414582259091698
0.84 3B 739442510.666667 739450008.333333 4.13130868861086e-07 1820 0.00181569244285714 0.0130641104371622
0.85 3B 741632656.428571 741636051.142857 4.06448097628069e-07 2111 0.000866138009000474 0.527881650686842
0.87 3B 749386022.8 749389071.4 4.31342539033165e-07 626 0.00828599963258786 0.236063619048457
0.88 3B 752041233.666667 752044357.333333 4.45194660499405e-07 246 0 NA
0.89 3B 755036626.6 755041999.8 4.76330122684719e-07 1296 0.00157481647376543 0.188728555671647
0.91 3B 757851040.5 757855951 4.92017170241125e-07 247 0.0171848526315789 0.126824953601687
0.92 3B 760131208 760137461 5.54767275268854e-07 123 0 NA
0.94 3B 763018169.4 763021472.6 6.25947497471889e-07 487 0.0177224138090349 0.179014802312091
0.95 3B 764153130.25 764156086 6.45991331566844e-07 351 0.00607895536562203 0
0.96 3B 766376322 766379525 6.83613452736526e-07 364 0.0015681 0.335815955615076
0.97 3B 767937057.25 767941834 7.08601211047909e-07 751 0.00657648940079894 0
1 3B 772671143 772678573.666667 7.94399033211807e-07 2695 0.00120719371428571 0.327461043015275
1.03 3B 776378198.333333 776382371.333333 8.61789641308869e-07 596 0.000465803651006711 0.29556670146352
1.04 3B 777578202 777581471 8.80300043196892e-07 85 0 NA
1.05 3B 777913965 777917238 8.84301109998502e-07 419 0 Inf
1.06 3B 779292511.666667 779295300 8.95217055517073e-07 219 0.0149789551598174 0.140261567524395
1.07 3B 780369851.5 780374295.5 8.98308701284963e-07 464 0 NA
1.08 3B 781366689.75 781370113 9.10047181337951e-07 2233 0.00333492279444693 0.108773377708412
1.09 3B 782735454 782743577 9.31492419931443e-07 1364 0.0011915894941349 0.389275853705031
1.1 3B 783376967.333333 783380572.666667 9.39089033013037e-07 677 0.00464688168389956 0.135903465893759
1.11 3B 784592987 784604581 9.49459938345376e-07 811 0.00221432 0.417558437804834
1.12 3B 786141043 786143751 9.54678951717676e-07 105 0.00691871 0
1.13 3B 786854303 786856956 9.54123382674694e-07 215 0.0065907 0
1.14 3B 788239239 788240358 9.47693894397383e-07 50 0.00915332 0.256983258533516
1.15 3B 789175010 789181063 9.39319331449668e-07 8 NA NA
1.19 3B 792829389.5 792841470 8.75691132409006e-07 507 0.00246016195266272 0.250397983372288
1.2 3B 793263736 793268962 8.64948380561249e-07 159 0.000996181 0
1.21 3B 794861082.666667 794866373 8.26061327980014e-07 589 0.0280914446519525 0.0144831262300773
1.22 3B 795514550.6 795519632 8.13963187858736e-07 1090 0.00353358128440367 0.195153990665083
1.24 3B 798002355.666667 798008269.166667 7.78638574903663e-07 2026 0.00288383601678184 0.0803982726494069
1.25 3B 798474017.75 798478459 7.75128500648094e-07 1301 0.00444255126056879 0.105913913344199
1.26 3B 800137837 800141378 7.6179788783275e-07 370 0.00413309 0.14888303908214
1.27 3B 803792319 803796093.6 7.34366905713542e-07 778 0.00334967320051414 0.475329579306119
1.28 3B 806572591.8 806575946.8 7.08368668019038e-07 969 0.00754857938080495 0.0838192647466788
1.29 3B 809289583.75 809293855.5 6.74357804976434e-07 811 0.0138044967200986 0.0581571777620982
1.3 3B 810381210 810385432.5 6.63179887314163e-07 1569 0.00209380607775653 0.279493562848664
1.31 3B 811445015 811448708 6.52505095251765e-07 147 0.00307003020408163 0
1.32 3B 812337170 812345279 6.43689826682962e-07 1068 0.000623741 0.652163317787351
1.33 3B 812571302.5 812575296 6.41426331937749e-07 670 0.000236449426865672 0
1.34 3B 813874955.5 813878449 6.28898161597063e-07 181 0.0193132712707182 0
1.36 3B 815616183.5 815622500.75 6.12642150955409e-07 2008 0.00596943640488048 0.0377249370419099
1.37 3B 816497369.875 816500956.5 6.04632608575969e-07 1115 0.00152577925112108 0.0268243765275827
1.38 3B 818282098 818286163 5.88848635935171e-07 418 0.000664415693779904 1.03606350379597
1.39 3B 820247210 820251778 5.7199079262723e-07 1900 0.00201942311052632 0.226983806847537
1.4 3B 824741079.647059 824745904.058824 5.32030726022242e-07 5771 0.00188983912320222 0.111141056640602
0.01 4B 754450.6 757034.2 NA 394 0.00279870532994924 0.135429053988796
0.02 4B 1777478.5 1781930.5 1.05283894926374e-06 1010 0.00168602520693069 0.104267326414466
0.03 4B 1971889 1975418.66666667 1.05023466759694e-06 213 0.00139940976525822 1.58435045116942
0.05 4B 3847301 3849785.66666667 1.02387017468871e-06 254 0.00161148433070866 0.900978146474339
0.06 4B 4524674 4529257.33333333 1.01376422529466e-06 1216 0.00412843059210526 0.00957110709123967
0.07 4B 5164179 5167099.25 1.00394760854547e-06 667 0.00487122550224888 0.105326915000326
0.08 4B 6065250.75 6067369.25 9.89718656511494e-07 654 0.0151933045412844 0.0676751502875356
0.09 4B 7040331 7045203.5 9.73666533033466e-07 567 0.00971812451499118 0.139146362387006
0.1 4B 7811580 7819291 9.60523416957625e-07 1406 0.00311939509957326 0.153931804961521
0.13 4B 9776594.66666667 9781624.33333333 9.25365272174161e-07 1293 0.00067359103712297 0.227992650457086
0.14 4B 10591419.6666667 10595587.5 9.10053703191994e-07 782 0.0207514591304348 0.0268683417340368
0.15 4B 11730473.125 11736273.75 8.90009963565109e-07 1425 0.00185685745964912 0.074639156045074
0.16 4B 12377308 12381147.5 8.78783704887667e-07 704 0.00302205889204545 0.0913195956402879
0.17 4B 13343595.8 13347611 8.61951960840493e-07 1216 0 Inf
0.18 4B 14152797.1428571 14156809.8571429 8.47825299253147e-07 1825 0.000271334654246575 1.12611176665861
0.19 4B 15408590 15414249 8.2583161109979e-07 142 0 NA
0.2 4B 15965141 15970284.6666667 8.16273865169617e-07 1007 0.000792663604766634 0.188460400100349
0.21 4B 17188991.4285714 17194439.4285714 7.95576270722291e-07 1741 0.00340096649626651 0.198249690052039
0.22 4B 18252142.5 18261724.5 7.77932498815966e-07 3342 0.00179850871035308 0.0601538125847801
0.24 4B 19739725.75 19746144.5 7.53881090202338e-07 848 0.00304057157193396 0
0.25 4B 21160050.2666667 21164943.5333333 7.31546287378079e-07 4456 0.00196404961857207 0.0868835174811584
0.26 4B 21933048.5 21940510 7.19594684353354e-07 473 0.000343549471458774 0
0.27 4B 23278859.1538462 23285271.1538462 6.9930428064009e-07 3720 0.00398809532258065 0.147256275946425
0.28 4B 24642852.5 24646291 6.79281847275309e-07 493 0.000580523002028398 0
0.29 4B 25745192.2 25750314.8 6.63484991033838e-07 726 0.0145616000964187 0.0536161992997305
0.3 4B 26911681.2857143 26916023.5714286 6.47189653585224e-07 2215 0.00329373316478555 0.121417657892594
0.31 4B 28276093.2352941 28280287.2941176 6.28649110124404e-07 4941 0.00231056407673042 0.179603727837082
0.32 4B 29106732.5 29115694 6.17579463199034e-07 408 0.000396092558823529 0.832001388267315
0.33 4B 30807688.3333333 30813026.3333333 5.95681974097503e-07 786 0.0035977179389313 0.0758825489567655
0.34 4B 32230979.6 32236459.2666667 5.78042074568245e-07 5027 0.00326037348915854 0.110080844965478
0.35 4B 33623959.125 33629226 5.61149624196626e-07 2899 0.00184639721283201 0.225862712187035
0.36 4B 35084566.5555556 35091753.1111111 5.386077566723e-07 1865 0.00947450519034852 0
0.37 4B 37315983 37320613 5.02415212921489e-07 147 0 NA
0.38 4B 38710225.4545455 38714565.1818182 4.80838819053757e-07 3884 0.000731675302008239 0.180520138356789
0.39 4B 41441001.9285714 41446782.1428571 4.28364703378879e-07 4804 0.0015621456203164 0.0722067050235338
0.4 4B 50353232.9069767 50358823.2093023 2.85709326769385e-07 9079 0.00171383146823949 0.214835529786147
0.41 4B 68449286.2962963 68455211.1666667 9.40641193016834e-08 12789 0.00215744285863311 0.21095795101216
0.42 4B 88323452.8958333 88328860.375 2.71395964134638e-08 11050 0.000918555660483966 0.35712996178071
0.43 4B 122763539.912409 122768665.233577 2.09039531345409e-08 36307 0.000949258602211798 0.262064826000198
0.44 4B 175398752.088235 175403468.132353 2.14262948564054e-08 14035 0.00120691597077636 0.253484592264922
0.45 4B 332909623.736585 332918433.858537 1.11707499131013e-08 69407 0.000479236271743844 0.3433228064678
0.46 4B 412951323.58 412955313.7 4.26108453535166e-08 11792 0.00135458525634813 0.313677059250377
0.47 4B 429256300.72549 429261547.627451 5.4848519479731e-08 10198 0.00149868317373154 0.269421685433095
0.48 4B 447515493.465517 447520024.413793 6.83420416337206e-08 14243 0.00129290356762017 0.135132302329987
0.49 4B 464705500.364865 464710356.162162 7.81272997280891e-08 19148 0.00147436865182903 0.242868092441431
0.5 4B 481229822.380952 481235090.285714 8.52355817134467e-08 4873 0.00117279449436692 0.333711129962161
0.51 4B 491865994.37931 491871167.758621 8.83262634750263e-08 7257 0.00215931471654954 0.199120312803082
0.52 4B 501375922.275862 501381376.724138 9.0222301856464e-08 8416 0.00176260282530724 0.282567908899927
0.53 4B 512223264.333333 512228743.916667 9.13449352457414e-08 8957 0.00108096512716311 0.153301776462638
0.54 4B 521840316.857143 521845173.190476 8.91655001971697e-08 9424 0.00219822189090089 0.174350414716802
0.55 4B 531799801.115385 531803803.846154 8.63132215093021e-08 4819 0.00170820016268935 0.177864313673586
0.56 4B 553684176.320755 553688613.339623 6.61882070533005e-08 15060 0.00169556760325748 0.230142863235653
0.57 4B 569892050.590909 569895480.681818 4.83121472080772e-08 3655 0.00447101781778386 0.112149348742843
0.58 4B 578917650.448276 578921583.103448 6.24399452355778e-08 5838 0.00227337153097318 0.239533768633499
0.59 4B 591449860.85 591454596.675 7.823314453965e-08 10215 0.00191794832334802 0.177681306961602
0.6 4B 603933308.666667 603939223.407407 1.2110668880642e-07 8184 0.00231907215835777 0.26816508429865
0.61 4B 611798491.722222 611804253.055556 1.4640834269966e-07 6823 0.00200651278304351 0.177681918878957
0.62 4B 617184998.866667 617189840.866667 1.52875368776854e-07 2911 0.00214967904156647 0.0501990514688915
0.63 4B 622327186.538462 622330293.846154 1.35612317335844e-07 2053 0.00299149840720896 0.112890022973905
0.64 4B 629442668.6 629446940 2.93159503050208e-07 1995 0.00298962357894737 0.10816774337995
0.65 4B 634188368.875 634194394.25 4.68406759089083e-07 2082 0.00378593297838617 0.188697053987543
0.66 4B 637776106.75 637779641 5.70490527529393e-07 861 0.00174009146341463 1.0385960661619
0.67 4B 639426090.333333 639429738.333333 6.24908084573207e-07 583 0.000285877358490566 1.13191472791473
0.68 4B 640586747.75 640592722.5 6.65685918429152e-07 1639 0.00269761677852349 0.0694693849828671
0.69 4B 642097990.25 642101825.5 7.21972063114878e-07 1442 0.00268382873786408 0.412416004601289
0.7 4B 643283283 643286081 7.65389243859039e-07 508 0.00150664527559055 0.288867481830494
0.71 4B 644013000.75 644024406 7.85757677445056e-07 1780 0.00188520152247191 0.0613362062079311
0.72 4B 645016514.75 645020446 8.13715699687043e-07 840 0.000681106457142857 0.299900212788217
0.73 4B 646173518.333333 646176138.333333 8.46336055503539e-07 670 0.00116538680597015 0.373091476027254
0.74 4B 646816859.25 646820742.75 8.64651345663936e-07 994 0.00228815414486922 0.0547896202100678
0.75 4B 647629112.5 647633269.5 8.87893776796845e-07 221 0 Inf
0.77 4B 649602163 649607404 9.45032401499275e-07 441 0.00273565 0.249534845466343
0.78 4B 650784538 650789868 9.79720233155054e-07 2309 0.0018021132221741 0.250051945055036
0.79 4B 651989239 651992501 1.01537583863194e-06 348 0.0041767841954023 0.0590431654611915
0.8 4B 652622304.2 652628042.8 1.0343148456209e-06 2653 0.00161658987938183 0.370836176009961
0.81 4B 652966892 652968732 1.04457547126079e-06 235 0 NA
0.82 4B 654089219.666667 654092656.666667 1.07818763052158e-06 774 0.00424774406976744 0.177759058615187
0.84 4B 655771123 655774984 1.12686014781067e-06 558 0.00397454 0.0408288757944315
0.85 4B 657015468 657019474.142857 1.162747044849e-06 1673 0.00142532947698745 0.161066020697518
0.86 4B 657872395.666667 657876540.666667 1.18748552018164e-06 1660 0.000451426957228916 0.0575708611515637
0.87 4B 658491401 658497662 1.20539689033249e-06 1011 0.0016477606132542 0.12526122165936
0.88 4B 659346497.2 659354111.2 1.23013259312464e-06 3571 0.000158252174180902 0.882490565156037
0.89 4B 660450153 660456529.222222 1.26204498552965e-06 1216 0.00312372114191729 0.0958040555059691
0.9 4B 661185709 661191597 1.28333593274345e-06 249 0.00693976 0.0675532006870555
0.91 4B 662308875 662311419.666667 1.31583745551077e-06 380 0.00555653184210526 0.0200921561210488
0.93 4B 664392553 664393428 1.37628756834017e-06 32 0 NA
0.94 4B 664915113 664918539 1.39150950382043e-06 456 0.00377515839692982 0.116017648519383
0.95 4B 665396665 665405093 1.40558087640864e-06 487 0.00215529 0.183763669854173
0.97 4B 667520236 667523567.5 1.46731468762474e-06 121 0.0155040330578512 0
1 4B 670424917.666667 670433356 1.55212563981954e-06 3257 0.00387552812833896 0.158983317049775
1.01 4B 671493430.75 671497639.25 1.57586225633762e-06 718 0.0016086063091922 0.137825990357767
1.02 4B 672296531 672306045 NA 657 0.00115791 0.112484562703492
1.03 4B 673248310 673252632 NA 361 0.00364486284764543 0.0366882045426196
0 5B 151854 156895.333333333 NA 1093 0.0066529962305581 0
0.01 5B 759725.5 761827 NA 318 0.00317259547169811 0.0652578158136817
0.03 5B 1748923 1752849 NA 536 0 Inf
0.05 5B 2558977 2563902 NA 357 0.00116883 0.50319293652627
0.07 5B 3917424 3923351 NA 447 0.0010006 0
0.08 5B 4546069 4552406 NA 379 0.01332 0.248603603603604
0.09 5B 4905035.33333333 4907706.66666667 NA 275 0.00627713461818182 0.0486731763112158
0.1 5B 5417279 5421527 NA 499 0.00756846 0.0751966714496741
0.11 5B 6379020.5 6388312.5 NA 1195 0.00110193989121339 0.4005362061491
0.12 5B 6647661.5 6651693 NA 412 0.00141481922330097 0.724796841862125
0.13 5B 7541069 7545930 9.84490759401226e-07 330 0.00442105 0
0.14 5B 8041003.5 8052164 9.7516612404246e-07 305 0.00219722216393443 0.080534838056923
0.15 5B 8904612 8910919.33333333 9.59012417128504e-07 1558 0.00516720200256739 0.142216145283445
0.16 5B 9262347 9265429.5 9.52261351637115e-07 433 0.00245482752886836 0.206918394063742
0.17 5B 9807726 9816838 9.41783927093989e-07 90 0 NA
0.19 5B 11609791.5 11616382 9.06680955715381e-07 298 0.00357093060402685 0
0.2 5B 12466039.2 12473022.2 8.89611424994297e-07 2043 0.00166409634459129 0.228551963805778
0.21 5B 13373598.3333333 13377821.5555556 8.7129384175616e-07 1578 0.00356760451013942 0.174309581267087
0.22 5B 13717504 13721589 8.64279563026764e-07 366 0.00569892035519126 0.12847364795417
0.23 5B 15116171.5 15118460 8.35509066755329e-07 229 0.000641280393013101 0
0.24 5B 15984431 15991580 8.18113578818604e-07 633 0.00391393199052133 0.112123658630341
0.25 5B 17544779 17547737 7.87135030065212e-07 238 0.0020581 0.297395170302706
0.26 5B 17976790.3333333 17980723.3333333 7.78572418762651e-07 460 0.0211737526086956 0.0653113049254932
0.28 5B 21093008.5 21098312.75 7.18261688174197e-07 918 0.00482059916122004 0.0444727864637317
0.29 5B 21524099.25 21527843 7.10180371758047e-07 1342 0.00513992937406855 0.129345248009911
0.3 5B 24340843 24346794.3333333 6.58741981466207e-07 1564 0.00165559939897698 0.398292754257267
0.31 5B 27077058 27081282.2 6.113130645784e-07 2990 0.00172942282608696 0.240824536691514
0.35 5B 33815712 33819389.5 4.73112464508065e-07 388 0.00278857757731959 0
0.36 5B 35907394.6666667 35911205 4.39187452239648e-07 724 0.0053444126519337 0
0.37 5B 38164818.5 38167999.75 4.13519723927966e-07 501 0.00238603539587492 0
0.38 5B 41582950.6666667 41588299.6666667 3.51596223999429e-07 607 0.00463739224382208 0.572351739812732
0.39 5B 45522726 45526836.3636364 2.96805077733702e-07 1980 0.00432716889747475 0.161203931464501
0.4 5B 51130348.4 51135876.6 2.41525743953392e-07 656 0.00359856549161585 0.163962030792493
0.41 5B 54594811.9285714 54599270.5714286 2.00172024617341e-07 2544 0.00325744788128931 0.160799889521683
0.42 5B 59116873.3333333 59122037.3333333 1.56083288747648e-07 2439 0.00206541099466995 0.0732954228443591
0.43 5B 67247068.4761905 67253429.1904762 8.56345509151591e-08 6647 0.00192379857210772 0.150313927284383
0.44 5B 85294300.8923077 85299736.5230769 1.44686547351591e-08 17297 0.00131582040189863 0.234401478719306
0.45 5B 126938138.917355 126943569.735537 0 35305 0.000465303773663206 0.408188223152519
0.47 5B 158713623.4375 158729043.0625 0 7523 0.000248798988169613 0.0924229418440648
0.48 5B 216916519.305785 216923993.46281 3.25643992715139e-08 35303 0.000397291012217687 0.32919051584114
0.49 5B 272249379.583333 272254301.238095 5.02678016458928e-08 20865 0.000977862168748464 0.206666673434218
0.5 5B 297174741.505747 297181424.103448 4.09845986572592e-08 28084 0.000626235735884364 0.297430483800876
0.51 5B 324995963.105263 325002377.947368 2.60886703761451e-08 24536 0.000749592227565114 0.293007478758907
0.52 5B 366619299.219512 366623952.739837 2.57082619780536e-08 27724 0.00180111789612902 0.195180239708193
0.53 5B 400040863.45 400045978.15 7.56833124810954e-08 7613 0.00165452361749639 0.19684443819655
0.54 5B 412887616.458333 412891025.5 1.312264457759e-07 3440 0.00137787790116279 0.199767325815251
0.55 5B 420253042.375 420256528.791667 1.77727807303508e-07 3205 0.000997274515743065 0.282735265536466
0.56 5B 427282090 427286881.428571 2.20053506343774e-07 2772 0.00125558327453102 0.22836643949198
0.57 5B 430991213.857143 430996874.142857 2.38618950178677e-07 2952 0.003182359333785 0.110795599967312
0.58 5B 434378482.25 434382783 2.53303404576297e-07 759 0.00181251652173913 0.264605444076312
0.59 5B 438993331.5 438996305.5 2.69828644099271e-07 2273 0.00403101348249639 0.456005743958456
0.6 5B 441449821.375 441454868.625 2.77024762686956e-07 1932 0.00437967282608696 0.0588580542291895
0.61 5B 442777381 442779366 2.80489749722722e-07 136 0 NA
0.62 5B 446646538 446652009 2.8843228668587e-07 1265 0.000465651554940711 0.499317480291295
0.63 5B 449064751.571429 449067556 2.92069719569211e-07 1518 0.00360856003184014 0.00958908998818383
0.64 5B 451010983.5 451014932.5 2.94310300155847e-07 223 0.00100564748878924 0
0.65 5B 455234284.6 455238248 2.9645925821e-07 2285 0.00487495532691466 0.150825678010082
0.66 5B 457944060.4 457950488.4 3.01470704518834e-07 2598 0.00434594024403387 0.24145347731879
0.67 5B 461454207.1875 461459313.5 3.08086720276724e-07 2379 0.00272998579739386 0.228523970789574
0.68 5B 465387931.75 465391819.25 3.11607281535864e-07 2492 0.00306774676966292 0.135779341553138
0.69 5B 469560808.125 469565317.875 3.11175651974037e-07 3020 0.00126045765761589 0.308233724943414
0.7 5B 472929209.111111 472933472.444444 3.0800285947713e-07 1849 0.00135627481341266 0.0508158204614903
0.71 5B 476814000.333333 476819073.166667 3.0424311688705e-07 3488 0.00187124545212156 0.304478006323751
0.72 5B 479862404.470588 479867289.882353 2.94074657040564e-07 3934 0.00320173332400229 0.149891054207617
0.73 5B 484295415.857143 484299697.571429 2.90316637913638e-07 3021 0.00101010209632572 0.39506921733217
0.74 5B 487765856.333333 487770481.5 2.92886026783673e-07 2475 0.00125431986181818 0.188875562048008
0.75 5B 491493536 491496926.076923 2.97784193637121e-07 2372 0.000908762901384205 0.432475387592592
0.76 5B 496204829.6 496208417.4 2.90441600003803e-07 1286 0.000291796539657854 2.0801127167503
0.77 5B 498063130.6875 498067250 2.91086541944392e-07 2077 0.000427346927298989 0.318187061878636
0.78 5B 501332230.6 501335151 2.96687097209249e-07 798 0.00380852189849624 0.173612469575571
0.79 5B 502563889.4 502569185.4 3.00494415184735e-07 885 0.000362423322033898 0.141176287466565
0.8 5B 503528293 503531185 3.04087079384731e-07 67 0 Inf
0.81 5B 506457541.857143 506462585.142857 3.18620551781131e-07 4822 0.00239070506200747 0.170336273357017
0.82 5B 508207110 508210475.4 3.29729025156413e-07 1159 0.00296653578084556 0.0488281109426965
0.83 5B 511311694.090909 511315537.818182 3.53956157891064e-07 1695 0.00333861639233038 0.027227143854976
0.84 5B 515261799.666667 515266704.777778 3.8977850505659e-07 1611 0.00295298544382371 0.180628236060822
0.85 5B 518123559.3 518127442.6 4.08382251123954e-07 2337 0.0038065210419341 0.223214553717775
0.86 5B 522425929.666667 522431646 4.39663575111105e-07 911 0.00724789800219539 0.05500047837027
0.87 5B 526720562.333333 526722668 4.79450562713398e-07 291 0.0218227201030928 0.134032899411063
0.88 5B 529492978 529497185.4 5.3277665022356e-07 685 0 NA
0.89 5B 531577975.5 531582902 5.74035813290855e-07 947 0.00221130791974657 0.501581682057941
0.9 5B 534147739.333333 534152843 5.69661225585452e-07 653 0.00534340535987749 0.118646318685049
0.91 5B 536049119 536053881.5 6.00485075426264e-07 627 0.00360309802232855 0
0.92 5B 537115710.857143 537118241.714286 6.1929137222341e-07 662 0.00284702042296073 0.33450911248964
0.93 5B 539012263.8 539018593 6.44268039852037e-07 731 0.0134347667715458 0.0189844017326828
0.94 5B 539648874.2 539654948 6.49652559485728e-07 2392 0.00391539481605351 0.0789391219874246
0.95 5B 540739649 540742904 6.55570374972746e-07 254 0 NA
0.96 5B 541287469.6 541291243.4 6.56841759822543e-07 1352 0.00112975669748521 0.233010708624096
0.97 5B 542179122.666667 542184908.333333 6.5657154702814e-07 1308 0.000771886444954128 0.236971908064269
0.98 5B 543108396.25 543114552.25 6.5352181832592e-07 2726 0.0033779197644901 0.206559390276273
0.99 5B 544530226.714286 544533842.714286 6.42882478540747e-07 803 0.00193737770859278 0.83601851681036
1 5B 545659587.333333 545669755.333333 6.29227454863188e-07 1382 0.00137935832127352 0.368884873374918
1.01 5B 546923528.5 546930514 6.08578560903033e-07 1273 0.0024202175333857 0.151647360569784
1.02 5B 548495326.75 548501251 5.83513659731116e-07 1541 0.00526046390006489 0.114137436133644
1.03 5B 549872024.75 549874447.25 5.61891431407327e-07 752 0.00235424484042553 0.256714241362529
1.04 5B 550811918 550817135.333333 5.44639954143417e-07 3629 0.00206516585285203 0.259898881162629
1.05 5B 552517871.363636 552522221.090909 5.13869825163999e-07 2787 0.0025295199508432 0.119918962237126
1.06 5B 554608375.333333 554613506.111111 4.87814059371408e-07 2724 0.00415248140969163 0.0839446679024085
1.07 5B 557840701 557845400.6 4.53393152413341e-07 4187 0.00107163539861476 0.453770610360468
1.08 5B 561469332.3 561474161.6 4.21095507529012e-07 2495 0.00177269113204186 0.310323777237979
1.09 5B 567066199.3125 567071145.3125 3.82603209857988e-07 3350 0.00267877421492537 0.0929580945935038
1.1 5B 571679920.678571 571684486.285714 3.66675604868282e-07 10559 0.00150919561987141 0.265638507033944
1.11 5B 575119691.181818 575124477.636364 3.74097135163501e-07 2921 0.000803725031153715 0.221978004185387
1.12 5B 577783855.307692 577788740.692308 3.80697447218791e-07 3422 0.00145316715137347 0.235237575834862
1.13 5B 580498791.4375 580502968.6875 3.87123130171793e-07 2241 0.000643877468987059 0.48794773509345
1.14 5B 582803405.888889 582807326.444444 4.10150738321266e-07 1964 0.00228440792515275 0.275985900044138
1.15 5B 584362360.111111 584365577.333333 4.20537653059584e-07 1661 0.00219488016255268 0.111935876056806
1.16 5B 586323528.6 586327879.8 4.15919127378522e-07 899 0.000481750153503893 1.01402808763268
1.17 5B 587317023.857143 587321254.142857 4.07295629937155e-07 1920 0.00215522129375 0.269526310562419
1.18 5B 588702523.538462 588707063.538462 4.20824105665382e-07 3580 0.00239782627625698 0.148793548548423
1.19 5B 590897988.714286 590901583.571429 4.34322989652653e-07 1122 0.00147418787878788 0.0516919433812556
1.2 5B 593657884 593661119 4.64446358714358e-07 207 0 NA
1.21 5B 595354474 595357897.818182 4.82422012905676e-07 1774 0.00476691959977452 0.182510738817471
1.22 5B 598755741.5 598761860 4.38440537172395e-07 877 0.00366386676168757 0.156979236798677
1.23 5B 600851563.6 600855990.9 3.93771533645931e-07 3453 0.00159383807790327 0.214051405262414
1.24 5B 603563737.5 603569327.5 3.48611368246357e-07 4974 0.000495377743264978 0.489474730974946
1.25 5B 605861162.666667 605866488.222222 3.02604581911532e-07 2805 0.00184798105383244 0.250385035894149
1.26 5B 608437998.444444 608441808.111111 2.62209239239293e-07 1842 0.00202591506779316 0.191506977515168
1.27 5B 613565614.5 613569794.4375 2.17198656003197e-07 2153 0.00176027121275739 0.22439413188587
1.28 5B 620167943.238095 620172797.52381 1.85530081211924e-07 4041 0.00269106534001485 0.0942739860586361
1.29 5B 625857406.75 625862778.5 1.29298585858338e-07 1787 0 Inf
1.3 5B 632520815.555556 632525503.444444 1.73656221671551e-07 732 0.00366006931693989 0.170502802669456
1.31 5B 637755012 637760251.866667 2.03560546271965e-07 4398 0.00179550854706685 0.319812863392036
1.32 5B 641469564.95 641472689.7 2.44421421967007e-07 3825 0.00135569628235294 0.120099144075743
1.33 5B 645869584.7 645872712.9 3.20207170225941e-07 1794 0.00105041975102192 0.352147336616208
1.34 5B 650170457.818182 650176452.909091 3.50449999208551e-07 3070 0.00486763119543974 0.0388960068964566
1.35 5B 654088793.1 654092619.6 4.18939500511789e-07 1732 0.00168159202424942 0.468126202629302
1.36 5B 657155729.222222 657160579.444444 5.11751386131174e-07 4431 0.00112414469645678 0.62017309601704
1.37 5B 658611932.875 658614951.375 5.5488187683809e-07 1425 0.00169409733333333 0.352686949738011
1.38 5B 660385451 660390816.75 6.00400483633436e-07 917 0.00147270179607415 0.0318308648700908
1.39 5B 661367285.666667 661372569.666667 6.22204842286653e-07 650 0.00140609710769231 0.29809303574525
1.4 5B 662242215.25 662246305 6.39577222903764e-07 590 0.00708697662711864 0.562119852207973
1.41 5B 663229729.25 663234821 6.56965982024205e-07 2166 0.0021735112465374 0.134359975706491
1.42 5B 664531895.6 664536688 6.76142723991812e-07 1257 0.00140771835322196 0.5423621647621
1.43 5B 665895281.857143 665901565.571429 6.92032457453276e-07 2212 0.00230444956826401 0.262893344938983
1.44 5B 667838313 667840235 7.06781540469166e-07 31 0 NA
1.45 5B 669056494 669061523.714286 7.10979746510311e-07 1427 0.00244776197617379 0.0606675407228251
1.46 5B 670050335.833333 670054261.833333 7.12041882314954e-07 1634 0.00284149600367197 0.087898374131869
1.47 5B 671703274.833333 671707430.166667 7.07924117164501e-07 882 0 Inf
1.48 5B 673753624.75 673758424.75 6.94283621536192e-07 1350 0.00201963494074074 0.188670000453364
1.49 5B 674495936.333333 674499531.333333 6.86895575618949e-07 1319 0.00134499553449583 0.621060480676321
1.5 5B 676380679 676385257.166667 6.61292967205574e-07 1912 0.0024921192834728 0.163579624546463
1.51 5B 678174469.6 678178807.6 6.35706774719933e-07 1781 0.00411067340258282 0.312807402098993
1.52 5B 679415662.75 679420754.75 6.4082296769374e-07 2307 0.00327196236382026 0.364061587777851
1.53 5B 680679203.888889 680684942.777778 6.47065442560632e-07 2427 0.00289149190770499 0.0394780359591728
1.54 5B 681911078.25 681915115.25 6.48701877519833e-07 677 0.000863597326440177 0.661075598738601
1.55 5B 682979909.833333 682984609.666667 6.46710170973711e-07 1265 0.000860775300395257 0.318799251806044
1.56 5B 684514727.2 684518973 6.38374399737401e-07 1259 0.00249008276409849 0.163303294766576
1.57 5B 685516417 685519931.75 6.33511260193124e-07 332 0.00212826126506024 0.312222684635631
1.58 5B 686682206 686684572 6.34865125958942e-07 439 0.00196715662870159 0.545966927323708
1.59 5B 687799748.666667 687806453.666667 6.36238984315163e-07 388 0 NA
1.6 5B 689370089 689374127 6.3691965912554e-07 166 0 NA
1.61 5B 690029506 690035099.75 6.36776553325796e-07 1774 0.00197686446448703 0.156450686560347
1.62 5B 692909017.777778 692915674.222222 6.33111788887434e-07 2462 0.00580643767181154 0.212864890172393
1.63 5B 695282787.25 695286898.25 6.25168200073976e-07 2933 0.00724490303443573 0.0619122991746844
1.64 5B 698640739 698646670.4 6.12629064667813e-07 1306 0.00180617882848392 0.0184839369349611
1.65 5B 704203573.65625 704207692.90625 5.98644360962466e-07 7075 0.00294291767121851 0.211095893568496
1.66 5B 708991555.571429 708996087.714286 5.9298156537725e-07 3707 0.00355656836380237 0.121719240125622
0 6B 163680 173488 NA 1094 0.00231478 0.118503702295683
0.02 6B 3383444 3385577.33333333 7.08632427656595e-07 546 0.0178000769230769 0.0456064786319193
0.03 6B 4049616 4053864.33333333 7.08946086696913e-07 986 0.0100829984888438 0.105427481526751
0.04 6B 5327485 5330355.33333333 7.11140180431651e-07 370 0.0247375891891892 0.0218437724928514
0.05 6B 6833607 6834239 7.15682952268866e-07 86 0.00944611 0.86246084367004
0.06 6B 8350451.5 8354658 7.23184101265858e-07 1208 0.00713529437086093 0.0239899240038408
0.08 6B 11432166.1666667 11435797.6666667 7.4305474951263e-07 1369 0.000748688164353543 0.80579586189995
0.09 6B 12950896.375 12955502.625 7.4914790941622e-07 1529 0.00478986067308231 0.199323598197817
0.1 6B 14764084.7142857 14768101.7142857 7.50311440855822e-07 1535 0.00201967474158523 0.327280636829001
0.11 6B 17409160.3333333 17414572.6666667 7.5267474878067e-07 1002 0.00494631521956088 0.196186694026563
0.12 6B 18650604 18653990.5 7.63347597971932e-07 785 0.0101977377070064 0.262507641728606
0.13 6B 20300976.5 20305913.5 7.67001577877202e-07 2149 0.039812973755235 0.0162254206296442
0.14 6B 21509375 21512102.6666667 7.62714672758238e-07 590 0.00256314228305085 0.0665285127538173
0.15 6B 22922341.6666667 22925425 7.57558413748952e-07 373 0.0109340646648794 0.0835888800598406
0.17 6B 25081298.9 25092899.4 7.74109018473296e-07 508 0.00335814610673666 0.111299295454492
0.18 6B 27073069 27077039 7.7717351631861e-07 9 NA NA
0.19 6B 27843567.25 27849097 7.76354574349328e-07 2364 0.00106492118950931 0.0773078120412787
0.2 6B 28996785.5 28997631.5 7.93418997531624e-07 131 0 Inf
0.21 6B 29997968.5 30001471.5 8.07920211746755e-07 601 0.00890822685524126 0.0080970013782657
0.24 6B 32326215 32330387 8.27369861248473e-07 785 0.00384027101910828 0.247554026632442
0.27 6B 35652200.8 35656066.4 8.2011451012146e-07 1371 0.00430803075857039 0.315321335384593
0.28 6B 37250792 37253002 8.02355599975407e-07 307 0.0173511179153094 0.0408167795963996
0.3 6B 39051174.5 39053535.5 7.70661286315253e-07 718 0.00305038349582173 0
0.31 6B 40106526 40110816.6666667 7.46615142077379e-07 623 0.00331281588764045 0.080664063465829
0.32 6B 41651434.25 41655117.75 7.03976365743467e-07 586 0.00679099197952218 0.0797414952898983
0.33 6B 42672316 42674581 6.70698002484555e-07 634 0 Inf
0.34 6B 44195397 44198267 6.14580482969169e-07 468 0.00135749676923077 0
0.35 6B 46721276 46724880.6666667 5.01999291010013e-07 382 0.00626868251308901 0
0.36 6B 48825101.5 48830102.5 3.88334247515235e-07 1582 0.00369677104930468 0.140169698782814
0.37 6B 55116427.3 55119889.6 2.45551166460555e-07 1852 0.00102113440982721 0.232130466181805
0.38 6B 66324323.3 66327891.65 5.30530663593981e-08 2977 0.00265761611088521 0.145637166993823
0.39 6B 78605253.1052632 78609694.4736842 2.12121332508207e-08 3268 0.00267921137919897 0.21886910231234
0.4 6B 96509085.6666667 96514390.2333333 6.4338359564441e-08 4498 0.00201571425011116 0.176154277410465
0.41 6B 113845737.5 113850449.2 8.51237356603004e-08 2054 0.0017489912775073 0.302853458875254
0.42 6B 120953437.269231 120959300.884615 9.88152569834639e-08 4399 0.00192642378158672 0.187025622408746
0.43 6B 130699434.962963 130703804.703704 1.24544488069463e-07 7749 0.000865422293973416 0.346695837955521
0.44 6B 139865355.153846 139871003.423077 1.50238790080719e-07 7673 0.00183406658542943 0.181726836879887
0.45 6B 149188135.5625 149192274.875 1.41885355803896e-07 4217 0.00115736666231918 0.145165765787582
0.46 6B 155781878.833333 155789901.333333 1.10617265023424e-07 4187 0.00203079571970384 0.208089068009807
0.47 6B 163108622.923077 163113950.384615 8.01221031427019e-08 2184 0.00211752953708791 0.0285512881458267
0.48 6B 201391192.743243 201396288.614865 2.04159976427016e-08 38668 0.000801411291213744 0.178118826078601
0.49 6B 259393246.2 259398806.65 1.31767222567353e-08 14668 0.000588172518622709 0.267232455976191
0.5 6B 338819112.740741 338831123.935185 1.22274117648437e-09 31507 0.000621478886625648 0.308823194542257
0.51 6B 413697597.846154 413701416.153846 2.09028569128542e-08 2623 0.000522281677468547 0.574374382110158
0.52 6B 441606917.940298 441612860.38806 4.41765649998856e-08 18543 0.000719335471930108 0.235928596867194
0.53 6B 466507618.05 466514185.325 6.99893852507677e-08 11453 0.000907828481271283 0.213774073165181
0.54 6B 479484264.323529 479490118.794118 7.69094700167857e-08 6331 0.000534680914537593 0.540373837971316
0.55 6B 488820081.095238 488825108 8.05732420245453e-08 3936 0.000333640344512195 0.595220040003461
0.56 6B 496433548.1 496438709.3 8.28452246074838e-08 1559 0.00106536780129713 0.154932828518642
0.57 6B 507087604.35 507092471.275 8.49277351811963e-08 8155 0.00124501135826691 0.354872165422765
0.58 6B 525626081.273973 525630528.945205 8.55513446510886e-08 13442 0.00114765619269957 0.114673957034843
0.59 6B 541498522.583333 541504069 8.16189226343225e-08 10455 0.000983795077666189 0.217619909893058
0.6 6B 553041904.714286 553046861.107143 6.39663456521555e-08 8181 0.00267023701230041 0.196932307478773
0.61 6B 562961061.09375 562964587.5625 5.8629448397976e-08 6412 0.00143755039987523 0.114889882961389
0.62 6B 570486948.181818 570491124.863636 6.77176564755587e-08 5078 0.00020286563942497 0.312803844018638
0.63 6B 578611258.238095 578615215.904762 8.22660764892617e-08 3788 0.000443619509952482 0.440458287283316
0.64 6B 594747211.018182 594752856.272727 6.09168948842548e-08 19895 0.000648385133194642 0.186550845825014
0.65 6B 616886831.146341 616891606.95122 1.28020474877741e-07 8686 0.00250259703402026 0.117693118447695
0.66 6B 625628072 625632293.25 1.93672151727946e-07 1410 0.00212245124822695 0.070678645197962
0.67 6B 633037106.461538 633041472.538462 2.87017542180653e-07 3119 0.00196343393074703 0.0912570187149604
0.68 6B 635201218.5 635204682 3.15522391671838e-07 1124 0.000583037277580071 0.425116202595349
0.69 6B 637576924 637584689.666667 3.40431552197219e-07 995 0.000301507236180905 0.321522421522421
0.7 6B 639680610.4 639686134.8 3.56365140721739e-07 1955 0.00281272709974425 0.136130639862418
0.71 6B 641274868.571429 641282848.571429 3.6450321056543e-07 3149 0.00124564790155605 0.142529331979085
0.72 6B 643777231.111111 643780814.222222 3.70044281306861e-07 1658 0.00166025829312425 0.290129524260335
0.73 6B 645827396.75 645833307.125 3.687627236783e-07 2695 0.00728546325565863 0.235747255979022
0.74 6B 649941481 649948110.571429 3.88160603154523e-07 1462 0.00356362034883721 0.189912437741637
0.75 6B 652661840 652667635.384615 3.80236769406019e-07 4447 0.000945566377333034 0.348305735466439
0.76 6B 656838312 656841950 3.47799790039776e-07 2582 0.00502959484546863 0.0480554143228485
0.77 6B 658367417.2 658371270.4 3.37040954653254e-07 624 0.00872537381410256 0.195979941907051
0.78 6B 661040320.428571 661043015.428571 3.1561787705563e-07 1223 0 Inf
0.79 6B 662423257.166667 662432122.833333 3.06996868460978e-07 3070 0.000987447315960912 0.642360206008236
0.8 6B 664480154 664486488 2.94588818037972e-07 4939 0.00166495276149018 0.441036128282175
0.81 6B 669534198 669538399.8 2.37759470263717e-07 4705 0.00250563129436769 0.111854749972738
0.82 6B 675929372.5 675933824.5 2.48890021382321e-07 821 0.000966740650426309 0.418885801080077
0.83 6B 679866632.888889 679871328.888889 5.37897673800017e-07 1854 0.00150484495685005 0.114710554014039
0.84 6B 682548356 682554118 7.53565948056966e-07 403 0.00137474 0.340454922385324
0.85 6B 683891787 683895677.5 8.64473869726644e-07 211 0.00147719601895735 0
0.86 6B 684994936.666667 684999661.111111 9.33149482992597e-07 2191 0.00161425385120949 0.698613046332662
0.87 6B 686003240.5 686008955 9.78276765736919e-07 2362 0.00192444779000847 0.0913592105843715
0.88 6B 687554160 687557504 1.0140551417985e-06 205 0.000739827 1.60524014397961
0.89 6B 688248863.25 688252857 1.01641573799944e-06 1213 0.00306684012366035 0.14508563662634
0.9 6B 688937923 688942058 1.00970851977474e-06 152 0.00213774473684211 0.527535782298857
0.91 6B 689919228 689923507 9.88441452826664e-07 392 0.00500543 0.168498210942916
0.92 6B 690643550.5 690648018.5 9.61438320501137e-07 1051 0.00231046480494767 0.346486070610816
0.93 6B 691076177.666667 691079392.666667 9.5925888871523e-07 748 0.00907037743315508 0.055242406352823
0.94 6B 692167818.333333 692169937 9.9119614101167e-07 147 0 Inf
0.95 6B 692774342 692783735 1.00863117490826e-06 740 0.000389663 0.428483073835596
0.96 6B 693381925.5 693385482.666667 1.01918032639885e-06 898 0.00949169031180401 0.150113903992848
0.97 6B 694358844.714286 694362005.571429 1.02541150129939e-06 1387 0.00393293894520548 0.00848092099806453
0.98 6B 695440055 695442456 1.01401887987004e-06 109 0 NA
0.99 6B 696087920 696090301.666667 9.97874676333729e-07 405 0.00332735160493827 0.196502590500553
1.01 6B 697756697.5 697762314.5 9.25433900959639e-07 753 0.0113562954714475 0.0357208898887494
1.02 6B 699129911.333333 699138311.333333 8.83974132723343e-07 2185 0.00306870674141876 0.318944498214017
1.03 6B 701386578 701392566 8.66875156386406e-07 355 0.00218059 0
1.04 6B 702090790.714286 702095199.285714 8.63479700649362e-07 1466 0.00130680080081855 0.233122628531185
1.05 6B 703109575.5 703113872.5 8.57969284256796e-07 711 0.00948327974683544 0.110588338622901
1.06 6B 704921986.714286 704926045.857143 8.45886556419382e-07 834 0.00545693527218225 0.0537742083173676
1.07 6B 705437490.5 705442930.5 8.41966737839581e-07 1114 0.00234789282764811 0.0166049915547292
1.08 6B 706977812.5 706982059.833333 8.2884326285317e-07 1407 0.0066672660021322 0.0230822029409528
1.09 6B 708655031.333333 708660749.222222 8.12271523033546e-07 2272 0.00184863082856514 0.149402842331391
1.1 6B 709737331.333333 709741075.666667 8.00299874756169e-07 939 0.00402562296059638 0.0682976729818857
1.11 6B 711523065 711525971.5 7.78470257021465e-07 427 0.00305913081967213 0.22232616225977
1.12 6B 712385021.916667 712389526.666667 7.66919381917521e-07 2845 0.0143233434323374 0.104268130081424
1.13 6B 713971067 713976790 7.43997763622906e-07 548 0.0256665 0.0865836791147994
1.14 6B 715643708.333333 715648258 7.19557858832945e-07 746 0.00220626910991957 0.0492517466477909
1.15 6B 716457022 716461917.333333 6.92835685339918e-07 993 0.0196677085599194 0.0510007398553201
1.16 6B 718041051 718046824.625 6.70138262150188e-07 2554 0.00308034564604542 0.0303659830158846
1.17 6B 719613270.2 719619319.4 6.52672321729264e-07 2794 0.00206704840372226 0.14425100117686
1.18 6B 720609893.25 720616112.75 NA 915 0.00398187771584699 0.0996166371912775
0 7B 190299.5 192522.5 NA 588 0.00894966035714286 0.0937118973896986
0.01 7B 496282.333333333 500052 NA 744 0.0047583452688172 0.190466769859071
0.02 7B 1304370 1309391 NA 194 0 Inf
0.03 7B 2098559 2101882 7.71761673539707e-07 187 0.00330706577540107 1.26090755606251
0.04 7B 3155065 3159858.25 7.60469021562577e-07 1465 0.00139909232491468 1.29899872538327
0.05 7B 3756307 3760616 7.540474867006e-07 548 0.0022265546350365 0.385234202881323
0.06 7B 4791713.75 4796041.75 7.42980376178304e-07 691 0.00359973615050651 0
0.07 7B 5513957 5521157 7.35242800478221e-07 320 0.00190388 0
0.08 7B 6271930.5 6275698.25 7.27154244720516e-07 799 0.0108097872340426 0.154393259094765
0.1 7B 8519789 8526697 7.03080800760974e-07 453 0.00188601 0.140232554440326
0.11 7B 8870105.5 8876610.5 6.99331868449181e-07 166 0.00706260807228916 0
0.12 7B 9702354 9704354 6.90442367734079e-07 123 0 NA
0.14 7B 11958569 11961510.5 6.66257384768284e-07 273 0 Inf
0.15 7B 12966292 12967674 6.55458759047787e-07 44 0 NA
0.16 7B 14063107 14072046 6.43650745851489e-07 676 0.00045145 0.398150404252963
0.17 7B 15447034 15455653.5 6.28797071020695e-07 669 0.00257484677130045 0.125263317075266
0.19 7B 17364663.6666667 17369117 6.08221150507342e-07 437 0 Inf
0.2 7B 18167557 18171754 5.99593865447803e-07 227 0.00100527827312775 0
0.21 7B 19476107 19480530.5 5.85523094973749e-07 194 0.0131615313402062 0.0352297456942113
0.22 7B 21739823 21742867.5 5.61173563332171e-07 384 0.00143362916666667 0
0.23 7B 22060069 22069630 5.57690923219157e-07 1000 0.00042365158 1.2047248023954
0.24 7B 23966234 23971627.6666667 5.37183106488012e-07 1467 0.0081582139740968 0.0884679647435095
0.25 7B 25744419.25 25747719.25 5.18028564280526e-07 550 0.00104033385454545 0.367475042364897
0.26 7B 27105307.3333333 27112033.3333333 5.03332464936689e-07 402 0.00639037213930348 0.0168695148360625
0.27 7B 28999840.5 29005419.1666667 4.82892567331364e-07 1355 0.00411902725608856 0.0763971686424387
0.28 7B 31998926 32002357.3333333 4.50505406319116e-07 873 0.00327236216494845 0.122235910048088
0.29 7B 33679707.6428571 33684099.8571429 4.32324589324596e-07 2010 0.00108283384179104 0.667330859472621
0.3 7B 35854919.8 35858583.2 4.08789678145438e-07 1387 0.00230389239077145 0.169962082031748
0.31 7B 42321232.6666667 42325889.0555556 3.20752076465668e-07 4068 0.00613723683136677 0.146069987649738
0.32 7B 51089591.6 51098157.64 2.24082714280532e-07 4877 0.00126053909934386 0.295336942633028
0.33 7B 59028142.4615385 59033189.8461538 1.75342649198637e-07 4146 0.00143908885914134 0.135637331200416
0.34 7B 63933123.9230769 63937368.0769231 1.02138991144808e-07 2994 0.00176530671428969 0.163462738113049
0.35 7B 70815047.6470588 70819232.7058824 1.40862063554046e-07 3783 0.00233426833448982 0.244886631076686
0.36 7B 75291100.4615385 75296126.0769231 1.44259279713785e-07 3998 0.00197214035867934 0.231506691986176
0.37 7B 82595814.2142857 82601164.3571429 1.50929989645006e-07 3019 0.00144965035773435 0.15043862263067
0.38 7B 89497911.5454545 89502876.2272727 1.56235302743269e-07 4835 0.00284546278266805 0.187482753609154
0.39 7B 96236143 96239373.3333333 1.5631762184271e-07 501 0.0041695396007984 0.141601287474437
0.4 7B 103624168.384615 103629522.153846 1.53061099401478e-07 4183 0.000758111541716472 0.212050719676156
0.41 7B 108031190.55 108038539.6 1.53033404869632e-07 3869 8.72960694317857e-05 1.18754359129665
0.42 7B 114104739.833333 114109721.666667 1.51973868172434e-07 4759 0.00250975086545616 0.415216908678812
0.43 7B 121010220.363636 121015223.181818 1.50984763477656e-07 5704 0.00141061317539349 0.27946547932391
0.44 7B 128648472 128653840.333333 1.58792309747738e-07 7740 0.00161602251395349 0.313560521046857
0.45 7B 136920311.166667 136925545.333333 1.48567878696791e-07 7338 0.000990065195123764 0.263877074118469
0.46 7B 144171751.65 144177817.3 1.17940416079368e-07 3743 0.000850601107845757 0.248408683517117
0.47 7B 151407144.45 151412896.15 9.41548115578033e-08 5197 0.000565893736386377 0.305947777520475
0.48 7B 157636436.95 157643755.45 8.01603115069388e-08 6571 0.00179921614238 0.126186061351082
0.49 7B 175245307.961039 175249953.831169 5.32497701373389e-08 19888 0.0012729885447506 0.26762745371021
0.5 7B 214005170.87 214010502.48 2.12913756756812e-08 25332 0.000962545592853437 0.288618046299732
0.51 7B 246293861.883721 246300145.790698 3.37922207022448e-08 10774 0.000697131974661221 0.233838876905974
0.52 7B 274128167.384615 274135112.576923 3.45274413236349e-08 9532 0.000424795327679396 0.341086209127274
0.53 7B 327241578.630952 327250546.107143 2.19767041442888e-08 26302 0.000743213591471297 0.180556487578753
0.54 7B 401076789.11236 401082324.455056 1.15274372280097e-08 41187 0.00078087067163467 0.366769036690791
0.55 7B 454773501.916667 454779883.416667 2.77305578283469e-08 21956 0.0020523864737273 0.178124843911784
0.56 7B 481913346.634146 481918011.756098 3.58206001552437e-08 7755 0.000814572952288846 0.351070664281946
0.57 7B 509676376 509681838.267606 4.23307353381388e-08 16424 0.00167952075756228 0.140343498638327
0.58 7B 532625302.25 532631209.966667 4.99452231294967e-08 13059 0.00209886632381948 0.239224282929923
0.59 7B 561612119.38961 561616363.038961 4.27400154740576e-08 18649 0.00288480438334205 0.133097409209702
0.6 7B 579745673.333333 579748294.777778 1.47353035214282e-07 1180 0.00217487419491525 0.189398537390561
0.61 7B 584469940.625 584473872.75 1.6057084263458e-07 1294 0.0010705127511592 0.303033891153433
0.62 7B 588156830.75 588160351 1.62331397415474e-07 630 0.00483211796825397 0.38771428081134
0.63 7B 592747027.428571 592751049.571429 1.75560204997205e-07 1551 0.00369052571244358 0.0532446122543651
0.64 7B 601337932.375 601343134.375 1.73170494957908e-07 1999 0.00341265418009005 0.33699934139685
0.65 7B 608401684.444444 608406138.666667 1.68018228944628e-07 2190 0.0025419452739726 0.241193414388181
0.66 7B 612134605.222222 612138912 1.75486181849574e-07 1170 0.0058327461025641 0.110366164128458
0.67 7B 615795451.5 615799562.25 1.73949494007749e-07 655 0.00279687555725191 0.0778464779692633
0.68 7B 624469557.357143 624474542.071429 1.9070573758689e-07 3800 0.00105190450578947 0.299643635452058
0.69 7B 629245904.4 629251154.3 1.96737713905707e-07 1369 0.00169877375213051 0.158434188343097
0.7 7B 634075539.5 634078364 2.04798740040387e-07 292 0.00140821232876712 0.820333561933667
0.71 7B 638861883.25 638866237.25 2.47353068519005e-07 3589 0.0014289265328909 0.293961208765188
0.72 7B 641305922.6 641309123.6 2.81387519812227e-07 896 0.00258636657366071 0.237444683811527
0.73 7B 646283732.5 646290964.75 3.75977691806001e-07 482 0.00399326229598893 0.158290141169463
0.74 7B 649812053.571429 649815319.714286 4.54572166018055e-07 1567 0.00216675069814933 0.040441759777208
0.75 7B 653015028.5 653019244.5 5.20128625383932e-07 720 0.00580842733333333 0.14154368252596
0.76 7B 653891516.5 653895683.25 5.36018724180966e-07 517 0.00376854357833656 0.459379893323692
0.77 7B 656524640.666667 656527603 5.78744535334641e-07 253 0 NA
0.78 7B 658433260.8 658437941.4 6.04798268498054e-07 1834 0.00360036166030534 0.0942133238997118
0.79 7B 660101519.5 660104918.666667 6.24698648532946e-07 1104 0.00133283753623188 0.427045518773883
0.8 7B 662765348.75 662769191.75 6.50046106060769e-07 1090 0.00284186340366972 0.23171864095851
0.81 7B 664106649 664110679 6.59875203936798e-07 53 0 NA
0.83 7B 667227378.5 667231289.25 6.75080076231779e-07 587 0.00502718855195911 0.14935950598959
0.84 7B 668187858.4 668193065.4 6.77691966589248e-07 872 0.0144378022821101 0.119760731980512
0.87 7B 672466493 672469610 6.77164965810266e-07 109 0 Inf
0.88 7B 673521416 673528811.666667 6.73915228423833e-07 911 0.0109139291328211 0.299809672116965
0.89 7B 675721649 675724758 6.63433775133028e-07 338 0.00509025 0
0.91 7B 677787183 677790758 6.4870492946636e-07 250 0 Inf
0.92 7B 678800857 678804516 6.40383078174172e-07 602 0.00129333627906977 1.15729141830053
0.93 7B 680304977.4 680309339.2 6.49154922081288e-07 1043 0.00316182728667306 0.126816091084823
0.94 7B 682063752.5 682067009.5 6.5509014677209e-07 812 0.00366788128078818 0.149837055767957
0.95 7B 683480988 683484191.333333 6.73945960304293e-07 994 0.000748014562374245 0.231742285975762
0.96 7B 683924716 683927901 6.79937669761278e-07 97 0 Inf
0.98 7B 688729551 688735346 7.17323098669981e-07 9 NA NA
1 7B 690771725.666667 690775293 7.179610717364e-07 522 0 NA
1.02 7B 692605245 692611235 7.10785634680443e-07 598 0.00333589 0.247979699570429
1.03 7B 693095391 693098146.5 7.07627137508744e-07 477 0.00386880150943396 0
1.07 7B 699374666 699380885 6.20799909778814e-07 980 0.00107945 0.52521747186067
1.08 7B 700452706.875 700459221.625 5.97159230181929e-07 2474 0.00154855435327405 0.133984134685171
1.09 7B 701668640.181818 701672901.454545 5.71417157871429e-07 3308 0.00454630459794438 0.0278775662225278
1.1 7B 704280958.285714 704285355.857143 5.21425114117656e-07 2243 0.00234033098172091 0.343041130432208
1.11 7B 706046045.75 706050256.75 5.00936881029325e-07 1670 0.000788706632335329 0.141371147224891
1.12 7B 708647073.571429 708651123.285714 4.6967323249265e-07 2919 0.00638811199314834 0.0595283307147535
1.13 7B 711851123.5 711857539.25 4.22938717488306e-07 566 0.00240401408127208 0.209482935111833
1.14 7B 713679395.833333 713683201.166667 3.89850648220897e-07 1225 0.00497512295510204 0.0724049178744777
1.15 7B 716830519 716835968.5 3.42535236264352e-07 467 0.00601647447537473 0
1.16 7B 720428028.8 720432778.4 3.14084954282236e-07 1376 0.00356776342514535 0.189174759875422
1.17 7B 724770138 724778127 2.85793651544455e-07 1916 0.00193211376304802 0.236774963898088
1.18 7B 728224729.142857 728228631.142857 2.50837172516829e-07 1578 0.00524976077313055 0.0473381142058196
1.19 7B 733312135.142857 733318438.857143 2.07216923865498e-07 3899 0.004102971005386 0.101953014430122
1.21 7B 741591019.470588 741596455.352941 1.36814717418581e-07 6601 0.00215954275400507 0.279405893108477
1.22 7B 748786844 748791014 8.51634680429781e-08 1226 0.0148114627977161 0.109167248637608
