poscM Chromosome Start End recRate nb_complete_site piSyn f0
0.01 1A 269472 289602 NA 166 0 NA
0.03 1A 1209249.625 1214385.875 1.28166355644489e-06 2759 0.00569477140268213 0.166848342721275
0.04 1A 1668949 1670358 1.26997732445705e-06 14 0 NA
0.06 1A 2490452 2519369 1.24785607494621e-06 128 0 Inf
0.07 1A 3119378 3122276 1.23125516685771e-06 134 0 NA
0.08 1A 3403685.33333333 3408569 1.22348203918487e-06 1530 0.00409843541176471 0.0675880402682217
0.12 1A 5491027 5495112 1.15658401937862e-06 326 0.012663 0.0842762378583274
0.14 1A 6894433.75 6900218.25 1.11659873335624e-06 231 0 Inf
0.15 1A 7532355.75 7538138.5 1.09792493678461e-06 1689 0.00488692332149201 0.0679925283233333
0.16 1A 8264166 8266341 1.07616639320979e-06 111 0.0152296 0
0.17 1A 9111992 9116920.5 1.05029696827475e-06 686 0.00144299308600583 0.385688807656965
0.18 1A 9547937.8 9551358.4 1.03681174500368e-06 1364 0.00998223136363636 0.213506245971407
0.19 1A 10062443.6666667 10066600.6666667 1.02160377026859e-06 898 0.0118469543429844 0.0637676115152748
0.2 1A 11266930 11272520 9.88888332459153e-07 681 0.00124359142437592 0.66465637348773
0.21 1A 12056128 12060386 9.67956751160245e-07 2760 0.0121286330237154 0.129141681358664
0.22 1A 13744876.8 13749227.8 9.23682230107377e-07 918 0.00675461449891068 0.0578105008245545
0.23 1A 14940192.9230769 14944225.7692308 8.88691744038885e-07 1634 0.00420413159118727 0.104708190521598
0.24 1A 16931434 16934477 8.31349589658753e-07 158 0.00507952683544304 0.107769431928051
0.25 1A 18375225 18378213.5 7.92252993844505e-07 101 0 NA
0.26 1A 19605048.6666667 19608613.3333333 7.60515341253459e-07 144 0 NA
0.27 1A 20557005.1428571 20561174.1428571 7.36816990200683e-07 1664 0.006474614453125 0.121152203481971
0.28 1A 21760904.8 21768164.8 7.08024633342341e-07 1997 0.00452880141211818 0.158146332069574
0.29 1A 22892648.6 22895545.4 6.82206839583558e-07 512 0.00268254733886719 0.426658979535315
0.3 1A 24409602.3333333 24412719.6666667 6.43139171862687e-07 709 0.00357646899858956 0.203770896282996
0.31 1A 25595318.3333333 25600160 6.07592066157176e-07 982 0.00339628564154786 0.141581374764722
0.32 1A 27890782.1111111 27896022 5.32098883880048e-07 2592 0.0038088331091821 0.158084553576636
0.33 1A 30372458 30377411.2 4.66040805870016e-07 2276 0.00205785169156415 0.357125388993797
0.34 1A 33010046.4545455 33013825.3636364 4.27555335391933e-07 2706 0.00150384897006652 0.601037545906537
0.35 1A 36381158 36385148.6 3.30841544158796e-07 3628 0.000894309177508269 0.333339942973778
0.36 1A 41519862.75 41526052.375 2.24254626517222e-07 1204 0.0113241637541528 0.125806376162738
0.37 1A 45814476.5 45819468 2.24527556412831e-07 929 0.00437177792465016 0.124332511271881
0.38 1A 49144609 49151611.1666667 2.22570602622802e-07 3697 0.00241533318464603 0.408925001985419
0.39 1A 53365551.9230769 53369732.3846154 1.7931274653762e-07 2429 0.00262224410045286 0.169936121389005
0.4 1A 58851168.2105263 58856365.2631579 1.49308145029432e-07 5526 0.00195411330769695 0.229185564945439
0.41 1A 64978205.6956522 64982401.1304348 1.29981144639859e-07 5153 0.00182765083446536 0.120151253836484
0.42 1A 78633921.051282 78639980.2051282 5.57572753545325e-08 10683 0.000772339627558787 0.338796051972306
0.43 1A 153807284.638393 153815612.339286 5.51291328300018e-09 61019 0.000364200871092015 0.430837709351273
0.44 1A 280792316.318182 280798357.219697 1.09307388347894e-08 37350 0.000700844176552411 0.23678178915263
0.45 1A 329202296.390476 329208643.752381 3.0071903549562e-08 26867 0.00119517343803041 0.29302651286429
0.46 1A 354592742.150943 354597736.075472 2.40722192128073e-08 14705 0.00132403790717443 0.409317271922825
0.47 1A 368519645.361111 368523876.722222 1.50486800801033e-08 10502 0.002491118212803 0.13729903770079
0.48 1A 378879936.193548 378884936.548387 1.41636841924743e-08 9271 0.00101548319494481 0.350206337615024
0.49 1A 393941692.052632 393947921.140351 2.17433143258315e-08 15384 0.00170569502535101 0.257510844031754
0.5 1A 426459776.027027 426465355.972973 7.31990413763213e-08 19178 0.000943206683357214 0.334721669767217
0.51 1A 446795561.806452 446800597.758065 1.28767076013276e-07 13384 0.00318453925150192 0.195319158056645
0.52 1A 459705986.758621 459710155.655172 1.85243403069226e-07 7947 0.00156040016446458 0.214075262053461
0.53 1A 464589364.606061 464593029.575758 2.09489979201036e-07 5646 0.00270281974477506 0.247228170618799
0.54 1A 470586825.615385 470590877.076923 2.40214709590373e-07 3011 0.000580542558618399 0.392357443940714
0.55 1A 474088216.6 474092410.4 2.58609302224483e-07 3484 0.00118873945752009 0.186385093924819
0.56 1A 478492658.1875 478496553.9375 2.83199282542062e-07 2037 0.00351853362919326 0.0513666584203212
0.57 1A 481792185.424242 481796171.484848 3.03207418881704e-07 5038 0.00148844193504367 0.240356831260525
0.58 1A 485849675.285714 485855576.857143 3.29277423276336e-07 5252 0.000932136034336126 0.27093648920442
0.59 1A 487896160 487901032.4 3.43013012587492e-07 1095 0.000613788463013699 0.180749375336602
0.6 1A 490856287 490862456.166667 3.64072538972297e-07 1647 0.00186006127504554 0.13967347609952
0.61 1A 493385492.375 493389348.625 3.78754294227909e-07 2157 0.000715672328233658 0.078996721039768
0.62 1A 494986595.333333 494990091.888889 3.84601383622202e-07 1651 0.00374734464566929 0.109944371011196
0.63 1A 496424284.625 496428848.625 3.88154770865737e-07 1529 0.00200947756442119 0.144892275876842
0.64 1A 498313702.0625 498317198.75 3.90168506416653e-07 3012 0.00167485297177955 0.238075097088
0.65 1A 500288162 500291142.214286 3.89296964107017e-07 2027 0.00248279609578384 0.173500568228618
0.66 1A 502935302.571429 502939991.285714 3.8970863662674e-07 2217 0.000643177043301759 0.0561561292868933
0.67 1A 506160771.25 506166320.5625 3.96463727806263e-07 4773 0.00118558881625812 0.301225075883461
0.68 1A 510772678.545455 510776008.090909 3.78116251000045e-07 1249 0.00378172530024019 0.313771723688501
0.69 1A 513586255.5 513589825.5 3.30595961648168e-07 1652 0.00210008367097121 0.155431452021121
0.7 1A 516777335.842105 516782493.736842 3.32620395183917e-07 4867 0.00200878241730019 0.0957170134665564
0.71 1A 518537140.4 518552035.8 3.45222222579256e-07 3124 0.00105248086075544 0.291950055500369
0.72 1A 520465393.5 520470013.1 3.4510472234159e-07 2106 0.00145248958689459 0.156807249113008
0.73 1A 521338736.125 521342158.125 3.47159662970313e-07 1286 0.00253086450699844 0.400481853495683
0.74 1A 522609312.666667 522614143.833333 3.5258807234819e-07 974 0.00143279285420945 0.640804425675321
0.75 1A 529999861.869565 530004566.608696 4.39915817745113e-07 7816 0.00153793266133572 0.19186173617696
0.76 1A 532546946.642857 532551289.642857 4.6633990859615e-07 3092 0.00157681307244502 0.313244357351855
0.77 1A 534340877.8 534345203.533333 4.69425533266712e-07 3060 0.00186667569502801 0.238485509951067
0.78 1A 536471629.666667 536475445.444444 4.43389660955299e-07 1376 0.0013416223502907 0.301093713253235
0.79 1A 537628725.111111 537633206.444444 4.35101785195558e-07 2537 0.00184727069728025 0.109643179494578
0.8 1A 539067279.5 539071754 4.5914706177824e-07 342 0 Inf
0.81 1A 540152348.818182 540156485.181818 5.03736300974877e-07 2283 0.00140689158125274 0.211643777566651
0.82 1A 541717213.5 541720111.4 6.0798909094189e-07 1821 0.00110219718713771 0.564549549314897
0.83 1A 542601740 542606127.5 6.85209816915561e-07 433 0.00176994872979215 0
0.84 1A 544468296.625 544471496.333333 8.42912160161982e-07 3341 0.0031304742636935 0.160326547424697
0.85 1A 546631569.888889 546636957.555556 1.03939029769587e-06 2450 0.00264949227346939 0.166937327123501
0.86 1A 549678171.1 549682032.2 1.27388930491912e-06 4789 0.00273629821173523 0.139724490427712
0.87 1A 551528909.266667 551531698.266667 1.39809158488166e-06 2433 0.00267301867488697 0.242487383515821
0.88 1A 552571256.25 552573189 1.50916447684049e-06 393 0 Inf
0.89 1A 553704158 553707207 1.60887420646116e-06 272 0.000570342 0
0.9 1A 554212496.8 554216781 1.64498874790939e-06 644 0.00127638051242236 0
0.92 1A 555602405 555605081.333333 1.7202498697471e-06 438 0.00183369799086758 0.159255596134726
0.93 1A 556297389 556306081 1.74436526871546e-06 503 0.0055167 0.248269798974024
0.94 1A 556794147 556798215 1.75594225505569e-06 937 0.00573989769477054 0.136235557833506
0.95 1A 557016652.666667 557021536.333333 1.75958576642677e-06 872 0.000195645082568807 4.45087356040807
0.96 1A 557487151 557491334 1.76450617803736e-06 292 0.000482936 1.56403125880034
0.98 1A 557944696 557948983.666667 1.76525695115885e-06 553 0.00365883685352622 0.0421129892177416
0.99 1A 558258818.5 558261964 1.7634710438527e-06 501 0.000545455161676647 0.300586450834469
1 1A 558528046.5 558535823 1.76053402265437e-06 1004 0.000603982900398406 0.508071506311872
1.02 1A 558965290.5 558967725 1.75290492590564e-06 169 0 NA
1.05 1A 559705833 559708099 1.73180106769145e-06 123 0 NA
1.06 1A 560213296.5 560215881 1.71142195880161e-06 186 0.00445057860215054 0.103908611036946
1.07 1A 560429261 560435391.5 1.70121871292714e-06 623 0.000258322330658106 2.13756179738166
1.08 1A 560955771 560959241.666667 1.67297301397934e-06 506 0.00254248733201581 0.27368400458177
1.09 1A 561335324 561346990 1.64908765145755e-06 1589 0.00104112 0.321858191178731
1.1 1A 562013685.666667 562018644.333333 1.60039940003043e-06 1013 0.00151122119447187 0.320678899311617
1.11 1A 562661504.25 562664108.25 1.54544513456946e-06 737 0 Inf
1.12 1A 562908419 562912709 1.52283757750218e-06 102 0 NA
1.13 1A 563687134 563688915 1.44330537422953e-06 219 0 Inf
1.14 1A 564237246.6 564241252.8 1.37997805503794e-06 1226 0.000757987561174551 0.315455973373299
1.16 1A 566026205.25 566032289.75 1.22608989415872e-06 1519 0.00173323043317972 0.272479293677581
1.17 1A 566516808.714286 566519640.285714 1.21298552843038e-06 1579 0.000544452827105763 0.186524409803823
1.18 1A 568121677.7 568125931.1 1.15629033109618e-06 2107 0.000579089963929758 0.301981060157336
1.19 1A 570957120.6 570964414.4 1.05321387703396e-06 1621 0.00298716051819864 0.319736214338108
1.2 1A 572189416.5 572192972.5 1.00466345184917e-06 1453 0.00397325147969718 0.0331201934256026
1.21 1A 573459235.333333 573463974.75 9.50822780091422e-07 1990 0.000980279656281407 0.153473445991042
1.22 1A 575259252.9 575263432.5 8.87697849764133e-07 2186 0.00171036888380604 0.250659607685686
1.23 1A 576554026.857143 576559429.428571 8.41632016791558e-07 3696 0.00231077008712121 0.090730162341716
1.24 1A 577576627 577582130.333333 8.04302353842514e-07 2347 0.00155858193233916 0.0707806759817634
1.25 1A 578516213 578522072 7.69298887934663e-07 712 0.00388422 0.0758988934715335
1.26 1A 578922141 578922999 7.54053147887011e-07 11 0 NA
1.27 1A 579519337 579522531 7.31178910978867e-07 809 0 Inf
1.28 1A 580384947.5 580389579 6.97631164892668e-07 1059 0.00695122460812087 0.0312051102018035
1.29 1A 581849131 581853466.454545 6.39532423911227e-07 2574 0.00286520131054131 0.292606246037819
1.3 1A 583247746.625 583251645.75 5.83006013407218e-07 2048 0.00506409731584821 0.0749742957810295
1.31 1A 584513674 584518556.428571 5.32949132469249e-07 1077 0.00127173415041783 0.331055984149266
1.32 1A 586823955.166667 586827723.5 4.42165140253452e-07 1246 0.000129953920545746 2.06883263999275
1.33 1A 591494988.962963 591500189.814815 2.91442314617556e-07 12088 0.00243224970793349 0.214093658933323
0 2A 1527676.625 1532995.4375 6.0204063989735e-07 4379 0.00570705485042247 0.237655859479993
0.01 2A 4012030.3125 4016663.25 5.29376723271536e-07 5064 0.00485279429304897 0.167845092693314
0.02 2A 5798233.83333333 5801362.66666667 4.52794542398611e-07 1411 0.00417615204819277 0.239236033264468
0.03 2A 7843447.33333333 7847763 3.74469297029094e-07 650 0.00909066609230769 0.16828682246549
0.04 2A 8368596 8370950 3.56016959623875e-07 190 0 Inf
0.05 2A 15711991 15716750.9166667 1.24960712917448e-07 10791 0.0056574508609026 0.145898887857265
0.06 2A 21396309 21401317 5.83360703499767e-07 428 0.00182142594392523 0.818847958580013
0.07 2A 24204327.875 24209849.625 8.33842734294926e-07 1035 0.00988868491787439 0.0668666737883247
0.08 2A 25348197 25350564 9.07569791212919e-07 32 0 Inf
0.09 2A 26371659 26374700 9.59545088172232e-07 116 0.0045819 0
0.1 2A 27263334.25 27274238.75 9.93873601403338e-07 1975 0.00089565468556962 0.488165423183742
0.11 2A 27733180.3333333 27735354 1.0081033196855e-06 882 0.00683958605442177 0.241755506646158
0.12 2A 28770704.5 28775965.75 1.02971166618036e-06 511 0.00188309688845401 0.661772903321361
0.13 2A 29305452.75 29312962.5 1.04594539431222e-06 1779 0.00202797813378302 0.0456961497938992
0.14 2A 30062546.625 30066048.5 1.12029606442871e-06 1178 0.0051031012139219 0.0888486559846362
0.15 2A 30766616.4285714 30772623.5714286 1.15311307469815e-06 3914 0.00884284088656106 0.0776241350919302
0.16 2A 31568583.2 31572298.6 1.14159904669546e-06 681 0.01264083030837 0.164817309940736
0.17 2A 32280658.5 32286789 1.09271778885883e-06 1112 0.00424169402877698 0.123521427539123
0.18 2A 33335724.3333333 33339282.3333333 1.06602765057135e-06 933 0.00249241440514469 0.225954100111453
0.19 2A 34309675.6666667 34314894.6666667 1.10539961388041e-06 674 0.00280176075667656 0
0.21 2A 35930966.75 35935238 1.01534695361244e-06 1334 0.00473662356821589 0.219745803563183
0.22 2A 36890288.5 36894104 9.14417295645189e-07 1565 0.00173004569968051 0.24350946100698
0.23 2A 38351939.3333333 38355352 8.60538870337976e-07 552 0.00623736673913043 0.0883618076426971
0.24 2A 38859897.25 38867323 8.47881062387143e-07 3099 0.000714190096160052 0.109673209228538
0.25 2A 39704200 39709256 8.33632639584544e-07 160 0.0128182 0
0.26 2A 40551532.75 40556470 8.28107400864048e-07 859 0.00237522339930151 0.0582041828894325
0.27 2A 41231826 41242893 8.29957531551943e-07 919 0.000169334 3.00814957421427
0.28 2A 42230033.4 42234187.2 8.43505762548288e-07 1496 0.00211033836898396 0.296135718028339
0.29 2A 44101284.3333333 44105623.3333333 8.72464156721009e-07 1470 0.0038791745877551 0.325790729808675
0.3 2A 48149150 48156054.875 9.3199227516342e-07 1747 0.00104897832283915 0.204775333141911
0.31 2A 50028953.4 50035272 9.56373787071913e-07 1137 0.000270152884784521 1.85988302073197
0.32 2A 51448583.6666667 51453631.2222222 9.60106814600478e-07 2350 0.00383445924680851 0.152300420295165
0.33 2A 52166194 52170103 9.57762365281818e-07 86 0 Inf
0.34 2A 53229409.5 53231935 9.49227441754524e-07 303 0 NA
0.35 2A 53701700.8 53708731.2 9.43578263429286e-07 1212 0.00252698740924092 0.153957230356812
0.36 2A 54588800.5 54590928 9.29423318107348e-07 359 0.000915912367688022 0
0.37 2A 55172843 55177658 9.17721035634455e-07 365 8e-04 0.14792875
0.38 2A 55896640.5 55901832 9.00589510887837e-07 961 0.000160187173777315 0
0.39 2A 56930217.75 56937949.5 8.71112297652053e-07 657 0.000405886149162861 0.399519538585923
0.4 2A 57567616 57574564.8 8.57680879358182e-07 2466 0.000383471863746959 0.508734000133091
0.41 2A 58159000.5555556 58164769.8888889 8.68070710241852e-07 1485 0.00196351691851852 0.0153616777067712
0.42 2A 58933193 58936219.3333333 8.76032415855751e-07 328 0.000985050579268293 0
0.43 2A 59608503.6666667 59612187.3333333 8.72959756503256e-07 373 0.00153480739946381 1.02186160375442
0.44 2A 61451572.75 61456763.25 7.89943602562004e-07 902 0.00198103067627494 0.251867266097072
0.45 2A 62452933 62456843 7.56960392263731e-07 770 0.00412089649350649 0.0662299418330452
0.46 2A 63610670.6666667 63614719.1666667 7.32756445909787e-07 1319 0.00197455836239575 0.241248824201332
0.47 2A 65464795.6363636 65469001.7272727 6.91635703223215e-07 1704 0.000425534159037559 0.193624459626452
0.48 2A 66843115.875 66848174.625 6.59077043191131e-07 3128 0.000989437918158568 0.146482089319533
0.49 2A 69059681.5714286 69063791 6.03417105003791e-07 1586 0.00226015827742749 0.132339336205379
0.5 2A 70870192.375 70873442.25 5.5473624638695e-07 2025 0.00297830578024691 0.159736258904361
0.51 2A 73304183.5 73307376.875 4.85038595176719e-07 1321 0.00291415604844815 0.0701830907560181
0.52 2A 74788972.6666667 74793269.8 4.39810069477097e-07 4498 0.00179912548688306 0.236502298920871
0.53 2A 78503269 78509140.4736842 3.18718337296052e-07 4317 0.0012648414977994 0.26441415767703
0.54 2A 81284614.6818182 81289503.5 2.29291884432465e-07 6320 0.00230502654857595 0.255059334163452
0.55 2A 116042203.372449 116047035.418367 2.2185598255139e-08 44921 0.00188848015957783 0.208197215868617
0.56 2A 183264719.31016 183270192.42246 4.2636150580891e-08 47291 0.000986967809476913 0.26154122410579
0.57 2A 231347815 231369634 1.68898999431179e-08 678 0.00058971 0.496469451086127
0.59 2A 232369515 232371140 1.64370164226896e-08 35 0 NA
0.6 2A 263236354.3 263247549.15 5.47125625066716e-09 10987 0.000625158582051515 0.436382789605749
0.61 2A 407076976.329412 407084565.964706 3.35604589404045e-09 72691 0.000832295318158579 0.300656716159729
0.62 2A 506077490.955556 506082004.055556 3.15155407101661e-08 24044 0.000742368031525536 0.368918289655216
0.63 2A 533418707.652778 533423491.444444 4.57964769152731e-08 14918 0.00109854691732777 0.198559376109328
0.64 2A 552517455.952381 552522581.071429 5.29943648740237e-08 10384 0.0014055330758343 0.218818506726434
0.65 2A 569559462.982143 569564006.125 5.19063667799443e-08 10878 0.00113924770275037 0.24100990971772
0.66 2A 583919277.195652 583924681.26087 4.7420302223719e-08 9011 0.00166059517312174 0.120288388204496
0.67 2A 598519232.44898 598523246.285714 5.19215013080424e-08 11341 0.00170131153565786 0.238909739232548
0.68 2A 610276510.090909 610282101.454545 6.25800664258665e-08 7382 0.000938006862461054 0.45468248586406
0.69 2A 620451819.127273 620456074.945455 7.74498285624606e-08 9440 0.00324133652941656 0.17642028730351
0.7 2A 633464191.428571 633468380.607143 1.03066968343865e-07 5638 0.00153787127953175 0.170150630144442
0.71 2A 639228188.307692 639233126.307692 1.16942281561239e-07 4954 0.00180248170952765 0.352944894156873
0.72 2A 646217316.837838 646221343.945946 1.36325952291506e-07 6423 0.00114682810431263 0.395616441835052
0.73 2A 654613164.956522 654617862 1.62113384674817e-07 4809 0.00215898487731337 0.157641677383217
0.74 2A 661252576.478261 661257074.434783 1.8763880244377e-07 5831 0.00065472042239753 0.292853967283572
0.75 2A 667295074.333333 667302987.444444 2.13416091997499e-07 3684 0.00171082471769815 0.207808387001497
0.76 2A 670911013.611111 670915651.333333 2.29219953032093e-07 3978 0.00190155585620915 0.292293343019576
0.77 2A 675086718.642857 675092049.785714 2.47830812964011e-07 3368 0.00170703740023753 0.27003385362627
0.78 2A 678738503.928571 678742785.678571 2.64409115301831e-07 5120 0.00250928328689904 0.112572044289976
0.79 2A 681738038.1 681744464.9 2.78263507912301e-07 3323 0.000665314545591333 0.540360898715053
0.8 2A 685754055.928571 685758844.142857 2.97092346137136e-07 5512 0.00168544047387518 0.164769759404816
0.81 2A 688686047.428571 688690619.5 3.11062972403943e-07 3284 0.00119260124847747 0.473940744580145
0.82 2A 692075803.285714 692082531.642857 3.27150954895244e-07 3023 0.0034939087264307 0.19307456102314
0.83 2A 695112732.176471 695116727.411765 3.38027520971437e-07 3974 0.00181805806819326 0.379215050357208
0.84 2A 698523094.5 698526313.833333 3.46915285332035e-07 1374 0.00050630352838428 2.3936433422387
0.85 2A 702573672.5 702575649.333333 3.60340263822175e-07 715 0.000358772433566434 1.38156465857217
0.86 2A 704883506.142857 704887937.285714 3.6977629156713e-07 4491 0.00128055020218214 0.254949105931847
0.87 2A 707140795 707145029.8 3.80370698265961e-07 1406 0.000992184879089616 0.353298153849493
0.88 2A 710197240.538462 710201019.538462 3.96904390555929e-07 4199 0.00437964093450822 0.16225048879098
0.89 2A 712909282.545455 712912869.363636 4.13519792533399e-07 2691 0.0011246122296544 0.426126174789093
0.9 2A 715174833.833333 715179144.416667 4.28853047804702e-07 1814 0.0229227275413451 0.0384333091182041
0.91 2A 717751699.375 717756344.375 4.47907663696666e-07 4263 0.00232631900807614 0.322053401189191
0.92 2A 719695779.5 719699469.75 4.71998089943236e-07 425 0.00048003551372549 0
0.93 2A 721893039 721899587.333333 5.09292911080498e-07 366 0.00376005602459016 0.5715797398249
0.94 2A 722908120.125 722912036.25 5.17595933383164e-07 1762 0.00162808547105562 0.149125398361745
0.95 2A 724960671.846154 724965512.923077 5.25841237798532e-07 2728 0.00218097200788123 0.335404055341683
0.96 2A 727376177.25 727380685.25 5.43650890724801e-07 1219 0.000719954510723075 0.11801483922549
0.97 2A 729086014.571429 729090900.761905 5.62876357730315e-07 5437 0.00143888828466985 0.158315471991706
0.98 2A 730052620.6 730056332.4 5.7081954083876e-07 352 0.00258538423295455 0
0.99 2A 732785154 732789217.5 5.71241979558209e-07 667 0.00244665577211394 0.393494629698011
1 2A 734118053.857143 734122183.142857 5.59646922785092e-07 2156 0.0023452264703154 0.0873066554148211
1.01 2A 735101762.8 735107179.2 5.5057683191783e-07 1413 0.00793783708704883 0.0346032330467202
1.02 2A 737363933.5 737366547.25 5.41703589270836e-07 551 0.00363808586206897 0
1.03 2A 738967193 738971211.571429 5.25189873861254e-07 2399 0.00205681839308045 0.444213730647594
1.04 2A 740398281.3 740404272.7 5.15696366671535e-07 3470 0.00175232290201729 0.207604976091949
1.05 2A 743179127 743184242.583333 4.86791145903892e-07 3779 0.00119634334559407 0.176333134623754
1.06 2A 745881722.941176 745886516.647059 4.4565910173428e-07 4420 0.00472990079807692 0.125058285719901
1.07 2A 748135281.125 748139203.875 4.20841287225818e-07 1718 0.00192336776135041 0.370429705424288
1.08 2A 751286871.666667 751289937.75 3.66353271754424e-07 1351 0.00284838417468542 0.257420366852996
1.09 2A 753628243.3125 753633367.8125 3.18085978546073e-07 2863 0.00508150448725113 0.191170769687013
1.1 2A 757240510.88 757244701.68 2.38321744510285e-07 5339 0.00400223287906056 0.132515100779904
1.11 2A 770971202.872549 770975548.460784 4.77879640694795e-08 24108 0.00533154075099552 0.130287599038301
0 3A 177219 179017 NA 21 0 NA
0.02 3A 1288081 1290465 4.00946753176964e-08 1061 0.0023437435202639 0.395688805724628
0.03 3A 1922908.33333333 1926865.66666667 7.39746140276656e-08 628 0.00104909943949045 1.08878730032647
0.07 3A 8401132.42105263 8406118.05263158 3.91246130721016e-07 3548 0.0027358953162345 0.30410820788814
0.08 3A 12153688.9230769 12157839.3846154 5.69215056210307e-07 2109 0.00414473766200411 0.151529817376961
0.09 3A 13042188.5294118 13047406.7058824 6.30415972814757e-07 4261 0.00818426464444966 0.189230582318189
0.1 3A 14435844.4285714 14439279.7142857 6.71268090172068e-07 1906 0.00247959841238195 0.300460016947528
0.11 3A 15554905.7 15560098.6 7.25638819732056e-07 595 0.00244907136134454 0.668500516052231
0.12 3A 17610092 17612897.6666667 9.11898160024188e-07 198 0 Inf
0.14 3A 19779028.5 19782172.8333333 1.12917766203442e-06 1147 0.00206059844812554 0.429043599974651
0.15 3A 20530991 20534595.3333333 1.2002899716584e-06 657 0.00754248891933029 0.104000742040745
0.16 3A 21315635.6666667 21317915 1.25747428102506e-06 350 0.0185730862857143 0.103092900845989
0.17 3A 22087648 22090122.3333333 1.28636827647884e-06 226 0.00482110088495575 0.457631257429545
0.18 3A 22650173.6666667 22655501.6666667 1.26880918235159e-06 579 0.00251590528497409 0.135329632992766
0.19 3A 23456297 23460810.1666667 1.21757015017654e-06 1194 0.000761393326633166 0.671751513583217
0.2 3A 23916842.25 23921564 1.17999335359319e-06 661 0.00209889275340393 0.301814061446172
0.21 3A 24704688.4285714 24706828.2857143 1.11498753687949e-06 346 0.00668743404624277 0.115482623440535
0.22 3A 25321449.6 25325675 1.10441019346886e-06 1808 0.00264084977876106 0.131491158400424
0.23 3A 25973304 25975692 1.09154455925918e-06 166 0.0125599518072289 0.206037222919281
0.24 3A 27007424 27010880 1.10378797369014e-06 228 0 NA
0.25 3A 27588851 27591922 1.114246842628e-06 453 0.00584662803532009 0.550546884158998
0.26 3A 28476216 28477243 1.12541959669079e-06 133 0 NA
0.28 3A 30545968 30549785.6666667 1.12893430937979e-06 447 0.00195584049217002 0
0.29 3A 31926945.1818182 31932039.4545455 1.1137996263806e-06 2310 0.00174344986666667 0.187276917025192
0.3 3A 32485699 32488884 1.10381213356289e-06 410 0.00111922526829268 0.333116008207419
0.31 3A 34525419 34529494.5 1.04756655795829e-06 725 0.002982654 0.0399528741852055
0.32 3A 36140947.25 36144310.5 9.81067217997611e-07 699 0.00751105696709585 0.0535632616484704
0.34 3A 38353311.6 38357357 8.98230789893982e-07 870 0.00227290144827586 0.379977537041039
0.37 3A 40316795.5 40323227.5 8.49239063644451e-07 731 0.00421369117647059 0.0352736981338843
0.38 3A 40902594.25 40905962.5 8.35489759191634e-07 441 0.00041511 0.649064906490649
0.39 3A 42105278.25 42111607 8.0832993125972e-07 1021 0.0213232527587333 0.0639374979391584
0.41 3A 44602797 44608134 7.57041459391401e-07 468 0.0159528991452991 0.301892741999257
0.42 3A 45775723 45784143.6666667 7.35312932344385e-07 1962 0.00771705115698267 0.0759749067581845
0.43 3A 46992942.9166667 46997311.9166667 7.13970085990775e-07 2722 0.00292002364437913 0.134417073706523
0.44 3A 50381189.2 50384869.4 6.62173406811082e-07 1369 0.00382032802045289 0.120464545564112
0.45 3A 52651351.0769231 52654927.6923077 6.30676343943224e-07 1999 0.00233562392946473 0.340935608384451
0.46 3A 54722898.4 54725971.6 5.9354528675788e-07 1144 0.00410253933566434 0.159290132007189
0.47 3A 56321220.6 56325688 5.62901074514324e-07 3792 0.00236063353296414 0.415893482418523
0.48 3A 57840525.5 57845178.7 5.3114712383959e-07 1982 0.000906697905146317 0.813251887825234
0.49 3A 60189516.4285714 60195419 4.82031995865866e-07 2525 0.00258152993663366 0.245586180747719
0.5 3A 61355366.1666667 61358880.5 4.58869477370669e-07 1221 0.00376579001965602 0.183848525774197
0.51 3A 63008565.6363636 63012669.6363636 4.27610858507094e-07 2311 0.00429156533535266 0.392737363870732
0.52 3A 64486135.3333333 64490257.8333333 4.01065955125038e-07 2071 0.00308138973732496 0.126403601839092
0.53 3A 66246804.5 66250934.875 3.71392422175627e-07 1563 0.000610541612284069 0.376494249769569
0.54 3A 68317836.5714286 68322719.2857143 3.37921464496302e-07 2906 0.00160496279792472 0.280986765714247
0.55 3A 71318488.1818182 71322724.6363636 2.87341556636683e-07 2337 0.00195461623448866 0.0758358437402132
0.56 3A 76447028.7894737 76452142.1578947 2.30890826377608e-07 3870 0.000434670621172481 0.649536852635066
0.57 3A 83930338.7037037 83936513.7037037 2.02980704694395e-07 6511 0.000721218677705185 0.607740895327505
0.58 3A 96481425.28125 96487575.375 1.45379918037082e-07 10157 0.000738758507827114 0.213867133634495
0.59 3A 109960224.658537 109964149.463415 7.76256932720821e-08 7452 0.00124835274659152 0.159752591134776
0.6 3A 120919604.571429 120924120.857143 2.66584854947872e-08 5562 0.000658018802211435 0.746721742238724
0.61 3A 132616011.037037 132621649.555556 1.32319822194949e-09 4064 0.00101383653781799 0.249981517079349
0.62 3A 145489491.321429 145494759.357143 0 6809 0.000545887874284036 0.341456803018376
0.63 3A 165968432.051724 165972969.37931 4.0782156837818e-09 12653 0.00100450823224504 0.22136776615091
0.64 3A 292000449.804511 292008874.661654 1.0170650821365e-08 75729 0.00069054091227294 0.29525175962037
0.65 3A 433219244.889831 433224706 2.48852416943553e-08 30179 0.000694318251959828 0.391308576542452
0.66 3A 467979269.641791 467984815.522388 3.86021392036922e-08 21001 0.00148103735944419 0.242205096403205
0.67 3A 491556705.417722 491562841.632911 3.90418170716028e-08 21504 0.0011791786591463 0.373723950934086
0.68 3A 508142960.259259 508147381.388889 3.84428935044405e-08 11688 0.00161323813436858 0.263342596938956
0.69 3A 516093827.333333 516099711.62963 3.4464560347248e-08 6945 0.00198851314829706 0.140223359293461
0.7 3A 519994704.571429 519999486.571429 3.14723170237002e-08 889 0.00272462469066367 0
0.71 3A 535954236.777778 535959275.121212 3.85864620713458e-08 28244 0.00184408442150363 0.220172992786501
0.72 3A 556663122.133333 556667259.6 7.95444683955887e-08 1794 0.00194849897276636 0.0840767107325451
0.73 3A 560834012.294118 560843363.117647 8.73016154960223e-08 4334 0.000986142544646977 0.165925115260844
0.74 3A 566496275.894737 566503066 1.08563155786266e-07 6537 0.00207204571806639 0.282613529903958
0.75 3A 570717735.210526 570721684.315789 1.33626183143215e-07 2621 0.00342307467808089 0.203532470589422
0.76 3A 575274301.3 575278125.3 1.59709726925277e-07 3444 0.00147845525276606 0.404530395015135
0.77 3A 578104877 578108130.75 1.69757299260333e-07 1508 9.46718116710875e-05 1.88659844102507
0.78 3A 579424385.333333 579428021.333333 1.7436535393778e-07 1019 0.00335587795289499 0.187721989948137
0.79 3A 581261672 581265221.5 1.80676097168446e-07 920 0.00186710766304348 0.115870318020656
0.8 3A 583392903.833333 583397108.666667 1.87860896190566e-07 905 0.00331937571933702 0.213052858725223
0.81 3A 585041077.625 585045014.375 1.93325482550686e-07 1688 0.00111189833649289 0.618866919534807
0.82 3A 587790864.375 587796761.5625 2.0223853968689e-07 4231 0.00239548481588277 0.0894478027184764
0.83 3A 595987104.906977 595990849.767442 2.2710546569866e-07 8941 0.00123133005911505 0.149504155816596
0.84 3A 601263733.3 601268874 2.417269573436e-07 5161 0.00287189955842911 0.194653177855147
0.85 3A 605467616.466667 605470734.533333 2.5282480282628e-07 2310 0.001903616998002 0.180498804522249
0.86 3A 609863575 609868783.307692 2.64179080900591e-07 3608 0.00147608475108555 0.557503796094875
0.87 3A 614415999.28 614420080.16 2.7563247602969e-07 4451 0.00404192913577473 0.0187893437230153
0.88 3A 620954748.545455 620960166.772727 2.91609143799304e-07 3406 0.00135134744769734 0.434989052946405
0.89 3A 624342715.142857 624345713.428571 2.99633780497909e-07 2741 0.000690673947464429 0.546960997213255
0.9 3A 628325645.666667 628331464.866667 3.08871340169237e-07 2388 0.000396541449210337 0.0486379776815371
0.91 3A 632041655.541667 632047426.583333 3.17286643943619e-07 6372 0.000583610632611425 0.348721979916294
0.92 3A 635699953.538462 635704395.923077 3.25378415350107e-07 2021 0.000567407661553686 0.286002993881169
0.93 3A 639070411.176471 639075489.823529 3.32669588311352e-07 4677 0.00162909972674792 0.168406637268389
0.94 3A 642241088.882353 642246612 3.39286008916558e-07 3956 0.00072744514644422 0.359620771167988
0.95 3A 645466793.5 645471527.055556 3.47819895131862e-07 4893 0.00160641422685469 0.327828949780678
0.96 3A 647826294.263158 647830382.263158 3.59447864502202e-07 4669 0.00198369405268794 0.171348160607659
0.97 3A 649828534.8 649832922.9 3.72422625081643e-07 3497 0.0032457678324278 0.195877172222556
0.98 3A 652838580.090909 652842459.181818 3.5292175268639e-07 2627 0.00182108241910925 0.204378004634491
0.99 3A 654444478 654449865.6 3.3999623200668e-07 1224 0.00203852526960784 0
1 3A 656518786.75 656522522.5 3.28990908365727e-07 849 0.00175813564193168 0
1.01 3A 658711924.9 658717293.8 3.23578345970502e-07 3193 0.00145010894393987 0.24493790519999
1.02 3A 660003408.9 660008455.8 3.23523688009621e-07 2959 0.000750941541061169 0.215689794263551
1.03 3A 661927216.666667 661930227.666667 3.27731141068783e-07 1191 0.000687318782535684 0.320184435883425
1.04 3A 663626541.666667 663632806.444444 3.35641853606359e-07 3197 0.00214796388051298 0.0929157472690296
1.05 3A 669665821.375 669669454.083333 3.99515044514585e-07 5124 0.00203160755444965 0.231415150684652
1.06 3A 674285524.8 674289602 4.75294759389211e-07 1808 0.000383620663716814 0.313308431644599
1.07 3A 676106717 676108110 5.14377242510257e-07 16 0 NA
1.08 3A 678499131 678501364 5.73069879074752e-07 400 0 Inf
1.09 3A 679789132.333333 679792617 6.08761676426688e-07 1689 0.000175069602131439 0
1.1 3A 681784445.857143 681788148 7.02347185848343e-07 1441 0.0018376347258848 0.482989849773849
1.11 3A 683344752.615385 683348837.692308 7.86550450354942e-07 2926 0.00557010121462748 0.0569036835445786
1.12 3A 684813848.4 684818632.7 8.52155927176909e-07 2104 0.0030918242025771 0.154641226735479
1.13 3A 686359913 686365111.5 9.06425337770677e-07 483 0.00340239819875776 0.278051708905142
1.14 3A 687547075.75 687551253.25 9.38059179419665e-07 545 0.00173492080733945 0.346057025430259
1.15 3A 688855468.8 688859967.2 9.62109023757246e-07 1433 0.00393120177250523 0.395416805950221
1.16 3A 689843111 689846909.5 9.73077430203867e-07 654 0 Inf
1.17 3A 691353474.666667 691357271.666667 9.77798553587828e-07 399 0.00253942030075188 0.156780409003416
1.18 3A 692915492.5 692924142.5 9.68478801418994e-07 2552 0.000798761240595611 0.367427203056918
1.21 3A 695168932.833333 695172385 9.27123574176083e-07 1811 0.000717605376587521 0.709283149265248
1.22 3A 695728816 695732219 9.19616449717503e-07 300 0.00176278 0.0820964612714009
1.24 3A 697412299.75 697415847.25 9.22899668645615e-07 539 0.0110472127891156 0.268225850141372
1.25 3A 697803327 697806607.75 9.0870308749446e-07 318 0.00226792452830189 0.716328078202995
1.26 3A 698798009.5 698801238 8.47620432479738e-07 265 0 NA
1.27 3A 699703556.666667 699710912.666667 7.57982558610818e-07 335 0.00118670856716418 1.62080345293191
1.28 3A 702179348.625 702183011.25 4.92533845711239e-07 1146 0.0062923482617801 0.174084545774227
1.29 3A 705262050.333333 705267016.833333 1.68871016978243e-07 758 0.000937364940633245 0.244295740758431
1.3 3A 708656486 708658967.666667 1.53004041259397e-07 312 0.027195071474359 0.176650027661616
1.31 3A 711235902 711240631.666667 5.51542869965858e-07 1178 0.00706782847198642 0.00965177954041578
1.32 3A 713627370.5 713631320 7.89951798732982e-07 295 0.000550512406779661 1.04316629881215
1.33 3A 714420110 714426695.5 8.57279836578458e-07 439 0.00180228574031891 0.264612327772488
1.35 3A 716394137.666667 716397966.333333 9.64808261644363e-07 495 0.000560846416161616 0.29556670146352
1.36 3A 716763266.666667 716765908.666667 9.76708010728319e-07 128 0 NA
1.38 3A 717903102 717905777 9.96376550632402e-07 105 0.00691871 0
1.39 3A 718399151 718401813 9.97066259864105e-07 215 0.0065907 0
1.4 3A 719665657 719669336.333333 9.76476857502478e-07 199 0.00726321625628141 0.369397184180699
1.41 3A 721621145.25 721628818 9.95663281484565e-07 996 0.00333690618373494 0.107645505758035
1.42 3A 722274947 722281449 1.02888011959703e-06 144 0.00105634 0
1.43 3A 724384718.666667 724389761 1.12164638140068e-06 2156 0.0103441153525046 0.0619488584044184
1.44 3A 725921041.875 725926619 1.2230231291195e-06 2213 0.00359537921825576 0.107731464745554
1.45 3A 727137039 727139174.2 1.2841054861928e-06 391 0 NA
1.46 3A 727998487 728003166 1.31567563557229e-06 543 0.00348738821362799 0.443035319376033
1.47 3A 728740673.666667 728743416 1.33441706699817e-06 555 0.0136734073513514 0.0628907990098405
1.49 3A 729970859.5 729973287.5 1.35013348334119e-06 288 0 Inf
1.51 3A 731010610.5 731015160.5 1.34748105046253e-06 404 0 NA
1.52 3A 731841766 731844350 1.33502367205001e-06 47 0 NA
1.53 3A 732304344 732308328.4 1.32388317571294e-06 1318 0.00921150108497724 0.09829953473508
1.54 3A 732752557.25 732757710.25 1.31065679261971e-06 977 0.00194293050767656 0.249684922601268
1.56 3A 734021000 734025435.285714 1.25841442503909e-06 2030 0.00260423269950739 0.328734968781535
1.58 3A 734783072 734791156 1.21662274415416e-06 1068 0.000623741 0.652163317787351
1.59 3A 735890842 735894915 1.14229104407113e-06 670 0.000236449426865672 0
1.6 3A 737295044 737301603 1.02826395407725e-06 121 0.0288901 0
1.61 3A 738048681.5 738054063 1.02046067200862e-06 882 0.00958210515986395 0.010873812487016
1.62 3A 739172525.75 739176722.75 1.00639682720857e-06 991 0.00217743413723512 0.488579984320689
1.63 3A 739594696.3 739598331.5 9.98168987754772e-07 1400 0.000998292510714286 0.121301176888453
1.65 3A 742388436.2 742392254.6 9.09023860990436e-07 871 0.00167426428243398 0.267516854859408
1.66 3A 743948875.111111 743952718.111111 8.30854126802925e-07 2780 0.00160459968705036 0.235497867390951
1.67 3A 745510699.333333 745513288.333333 7.56195936812924e-07 460 0 Inf
1.68 3A 746541662.125 746545065.75 7.13159582976486e-07 1379 0.00361796190717912 0.0340336755488083
1.69 3A 749620105.692308 749624267.384615 5.92767751444452e-07 3295 0.00249436054350025 0.256442407790262
0 4A 195787 197105 NA 134 0 NA
0.01 4A 745038 750274 NA 551 0.00163702 0.134557305347522
0.02 4A 1757361.83333333 1762131.5 NA 1966 0.00187370988809766 0.263253491387023
0.03 4A 2332848 2337265.33333333 NA 1390 0.000617360851798561 0.478975830354707
0.04 4A 3042709.2 3048056.2 1.08782554146654e-06 1864 0.00284788157993562 0.0763274370947813
0.05 4A 3868310 3876671 1.07592406483305e-06 426 0.00121021 0.278426058287405
0.06 4A 4843787.14285714 4846909.85714286 1.06187501236832e-06 755 0.00477871302428256 0.0753896026205251
0.07 4A 5575072.33333333 5579039.66666667 1.05127431801614e-06 1416 0.0031467995338983 0.118655495043442
0.08 4A 6058400.85714286 6064092.28571429 1.04424412097383e-06 2067 0.00145397613836478 0.404817575928699
0.09 4A 6983203.8 6986289.4 1.03079699984271e-06 648 0.00241737942592593 0.140493084763682
0.1 4A 7749195.66666667 7753194.66666667 1.01960285910574e-06 966 0.00184316140786749 0.530005938464536
0.11 4A 8586922.33333333 8590301.33333333 1.00733357973733e-06 479 0.00473893753653445 0.19561498215195
0.12 4A 9766573.8 9769747.8 9.89983137958081e-07 1544 0.0013072190142487 0.299210444950841
0.13 4A 10636377 10639773 9.77142184670035e-07 49 0 NA
0.14 4A 11474476.6363636 11478106.4545455 9.64725686624231e-07 1673 0.00550189711536163 0.0588960829379625
0.15 4A 12431263 12434403.25 9.50510848892094e-07 698 0.00249190735434575 0.276076042141381
0.16 4A 13685518 13688085.3333333 9.31799385955442e-07 261 0.00928133793103448 0.113123999661167
0.17 4A 14025418 14028804 9.26706155385919e-07 263 0 Inf
0.18 4A 14835467 14837244 9.14568711356835e-07 73 0 NA
0.19 4A 16202150.1 16206286 8.93968077590444e-07 3076 0.0011070486479555 0.188843902142019
0.2 4A 17206447.3333333 17210192.3333333 8.78782820557705e-07 763 0.000182653826998689 3.86717580262515
0.21 4A 18115053 18124734 8.64948097275384e-07 394 0 Inf
0.22 4A 19623077.5 19625883 8.42011188950274e-07 328 0.00265716057926829 0.128533962423464
0.23 4A 20105317 20112607.5 8.34598032679595e-07 337 0.00189067163204748 0.363730477829036
0.24 4A 21352161.375 21357829.625 8.15472641758651e-07 3814 0.00101211832669114 0.331308447777207
0.26 4A 24210971.5 24216660.5 7.70385869697233e-07 434 0.00172497235023041 0
0.27 4A 24842218 24846241.4285714 7.59884248848808e-07 2216 0.00206342155234657 0.2431595578771
0.28 4A 25885947 25893930.5 7.42586730837752e-07 574 0.000249049371080139 0.939721815649121
0.29 4A 27582115.3333333 27583956 7.14984811906419e-07 156 0 Inf
0.3 4A 28980517 28985523.5 6.92552129482233e-07 1400 0.00322653068428571 0.0486616066933873
0.31 4A 30409906.25 30413544.5 6.70012100997092e-07 1019 0.00363306551521099 0.106076189977425
0.32 4A 31540202 31549768 6.52405152203705e-07 1675 0.00119459331940299 0.578914589810495
0.33 4A 33228339.3333333 33231948 6.26643038284635e-07 388 0.00037901675257732 2.42262456097403
0.34 4A 34364687.125 34368125.375 6.0953223273782e-07 1145 0 NA
0.35 4A 36292880.0909091 36297541.2727273 5.81052132529014e-07 2753 0.00140437686523792 0.237555550314185
0.36 4A 37675519 37680249.3157895 5.61019747084488e-07 4071 0.00268018665168263 0.0542767724848433
0.37 4A 38969539.1 38976902.6 5.42561505072342e-07 2539 0.00168848350236314 0.519358135878965
0.38 4A 40465647.25 40469883.5 5.2164315432198e-07 1264 0.00266284004746835 0.0902802438775707
0.39 4A 42626404.8571429 42630943.2857143 4.92143523164622e-07 2704 0.0012952040987426 0.24973748832724
0.4 4A 45306061.7142857 45309783.7142857 4.56628542871407e-07 1933 0.000442421893429902 2.17360778077195
0.41 4A 47064287.4444444 47070623.3888889 4.34081026332887e-07 7043 0.00140763201637003 0.155704753041027
0.42 4A 48894087.4 48899217.6 4.11117580694485e-07 1599 0.000856381113195747 0.104207233136457
0.43 4A 53116943.3333333 53120783.3333333 3.60659598484611e-07 666 0.00211688432432432 0
0.44 4A 57638346.76 57642364.8 3.09933233550389e-07 5302 0.00222800460392305 0.235125186880648
0.45 4A 70021325.7333333 70026013.5888889 1.29129651802964e-07 22828 0.0014226528889213 0.249786818278211
0.46 4A 87679836.2619048 87685165.2857143 2.26166604962568e-08 10342 0.00138209241596403 0.237945638609803
0.47 4A 96525315.78125 96529935.53125 1.96204676885248e-08 6821 0.00228529090939745 0.207358961019478
0.48 4A 122385163.020548 122389472.506849 2.42269707287105e-08 34066 0.00138019535897963 0.262188108450926
0.49 4A 163612568.484848 163618391.949495 4.4279618585754e-08 27409 0.000591504377881641 0.351031099289199
0.5 4A 218778490.363636 218787652.654545 5.88723589426463e-08 20378 0.000350085285700265 0.564408675520318
0.51 4A 332905447.236842 332919490.039474 2.87690923289631e-08 27198 0.000341204066122509 0.359436686996179
0.52 4A 406275254.333333 406278897.666667 0 1218 0 Inf
0.53 4A 464442498.436047 464447564.226744 0 37668 0.000805581959293908 0.289982251142259
0.54 4A 518244966.755814 518250254.906977 0 22149 0.000897130504391255 0.208800480753457
0.55 4A 547937256 547942556.551282 4.9018258883883e-08 16516 0.0017374631287141 0.29791552630982
0.56 4A 565349839.709677 565355865.451613 1.85197888882466e-07 6226 0.00129356037232038 0.283935350998969
0.57 4A 572302152.969697 572307169.333333 2.72865078194954e-07 8811 0.00201383807607678 0.175331321202518
0.58 4A 577757605.92 577762473.32 3.624367898137e-07 6320 0.0039184002726134 0.0312095766895997
0.59 4A 582199646.135135 582205026.486486 4.30412369397437e-07 11696 0.00238586357977086 0.11780108867221
0.6 4A 585080819.807692 585085650.615385 4.74360264503242e-07 6953 0.00578249602791313 0.124931856248026
0.61 4A 589132138.5 589135954.25 5.44106281099173e-07 990 0.00161815705050505 0.298174483919067
0.62 4A 590382275.15 590388535.1 5.67568469495234e-07 5589 0.00198917140042941 0.0975380536535429
0.63 4A 591791657.5 591796374.166667 5.94962240403433e-07 1362 0.00325630207929515 0.0708783904563985
0.64 4A 593397367.833333 593403011 6.3770344173154e-07 3329 0.00139049552658456 0.0574821306585054
0.65 4A 594647442.5 594652094.277778 6.70135425493187e-07 3959 0.00238104967921192 0.164017998750104
0.66 4A 596285313.037037 596289459.037037 7.10977756515829e-07 5363 0.00133580764919176 0.248880849171231
0.67 4A 597764209.923077 597768852.307692 7.46233502840437e-07 2817 0.00612437907738729 0.0900305273032679
0.68 4A 599290744.333333 599294753 7.80761192818947e-07 1469 0.00577529074200136 0.148731771669077
0.69 4A 600524569 600528643.8 8.07458133928728e-07 1558 0.00411779949293967 0.0533421828156186
0.7 4A 601609200.833333 601611870.166667 8.34232135379243e-07 824 0.0164953281796116 0.0616338212949235
0.71 4A 603471381.416667 603474601.166667 9.00522344638011e-07 2002 0.00535980135814186 0.291092834971903
0.72 4A 604473524 604477211.5 9.35307079502127e-07 251 0.0137839824701195 0.132805101226679
0.73 4A 605489055.166667 605492999.833333 9.60255663537691e-07 1758 0.00401067457337884 0.0872202550364067
0.74 4A 606554469.833333 606559636.333333 1.01993156486494e-06 1741 0.00309748134405514 0.0573360214387891
0.75 4A 607633229 607636147 1.07744277740027e-06 119 0.00500119 0
0.76 4A 608770280.375 608773894.875 1.12369388717563e-06 1408 0.00285954914772727 0.374649904581072
0.77 4A 609979543.75 609982985.5 1.15735138725206e-06 931 0.00600358136770498 0.185650605176785
0.78 4A 610628980.857143 610633846.285714 1.19546168355296e-06 2436 0.000886410172413793 0.137511395963937
0.79 4A 611687436 611690373 1.27818201728942e-06 183 0 Inf
0.8 4A 612155174 612159924.25 1.30982844424806e-06 512 0.0056692862890625 0.0977480665435117
0.81 4A 613384045.5 613388972.75 1.37984414626072e-06 478 0.00791746841004184 0.193130332354714
0.82 4A 613970056.25 613973951.875 1.40580913765584e-06 2234 0.00685609534467323 0.0442714799977044
0.83 4A 614510007.666667 614515230.333333 1.42620834204184e-06 932 0.00770169817596567 0.234646664723781
0.84 4A 615266588 615270579.75 1.44874853679926e-06 551 0.0056110777676951 0.0147152228050562
0.86 4A 616497771 616500963.2 1.4688729788359e-06 775 0.0138768295354839 0.0859705093425872
0.87 4A 617161149.5 617166550 1.47176582596673e-06 541 0.00313350794824399 0
0.88 4A 617849660 617854328 1.46859242161599e-06 94 0 NA
0.89 4A 617919114.75 617924316.25 1.46791588576749e-06 1428 0.00626598415966387 0.30528654862954
0.9 4A 618546493 618549076 1.45909894843079e-06 733 0.0115332766030014 0.215951074840768
0.91 4A 619262357 619268230 1.44268395646767e-06 1349 0.00127595612157153 0.510420843972777
0.93 4A 620188580 620195028 1.41169772934462e-06 326 0 Inf
0.94 4A 620778743 620780555 1.38622886046573e-06 19 0 NA
0.95 4A 621191853 621195985.5 1.36555979853528e-06 774 0.00296145798449612 0.0547034723206734
0.96 4A 621780526.166667 621785450.333333 1.33236936208828e-06 1550 0.00265706329032258 0.0900107101021863
0.97 4A 622218604 622223870.6 1.30474968770608e-06 823 0.00224065922235723 0.121135418758628
0.98 4A 623319765.666667 623322715 1.22446662079087e-06 465 0.000331989247311828 0
0.99 4A 624181943.666667 624184481 1.1503591753688e-06 613 0.00168493442088091 0.182753831866475
1 4A 625240285.666667 625242779.666667 1.04650280184681e-06 588 0.00146867646258503 0.719437091862616
1.01 4A 625867058.285714 625873360.285714 9.77513690937207e-07 1838 0.00279810225788901 0.137884332824325
1.02 4A 627516023 627521263 8.08785986336385e-07 703 0.000443525 1.11333070289161
1.03 4A 628294240 628297888.272727 7.52263406852339e-07 1669 0.00150764767525464 0.250802117553668
1.04 4A 629528270.090909 629533693.818182 6.84180816380299e-07 2623 0.00299950935188715 0.0898708532331917
1.05 4A 631417349.545455 631422510.636364 5.89145009121582e-07 3072 0.0028713254453125 0.326526532138693
1.06 4A 633675393.833333 633680027.666667 4.90176402171867e-07 2097 0.00436592844635193 0.334298124555594
1.07 4A 636819813.909091 636824146.909091 3.75032702671837e-07 2606 0.00280166531465848 0.205620862641719
1.08 4A 640149686.588235 640154106.058824 2.8766902259672e-07 3392 0.00149985731426887 0.299605946203204
1.09 4A 647178286 647182770 1.7075895931823e-07 265 0.00300947 0
1.11 4A 650367950 650370241 2.69536218955919e-07 13 0 Inf
1.13 4A 651623778 651627938 2.49390983008392e-07 215 0 Inf
1.23 4A 657492894 657495303 0 117 0 NA
1.24 4A 681238125.22449 681242426.714286 1.22136094685305e-07 11321 0.00265731198103819 0.195707710303797
1.25 4A 687701605.5 687705491.5 2.22724911902276e-07 259 0.00169423845559846 0.466378944620305
1.28 4A 699899776 699902312 3.80558973263715e-07 82 0 NA
1.3 4A 702043190 702046461 4.26908619957024e-07 92 0.00605575 0
1.31 4A 703264707 703269135.5 4.58908197720237e-07 381 0.00338252879265092 0.352958645835079
1.36 4A 713107276.5 713113938 5.85569820121586e-07 165 0.0583210478787879 0.00471393242726476
1.37 4A 713833663 713834773 6.00249448358516e-07 300 0.0123916 0.281639174924949
1.45 4A 727745837 727746292 4.84166838829184e-07 0 NA NA
1.51 4A 741545979 741549092 3.63971331883001e-07 77 0.0096048051948052 0.491340048947361
0 6A 491639.4 495762.2 NA 1448 0.0146672561533149 0.067925244801417
0.01 6A 1531655.8 1536232.7 2.88416244456577e-07 2326 0.0109984663284609 0.0873984412650471
0.02 6A 2970653.83333333 2975080 3.91463370739192e-07 1822 0.00609058723929748 0.0307946374522717
0.03 6A 6798246.66666667 6803158.61111111 6.58293935128732e-07 3250 0.00339391301701358 0.225893831098438
0.04 6A 9318823.14285714 9323766.14285714 8.15867555311462e-07 1566 0.00181386673052363 0.262678615390665
0.05 6A 10489920 10493409 8.99673795682809e-07 655 0.00259453740458015 0.472786876949928
0.06 6A 11443446 11447706.375 9.34770663626963e-07 2431 0.0163884710201563 0.136482677563683
0.07 6A 12301614.75 12306893.25 9.49204424618601e-07 2474 0.0347874185012126 0.0212360485669809
0.08 6A 13071476 13080970 1.03950682254111e-06 1274 0.00214677 0.458050932330897
0.09 6A 13576709.6 13580467.6 1.07267819055752e-06 702 0.00325385679202279 0
0.11 6A 14301530 14303492 1.08891671678967e-06 143 0.0135037321678322 0.217331991668504
0.12 6A 14605365.3333333 14608168 1.10902657965792e-06 245 0.00165317730612245 0.715985055271674
0.14 6A 16265482.75 16269324 1.03374274271555e-06 586 0.00430874345847554 0
0.15 6A 17487191.1 17491185.7 9.75920290467839e-07 3390 0.00236089971445428 0.0806320512303787
0.16 6A 22105552.4 22109328.3 6.47168772565384e-07 2012 0.00449283212944555 0.0894928831991894
0.17 6A 23790496.4285714 23793649.1428571 5.8726185881461e-07 2877 0.00502816506708377 0.0613404068646557
0.18 6A 24552814.4 24557035.8 5.54017398049089e-07 930 0.00113529557634409 0.0510972422750793
0.2 6A 25674719.6666667 25679738.3333333 5.07572324008885e-07 767 0.000828303113428944 0.260341135250187
0.21 6A 29324060.7692308 29328295.5384615 3.51654026863209e-07 3245 0.00307425025331279 0.117841228278536
0.22 6A 36328361.8387097 36332234.516129 4.16658121291663e-07 3959 0.00279825935088359 0.19762573863088
0.23 6A 40982767 40987172 5.07088245481555e-07 571 0.00175099070753065 0.870205136027801
0.24 6A 42922554 42927225 5.28969439054196e-07 244 0.00167856 0.209735725860261
0.26 6A 45349904 45351968 5.40053713657398e-07 96 0 NA
0.28 6A 47441462.4 47444832.4 5.36890579298993e-07 523 0.00473475556405354 0.0866553152717364
0.29 6A 48746822.5 48751646.6666667 5.29418726120416e-07 1895 0.00298519228496042 0.171429218603364
0.3 6A 51398861 51401140 5.00203778831391e-07 36 0.00444444 0
0.31 6A 52194845.7142857 52199553.7142857 4.87722073442915e-07 962 0.0029644285031185 0
0.32 6A 53431216.7 53435414.5 4.90738102152818e-07 1114 0.0038542097037702 0.270624468229044
0.33 6A 55868701.875 55872691.75 5.03288995510616e-07 1625 0.00105109922276923 0.450892157506375
0.34 6A 57773526.5 57778382.5 4.53723319157219e-07 627 0.000252433843700159 2.50272629422954
0.35 6A 60024026.4 60028544.4 3.90689907522027e-07 1066 0.00323859954971857 0.138140238632783
0.36 6A 61305374.1666667 61315041.8333333 3.62979368085455e-07 2610 0.00171149859846743 0.285637527266435
0.37 6A 64271566.5454545 64277918.3636364 2.91102170184352e-07 2264 0.00336803829416961 0.115414603247873
0.38 6A 70960973.1470588 70966112.9705882 1.55200036734366e-07 8751 0.00101423226854074 0.207969225663628
0.39 6A 82392479.2093023 82397982.6976744 1.34733156526536e-07 11698 0.00146061592314926 0.286389809835146
0.4 6A 92496726.6842105 92501244.368421 1.33144092069835e-07 3811 0.00136587493886119 0.157951777524024
0.41 6A 98751077.3333333 98755809.5 1.25604989888438e-07 1964 0.00255566678479294 0.173020339475489
0.42 6A 104153901.5 104157980.916667 1.15963840958307e-07 1798 0.00216770512847608 0.0338780126264875
0.43 6A 107940301.631579 107945562.421053 1.07281750567288e-07 6242 0.00133092143960269 0.238636654221467
0.44 6A 119932633.580645 119937199.709677 8.38431252359957e-08 6736 0.00041920766152019 0.333032183330723
0.45 6A 134159340.517241 134165765.413793 6.57485364632918e-08 8190 0.000465336260561661 0.259646272930574
0.46 6A 149327250.840909 149333044.25 4.90683703990716e-08 11016 0.000852143374263228 0.224106650947846
0.47 6A 275802315.894531 275810591.15625 9.03403075733148e-09 70128 0.000616814478624121 0.274857816511983
0.48 6A 410175495.764706 410182732.411765 1.21282200104312e-08 4661 0.000651245854966745 0.217683905994344
0.49 6A 422012723.952381 422018240.380952 2.44413616061765e-08 5475 0.000989338361643836 0.195691138467481
0.5 6A 430998107.666667 431006261.777778 3.57559608517857e-08 2282 0.000510955539877301 0.507610618246179
0.51 6A 432855096.571429 432860250.142857 3.83622151547458e-08 2181 0.00041053562952774 0.313437085571777
0.52 6A 436835520.666667 436841534.444444 4.42354094240267e-08 2338 0.000471035360136869 0.259298609846119
0.53 6A 440985882.846154 440989520.153846 5.07424107078454e-08 2922 0.000153476620465435 1.60921584649431
0.54 6A 444882912.909091 444888979.090909 5.60875731878871e-08 2541 0.000302900461235734 0.365302317484419
0.55 6A 448574805 448579032.3125 6.07111981290006e-08 2913 0.00110076707174734 0.17611377626602
0.56 6A 454982632.387097 454987889.645161 6.82203025280307e-08 7146 0.00141191585016793 0.348737644660549
0.57 6A 468568982.666667 468573505.307692 7.76000068913445e-08 7029 0.000545604282038322 0.426359169241835
0.58 6A 485859475 485863790.642857 8.79348593277436e-08 8966 0.000842106669260829 0.187279924948694
0.59 6A 498234375.333333 498238979.933333 9.00928187726965e-08 12289 0.00118622255480511 0.169599629474623
0.6 6A 506141298.043478 506146361.173913 8.22488414554265e-08 7532 0.00177532085554965 0.214401726850108
0.61 6A 514711912.206897 514716128.689655 8.8121668132863e-08 7445 0.00238291371570565 0.14841465179681
0.62 6A 524891554.54386 524896047.982456 1.08187269146826e-07 11367 0.000626519576353542 0.179841165478726
0.63 6A 539369883.883721 539373936.372093 1.45422210493066e-07 13557 0.00047567923226799 0.264039575045264
0.64 6A 548417049.055556 548423758.555556 1.29666161138132e-07 7709 0.000819370058762485 0.172521156642022
0.65 6A 553497726.368421 553502325.052632 2.1808839835734e-07 5317 0.00212295238668422 0.144922784306975
0.66 6A 556695200 556699755.411765 2.63446670207575e-07 2633 0.00214536605488036 0.205157673546919
0.67 6A 559314648.166667 559318570.75 2.97587827895624e-07 2727 0.0028642734616795 0.142494357670278
0.68 6A 563637691.2 563642832.75 3.79396835214042e-07 5486 0.00191134135886563 0.150804874625594
0.69 6A 565144483.5 565149552.75 4.14697202657902e-07 1187 0.000379644903117102 0
0.7 6A 569018782.5 569026224.333333 5.23811840695405e-07 3315 0.0020279800678733 0.164347084056033
0.71 6A 572018477.777778 572021985 6.24378872715336e-07 1386 0.00168948768398268 0.179115314775636
0.72 6A 573426445.428571 573431963.428571 6.76559826356478e-07 2107 0.00486422972947318 0.437759657639412
0.73 6A 574883236 574891222 7.34360518666197e-07 1348 0.0031587695727003 0.0649296555998696
0.75 6A 577934682.5 577941617.875 8.6618818002524e-07 1730 0.00167946321965318 0.34151433679417
0.76 6A 579039567.6 579044068.6 9.1764585043578e-07 2302 0.000900713562119896 0.557312520179604
0.77 6A 580256580.666667 580260228.166667 9.76643020551102e-07 1170 0.00469754924102564 0
0.79 6A 581822672.857143 581826281 1.08348368416099e-06 1624 0.00512396642241379 0.113512744268489
0.8 6A 583039574.5 583043301.5 1.16977608762143e-06 221 0.0143113201809955 0.191784802219156
0.82 6A 584810760 584817394.5 1.28239494916675e-06 568 0.000887810651408451 0.533484827617867
0.83 6A 585404042.083333 585409973.833333 1.31755537246538e-06 3281 0.000685537183785431 1.09179311222976
0.84 6A 586250206.333333 586255200.666667 1.37677899777229e-06 1130 0.000856077522123894 1.14264592798022
0.85 6A 586770093 586782183 1.41026912870965e-06 1871 0.000516565 0.806512249184517
0.86 6A 587564389 587570511 1.45305007302883e-06 281 0.0021203871886121 0.0718004567755033
0.87 6A 587813768 587821187.666667 1.46462383504073e-06 1696 0.00184806260259434 0.387525627161331
0.88 6A 588422630.666667 588426187.333333 1.48886081460933e-06 699 0.00209063708154506 0.114017079706529
0.91 6A 590074286 590079890 1.5271423180115e-06 641 0.00238939 0.435851828290903
0.93 6A 591334297.714286 591339249.428571 1.5288651891581e-06 2488 0.00181051857315113 0.0544176433205156
0.94 6A 591848464.4 591851112.2 1.52293237209603e-06 1285 0.00283602298832685 0.0617555387764277
0.95 6A 592526998 592530995.75 1.50895774509959e-06 433 0.00649279907621247 0.101465940950038
0.96 6A 593182827.5 593186504 1.48888588128864e-06 261 0.000544532896551724 1.90291153683505
0.97 6A 593679875.5 593682942 1.47373061217935e-06 453 0.00114474198233996 0.409051371723551
0.98 6A 594835696.866667 594839775.6 1.43931288574436e-06 2721 0.00153574451304667 0.1365665319414
0.99 6A 596152929.333333 596156859.333333 1.33768772354604e-06 404 0.00116233433663366 0.463096783011803
1 6A 596816884.125 596820576 1.25820093720569e-06 1903 0.00156770677666842 0.701150920746237
1.01 6A 597326492.666667 597331732.666667 1.19588362023116e-06 710 0.00250560952112676 0
1.02 6A 597831273 597837358 1.14135286821226e-06 405 0.000349264 0.308302602043154
1.04 6A 598956928.4 598960832.2 1.04518008635281e-06 1418 0.00273042426304654 0.202283062740702
1.05 6A 599812588 599816868 9.95078611635289e-07 152 0.00213774473684211 0.527535782298857
1.06 6A 600526728.142857 600530822 9.75261181732046e-07 2518 0.00443807362589357 0.157853511726606
1.07 6A 602976034.75 602979122.041667 7.76974068278065e-07 3773 0.00340392305244356 0.1878684731601
1.08 6A 605173576.875 605178836.5 5.92501464584565e-07 3911 0.00439800787522373 0.197801597522525
1.09 6A 606761359 606768258 5.89785674507852e-07 121 0.0187484608264463 0
1.1 6A 607121194.625 607125249.375 5.91088930507587e-07 1937 0.001071519031492 0.270925280064677
1.11 6A 608020955.666667 608025220 5.98149942160941e-07 1640 0.0075504112804878 0.132640194006553
1.12 6A 608838353 608840828.5 5.8148883983207e-07 876 0.00236669101598174 1.04181457799298
1.13 6A 609212749.7 609217123.7 5.72151240688793e-07 2943 0.00307058944172613 0.0636147794772161
1.14 6A 613740827.535714 613745565.821429 4.12354000887017e-07 14963 0.00654557858710251 0.112552590740918
1.15 6A 617086374.5 617091535 2.53588387917031e-07 2027 0.00266406325111001 0.0731356479713384
0 7A 3397921.85714286 3402844.85714286 1.59146995694161e-08 832 0.0163162180048077 0.0623340258010071
0.01 7A 8444686.4 8448243.1 8.11552177702579e-08 2044 0.0127188445988258 0.137110490191343
0.02 7A 12095946 12104027 1.72103535483113e-07 953 0.00649588557187828 0.320387048775139
0.03 7A 16016350 16023391 2.89412501051205e-07 446 0.0117982 0.0941346985133325
0.04 7A 19656401.6 19661674 3.57169243434254e-07 2191 0.00448137975810132 0.172799009763311
0.05 7A 25129161.3333333 25133273.3333333 6.10775677210341e-07 464 0.00186286379310345 0.509655430644882
0.06 7A 26895114.2 26899782.6 7.65338577339518e-07 679 0.00251406351251841 0.297265903229352
0.08 7A 29856002 29858358 1.00185944966793e-06 117 0.0160183384615385 0.0688341823602179
0.13 7A 33368317 33369426 1.22424818661048e-06 53 0 NA
0.14 7A 33943539 33947409 1.26416477597283e-06 80 0.0342858 0
0.15 7A 34630159.5 34631921.5 1.30318262887071e-06 280 0.00399436371428571 0
0.19 7A 36859399 36862918 1.36688554509997e-06 617 0.00196526 0.280288613211484
0.25 7A 41439093 41442254 1.19326083014079e-06 184 0.00770416 0.0906298675001558
0.26 7A 42270282 42271258 1.11797512811434e-06 38 0 Inf
0.31 7A 47444352 47448384 9.05036030758963e-07 607 0.00595328 0.139100798215438
0.33 7A 50180824 50182325 7.97374556056251e-07 172 0 NA
0.35 7A 54925252.5 54927977.5 6.93947039887219e-07 198 0 Inf
0.37 7A 57579766.5 57584113.5 6.39938331453057e-07 164 0 NA
0.38 7A 58956302 58960370.25 5.9720158992922e-07 644 0 Inf
0.4 7A 62802014.6666667 62808013 5.37609711462659e-07 533 0.00119392945590994 0.384095284085659
0.41 7A 63785011 63788134.75 5.37365919664509e-07 592 0.0033628789527027 0.334687363727932
0.42 7A 65113447.3333333 65117490.1666667 5.44705448487679e-07 1973 0.00188807473694881 0.849560947027723
0.43 7A 67933039.8571429 67937678.5 5.84622394026997e-07 2326 0.00464205244923606 0.114225024611441
0.44 7A 71143710 71146235 6.16444136605507e-07 252 0.00269374 0
0.46 7A 74235167 74245986 6.39034771099679e-07 619 0.00327424147011309 0.0591139097801473
0.48 7A 76120090.5 76123166 6.65348996006367e-07 273 0 Inf
0.49 7A 77239344.8 77244366.6 6.75385669347383e-07 806 0.00213718671215881 0.125263317075266
0.5 7A 78528562.2142857 78534064.0714286 6.71837719810984e-07 1253 0.00273797582867784 0.237884453807718
0.51 7A 79731473.75 79736802.875 6.53367560461377e-07 1534 0.0013978737809648 0.238014471391404
0.52 7A 81261087.8 81265139.6 6.09078841888387e-07 1597 0.0074941139010645 0.0884679647435095
0.53 7A 82112498.3333333 82123253.6666667 5.74724095691339e-07 270 0 Inf
0.54 7A 83113599.5 83115701 5.27524440510076e-07 287 0.0104992588850174 0.0143818334215924
0.55 7A 84022645.625 84027710.125 5.09013149800244e-07 2146 0.00541674090866729 0.20524697759272
0.56 7A 85546246.8571429 85550969.5714286 4.89238244322977e-07 2010 0.00108283384179104 0.667330859472621
0.57 7A 88204421.6666667 88208320.3333333 4.50848821571557e-07 887 0.00101659743630214 0.216593668589578
0.58 7A 92230731.2222222 92234923.1111111 3.80252565682783e-07 3919 0.00573112086756826 0.140734509343681
0.59 7A 100035660.689655 100042468.758621 1.92909430601518e-07 5533 0.00162646610358054 0.304550777357084
0.6 7A 107644953.047619 107650326.571429 1.59491313262822e-07 6183 0.00162642332069384 0.105976037834792
0.61 7A 112869797.666667 112872523.333333 2.12016315948591e-07 398 0.00270796130653266 0.746431079918268
0.62 7A 116012556.153846 116016794.538462 2.43760769805006e-07 3410 0.00237036309970674 0.328685215836558
0.63 7A 118683605.181818 118690167.545455 2.47791229636635e-07 1663 0.00318514337642814 0.216610483876952
0.64 7A 121869683.571429 121876280.142857 2.33791118560486e-07 3474 0.00142568112521589 0.231054181093865
0.65 7A 125946929.785714 125951634.928571 1.91173781258262e-07 3007 0.00162670039640838 0.099550885710303
0.66 7A 129284988.521739 129289575.869565 1.89608923061644e-07 4350 0.00284939208551724 0.135292812079085
0.67 7A 139969602.848485 139974018.151515 1.19473463239981e-07 7360 0.000806013349189166 0.380695635337789
0.68 7A 188135276.307054 188140574.456432 1.0076637083826e-08 60440 0.00130553513304466 0.259231057192528
0.69 7A 235089014.4375 235093664.979167 1.40719005240432e-08 13154 0.000831467363468438 0.392605327739842
0.7 7A 252554032.84375 252559808.09375 1.21745497562644e-08 6589 0.00133298317300551 0.212429769721231
0.71 7A 266183872.482759 266188692.586207 1.10865304719809e-08 7678 0.000613234321568117 0.23407976077637
0.72 7A 275758925.866667 275764887.933333 1.05128767105987e-08 4542 0.00059935236239542 0.266660194711933
0.73 7A 287131875.333333 287136243.777778 1.00544143864443e-08 5718 0.00090783058324589 0.308033381453546
0.74 7A 294727849.764706 294732183.647059 9.8796953580955e-09 4094 0.000776548451392281 0.198092738961607
0.75 7A 304429376 304435461.666667 9.80920693562134e-09 1965 0.000153305793384224 0
0.76 7A 310082707.285714 310100354 9.83828345874989e-09 1800 0.000595613767777778 0.606539293469917
0.77 7A 317132465 317152715 9.96222187612226e-09 162 0 NA
0.78 7A 325122787.666667 325138783.166667 1.02124325245474e-08 2470 7.26927935222672e-05 0
0.79 7A 330425661 330452649 1.0441114055064e-08 771 0.000189921 2.46646763654362
0.8 7A 345200550.761905 345210780.52381 1.13896742247409e-08 9460 0.000391424257188161 0.204918370296149
0.81 7A 395095055.36 395103648.96 1.76120196982097e-08 15481 0.000389408443463943 0.31044447347216
0.82 7A 422650249.333333 422656598.333333 2.25159271321739e-08 1477 0.000509623628977657 0.589840720401013
0.83 7A 423556015 423563387 2.27105057778797e-08 297 0 Inf
0.85 7A 424312931 424317651 2.28738773041016e-08 530 0 Inf
0.86 7A 424628142 424634545 2.29425179875405e-08 385 0 Inf
0.9 7A 472510332.972656 472515902.5 3.61328474632956e-08 61092 0.00127927488540228 0.276796729199529
0.91 7A 526280896.444444 526286724 5.46063498245488e-08 4023 0.000438559025167785 0.404647655535035
0.92 7A 541273551.617021 541278455.893617 6.18592577590475e-08 8186 0.00125510334195238 0.299783562492672
0.93 7A 552834272.690476 552839418.5 6.90524044026683e-08 8280 0.00253679351256039 0.147094551283889
0.94 7A 563146001.210526 563150866.605263 7.66657484020931e-08 6919 0.00209543225177049 0.179566070667306
0.95 7A 574342128.5 574348651.863636 8.21694657515819e-08 6444 0.00218446526570453 0.188618807322219
0.96 7A 592891228.411765 592895236.960784 8.47234699077358e-08 8632 0.0041734024823911 0.171080921424806
0.97 7A 609653727.628571 609659014.628571 1.09100215563594e-07 10709 0.00148746926312334 0.203213460968761
0.98 7A 616319975.714286 616324200.142857 1.56335284084863e-07 1306 0.000936159578866769 0.0598098323589008
0.99 7A 621357946.625 621360772 1.84212280310217e-07 1158 0.0015959079447323 0.131303877674194
1 7A 626825478.75 626829473.25 2.29996367353803e-07 1908 0.00332018561320755 0.276714942064369
1.01 7A 632863204.75 632866568.25 2.8518498260811e-07 744 0.000824048709677419 0.136027818587298
1.02 7A 635823471.666667 635829721.666667 3.29912138325963e-07 1398 0.00381118826895565 0.0373713110551773
1.03 7A 638918606.714286 638924180 3.6741741147031e-07 641 0 Inf
1.04 7A 642239514.909091 642244226.181818 4.0252055553312e-07 1174 0.00591002708568995 0.196095378064712
1.05 7A 644450173.125 644452707 4.25344925861368e-07 1932 0.00286569492753623 0.214402489569897
1.06 7A 646486485.6 646491397.2 4.45995728810315e-07 643 0.00151980247278383 0.770720237350972
1.07 7A 648425798 648431018 4.65299838222688e-07 267 0.00333235 0
1.08 7A 650704707.75 650708350.5 4.87519595229832e-07 630 0.00290786268253968 0.0320353526005729
1.09 7A 652668087.8 652673264 5.06325825699343e-07 1307 0.000785112476664116 0.756784532455068
1.1 7A 654562256 654566159 5.24114744301823e-07 107 0 NA
1.11 7A 655447400 655448179 5.32303770937402e-07 44 0.00700935 0
1.12 7A 657710282.333333 657716025.333333 5.52975291722065e-07 1249 0.00117242517213771 0.170848916260318
1.13 7A 659431075.666667 659434288 5.68357721530829e-07 904 0.000459963459623894 0.919602050679923
1.14 7A 660796056.25 660801726.75 5.80381675210804e-07 1282 0.00123274161466459 0.0698040043983239
1.15 7A 661646780 661647366 5.87772292325594e-07 14 0 NA
1.16 7A 663704938.25 663708807.375 6.05428243325367e-07 1437 0.00188796839447261 0.257279514545499
1.17 7A 666177956.666667 666185156.666667 6.35459762422104e-07 1365 0.00218476942564103 0.259092944856759
1.18 7A 667271673.833333 667277019.666667 6.51973905126505e-07 2410 0.000598551680497925 0.334906575835148
1.19 7A 669236236.125 669238859.875 6.76295728519332e-07 690 0.00337835622360248 0.203161992995802
1.2 7A 671304866.4 671310649.4 7.11315191986617e-07 1176 0.0036638584077381 0.0894556658057791
1.21 7A 672187016.8 672191002.8 7.23183744925396e-07 1462 0.00386182415184679 0.160570898312621
1.22 7A 673960688.5 673965283 7.38241521379745e-07 498 0.000295375068273092 0
1.23 7A 675163388.888889 675166961.222222 7.41261220755944e-07 1501 0.00512885878081279 0.168517065514181
1.24 7A 676065418 676066463 7.39872530311478e-07 108 0 NA
1.25 7A 677976424.428571 677979325.142857 7.48077054620312e-07 1160 0.00492589064655172 0.0647451382041772
1.26 7A 679887831.545455 679894033.090909 7.57835976527244e-07 2743 0.00146965324753919 0.431017765964559
1.27 7A 681492589.25 681494972.5 7.55813578113127e-07 237 0 Inf
1.28 7A 681997487 682001751.5 7.57546350086986e-07 195 0.00423351697435897 0.0521003734532122
1.29 7A 683594754 683600827 7.7446798432567e-07 852 0.000789765943661972 0.51649128874255
1.3 7A 685618296.75 685622781.25 7.83339364463635e-07 490 0.003048591 0.358397955525242
1.31 7A 686180733.8 686184482.4 7.83451109739655e-07 696 0.00119317079597701 0.582510437627344
1.33 7A 688733818.2 688741079.8 7.69835584539325e-07 1061 0.00520608934967012 0.299809672116965
1.34 7A 690052934 690056735 7.54257314923966e-07 338 0.00509025 0
1.35 7A 691009114 691012776.5 7.48463262876918e-07 250 0 Inf
1.36 7A 691568181 691570712.5 7.49523332228067e-07 602 0.00129333627906977 1.15729141830053
1.37 7A 692823915 692830108.666667 7.63437142778096e-07 994 0.0046200676861167 0.0717384078148376
1.38 7A 693846860.8 693852226.2 7.69314190186572e-07 1078 0.00276281966604824 0.220109863293382
1.39 7A 694532497.25 694535627.75 7.69199560409379e-07 1091 0.000681509142988084 0.752807470641849
1.4 7A 696912103 696921395.25 7.42721395143024e-07 1143 0.00150236650568679 0.0969939186919961
1.42 7A 698996338.090909 699000699.272727 7.15844708959259e-07 1858 0.00206688941872982 0.128814894861822
1.43 7A 700984589.75 700991064 6.96863001510154e-07 2369 0.0012619888691431 0.214468728179387
1.44 7A 701913966.153846 701918586.923077 6.930028481691e-07 4062 0.00304823675012309 0.0819458044697529
1.45 7A 704394427 704398372.666667 6.95645416372987e-07 650 0.00990276487692308 0.0419725172107606
1.46 7A 705375620.083333 705380084.583333 6.9806648578644e-07 3309 0.00194288203747356 0.305575799379689
1.47 7A 707379808.25 707383504.75 7.052315902912e-07 1136 0.00115945429225352 0.0665001809572151
1.48 7A 708911779.333333 708915051.333333 7.01947038293898e-07 1372 0.014876863154519 0.0132874337469221
1.5 7A 712383385.666667 712386503.833333 6.94395840005939e-07 1010 0.00511853304950495 0.0853573820785186
1.51 7A 714293310.5 714303215.5 6.9094264377496e-07 706 0.00192038900849858 0.126370509917343
1.52 7A 715926084.6 715930788.4 6.88361959669079e-07 952 0.00641835870535714 0.0383828227080988
1.53 7A 717478487.5 717493125 6.86250095667112e-07 586 0.00426098979522184 0.156390304481563
1.55 7A 719569416 719572246.333333 6.83905626680833e-07 790 0.00305354740886076 0.223109484190372
1.57 7A 721235609.4 721239898.6 6.82464608116064e-07 2023 0.00182992089471083 0.301520818612352
1.58 7A 722134692.333333 722137731.666667 6.81510091390888e-07 358 0.00510721847765363 0
1.59 7A 723286624.666667 723291067.666667 6.78944625558225e-07 981 0.00464949795107034 0.0683049830406097
1.6 7A 724391355 724395754.333333 6.76704561555396e-07 924 0.0046569612987013 0.0187321283002983
1.61 7A 726204595.5 726210835.5 6.73821050918168e-07 1285 0.00312230308949416 0.277900583547842
1.62 7A 727713156.333333 727719872 6.7223499789636e-07 2108 0.00467705065464896 0.0523378227183137
1.63 7A 729497917.75 729502918.5 6.71318094889292e-07 1100 0.000635811854545454 1.31267963147017
1.64 7A 730642630.125 730647352.875 6.71266800600071e-07 3690 0.00321313858521099 0.140256471851963
1.65 7A 732956460.076923 732959854.615385 6.71958337079508e-07 2868 0.0102249860146444 0.12829458034174
1.66 7A 736155653.111111 736161508.666667 6.71231122095849e-07 2931 0.00336996714909587 0.260918946536075
