poscM Chromosome Start End GenDens
0 1D 107187574 107414624 227050
0.01 1D 85019958 85069617 49659
0.02 1D 104277326 104341985 64659
0.03 1D 16550933 16561817 10884
0.04 1D 114665038 114753424 88386
0.05 1D 187881105 187949189 68084
0.06 1D 157631567 157731488 99921
0.07 1D 733128956 733426571 297615
0.08 1D 193066882 193112753 45871
0.09 1D 166949395 166974519 25124
0.1 1D 185099685 185212022 112337
0.11 1D 206501735 206555569 53834
0.12 1D 586346399 586486157 139758
0.13 1D 221295453 221322681 27228
0.14 1D 88219451 88235987 16536
0.15 1D 145460929 145480326 19397
0.16 1D 777949978 778116839 166861
0.17 1D 104008487 104026717 18230
0.18 1D 86252858 86266008 13150
0.19 1D 111493232 111503126 9894
0.2 1D 206461282 206488439 27157
0.21 1D 217860032 217885415 25383
0.22 1D 174820633 174848482 27849
0.23 1D 314518997 314545999 27002
0.24 1D 391027305 391095340 68035
0.25 1D 258574703 258607601 32898
0.26 1D 393661272 393697768 36496
0.27 1D 218796030 218838194 42164
0.28 1D 194913270 194949758 36488
0.29 1D 302744054 302759890 15836
0.3 1D 312655703 312689448 33745
0.31 1D 214675850 214704046 28196
0.32 1D 550002996 550047447 44451
0.33 1D 640037304 640076822 39518
0.34 1D 540424265 540461384 37119
0.35 1D 318159557 318185479 25922
0.36 1D 1076916937 1076990380 73443
0.37 1D 563303616 563337637 34021
0.38 1D 361404724 361427925 23201
0.39 1D 849709704 849784656 74952
0.4 1D 1785066030 1785201959 135929
0.41 1D 1613589085 1613662018 72933
0.42 1D 1449359362 1449439788 80426
0.43 1D 2329454723 2329663137 208414
0.44 1D 12411263735 12411847001 583266
0.45 1D 930114214 930139475 25261
0.46 1D 771739283 771791758 52475
0.47 1D 1576129866 1576201116 71250
0.48 1D 2650125298 2650211632 86334
0.49 1D 30138759466 30139893799 1134333
0.5 1D 300570013 300603686 33673
0.51 1D 460400773 460427716 26943
0.52 1D 75934308552 75936185436 1876884
0.53 1D 38884892811 38885249922 357111
0.54 1D 25295301242 25295612048 310806
0.55 1D 23867265841 23867605056 339215
0.56 1D 25236440795 25236701195 260400
0.57 1D 20165805650 20166059285 253635
0.58 1D 19528824147 19529041397 217250
0.59 1D 21248069260 21248348784 279524
0.6 1D 15867828600 15868003584 174984
0.61 1D 14167815101 14167993008 177907
0.62 1D 16422881217 16423100386 219169
0.63 1D 27803466782 27803786122 319340
0.64 1D 17147021140 17147166909 145769
0.65 1D 12809145720 12809281914 136194
0.66 1D 18452354178 18452509058 154880
0.67 1D 17561833204 17561985034 151830
0.68 1D 11124345066 11124432579 87513
0.69 1D 14669227697 14669360863 133166
0.7 1D 21357964314 21358171328 207014
0.71 1D 18177594541 18177750674 156133
0.72 1D 16852418746 16852566578 147832
0.73 1D 17408053952 17408158627 104675
0.74 1D 9168925842 9168979083 53241
0.75 1D 5203960431 5204015607 55176
0.76 1D 8842988825 8843058440 69615
0.77 1D 14535734889 14535843801 108912
0.78 1D 8523309455 8523374884 65429
0.79 1D 12246791010 12246882164 91154
0.8 1D 7794025757 7794088825 63068
0.81 1D 11953777261 11953854402 77141
0.82 1D 11594085962 11594185828 99866
0.83 1D 12479225515 12479311821 86306
0.84 1D 10891358997 10891433798 74801
0.85 1D 26996048386 26996278399 230013
0.86 1D 23910883704 23911031985 148281
0.87 1D 2581726653 2581742613 15960
0.88 1D 2152433462 2152447438 13976
0.89 1D 430976701 430983376 6675
0.9 1D 3885034011 3885077692 43681
0.91 1D 5186459882 5186498236 38354
0.92 1D 6059818888 6059862511 43623
0.93 1D 7370867693 7370926028 58335
0.94 1D 6082163625 6082201678 38053
0.95 1D 11325719143 11325810370 91227
0.96 1D 6111132903 6111183070 50167
0.97 1D 2624717414 2624741069 23655
0.98 1D 4384819729 4384846440 26711
0.99 1D 10995175644 10995227208 51564
1 1D 36354985012 36355183390 198378
1.01 1D 8029188715 8029238517 49802
1.02 1D 4469380745 4469416932 36187
1.03 1D 9407553742 9407621500 67758
1.04 1D 5836353030 5836388021 34991
1.05 1D 6297563455 6297609708 46253
1.06 1D 5412301481 5412324171 22690
1.07 1D 6778386932 6778411314 24382
1.08 1D 7695575335 7695623075 47740
1.09 1D 4081729299 4081744170 14871
1.1 1D 4543200138 4543224055 23917
1.11 1D 9567626962 9567684589 57627
1.12 1D 8681707483 8681764507 57024
1.13 1D 25703296895 25703455788 158893
1.14 1D 14769238321 14769325498 87177
1.15 1D 8789208502 8789261407 52905
1.16 1D 5560408111 5560466363 58252
1.17 1D 4639990131 4640008319 18188
1.18 1D 3716341881 3716371076 29195
1.19 1D 9768640264 9768722101 81837
1.2 1D 7458453708 7458507818 54110
1.21 1D 3269937065 3269949635 12570
1.22 1D 12160815467 12160881299 65832
1.23 1D 2813784762 2813809497 24735
1.24 1D 11278948598 11278994275 45677
1.25 1D 10353142242 10353219283 77041
1.26 1D 4713906105 4713941475 35370
1.27 1D 2833002364 2833016159 13795
1.28 1D 4254174644 4254197818 23174
1.29 1D 16589393739 16589469100 75361
1.3 1D 14734625654 14734700458 74804
1.31 1D 14776256272 14776353412 97140
1.32 1D 11471873242 11471946361 73119
1.33 1D 9101334585 9101402179 67594
1.34 1D 8155201542 8155245959 44417
1.35 1D 6248093348 6248135818 42470
1.36 1D 12998765144 12998831508 66364
1.37 1D 6269554776 6269574214 19438
1.38 1D 3864364928 3864392006 27078
1.39 1D 13066716746 13066825836 109090
1.4 1D 6301752064 6301807136 55072
1.41 1D 9710720866 9710782151 61285
1.42 1D 8754606384 8754667227 60843
1.43 1D 11693617180 11693724997 107817
1.44 1D 7811069054 7811120236 51182
1.45 1D 4404132023 4404155238 23215
1.46 1D 8339610589 8339650859 40270
1.47 1D 11326164775 11326257850 93075
1.48 1D 18289521605 18289643628 122023
0 2D 3578709 3630579 51870
0.01 2D 2030340 2039580 9240
0.02 2D 23805892 23852004 46112
0.03 2D 59739138 59827207 88069
0.04 2D 47911758 47944955 33197
0.05 2D 23586224 23628739 42515
0.06 2D 39154911 39175338 20427
0.07 2D 80530432 80612608 82176
0.08 2D 98132327 98201484 69157
0.09 2D 52943367 52962872 19505
0.1 2D 93650521 93706270 55749
0.11 2D 147662467 147705693 43226
0.12 2D 245629229 245731459 102230
0.13 2D 292346033 292409659 63626
0.14 2D 475042826 475200672 157846
0.15 2D 289668696 289765401 96705
0.16 2D 311200756 311292251 91495
0.17 2D 310247301 310317813 70512
0.18 2D 507258131 507380418 122287
0.19 2D 585477133 585627047 149914
0.2 2D 677413419 677517219 103800
0.21 2D 733294945 733362168 67223
0.22 2D 373768878 373821780 52902
0.23 2D 250058713 250114134 55421
0.24 2D 440183344 440235846 52502
0.25 2D 545878124 545953178 75054
0.26 2D 186432899 186451732 18833
0.27 2D 123057566 123069541 11975
0.28 2D 578065946 578141356 75410
0.29 2D 211151467 211183960 32493
0.3 2D 134560302 134590768 30466
0.31 2D 775276602 775353078 76476
0.32 2D 534883030 534957969 74939
0.33 2D 492325922 492386782 60860
0.34 2D 386498174 386547756 49582
0.35 2D 762406661 762482150 75489
0.36 2D 189725936 189742056 16120
0.37 2D 710028094 710095688 67594
0.38 2D 595680992 595751913 70921
0.39 2D 715040289 715082772 42483
0.4 2D 811992624 812062601 69977
0.41 2D 1060426563 1060503967 77404
0.42 2D 903991990 904055789 63799
0.43 2D 549094142 549110794 16652
0.44 2D 80732362 80734026 1664
0.45 2D 515777190 515820306 43116
0.46 2D 882034214 882080530 46316
0.47 2D 692055813 692126639 70826
0.48 2D 669942454 669976435 33981
0.49 2D 844861187 844928941 67754
0.5 2D 1027238915 1027307008 68093
0.51 2D 481227847 481243037 15190
0.52 2D 2117805139 2117927844 122705
0.53 2D 809534543 809569207 34664
0.54 2D 1986595712 1986663957 68245
0.55 2D 2298881400 2298993148 111748
0.56 2D 1534678134 1534742958 64824
0.57 2D 1198104631 1198162847 58216
0.58 2D 1302053952 1302101135 47183
0.59 2D 1408300508 1408349285 48777
0.6 2D 2171783935 2171862302 78367
0.61 2D 2064375326 2064458167 82841
0.62 2D 2724183722 2724306191 122469
0.63 2D 1637429249 1637509365 80116
0.64 2D 3526164534 3526356319 191785
0.65 2D 3560878402 3561041428 163026
0.66 2D 1971502946 1971587933 84987
0.67 2D 3562298352 3562422611 124259
0.68 2D 5161607124 5161781925 174801
0.69 2D 5481771734 5481924086 152352
0.7 2D 7851145749 7851342711 196962
0.71 2D 7743620698 7743849824 229126
0.72 2D 5325793847 5325956377 162530
0.73 2D 4548205631 4548340305 134674
0.74 2D 8395165555 8395353723 188168
0.75 2D 6298296757 6298433152 136395
0.76 2D 6950759238 6950910255 151017
0.77 2D 43543825710 43544824057 998347
0.78 2D 6471602607 6471733130 130523
0.79 2D 12846392992 12846758529 365537
0.8 2D 114057229569 114059306135 2076566
0.81 2D 37777628147 37778075347 447200
0.82 2D 31624344091 31624636922 292831
0.83 2D 34358733190 34359061285 328095
0.84 2D 61975800496 61976361486 560990
0.85 2D 24461845024 24462018592 173568
0.86 2D 33828995547 33829267934 272387
0.87 2D 76730121697 76730728174 606477
0.88 2D 20447584359 20447730182 145823
0.89 2D 23530959695 23531145638 185943
0.9 2D 36722925041 36723195209 270168
0.91 2D 43062171705 43062436554 264849
0.92 2D 46898133347 46898451005 317658
0.93 2D 25950367266 25950512341 145075
0.94 2D 28490709170 28490926978 217808
0.95 2D 34181627703 34181879659 251956
0.96 2D 49449466623 49449749047 282424
0.97 2D 42740433140 42740656657 223517
0.98 2D 32945337773 32945573020 235247
0.99 2D 44781803748 44782028073 224325
1 2D 13774652565 13774792855 140290
1.01 2D 22753281113 22753401176 120063
1.02 2D 23445941291 23446068494 127203
1.03 2D 28108853421 28108966629 113208
1.04 2D 47032445666 47032685972 240306
1.05 2D 22873481362 22873617292 135930
1.06 2D 27607891891 27608030167 138276
1.07 2D 27757306423 27757460039 153616
1.08 2D 12184315856 12184387601 71745
1.09 2D 2913108389 2913120810 12421
1.1 2D 26912718387 26912892220 173833
1.11 2D 20551513308 20551626137 112829
1.12 2D 12956982520 12957037925 55405
1.13 2D 21263515885 21263613353 97468
1.14 2D 20750940454 20751061282 120828
1.15 2D 24994411094 24994536920 125826
1.16 2D 19161878431 19161976428 97997
1.17 2D 30074439333 30074691522 252189
1.18 2D 14499461108 14499524219 63111
1.19 2D 19422107663 19422184492 76829
1.2 2D 23751188993 23751315898 126905
1.21 2D 9770121232 9770162491 41259
1.22 2D 7346973242 7347003393 30151
1.23 2D 10425858820 10425906707 47887
1.24 2D 15376984053 15377031493 47440
1.25 2D 38891828747 38892020189 191442
1.26 2D 45842513007 45842684500 171493
1.27 2D 29846090891 29846243706 152815
1.28 2D 26868789903 26868942517 152614
1.29 2D 43392950976 43393175871 224895
1.3 2D 67236492480 67236819914 327434
1.31 2D 210026143073 210027213616 1070543
0 3D 174900229 175140470 240241
0.01 3D 241083948 241242641 158693
0.02 3D 308704353 308851585 147232
0.03 3D 281807943 281929257 121314
0.04 3D 171842516 171920804 78288
0.05 3D 176919144 176969351 50207
0.06 3D 113206916 113231947 25031
0.07 3D 152818510 152862708 44198
0.08 3D 220696825 220753681 56856
0.09 3D 336902466 336953928 51462
0.1 3D 302872276 302947438 75162
0.11 3D 153564995 153592798 27803
0.12 3D 162375539 162414100 38561
0.13 3D 327318386 327383645 65259
0.14 3D 327439650 327496166 56516
0.15 3D 452358924 452469865 110941
0.16 3D 91042997 91069785 26788
0.17 3D 378866651 378962264 95613
0.18 3D 159665126 159682492 17366
0.19 3D 102800503 102805796 5293
0.2 3D 392174941 392191138 16197
0.21 3D 312858578 312903918 45340
0.22 3D 277241478 277277594 36116
0.23 3D 406936646 406978715 42069
0.24 3D 49372440 49376339 3899
0.25 3D 151647435 151663690 16255
0.26 3D 339303156 339334196 31040
0.27 3D 397460453 397506699 46246
0.28 3D 274293035 274314345 21310
0.29 3D 563393096 563443440 50344
0.3 3D 405773335 405801183 27848
0.31 3D 1021526805 1021639450 112645
0.32 3D 698642002 698708867 66865
0.33 3D 629403466 629463561 60095
0.34 3D 1209879589 1209992166 112577
0.35 3D 1748535799 1748672472 136673
0.36 3D 1745794108 1745906490 112382
0.37 3D 2018626943 2018770057 143114
0.38 3D 1641011858 1641120440 108582
0.39 3D 1707874187 1707974988 100801
0.4 3D 808123978 808177766 53788
0.41 3D 416047193 416068901 21708
0.42 3D 485148484 485172644 24160
0.43 3D 1103134561 1103179786 45225
0.44 3D 1082589303 1082652727 63424
0.45 3D 1055434694 1055501268 66574
0.46 3D 983883620 983932540 48920
0.47 3D 1534040586 1534107517 66931
0.48 3D 2013344851 2013468395 123544
0.49 3D 2525573524 2525683392 109868
0.5 3D 11861829122 11862316454 487332
0.51 3D 1300456833 1300482297 25464
0.52 3D 467665539 467673330 7791
0.53 3D 2179933725 2179987940 54215
0.54 3D 1445691965 1445722909 30944
0.55 3D 17769276134 17769825904 549770
0.56 3D 13766406856 13766863118 456262
0.57 3D 10669167907 10669459572 291665
0.58 3D 23066039155 23066532954 493799
0.59 3D 69226640065 69228760430 2120365
0.6 3D 43250375190 43250955788 580598
0.61 3D 31165738784 31166186315 447531
0.62 3D 32765170782 32765550025 379243
0.63 3D 73363492445 73364291471 799026
0.64 3D 41263724885 41264189182 464297
0.65 3D 22165876845 22166064574 187729
0.66 3D 19716487660 19716663631 175971
0.67 3D 13101331519 13101471512 139993
0.68 3D 20753076262 20753245543 169281
0.69 3D 26471737430 26471967528 230098
0.7 3D 20446048142 20446256508 208366
0.71 3D 18047594087 18047730642 136555
0.72 3D 19964322355 19964446166 123811
0.73 3D 16636464167 16636549093 84926
0.74 3D 14565758189 14565886268 128079
0.75 3D 17781643812 17781822077 178265
0.76 3D 12088357626 12088455572 97946
0.77 3D 8119586394 8119644094 57700
0.78 3D 16350943983 16351025825 81842
0.79 3D 16889939832 16890047956 108124
0.8 3D 14249425652 14249536247 110595
0.81 3D 18044273718 18044375033 101315
0.82 3D 10246247710 10246307722 60012
0.83 3D 9387547564 9387617990 70426
0.84 3D 14189778126 14189878249 100123
0.85 3D 16211329853 16211473011 143158
0.86 3D 21632127917 21632242829 114912
0.87 3D 18885725704 18885834163 108459
0.88 3D 17577722958 17577892422 169464
0.89 3D 3935464830 3935492218 27388
0.9 3D 33310579264 33310762856 183592
0.91 3D 21581298436 21581443752 145316
0.92 3D 21259824487 21259969070 144583
0.93 3D 23479329606 23479453676 124070
0.94 3D 22128252446 22128389609 137163
0.95 3D 26460498074 26460635049 136975
0.96 3D 24068808551 24068928990 120439
0.97 3D 26324005214 26324193234 188020
0.98 3D 14861917148 14862027099 109951
0.99 3D 14942835028 14942904806 69778
1 3D 16637802554 16637898884 96330
1.01 3D 6477138760 6477207646 68886
1.02 3D 7589342574 7589457890 115316
1.03 3D 15249339147 15249500267 161120
1.04 3D 23512022206 23512151330 129124
1.05 3D 24165612267 24165747906 135639
1.06 3D 18219891111 18219984035 92924
1.07 3D 17185913066 17185993476 80410
1.08 3D 16148677310 16148747908 70598
1.09 3D 11178709857 11178752671 42814
1.1 3D 8403714997 8403760467 45470
1.11 3D 10664277146 10664323234 46088
1.12 3D 9562006685 9562040045 33360
1.13 3D 7328455560 7328480848 25288
1.14 3D 33429373164 33429568985 195821
1.15 3D 29098952129 29099092153 140024
1.16 3D 18943190936 18943267688 76752
1.17 3D 13244574299 13244653931 79632
1.18 3D 17328513079 17328573309 60230
1.19 3D 10419801326 10419862032 60706
1.2 3D 10432442305 10432477575 35270
1.21 3D 8130425988 8130448760 22772
1.22 3D 5815949422 5815974022 24600
1.23 3D 11645265883 11645303169 37286
1.24 3D 13994248376 13994296958 48582
1.25 3D 5842733835 5842755980 22145
1.26 3D 6434597995 6434629297 31302
1.27 3D 6446265010 6446308478 43468
1.28 3D 10563181276 10563223531 42255
1.29 3D 12343004073 12343052390 48317
1.3 3D 7652037619 7652084597 46978
1.31 3D 15324552932 15324577304 24372
1.32 3D 11809868218 11809947655 79437
1.33 3D 8871992744 8872052854 60110
1.34 3D 7109390299 7109404291 13992
1.35 3D 10680621515 10680686331 64816
1.36 3D 11890089721 11890153406 63685
1.37 3D 10119980316 10120032321 52005
1.38 3D 10140070799 10140122265 51466
1.39 3D 8961813365 8961852741 39376
1.4 3D 8377631760 8377685815 54055
1.41 3D 4194046389 4194072112 25723
1.42 3D 3601075513 3601091402 15889
1.43 3D 9008997459 9009012171 14712
1.44 3D 4813019891 4813041788 21897
1.45 3D 15671833334 15671903860 70526
1.46 3D 27190478874 27190625298 146424
1.47 3D 40059065784 40059270872 205088
1.48 3D 17670809034 17670937145 128111
1.49 3D 10986277915 10986314500 36585
1.5 3D 14059534468 14059587559 53091
1.51 3D 3058919613 3058926545 6932
1.52 3D 4899089445 4899104675 15230
1.53 3D 4290776651 4290808039 31388
1.54 3D 12272538478 12272596403 57925
1.55 3D 4298186245 4298202815 16570
1.56 3D 1843310370 1843316711 6341
1.57 3D 2459661742 2459667025 5283
1.58 3D 1230565610 1230568520 2910
1.59 3D 615474122 615475387 1265
0 4D 186233105 186490768 257663
0.01 4D 100814679 100900968 86289
0.02 4D 15884494 15888206 3712
0.03 4D 84478604 84525721 47117
0.04 4D 30076981 30089826 12845
0.05 4D 44678734 44693151 14417
0.06 4D 92822711 92855887 33176
0.07 4D 34895422 34904746 9324
0.08 4D 21493814 21522848 29034
0.09 4D 52291463 52307734 16271
0.1 4D 93109204 93156350 47146
0.11 4D 79546494 79576966 30472
0.12 4D 40944504 40953662 9158
0.13 4D 16838155 16849576 11421
0.14 4D 51969912 51999977 30065
0.15 4D 62552547 62557940 5393
0.16 4D 196716498 196812443 95945
0.17 4D 20006625 20007946 1321
0.18 4D 61654088 61685793 31705
0.19 4D 96799737 96819559 19822
0.2 4D 132253430 132294589 41159
0.21 4D 57421638 57450055 28417
0.22 4D 95450991 95481818 30827
0.23 4D 74383936 74423785 39849
0.24 4D 164231574 164274420 42846
0.25 4D 118516878 118553205 36327
0.26 4D 55067909 55083592 15683
0.28 4D 250326018 250351973 25955
0.29 4D 258857362 258919267 61905
0.3 4D 381873515 381961512 87997
0.31 4D 410340563 410404411 63848
0.32 4D 262873466 262939704 66238
0.33 4D 708671208 708749935 78727
0.34 4D 204473812 204495975 22163
0.35 4D 172218358 172273655 55297
0.36 4D 221833014 221872925 39911
0.37 4D 209727977 209768052 40075
0.38 4D 72697053 72703491 6438
0.39 4D 406891564 406936643 45079
0.4 4D 457952726 458014962 62236
0.41 4D 462494629 462569641 75012
0.42 4D 790649446 790729386 79940
0.43 4D 580212900 580295059 82159
0.44 4D 1438940829 1439113561 172732
0.45 4D 1752349225 1752459138 109913
0.46 4D 2274769806 2274978202 208396
0.47 4D 1896710281 1896866464 156183
0.48 4D 2032779179 2032892900 113721
0.49 4D 1767359633 1767481672 122039
0.5 4D 1643259115 1643398808 139693
0.51 4D 17476211684 17477168241 956557
0.52 4D 8914556191 8914869607 313416
0.53 4D 10039927859 10040269916 342057
0.54 4D 32915819849 32916831351 1011502
0.56 4D 403340077 403348768 8691
0.57 4D 24175094186 24175974841 880655
0.58 4D 6788509683 6788729544 219861
0.59 4D 39752797070 39753442794 645724
0.6 4D 90266613689 90267572603 958914
0.61 4D 44148604512 44149022170 417658
0.62 4D 8336350627 8336439033 88406
0.63 4D 9530995785 9531088647 92862
0.64 4D 18596735122 18596881625 146503
0.65 4D 29646017735 29646295317 277582
0.66 4D 33729537954 33729892872 354918
0.67 4D 21744852030 21745060374 208344
0.68 4D 17766429223 17766563140 133917
0.69 4D 17547512159 17547665478 153319
0.7 4D 10380825409 10380881958 56549
0.71 4D 18733558880 18733696170 137290
0.72 4D 24249137185 24249293251 156066
0.73 4D 11554875631 11554952090 76459
0.74 4D 21575188291 21575318231 129940
0.75 4D 26373263626 26373439114 175488
0.76 4D 10561634798 10561713560 78762
0.77 4D 8297896494 8297935483 38989
0.78 4D 14830648453 14830731962 83509
0.79 4D 17695592485 17695691433 98948
0.8 4D 17807830458 17807967125 136667
0.81 4D 8471908128 8471935306 27178
0.82 4D 18955897112 18956039574 142462
0.83 4D 4762012008 4762043225 31217
0.84 4D 10022306243 10022382407 76164
0.85 4D 8605305042 8605356451 51409
0.86 4D 4313592083 4313607060 14977
0.87 4D 3358839202 3358860179 20977
0.88 4D 2885127847 2885147128 19281
0.89 4D 6736526247 6736564190 37943
0.9 4D 3373164297 3373189348 25051
0.91 4D 6755713042 6755772714 59672
0.92 4D 10147882592 10147971971 89379
0.93 4D 5806854646 5806887837 33191
0.94 4D 13084827636 13084900420 72784
0.95 4D 5824509798 5824532731 22933
0.96 4D 2428805567 2428819596 14029
0.97 4D 2917360113 2917380328 20215
0.98 4D 7302809249 7302856077 46828
0.99 4D 5360671650 5360691310 19660
1 4D 16142597229 16142664101 66872
1.01 4D 23168630920 23168828218 197298
1.02 4D 5456801511 5456829726 28215
1.03 4D 8951803849 8951869280 65431
1.04 4D 4980108538 4980136090 27552
1.05 4D 2991730793 2991760439 29646
1.06 4D 4491441501 4491473560 32059
1.07 4D 9491972404 9492017213 44809
1.08 4D 8503877097 8503957408 80311
1.09 4D 3004904535 3004933076 28541
1.1 4D 3510863130 3510886153 23023
1.11 4D 16583875097 16583957278 82181
1.12 4D 17636644731 17636742747 98016
1.13 4D 4036381909 4036390930 9021
1.14 4D 1515618078 1515625094 7016
1.15 4D 505307336 505307578 242
1.16 4D 3537499091 3537523183 24092
1.17 4D 1516294084 1516302641 8557
1.18 4D 1516566122 1516572636 6514
1.19 4D 505700443 505700892 449
1.2 4D 505725280 505725876 596
1.21 4D 3542177324 3542200673 23349
1.22 4D 2024510837 2024520445 9608
1.23 4D 1519087670 1519094655 6985
1.24 4D 1520072485 1520076835 4350
1.25 4D 36114948583 36115192023 243440
0 5D 2105926 2122339 16413
0.01 5D 4942427 4954439 12012
0.02 5D 24586037 24630270 44233
0.03 5D 31276587 31314809 38222
0.04 5D 87068158 87157582 89424
0.05 5D 25758901 25784844 25943
0.06 5D 79906340 79982944 76604
0.07 5D 348788653 348878076 89423
0.08 5D 84497096 84556471 59375
0.09 5D 84449170 84518008 68838
0.1 5D 157350870 157393686 42816
0.11 5D 121844824 121892800 47976
0.12 5D 781940633 782103603 162970
0.13 5D 565321368 565389636 68268
0.14 5D 323093906 323140913 47007
0.15 5D 351249848 351270888 21040
0.16 5D 814860878 814970056 109178
0.17 5D 450452666 450512395 59729
0.18 5D 594574661 594639012 64351
0.19 5D 1150484943 1150568664 83721
0.2 5D 150770970 150791727 20757
0.21 5D 120297739 120303095 5356
0.22 5D 491121500 491162909 41409
0.23 5D 624787620 624826082 38462
0.24 5D 764404995 764442437 37442
0.25 5D 476226598 476257484 30886
0.26 5D 491027307 491062604 35297
0.27 5D 818136371 818179032 42661
0.28 5D 369437918 369474655 36737
0.29 5D 469216067 469249479 33412
0.3 5D 1220934828 1221021384 86556
0.31 5D 3596846154 3597044803 198649
0.32 5D 35223717059 35225272806 1555747
0.33 5D 233489864 233496305 6441
0.37 5D 116958786 116968730 9944
0.45 5D 117242640 117243941 1301
0.46 5D 234528757 234535490 6733
0.47 5D 117342860 117345201 2341
0.52 5D 235451587 235481770 30183
0.53 5D 117895789 117905396 9607
0.54 5D 472110668 472130773 20105
0.55 5D 2386554633 2386631970 77337
0.56 5D 18649332330 18650170317 837987
0.57 5D 10314561671 10315046736 485065
0.58 5D 35219753271 35220449817 696546
0.59 5D 95559383512 95560981081 1597569
0.6 5D 30064482384 30064865604 383220
0.61 5D 21860031754 21860325872 294118
0.62 5D 26918552149 26918828437 276288
0.63 5D 16650461364 16650669795 208431
0.64 5D 16309252580 16309414994 162414
0.65 5D 15844596993 15844708832 111839
0.66 5D 12365387923 12365578919 190996
0.67 5D 10443615812 10443748917 133105
0.68 5D 9517948308 9518033016 84708
0.69 5D 3424573290 3424598664 25374
0.7 5D 15911558623 15911670672 112049
0.71 5D 10501340442 10501423406 82964
0.72 5D 12713473620 12713572517 98897
0.73 5D 17445397286 17445542075 144789
0.74 5D 5381901369 5381943738 42369
0.75 5D 10483988641 10484119204 130563
0.76 5D 9108883140 9108962888 79748
0.77 5D 9539752472 9539848496 96024
0.78 5D 15505647284 15505767475 120191
0.79 5D 12999621482 12999756189 134707
0.8 5D 5986238039 5986274689 36650
0.81 5D 9767876284 9767974699 98415
0.82 5D 9071510273 9071578552 68279
0.83 5D 8353255669 8353316005 60336
0.84 5D 10689207151 10689283249 76098
0.85 5D 9214898706 9214977571 78865
0.86 5D 8097098226 8097176864 78638
0.87 5D 14332711856 14332798894 87038
0.88 5D 10501525558 10501582647 57089
0.89 5D 7811847879 7811919648 71769
0.9 5D 3137496571 3137530169 33598
0.91 5D 9059723265 9059759196 35931
0.92 5D 4355031172 4355077690 46518
0.93 5D 5955282200 5955360407 78207
0.94 5D 11555630405 11555720223 89818
0.95 5D 9192851648 9192945149 93501
0.96 5D 1203589829 1203600729 10900
0.97 5D 4432019396 4432068171 48775
0.98 5D 6878926888 6878978899 52011
0.99 5D 9356061240 9356122742 61502
1 5D 16751988562 16752105661 117099
1.01 5D 14370817204 14370888755 71551
1.02 5D 15690774205 15690875328 101123
1.03 5D 9974831683 9974912844 81161
1.04 5D 6265625844 6265657755 31911
1.05 5D 8821665956 8821733131 67175
1.06 5D 15183963522 15184065038 101516
1.07 5D 14404086222 14404169655 83433
1.08 5D 8937560938 8937621780 60842
1.09 5D 9835216827 9835262923 46096
1.1 5D 13319944771 13320017320 72549
1.11 5D 11660769377 11660843496 74119
1.12 5D 9522646752 9522685602 38850
1.13 5D 6079014517 6079032001 17484
1.14 5D 16965073238 16965124523 51285
1.15 5D 6546792543 6546829772 37229
1.16 5D 10499734403 10499801763 67360
1.17 5D 11847457830 11847577783 119953
1.18 5D 15872496373 15872571254 74881
1.19 5D 15499024095 15499147771 123676
1.2 5D 3553719787 3553741985 22198
1.21 5D 8006925226 8006984670 59444
1.22 5D 8913829726 8913883910 54184
1.23 5D 13412485071 13412608202 123131
1.24 5D 8976637743 8976716545 78802
1.25 5D 7199534628 7199569172 34544
1.26 5D 7661317886 7661377578 59692
1.27 5D 3160361113 3160401709 40596
1.28 5D 4972514989 4972538922 23933
1.29 5D 3168233882 3168258009 24127
1.3 5D 1360058006 1360074453 16447
1.31 5D 4993109964 4993151177 41213
1.32 5D 3635614214 3635645956 31742
1.33 5D 1366270053 1366275459 5406
1.34 5D 6845939053 6845995473 56420
1.35 5D 6866652551 6866703280 50729
1.36 5D 14237819249 14237913846 94597
1.37 5D 15240254031 15240356956 102925
1.38 5D 18102103177 18102267201 164024
1.39 5D 14919816454 14919943523 127069
1.4 5D 16904925719 16905060818 135099
1.41 5D 22702401203 22702539144 137941
1.42 5D 10460701228 10460766478 65250
1.43 5D 10016095825 10016142992 47167
1.44 5D 6699318986 6699362677 43691
1.45 5D 10558459580 10558539501 79921
1.46 5D 12024112625 12024182471 69846
1.47 5D 7719669928 7719727093 57165
1.48 5D 14518377800 14518439003 61203
1.49 5D 12142995434 12143060769 65335
1.5 5D 6820149425 6820190839 41414
1.51 5D 13189389112 13189456886 67774
1.52 5D 9798693434 9798761079 67645
1.53 5D 13259536899 13259664821 127922
1.54 5D 5415437579 5415463319 25740
1.55 5D 13825701577 13825770217 68640
1.56 5D 12868944395 12869009977 65582
1.57 5D 7935756783 7935796691 39908
1.58 5D 8455429310 8455481957 52647
1.59 5D 12460190291 12460314082 123791
1.6 5D 7495014184 7495043947 29763
1.61 5D 9515646157 9515724317 78160
1.62 5D 5017220292 5017272784 52492
1.63 5D 22140184238 22140243053 58815
1.64 5D 4032216855 4032233495 16640
1.65 5D 9098630170 9098679074 48904
1.66 5D 7596857701 7596906142 48441
1.67 5D 10663064539 10663117636 53097
1.68 5D 11201151105 11201206770 55665
1.69 5D 8673350211 8673382593 32382
1.7 5D 5114369547 5114393767 24220
1.71 5D 9741230360 9741294559 64199
1.72 5D 9250438852 9250496262 57410
1.73 5D 12881717765 12881750664 32899
1.74 5D 16038056581 16038136252 79671
1.75 5D 8827597468 8827653432 55964
1.76 5D 18734818580 18734934417 115837
1.77 5D 10959605975 10959660072 54097
1.78 5D 4709480068 4709494592 14524
1.79 5D 17848873323 17848933774 60451
1.8 5D 17892779541 17892891537 111996
1.81 5D 11600138070 11600215809 77739
1.82 5D 16390772276 16390879321 107045
1.83 5D 15367259472 15367348974 89502
1.84 5D 9029258875 9029299773 40898
1.85 5D 6918841631 6918879986 38355
1.86 5D 7463080840 7463114137 33297
1.87 5D 5341728302 5341759398 31096
1.88 5D 5351931494 5351963646 32152
1.89 5D 7504735381 7504791334 55953
1.9 5D 5905854859 5905882303 27444
1.91 5D 6991331379 6991372686 41307
1.92 5D 9156266701 9156360255 93554
1.93 5D 8627471176 8627523842 52666
1.94 5D 10800659718 10800707696 47978
1.95 5D 540804383 540806775 2392
1.96 5D 1624699191 1624707587 8396
1.97 5D 6504355327 6504386529 31202
1.98 5D 9229547104 9229611934 64830
1.99 5D 15220313381 15220387446 74065
2 5D 10347821684 10347859703 38019
2.01 5D 8185744149 8185792417 48268
2.02 5D 14766113953 14766220495 106542
2.03 5D 9863552117 9863654875 102758
2.04 5D 15934845455 15934927730 82275
2.05 5D 18731415712 18731524077 108365
2.06 5D 27672190012 27672376772 186760
2.07 5D 13885988881 13886122464 133583
2.08 5D 11688614617 11688671726 57109
2.09 5D 11148873655 11148948887 75232
2.1 5D 14520156973 14520257675 100702
2.11 5D 78750627088 78751028661 401573
0 6D 5153435 5185059 31624
0.01 6D 33237137 33299420 62283
0.02 6D 98398770 98552337 153567
0.03 6D 108486852 108576430 89578
0.04 6D 81505589 81570269 64680
0.05 6D 117223115 117291807 68692
0.06 6D 101535142 101600657 65515
0.07 6D 100037853 100083598 45745
0.08 6D 152966803 153013772 46969
0.09 6D 122391598 122429524 37926
0.1 6D 218382582 218435660 53078
0.11 6D 169534869 169592845 57976
0.12 6D 214012015 214070640 58625
0.13 6D 187667958 187744285 76327
0.14 6D 190628493 190693900 65407
0.15 6D 255389929 255475913 85984
0.16 6D 357023663 357091086 67423
0.17 6D 206651087 206678678 27591
0.18 6D 233552469 233589509 37040
0.19 6D 525824853 525909046 84193
0.2 6D 519689683 519755055 65372
0.21 6D 432401041 432443887 42846
0.22 6D 285985862 286046162 60300
0.23 6D 139076565 139107818 31253
0.24 6D 262652604 262675321 22717
0.25 6D 437867308 437939064 71756
0.26 6D 197520806 197548377 27571
0.27 6D 99837506 99850232 12726
0.28 6D 25437895 25440132 2237
0.29 6D 230706723 230749851 43128
0.3 6D 361297887 361322353 24466
0.31 6D 104748368 104757757 9389
0.32 6D 79226018 79238561 12543
0.33 6D 107180680 107191101 10421
0.34 6D 407978997 408003082 24085
0.35 6D 525206272 525271043 64771
0.36 6D 338649328 338671074 21746
0.37 6D 287018819 287040577 21758
0.38 6D 379175472 379200035 24563
0.39 6D 238678271 238697016 18745
0.4 6D 337269655 337318576 48921
0.41 6D 352120466 352157899 37433
0.42 6D 458900972 458944917 43945
0.43 6D 100454578 100462798 8220
0.44 6D 516471840 516510424 38584
0.45 6D 565147165 565200603 53438
0.46 6D 656940086 657034635 94549
0.47 6D 832940345 832973144 32799
0.48 6D 436095200 436137991 42791
0.49 6D 881460318 881568979 108661
0.5 6D 4400329393 4400605260 275867
0.51 6D 1070891391 1070954287 62896
0.52 6D 1005242819 1005292894 50075
0.53 6D 2022282432 2022392287 109855
0.54 6D 769403561 769452306 48745
0.55 6D 905981753 906027095 45342
0.56 6D 736870871 736899715 28844
0.57 6D 1253204948 1253288375 83427
0.58 6D 1422390693 1422485654 94961
0.59 6D 1278545843 1278585862 40019
0.6 6D 2018174517 2018293009 118492
0.61 6D 1164874425 1164932932 58507
0.62 6D 1136574612 1136622699 48087
0.63 6D 2287485674 2287582352 96678
0.64 6D 6607479111 6607751410 272299
0.65 6D 3895508908 3895668414 159506
0.66 6D 1922640077 1922736268 96191
0.67 6D 1807029508 1807096019 66511
0.68 6D 3678914382 3679041984 127602
0.69 6D 11926782733 11927259209 476476
0.7 6D 48639858018 48641444067 1586049
0.71 6D 11529907975 11530515023 607048
0.72 6D 1704502306 1704542105 39799
0.73 6D 494701334 494712139 10805
0.74 6D 6366831167 6366975438 144271
0.75 6D 5259129787 5259209943 80156
0.76 6D 2115470673 2115511536 40863
0.77 6D 797305768 797316259 10491
0.78 6D 4008992737 4009053263 60526
0.79 6D 5678725471 5678816805 91334
0.8 6D 4097554469 4097606484 52015
0.81 6D 5530132200 5530204965 72765
0.82 6D 2224771238 2224804026 32788
0.83 6D 3964984056 3965012931 28875
0.84 6D 4861618597 4861678041 59444
0.85 6D 7256758795 7256870627 111832
0.86 6D 9389251308 9389395472 144164
0.87 6D 8637970689 8638081121 110432
0.88 6D 8805183775 8805327090 143315
0.89 6D 16008462712 16008654184 191472
0.9 6D 14133414604 14133556698 142094
0.91 6D 17263787485 17263998043 210558
0.92 6D 16369061735 16369183878 122143
0.93 6D 13131271522 13131446755 175233
0.94 6D 50047787461 50048261493 474032
0.95 6D 23275306868 23275532756 225888
0.96 6D 14483762966 14483892203 129237
0.97 6D 9772419279 9772534007 114728
0.98 6D 16700976335 16701082494 106159
0.99 6D 9552744240 9552816034 71794
1 6D 14639420872 14639530324 109452
1.01 6D 11251077256 11251175544 98288
1.02 6D 19587478302 19587640270 161968
1.03 6D 27224508125 27224795638 287513
1.04 6D 15039600871 15039699379 98508
1.05 6D 18033651739 18033801475 149736
1.06 6D 11538113251 11538201585 88334
1.07 6D 7043923943 7043981511 57568
1.08 6D 2088662595 2088675174 12579
1.09 6D 7538389185 7538450721 61536
1.1 6D 12611260966 12611349370 88404
1.11 6D 10974546812 10974617620 70808
1.12 6D 5083033183 5083052118 18935
1.13 6D 2548652367 2548679689 27322
1.14 6D 7670017646 7670092612 74966
1.15 6D 7263063402 7263131477 68075
1.16 6D 2999017159 2999046358 29199
1.17 6D 6865549020 6865595344 46324
1.18 6D 6019439153 6019474569 35416
1.19 6D 2584881336 2584904347 23011
1.2 6D 9491885330 9491934108 48778
1.21 6D 1730464359 1730485308 20949
1.22 6D 8663902429 8663938744 36315
1.23 6D 8675919259 8675975064 55805
1.24 6D 5650012529 5650058010 45481
1.25 6D 5229654988 5229686126 31138
1.26 6D 8732720542 8732778304 57762
1.27 6D 7438647829 7438738074 90245
1.28 6D 9651098496 9651179707 81211
1.29 6D 5717236190 5717263764 27574
1.3 6D 3967767698 3967791785 24087
1.31 6D 11959600483 11959682274 81791
1.32 6D 17391662449 17391777220 114771
1.33 6D 7159144482 7159172120 27638
1.34 6D 11663099439 11663158259 58820
1.35 6D 6291810167 6291861567 51400
1.36 6D 8104230337 8104276089 45752
1.37 6D 10372429117 10372505769 76652
1.38 6D 6324641660 6324730757 89097
1.39 6D 3616913372 3616938661 25289
1.4 6D 5883860713 5883890131 29418
1.41 6D 4077261739 4077290561 28822
1.42 6D 2268354731 2268375378 20647
1.43 6D 6357670951 6357717973 47022
1.44 6D 9550040278 9550085612 45334
1.45 6D 6831392709 6831439286 46577
1.46 6D 8211768261 8211813091 44830
1.47 6D 6849931423 6849971930 40507
1.48 6D 4118421052 4118442417 21365
1.49 6D 4582832176 4582855619 23443
1.5 6D 11013932345 11013976205 43860
1.51 6D 2756660112 2756677367 17255
1.52 6D 1839675182 1839705913 30731
1.53 6D 7831263347 7831316173 52826
1.54 6D 4613155226 4613193795 38569
1.55 6D 6462762140 6462801573 39433
1.56 6D 12946839023 12946922481 83458
1.57 6D 4167902072 4167939118 37046
1.58 6D 10208455955 10208515346 59391
1.59 6D 18149831283 18149953240 121957
1.6 6D 41244557329 41244889476 332147
1.61 6D 33513095916 33513343106 247190
1.62 6D 473514839 473517451 2612
0 7D 2712241 2733249 21008
0.01 7D 72473501 72654316 180815
0.02 7D 95996774 96179322 182548
0.03 7D 215358142 215525853 167711
0.04 7D 192026218 192117585 91367
0.05 7D 181434756 181491347 56591
0.06 7D 269667874 269779932 112058
0.07 7D 209517600 209567836 50236
0.08 7D 252220890 252280761 59871
0.09 7D 202987940 203043220 55280
0.1 7D 219534776 219599922 65146
0.11 7D 118366167 118389771 23604
0.12 7D 224670115 224724745 54630
0.13 7D 422739692 422800863 61171
0.14 7D 284277138 284320543 43405
0.15 7D 447413832 447485733 71901
0.16 7D 294636616 294685985 49369
0.17 7D 491560859 491650207 89348
0.18 7D 238241655 238278103 36448
0.19 7D 656625621 656701723 76102
0.2 7D 383914481 383940678 26197
0.21 7D 652671597 652742930 71333
0.22 7D 396283888 396318561 34673
0.23 7D 551305665 551361268 55603
0.24 7D 229034384 229047086 12702
0.25 7D 534170300 534222142 51842
0.26 7D 459138603 459179129 40526
0.27 7D 410204821 410230644 25823
0.28 7D 356720020 356748738 28718
0.29 7D 564223153 564279585 56432
0.3 7D 238164635 238185296 20661
0.31 7D 309825798 309850705 24907
0.32 7D 282562878 282580696 17818
0.33 7D 396196596 396227269 30673
0.34 7D 256325380 256343760 18380
0.35 7D 262023018 262050138 27120
0.36 7D 114460155 114466883 6728
0.37 7D 463930380 463945509 15129
0.38 7D 118720782 118741884 21102
0.39 7D 281448198 281478734 30536
0.4 7D 164417867 164446804 28937
0.41 7D 499263735 499282990 19255
0.42 7D 338568002 338590987 22985
0.43 7D 643085964 643141271 55307
0.44 7D 303932305 303945406 13101
0.45 7D 399978688 400003047 24359
0.46 7D 767001718 767036437 34719
0.47 7D 595582638 595621597 38959
0.48 7D 796598011 796651550 53539
0.49 7D 718650777 718681599 30822
0.5 7D 1823166161 1823256110 89949
0.51 7D 3662021947 3662197949 176002
0.52 7D 1682792683 1682877848 85165
0.53 7D 2113274884 2113357235 82351
0.54 7D 1624924725 1625053522 128797
0.55 7D 680542548 680569628 27080
0.56 7D 1651944581 1652029086 84505
0.57 7D 2004891697 2004983060 91363
0.58 7D 1795035813 1795100451 64638
0.59 7D 1169819564 1169853758 34194
0.6 7D 2181702170 2181818001 115831
0.61 7D 2036793919 2036868480 74561
0.62 7D 2175362653 2175492680 130027
0.63 7D 2399657285 2399737031 79746
0.64 7D 2062679324 2062755304 75980
0.65 7D 1465180008 1465262488 82480
0.66 7D 2416622705 2416718363 95658
0.67 7D 1443737236 1443821165 83929
0.68 7D 1565174249 1565223154 48905
0.69 7D 2757985788 2758047157 61369
0.7 7D 3372834837 3372952212 117375
0.71 7D 2990920147 2991059675 139528
0.72 7D 763860132 763895498 35366
0.73 7D 1079987098 1080037201 50103
0.74 7D 1699870374 1699924367 53993
0.75 7D 2942908601 2943006886 98285
0.76 7D 3440364766 3440468812 104046
0.77 7D 1717907810 1717941549 33739
0.78 7D 4800622761 4800787904 165143
0.79 7D 4987769789 4987889463 119674
0.8 7D 6523923089 6524085890 162801
0.81 7D 8836165964 8836371433 205469
0.82 7D 6697294031 6697427595 133564
0.83 7D 5480060795 5480189641 128846
0.84 7D 2771635418 2771717869 82451
0.85 7D 4638634645 4638715333 80688
0.86 7D 5051979210 5052077290 98080
0.87 7D 2966408157 2966480800 72643
0.88 7D 1432373164 1432405690 32526
0.89 7D 8747336707 8747455560 118853
0.9 7D 6490299173 6490465359 166186
0.91 7D 5627631006 5627744932 113926
0.92 7D 5963105351 5963231190 125839
0.93 7D 6469997352 6470124956 127604
0.94 7D 10520012614 10520269789 257175
0.95 7D 10654007988 10654218975 210987
0.96 7D 10677206859 10677470013 263154
0.97 7D 32362265148 32362776563 511415
0.98 7D 45423046512 45423683575 637063
0.99 7D 83471604014 83473253458 1649444
1 7D 35119429659 35119722662 293003
1.01 7D 18181743458 18181898690 155232
1.02 7D 14876022266 14876152467 130201
1.03 7D 18027419410 18027587943 168533
1.04 7D 30847995776 30848261104 265328
1.05 7D 31055667005 31055884419 217414
1.06 7D 106034826673 106035744128 917455
1.07 7D 26812249523 26812481356 231833
1.08 7D 24908746865 24908933705 186840
1.09 7D 27240717984 27240936287 218303
1.1 7D 11322307578 11322388517 80939
1.11 7D 22374414774 22374584255 169481
1.12 7D 18059730546 18059856985 126439
1.13 7D 18728257385 18728392325 134940
1.14 7D 19376765606 19376872750 107144
1.15 7D 5633743090 5633778919 35829
1.16 7D 9788198848 9788250612 51764
1.17 7D 9843283884 9843324509 40625
1.18 7D 12491998892 12492080431 81539
1.19 7D 17289960843 17290058311 97468
1.2 7D 8972260731 8972318274 57543
1.21 7D 20169019333 20169152869 133536
1.22 7D 10673585394 10673646134 60740
1.23 7D 12335566739 12335626268 59529
1.24 7D 15650115072 15650183666 68594
1.25 7D 5964879854 5964902028 22174
1.26 7D 16341217048 16341302766 85718
1.27 7D 6563156184 6563183544 27360
1.28 7D 20315791045 20315882017 90972
1.29 7D 8266946021 8266983988 37967
1.3 7D 9955855127 9955900942 45815
1.31 7D 14421878339 14421952017 73678
1.32 7D 5565857762 5565883819 26057
1.33 7D 6135483502 6135507636 24134
1.34 7D 8396560733 8396583528 22795
1.35 7D 12913082276 12913171383 89107
1.36 7D 3382768194 3382784431 16237
1.37 7D 13017911993 13017986329 74336
1.38 7D 16467518567 16467609814 91247
1.39 7D 7394797623 7394834700 37077
1.4 7D 10855422793 10855489446 66653
1.41 7D 9169159699 9169192357 32658
1.42 7D 11486726576 11486765323 38747
1.43 7D 14396665335 14396754309 88974
1.44 7D 15003200952 15003262840 61888
1.45 7D 12720625584 12720681364 55780
1.46 7D 11585454280 11585492982 38702
1.47 7D 8704539673 8704589682 50009
1.48 7D 5811997956 5812011199 13243
1.49 7D 8152797297 8152867570 70273
1.5 7D 5249014528 5249033999 19471
1.51 7D 2921040123 2921073810 33687
1.52 7D 9951227198 9951271771 44573
1.53 7D 9970918163 9970946278 28115
1.54 7D 14689486016 14689575036 89020
1.55 7D 10010177730 10010208959 31229
1.56 7D 6494606759 6494629524 22765
1.57 7D 13012579826 13012659154 79328
1.58 7D 9488579611 9488627620 48009
1.59 7D 4752591470 4752604009 12539
1.6 7D 7145115524 7145144242 28718
1.61 7D 5964834056 5964874059 40003
1.62 7D 10164972464 10165021839 49375
1.63 7D 8986778603 8986810635 32032
1.64 7D 10208663821 10208706401 42580
1.65 7D 9019502099 9019535869 33770
1.66 7D 14456682554 14456743574 61020
1.67 7D 7243323043 7243360619 37576
1.68 7D 7257840204 7257916436 76232
1.69 7D 4846312976 4846349046 36070
1.7 7D 9707210227 9707276036 65809
1.71 7D 6074570856 6074602217 31361
1.72 7D 8516344649 8516376076 31427
1.73 7D 609274560 609277706 3146
1.74 7D 2440341403 2440344227 2824
1.75 7D 9160595474 9160658216 62742
1.76 7D 11003591741 11003657554 65813
1.77 7D 5505924407 5505959776 35369
1.78 7D 4900326165 4900345083 18918
1.79 7D 4903983446 4904003898 20452
1.8 7D 4294134837 4294160436 25599
1.81 7D 9205871152 9205910005 38853
1.82 7D 4299248900 4299264957 16057
1.83 7D 6760832892 6760870331 37439
1.84 7D 3692645309 3692663971 18662
1.85 7D 8621668318 8621692203 23885
1.86 7D 8010259699 8010285397 25698
1.87 7D 4933884527 4933907880 23353
1.88 7D 7406143017 7406174384 31367
1.89 7D 6178731453 6178765796 34343
1.9 7D 6184714991 6184740031 25040
1.91 7D 7429462092 7429511729 49637
1.92 7D 12402597154 12402656756 59602
1.93 7D 16786508551 16786641191 132640
1.94 7D 13099784094 13099832812 48718
1.95 7D 157188395521 157189166701 771180
